# SF-29 N2 candidate (i) i0 field=two_mode eps=0.5 N=12: sorted relative singular values of the dense central-FD Jacobian at the oracle state (rows F_i=-q(L_i-S_i); smax=3.212257e+03)
1.763744e-06
9.473495e-06
1.010970e-05
1.542098e-05
2.243407e-05
2.949385e-05
4.105815e-05
5.239607e-05
5.566727e-05
6.327096e-05
6.742947e-05
7.293857e-05
1.000390e-04
1.045948e-04
1.259663e-04
1.491255e-04
1.703916e-04
1.718411e-04
1.922772e-04
1.993463e-04
2.253747e-04
2.276542e-04
2.350008e-04
2.498341e-04
2.737122e-04
2.897385e-04
2.987374e-04
3.319601e-04
3.446512e-04
3.501714e-04
3.620274e-04
4.128550e-04
4.791004e-04
4.927590e-04
5.069753e-04
5.106842e-04
5.447390e-04
5.541060e-04
5.783752e-04
5.801546e-04
6.396969e-04
6.714164e-04
7.551850e-04
7.740603e-04
8.242339e-04
8.328841e-04
8.500030e-04
8.571668e-04
9.354955e-04
9.504242e-04
1.037735e-03
1.074949e-03
1.087758e-03
1.096185e-03
1.129888e-03
1.138748e-03
1.158789e-03
1.274420e-03
1.277668e-03
1.320503e-03
1.340157e-03
1.391042e-03
1.690270e-03
1.709860e-03
1.907111e-03
1.917410e-03
2.379327e-03
2.404041e-03
2.414601e-03
2.459645e-03
2.556220e-03
2.619625e-03
2.761678e-03
2.854896e-03
2.896278e-03
2.934998e-03
2.988438e-03
3.049404e-03
3.129798e-03
3.266759e-03
3.311449e-03
3.604762e-03
3.606269e-03
4.000959e-03
4.054813e-03
4.100106e-03
4.112972e-03
4.116732e-03
4.124070e-03
4.137208e-03
4.157136e-03
4.277811e-03
4.353036e-03
4.390976e-03
4.412369e-03
4.437550e-03
4.532122e-03
4.666608e-03
4.686216e-03
4.921948e-03
4.993373e-03
5.036350e-03
5.047200e-03
5.055143e-03
5.062186e-03
5.106062e-03
5.563303e-03
5.596654e-03
5.639576e-03
5.678250e-03
6.107176e-03
6.122508e-03
6.226680e-03
6.237524e-03
6.421787e-03
6.442797e-03
6.540530e-03
6.559438e-03
6.583887e-03
6.599566e-03
6.657629e-03
6.670023e-03
6.952047e-03
6.957477e-03
7.285600e-03
7.313996e-03
7.345000e-03
7.351503e-03
7.395898e-03
7.399625e-03
7.429022e-03
7.516592e-03
7.659001e-03
7.676037e-03
8.315550e-03
8.403534e-03
8.421419e-03
8.517622e-03
9.515477e-03
9.544377e-03
9.724676e-03
9.744588e-03
9.774124e-03
9.777749e-03
9.779346e-03
9.789252e-03
9.841271e-03
9.856180e-03
1.051666e-02
1.056935e-02
1.073230e-02
1.080283e-02
1.083955e-02
1.086147e-02
1.090527e-02
1.092756e-02
1.115907e-02
1.127393e-02
1.142375e-02
1.183479e-02
1.211659e-02
1.215715e-02
1.233750e-02
1.235783e-02
1.249408e-02
1.262908e-02
1.265819e-02
1.269242e-02
1.279170e-02
1.281140e-02
1.283280e-02
1.296045e-02
1.298901e-02
1.299898e-02
1.301106e-02
1.307071e-02
1.309323e-02
1.311192e-02
1.312487e-02
1.314911e-02
1.315682e-02
1.321156e-02
1.331634e-02
1.347265e-02
1.369793e-02
1.375925e-02
1.381084e-02
1.408071e-02
1.408821e-02
1.411531e-02
1.422406e-02
1.424352e-02
1.441279e-02
1.445703e-02
1.454377e-02
1.457905e-02
1.462487e-02
1.467846e-02
1.476856e-02
1.488584e-02
1.489962e-02
1.497721e-02
1.503511e-02
1.533612e-02
1.541432e-02
1.546087e-02
1.549539e-02
1.551603e-02
1.556433e-02
1.569781e-02
1.570625e-02
1.580075e-02
1.591369e-02
1.599498e-02
1.603977e-02
1.606091e-02
1.627580e-02
1.638641e-02
1.642143e-02
1.658492e-02
1.675806e-02
1.677110e-02
1.689643e-02
1.727308e-02
1.779745e-02
1.785767e-02
1.791081e-02
1.799907e-02
1.820857e-02
1.824578e-02
1.829026e-02
1.833177e-02
1.839412e-02
1.845018e-02
1.849313e-02
1.851235e-02
1.865320e-02
1.867093e-02
1.874607e-02
1.877935e-02
1.919299e-02
1.925435e-02
1.960527e-02
1.967880e-02
1.978978e-02
1.989451e-02
1.991272e-02
1.995160e-02
2.004293e-02
2.019316e-02
2.055234e-02
2.057413e-02
2.080927e-02
2.084508e-02
2.094466e-02
2.099149e-02
2.106486e-02
2.120132e-02
2.125508e-02
2.134831e-02
2.182333e-02
2.188681e-02
2.209256e-02
2.220142e-02
2.227645e-02
2.230411e-02
2.251045e-02
2.254179e-02
2.266580e-02
2.273494e-02
2.290275e-02
2.297966e-02
2.299818e-02
2.308466e-02
2.317646e-02
2.319556e-02
2.333078e-02
2.354949e-02
2.360829e-02
2.366433e-02
2.400349e-02
2.403994e-02
2.407615e-02
2.424756e-02
2.425914e-02
2.457971e-02
2.460767e-02
2.497541e-02
2.499391e-02
2.509054e-02
2.512258e-02
2.520550e-02
2.533073e-02
2.556830e-02
2.563510e-02
2.573079e-02
2.602538e-02
2.608417e-02
2.617560e-02
2.630791e-02
2.648679e-02
2.667747e-02
2.668830e-02
2.670926e-02
2.690704e-02
2.705132e-02
2.708633e-02
2.715451e-02
2.726595e-02
2.730057e-02
2.732444e-02
2.737916e-02
2.741053e-02
2.744528e-02
2.762286e-02
2.772389e-02
2.779322e-02
2.782106e-02
2.790337e-02
2.802043e-02
2.807138e-02
2.814098e-02
2.831605e-02
2.842319e-02
2.845384e-02
2.853905e-02
2.874513e-02
2.875605e-02
2.887501e-02
2.893455e-02
2.894165e-02
2.909315e-02
2.912385e-02
2.917142e-02
2.923998e-02
2.927387e-02
2.936119e-02
2.943701e-02
2.953276e-02
2.958770e-02
2.961874e-02
2.987457e-02
2.999252e-02
3.005458e-02
3.012715e-02
3.023588e-02
3.043516e-02
3.083002e-02
3.093278e-02
3.096228e-02
3.104845e-02
3.115203e-02
3.115605e-02
3.134536e-02
3.144255e-02
3.148369e-02
3.156211e-02
3.167360e-02
3.170302e-02
3.181962e-02
3.184291e-02
3.186451e-02
3.196615e-02
3.217132e-02
3.233244e-02
3.239693e-02
3.260483e-02
3.268524e-02
3.275430e-02
3.296861e-02
3.299553e-02
3.340511e-02
3.370516e-02
3.388619e-02
3.392424e-02
3.402902e-02
3.417518e-02
3.422080e-02
3.426586e-02
3.435119e-02
3.443433e-02
3.448045e-02
3.469741e-02
3.476628e-02
3.483034e-02
3.496532e-02
3.499850e-02
3.512148e-02
3.516769e-02
3.532280e-02
3.549167e-02
3.553721e-02
3.558277e-02
3.589453e-02
3.596637e-02
3.599819e-02
3.607820e-02
3.629946e-02
3.636371e-02
3.647535e-02
3.654927e-02
3.665968e-02
3.669025e-02
3.679447e-02
3.687884e-02
3.729481e-02
3.733737e-02
3.738243e-02
3.743683e-02
3.753610e-02
3.771448e-02
3.780103e-02
3.784611e-02
3.788369e-02
3.795824e-02
3.806820e-02
3.831280e-02
3.846673e-02
3.862035e-02
3.868400e-02
3.871736e-02
3.873367e-02
3.884045e-02
3.895174e-02
3.910700e-02
3.917228e-02
3.920576e-02
3.930617e-02
3.936012e-02
3.943604e-02
3.954613e-02
3.968297e-02
4.006678e-02
4.007825e-02
4.012556e-02
4.023658e-02
4.041116e-02
4.051700e-02
4.057897e-02
4.070179e-02
4.077569e-02
4.080895e-02
4.086377e-02
4.086775e-02
4.102365e-02
4.122257e-02
4.124005e-02
4.125305e-02
4.133115e-02
4.153335e-02
4.171484e-02
4.174317e-02
4.195745e-02
4.198071e-02
4.200663e-02
4.214703e-02
4.220903e-02
4.230589e-02
4.233130e-02
4.254710e-02
4.263069e-02
4.274087e-02
4.287147e-02
4.291853e-02
4.298660e-02
4.308895e-02
4.316452e-02
4.321679e-02
4.331916e-02
4.352536e-02
4.358010e-02
4.365865e-02
4.368724e-02
4.374925e-02
4.390232e-02
4.392285e-02
4.429777e-02
4.432770e-02
4.434086e-02
4.436176e-02
4.442030e-02
4.470847e-02
4.484450e-02
4.487249e-02
4.491226e-02
4.496616e-02
4.498908e-02
4.503556e-02
4.506721e-02
4.514082e-02
4.524583e-02
4.527490e-02
4.529425e-02
4.534864e-02
4.540138e-02
4.556591e-02
4.577169e-02
4.581210e-02
4.597251e-02
4.615865e-02
4.627226e-02
4.636691e-02
4.640777e-02
4.654928e-02
4.666555e-02
4.668112e-02
4.677330e-02
4.682535e-02
4.703873e-02
4.712651e-02
4.717679e-02
4.720586e-02
4.734082e-02
4.746181e-02
4.758907e-02
4.760012e-02
4.768619e-02
4.778889e-02
4.788443e-02
4.803193e-02
4.817162e-02
4.819215e-02
4.826459e-02
4.844860e-02
4.859960e-02
4.862905e-02
4.872940e-02
4.875168e-02
4.902309e-02
4.911941e-02
4.923080e-02
4.925177e-02
4.932939e-02
4.958265e-02
4.974251e-02
4.978445e-02
4.989619e-02
4.991670e-02
4.999311e-02
5.001614e-02
5.019031e-02
5.022041e-02
5.034507e-02
5.050020e-02
5.051906e-02
5.055680e-02
5.065259e-02
5.072626e-02
5.093673e-02
5.103373e-02
5.109815e-02
5.116383e-02
5.120141e-02
5.134688e-02
5.138052e-02
5.142629e-02
5.148219e-02
5.158685e-02
5.184585e-02
5.201344e-02
5.218399e-02
5.227521e-02
5.231731e-02
5.254601e-02
5.263756e-02
5.291360e-02
5.304567e-02
5.318101e-02
5.329720e-02
5.348737e-02
5.358155e-02
5.360436e-02
5.370585e-02
5.386184e-02
5.399704e-02
5.408611e-02
5.432938e-02
5.448154e-02
5.463622e-02
5.469899e-02
5.475753e-02
5.478974e-02
5.493111e-02
5.498827e-02
5.512301e-02
5.523104e-02
5.524056e-02
5.529511e-02
5.547089e-02
5.557283e-02
5.560529e-02
5.577461e-02
5.593859e-02
5.601247e-02
5.621492e-02
5.624935e-02
5.636854e-02
5.639046e-02
5.642852e-02
5.644941e-02
5.669878e-02
5.679375e-02
5.685918e-02
5.703339e-02
5.713328e-02
5.726841e-02
5.731112e-02
5.736343e-02
5.750764e-02
5.766139e-02
5.772547e-02
5.779416e-02
5.783394e-02
5.798827e-02
5.801556e-02
5.811989e-02
5.823730e-02
5.830767e-02
5.839696e-02
5.857904e-02
5.862980e-02
5.879428e-02
5.883700e-02
5.891887e-02
5.901404e-02
5.903707e-02
5.910191e-02
5.915098e-02
5.937884e-02
5.947779e-02
5.950442e-02
5.968063e-02
5.974666e-02
5.988178e-02
5.995227e-02
6.005719e-02
6.019669e-02
6.021561e-02
6.040384e-02
6.044593e-02
6.062991e-02
6.083378e-02
6.093328e-02
6.105731e-02
6.107280e-02
6.114937e-02
6.130579e-02
6.146567e-02
6.160128e-02
6.171067e-02
6.180578e-02
6.187345e-02
6.192221e-02
6.205286e-02
6.209835e-02
6.211847e-02
6.224465e-02
6.237117e-02
6.240730e-02
6.242611e-02
6.265045e-02
6.270675e-02
6.274805e-02
6.286577e-02
6.307928e-02
6.315093e-02
6.317669e-02
6.325105e-02
6.327249e-02
6.351519e-02
6.371222e-02
6.378849e-02
6.381686e-02
6.392891e-02
6.396887e-02
6.397969e-02
6.407867e-02
6.418665e-02
6.429420e-02
6.434455e-02
6.445335e-02
6.447743e-02
6.461027e-02
6.466346e-02
6.471016e-02
6.475223e-02
6.486253e-02
6.491355e-02
6.502426e-02
6.516196e-02
6.520282e-02
6.529319e-02
6.535276e-02
6.542893e-02
6.547190e-02
6.553900e-02
6.566825e-02
6.589366e-02
6.603113e-02
6.604591e-02
6.617091e-02
6.622888e-02
6.638147e-02
6.640311e-02
6.658900e-02
6.660529e-02
6.679824e-02
6.681771e-02
6.701840e-02
6.704998e-02
6.723961e-02
6.728604e-02
6.737858e-02
6.739277e-02
6.743392e-02
6.752504e-02
6.759570e-02
6.770048e-02
6.781540e-02
6.790255e-02
6.801986e-02
6.818034e-02
6.825848e-02
6.833958e-02
6.846269e-02
6.867712e-02
6.869011e-02
6.881474e-02
6.893358e-02
6.895957e-02
6.917401e-02
6.920095e-02
6.929990e-02
6.932041e-02
6.943557e-02
6.946333e-02
6.946709e-02
6.962620e-02
6.971818e-02
6.986325e-02
7.000698e-02
7.002974e-02
7.008516e-02
7.020827e-02
7.024609e-02
7.025951e-02
7.029598e-02
7.037504e-02
7.056511e-02
7.069663e-02
7.076684e-02
7.076869e-02
7.087860e-02
7.094364e-02
7.113680e-02
7.120863e-02
7.125200e-02
7.134792e-02
7.138291e-02
7.155658e-02
7.157744e-02
7.181863e-02
7.186770e-02
7.189134e-02
7.196908e-02
7.202021e-02
7.211053e-02
7.213714e-02
7.237090e-02
7.246204e-02
7.259063e-02
7.262306e-02
7.269078e-02
7.289168e-02
7.298304e-02
7.310289e-02
7.311228e-02
7.318733e-02
7.323646e-02
7.326522e-02
7.334780e-02
7.356296e-02
7.359494e-02
7.375121e-02
7.380242e-02
7.385994e-02
7.398250e-02
7.402724e-02
7.412444e-02
7.415377e-02
7.436217e-02
7.449101e-02
7.457888e-02
7.458690e-02
7.467799e-02
7.487573e-02
7.498855e-02
7.506208e-02
7.509669e-02
7.521278e-02
7.527548e-02
7.540138e-02
7.542042e-02
7.544284e-02
7.547951e-02
7.566982e-02
7.580516e-02
7.583238e-02
7.594788e-02
7.599049e-02
7.605630e-02
7.607543e-02
7.616016e-02
7.623156e-02
7.628118e-02
7.644388e-02
7.645860e-02
7.656551e-02
7.666856e-02
7.668193e-02
7.690088e-02
7.700041e-02
7.707252e-02
7.714752e-02
7.727873e-02
7.728412e-02
7.737129e-02
7.744106e-02
7.750132e-02
7.772511e-02
7.774828e-02
7.796874e-02
7.798255e-02
7.805289e-02
7.815570e-02
7.827145e-02
7.832152e-02
7.838072e-02
7.852616e-02
7.862225e-02
7.875591e-02
7.884572e-02
7.889839e-02
7.899611e-02
7.909378e-02
7.914729e-02
7.918069e-02
7.932688e-02
7.942066e-02
7.950875e-02
7.951844e-02
7.967110e-02
7.973379e-02
7.982833e-02
7.991154e-02
8.004161e-02
8.008135e-02
8.013180e-02
8.018288e-02
8.020540e-02
8.035242e-02
8.042026e-02
8.047928e-02
8.055308e-02
8.056306e-02
8.066755e-02
8.078894e-02
8.089466e-02
8.099608e-02
8.101109e-02
8.116960e-02
8.118512e-02
8.134808e-02
8.148276e-02
8.150478e-02
8.156295e-02
8.173034e-02
8.175871e-02
8.189258e-02
8.195342e-02
8.205363e-02
8.211718e-02
8.221340e-02
8.230367e-02
8.242054e-02
8.257086e-02
8.264145e-02
8.270855e-02
8.272751e-02
8.280037e-02
8.294477e-02
8.306789e-02
8.311426e-02
8.312950e-02
8.319845e-02
8.330607e-02
8.348662e-02
8.355220e-02
8.356846e-02
8.374234e-02
8.377642e-02
8.391424e-02
8.400338e-02
8.404512e-02
8.414528e-02
8.425088e-02
8.431154e-02
8.432113e-02
8.432895e-02
8.447067e-02
8.456423e-02
8.462736e-02
8.470016e-02
8.483245e-02
8.493582e-02
8.495651e-02
8.502744e-02
8.514574e-02
8.515791e-02
8.522198e-02
8.538793e-02
8.553936e-02
8.559810e-02
8.564751e-02
8.579713e-02
8.581536e-02
8.585806e-02
8.595498e-02
8.607002e-02
8.617639e-02
8.634185e-02
8.642700e-02
8.658953e-02
8.665363e-02
8.667754e-02
8.685262e-02
8.691153e-02
8.694611e-02
8.699973e-02
8.705950e-02
8.715505e-02
8.722198e-02
8.738604e-02
8.739857e-02
8.742032e-02
8.759618e-02
8.763716e-02
8.769590e-02
8.776304e-02
8.793088e-02
8.799157e-02
8.802119e-02
8.812811e-02
8.837841e-02
8.842881e-02
8.844129e-02
8.853812e-02
8.858716e-02
8.878288e-02
8.881480e-02
8.886079e-02
8.894756e-02
8.899790e-02
8.914989e-02
8.927546e-02
8.935270e-02
8.945044e-02
8.955266e-02
8.962348e-02
8.971006e-02
8.974988e-02
8.989549e-02
9.007576e-02
9.014173e-02
9.020326e-02
9.030803e-02
9.033971e-02
9.045956e-02
9.048264e-02
9.060110e-02
9.070620e-02
9.071910e-02
9.080003e-02
9.090383e-02
9.095013e-02
9.099146e-02
9.117016e-02
9.127876e-02
9.132830e-02
9.135081e-02
9.153405e-02
9.156215e-02
9.167344e-02
9.168501e-02
9.180547e-02
9.191635e-02
9.200826e-02
9.211825e-02
9.214541e-02
9.219143e-02
9.233021e-02
9.247854e-02
9.257672e-02
9.261833e-02
9.273860e-02
9.302292e-02
9.306090e-02
9.313338e-02
9.319905e-02
9.327910e-02
9.334728e-02
9.337585e-02
9.350672e-02
9.359243e-02
9.369555e-02
9.378793e-02
9.386171e-02
9.392677e-02
9.395215e-02
9.406562e-02
9.428694e-02
9.440082e-02
9.455652e-02
9.468700e-02
9.475050e-02
9.482120e-02
9.483660e-02
9.491583e-02
9.495909e-02
9.504262e-02
9.514032e-02
9.526303e-02
9.527890e-02
9.530920e-02
9.536253e-02
9.539204e-02
9.548069e-02
9.553028e-02
9.569236e-02
9.578024e-02
9.590591e-02
9.594796e-02
9.606066e-02
9.616183e-02
9.628252e-02
9.640605e-02
9.644641e-02
9.653617e-02
9.669877e-02
9.676032e-02
9.698643e-02
9.702150e-02
9.711956e-02
9.715667e-02
9.724004e-02
9.730977e-02
9.731501e-02
9.745782e-02
9.756141e-02
9.760456e-02
9.768269e-02
9.769379e-02
9.788062e-02
9.796545e-02
9.804057e-02
9.815776e-02
9.829874e-02
9.831334e-02
9.841255e-02
9.855316e-02
9.857626e-02
9.862845e-02
9.867423e-02
9.886124e-02
9.905124e-02
9.909772e-02
9.912368e-02
9.915446e-02
9.938124e-02
9.944369e-02
9.949269e-02
9.955992e-02
9.973847e-02
9.975941e-02
9.986147e-02
1.000065e-01
1.000465e-01
1.000767e-01
1.001510e-01
1.002718e-01
1.003597e-01
1.004789e-01
1.005582e-01
1.006933e-01
1.007625e-01
1.008592e-01
1.009161e-01
1.009784e-01
1.010816e-01
1.011881e-01
1.012294e-01
1.013077e-01
1.013945e-01
1.015795e-01
1.016240e-01
1.016648e-01
1.017639e-01
1.018889e-01
1.019121e-01
1.020508e-01
1.020562e-01
1.021880e-01
1.022869e-01
1.023165e-01
1.023398e-01
1.024613e-01
1.025793e-01
1.026116e-01
1.026561e-01
1.027568e-01
1.028688e-01
1.029196e-01
1.029970e-01
1.030601e-01
1.031881e-01
1.031937e-01
1.033311e-01
1.033726e-01
1.035620e-01
1.036131e-01
1.037130e-01
1.037553e-01
1.038150e-01
1.040308e-01
1.040987e-01
1.041415e-01
1.043477e-01
1.044580e-01
1.045588e-01
1.045831e-01
1.047217e-01
1.047995e-01
1.048505e-01
1.049643e-01
1.050717e-01
1.050924e-01
1.051188e-01
1.051359e-01
1.052440e-01
1.053408e-01
1.054741e-01
1.054955e-01
1.055396e-01
1.056575e-01
1.057567e-01
1.059175e-01
1.060463e-01
1.060825e-01
1.061510e-01
1.062450e-01
1.062618e-01
1.063881e-01
1.065922e-01
1.066914e-01
1.067669e-01
1.068831e-01
1.070994e-01
1.071196e-01
1.072495e-01
1.072806e-01
1.074288e-01
1.074727e-01
1.074925e-01
1.075577e-01
1.076576e-01
1.076838e-01
1.077075e-01
1.079363e-01
1.080307e-01
1.081012e-01
1.082999e-01
1.083824e-01
1.084178e-01
1.085238e-01
1.086098e-01
1.086715e-01
1.087619e-01
1.088610e-01
1.089659e-01
1.090370e-01
1.091679e-01
1.091995e-01
1.092801e-01
1.094378e-01
1.096179e-01
1.096668e-01
1.097101e-01
1.097810e-01
1.098070e-01
1.098566e-01
1.100001e-01
1.100389e-01
1.101798e-01
1.102589e-01
1.103720e-01
1.104493e-01
1.106393e-01
1.106513e-01
1.106993e-01
1.109048e-01
1.109894e-01
1.110677e-01
1.111078e-01
1.112629e-01
1.112710e-01
1.114207e-01
1.114650e-01
1.115042e-01
1.115570e-01
1.116454e-01
1.117544e-01
1.119243e-01
1.120341e-01
1.120687e-01
1.122318e-01
1.122497e-01
1.123664e-01
1.124234e-01
1.124875e-01
1.126973e-01
1.127104e-01
1.127704e-01
1.128638e-01
1.129406e-01
1.129490e-01
1.130833e-01
1.131425e-01
1.132295e-01
1.133296e-01
1.134346e-01
1.135441e-01
1.137063e-01
1.137304e-01
1.139084e-01
1.139759e-01
1.140519e-01
1.140784e-01
1.141024e-01
1.142020e-01
1.143170e-01
1.144459e-01
1.146006e-01
1.146498e-01
1.147006e-01
1.148806e-01
1.149334e-01
1.150141e-01
1.151240e-01
1.152946e-01
1.153204e-01
1.154296e-01
1.155471e-01
1.156227e-01
1.157145e-01
1.157958e-01
1.159680e-01
1.160780e-01
1.162316e-01
1.162837e-01
1.165374e-01
1.165634e-01
1.167755e-01
1.167940e-01
1.168387e-01
1.170520e-01
1.170708e-01
1.171126e-01
1.171871e-01
1.172133e-01
1.174331e-01
1.174378e-01
1.176191e-01
1.176703e-01
1.176842e-01
1.178975e-01
1.181395e-01
1.181548e-01
1.183227e-01
1.183455e-01
1.184505e-01
1.186637e-01
1.186883e-01
1.188306e-01
1.188462e-01
1.190025e-01
1.191112e-01
1.193084e-01
1.196096e-01
1.196284e-01
1.197180e-01
1.197896e-01
1.198415e-01
1.199239e-01
1.200612e-01
1.200892e-01
1.201884e-01
1.202651e-01
1.203769e-01
1.204134e-01
1.204484e-01
1.205396e-01
1.205847e-01
1.207383e-01
1.207789e-01
1.209162e-01
1.209476e-01
1.209610e-01
1.212052e-01
1.212982e-01
1.213606e-01
1.214725e-01
1.214991e-01
1.216574e-01
1.216884e-01
1.217446e-01
1.217713e-01
1.219016e-01
1.219890e-01
1.220445e-01
1.221328e-01
1.223133e-01
1.224082e-01
1.224502e-01
1.224804e-01
1.224988e-01
1.226165e-01
1.227853e-01
1.228849e-01
1.229134e-01
1.229911e-01
1.231113e-01
1.232956e-01
1.233317e-01
1.234957e-01
1.235562e-01
1.235739e-01
1.236447e-01
1.237735e-01
1.239431e-01
1.240921e-01
1.241369e-01
1.241664e-01
1.243782e-01
1.244208e-01
1.245025e-01
1.245470e-01
1.245918e-01
1.247939e-01
1.248682e-01
1.249131e-01
1.249355e-01
1.250712e-01
1.251424e-01
1.251795e-01
1.252722e-01
1.255905e-01
1.257998e-01
1.258383e-01
1.258763e-01
1.259354e-01
1.259692e-01
1.261333e-01
1.261970e-01
1.262749e-01
1.264423e-01
1.265555e-01
1.266260e-01
1.266767e-01
1.267496e-01
1.267690e-01
1.268730e-01
1.270115e-01
1.271566e-01
1.272489e-01
1.272898e-01
1.274591e-01
1.275405e-01
1.275861e-01
1.277849e-01
1.278081e-01
1.278195e-01
1.278655e-01
1.279914e-01
1.280570e-01
1.281066e-01
1.282423e-01
1.284036e-01
1.284393e-01
1.284888e-01
1.285726e-01
1.286245e-01
1.288013e-01
1.290078e-01
1.290333e-01
1.290713e-01
1.290879e-01
1.293354e-01
1.293593e-01
1.294040e-01
1.294670e-01
1.295601e-01
1.297823e-01
1.298073e-01
1.299139e-01
1.299405e-01
1.299819e-01
1.301155e-01
1.301439e-01
1.302619e-01
1.303746e-01
1.305660e-01
1.306466e-01
1.306819e-01
1.307665e-01
1.308520e-01
1.311317e-01
1.311874e-01
1.312598e-01
1.313377e-01
1.314741e-01
1.315652e-01
1.316117e-01
1.316409e-01
1.317475e-01
1.317971e-01
1.319602e-01
1.319853e-01
1.320257e-01
1.320972e-01
1.322634e-01
1.323669e-01
1.324121e-01
1.324598e-01
1.326059e-01
1.327927e-01
1.328745e-01
1.329174e-01
1.329766e-01
1.331095e-01
1.332260e-01
1.332867e-01
1.333501e-01
1.335256e-01
1.336153e-01
1.336975e-01
1.337867e-01
1.338931e-01
1.340078e-01
1.341186e-01
1.342275e-01
1.343467e-01
1.343512e-01
1.344568e-01
1.344994e-01
1.346257e-01
1.347235e-01
1.348220e-01
1.349537e-01
1.350052e-01
1.350454e-01
1.351020e-01
1.352417e-01
1.353233e-01
1.355190e-01
1.355540e-01
1.356752e-01
1.357123e-01
1.358045e-01
1.359648e-01
1.360310e-01
1.362080e-01
1.363471e-01
1.366400e-01
1.366457e-01
1.367776e-01
1.368137e-01
1.369119e-01
1.369338e-01
1.370656e-01
1.370762e-01
1.372096e-01
1.373611e-01
1.374432e-01
1.375273e-01
1.376932e-01
1.377472e-01
1.377997e-01
1.378482e-01
1.379166e-01
1.382211e-01
1.382986e-01
1.383442e-01
1.384925e-01
1.385560e-01
1.387076e-01
1.387499e-01
1.387889e-01
1.389847e-01
1.390637e-01
1.391219e-01
1.391848e-01
1.393553e-01
1.394313e-01
1.394584e-01
1.395834e-01
1.397225e-01
1.397846e-01
1.399307e-01
1.399660e-01
1.401986e-01
1.402588e-01
1.402943e-01
1.403998e-01
1.404167e-01
1.406846e-01
1.407066e-01
1.407225e-01
1.409468e-01
1.410721e-01
1.411390e-01
1.411667e-01
1.413695e-01
1.413846e-01
1.416623e-01
1.416792e-01
1.418082e-01
1.418638e-01
1.419719e-01
1.420964e-01
1.421135e-01
1.422710e-01
1.422914e-01
1.426055e-01
1.426847e-01
1.427109e-01
1.427315e-01
1.428333e-01
1.429483e-01
1.430745e-01
1.432569e-01
1.432804e-01
1.433360e-01
1.434927e-01
1.435141e-01
1.435887e-01
1.436676e-01
1.437308e-01
1.437841e-01
1.439665e-01
1.441746e-01
1.442001e-01
1.442523e-01
1.444199e-01
1.445601e-01
1.446087e-01
1.448195e-01
1.449269e-01
1.450081e-01
1.450946e-01
1.452134e-01
1.453550e-01
1.454434e-01
1.456093e-01
1.456839e-01
1.457494e-01
1.458343e-01
1.459766e-01
1.460159e-01
1.460966e-01
1.462156e-01
1.462711e-01
1.464458e-01
1.464884e-01
1.465317e-01
1.466500e-01
1.466913e-01
1.468629e-01
1.471368e-01
1.472408e-01
1.472960e-01
1.474074e-01
1.476169e-01
1.476450e-01
1.477345e-01
1.478700e-01
1.479822e-01
1.481074e-01
1.482401e-01
1.482536e-01
1.482761e-01
1.484579e-01
1.485202e-01
1.485718e-01
1.487181e-01
1.488964e-01
1.491119e-01
1.491779e-01
1.492763e-01
1.493483e-01
1.493878e-01
1.496146e-01
1.496643e-01
1.497940e-01
1.500075e-01
1.501133e-01
1.501811e-01
1.503732e-01
1.504609e-01
1.505284e-01
1.505813e-01
1.507209e-01
1.508346e-01
1.510021e-01
1.510476e-01
1.511328e-01
1.512054e-01
1.512907e-01
1.515108e-01
1.515191e-01
1.515860e-01
1.516762e-01
1.517619e-01
1.517981e-01
1.519511e-01
1.520977e-01
1.521830e-01
1.522172e-01
1.523847e-01
1.524452e-01
1.524614e-01
1.526001e-01
1.526728e-01
1.528817e-01
1.529558e-01
1.530032e-01
1.530141e-01
1.531738e-01
1.533156e-01
1.533368e-01
1.535477e-01
1.535840e-01
1.537671e-01
1.538047e-01
1.538149e-01
1.538797e-01
1.541017e-01
1.541774e-01
1.543246e-01
1.543881e-01
1.545176e-01
1.545389e-01
1.546584e-01
1.549537e-01
1.550071e-01
1.550835e-01
1.551014e-01
1.552376e-01
1.552843e-01
1.553136e-01
1.554094e-01
1.556056e-01
1.556799e-01
1.557886e-01
1.559072e-01
1.559812e-01
1.560344e-01
1.561363e-01
1.562753e-01
1.563021e-01
1.565400e-01
1.567602e-01
1.568279e-01
1.568547e-01
1.570067e-01
1.570697e-01
1.572609e-01
1.572996e-01
1.573206e-01
1.574271e-01
1.575646e-01
1.577638e-01
1.578254e-01
1.578495e-01
1.580103e-01
1.580402e-01
1.581320e-01
1.584052e-01
1.584694e-01
1.585014e-01
1.586329e-01
1.587407e-01
1.587747e-01
1.588087e-01
1.589008e-01
1.590098e-01
1.590387e-01
1.591748e-01
1.593195e-01
1.594144e-01
1.594825e-01
1.596475e-01
1.597788e-01
1.598245e-01
1.599458e-01
1.600101e-01
1.600494e-01
1.601733e-01
1.602617e-01
1.603423e-01
1.604695e-01
1.605989e-01
1.606130e-01
1.608187e-01
1.608730e-01
1.609167e-01
1.611196e-01
1.611263e-01
1.612045e-01
1.613041e-01
1.614600e-01
1.614882e-01
1.616027e-01
1.616399e-01
1.618569e-01
1.619308e-01
1.620492e-01
1.621478e-01
1.624377e-01
1.625589e-01
1.626153e-01
1.627632e-01
1.627766e-01
1.628074e-01
1.628843e-01
1.630825e-01
1.631305e-01
1.631838e-01
1.633339e-01
1.633777e-01
1.635610e-01
1.636322e-01
1.637456e-01
1.637848e-01
1.638587e-01
1.638790e-01
1.641145e-01
1.643027e-01
1.643295e-01
1.644177e-01
1.646080e-01
1.646414e-01
1.646884e-01
1.647173e-01
1.648448e-01
1.648745e-01
1.649609e-01
1.651059e-01
1.651587e-01
1.652751e-01
1.654319e-01
1.654661e-01
1.655076e-01
1.657492e-01
1.658751e-01
1.659004e-01
1.659481e-01
1.661227e-01
1.661669e-01
1.663995e-01
1.664385e-01
1.665181e-01
1.665900e-01
1.665986e-01
1.668279e-01
1.669000e-01
1.670386e-01
1.670887e-01
1.674491e-01
1.674921e-01
1.675308e-01
1.676067e-01
1.676271e-01
1.678537e-01
1.680331e-01
1.682197e-01
1.682772e-01
1.683854e-01
1.684047e-01
1.684132e-01
1.684900e-01
1.685283e-01
1.687947e-01
1.688903e-01
1.689596e-01
1.690565e-01
1.690941e-01
1.692008e-01
1.694047e-01
1.694311e-01
1.694904e-01
1.696859e-01
1.698580e-01
1.699139e-01
1.699922e-01
1.701101e-01
1.701706e-01
1.702741e-01
1.706582e-01
1.706980e-01
1.707509e-01
1.708468e-01
1.708810e-01
1.710549e-01
1.711995e-01
1.712801e-01
1.715031e-01
1.716141e-01
1.717821e-01
1.717903e-01
1.720391e-01
1.721750e-01
1.722749e-01
1.723922e-01
1.724546e-01
1.725793e-01
1.726803e-01
1.727538e-01
1.729456e-01
1.729731e-01
1.730565e-01
1.732479e-01
1.733123e-01
1.733800e-01
1.735249e-01
1.737334e-01
1.737590e-01
1.738422e-01
1.740428e-01
1.741130e-01
1.741806e-01
1.743172e-01
1.745290e-01
1.745564e-01
1.745953e-01
1.747243e-01
1.748579e-01
1.749610e-01
1.752044e-01
1.752085e-01
1.754464e-01
1.755636e-01
1.756517e-01
1.758419e-01
1.759703e-01
1.760126e-01
1.760214e-01
1.760471e-01
1.763355e-01
1.764972e-01
1.765743e-01
1.766340e-01
1.767048e-01
1.767863e-01
1.768182e-01
1.768971e-01
1.769928e-01
1.772464e-01
1.772838e-01
1.774192e-01
1.774824e-01
1.776611e-01
1.778026e-01
1.778197e-01
1.779903e-01
1.780740e-01
1.782074e-01
1.782676e-01
1.785945e-01
1.786547e-01
1.788046e-01
1.788259e-01
1.789639e-01
1.790313e-01
1.790792e-01
1.792101e-01
1.793820e-01
1.796333e-01
1.796485e-01
1.797290e-01
1.798713e-01
1.799584e-01
1.801205e-01
1.804226e-01
1.806323e-01
1.806469e-01
1.807764e-01
1.808554e-01
1.809361e-01
1.811928e-01
1.812303e-01
1.813166e-01
1.814214e-01
1.815496e-01
1.817675e-01
1.817892e-01
1.818791e-01
1.819079e-01
1.822039e-01
1.822387e-01
1.822425e-01
1.823322e-01
1.824866e-01
1.825959e-01
1.827005e-01
1.829494e-01
1.829779e-01
1.830720e-01
1.831728e-01
1.833639e-01
1.833826e-01
1.835514e-01
1.835791e-01
1.837317e-01
1.838667e-01
1.840332e-01
1.840890e-01
1.842335e-01
1.844974e-01
1.845349e-01
1.846209e-01
1.846477e-01
1.849154e-01
1.849305e-01
1.849882e-01
1.851672e-01
1.852073e-01
1.852837e-01
1.853694e-01
1.857476e-01
1.858287e-01
1.859960e-01
1.860732e-01
1.860940e-01
1.862261e-01
1.862810e-01
1.864949e-01
1.865235e-01
1.867894e-01
1.868803e-01
1.871181e-01
1.872788e-01
1.873620e-01
1.875080e-01
1.875158e-01
1.876940e-01
1.878225e-01
1.880034e-01
1.880566e-01
1.880909e-01
1.882879e-01
1.883889e-01
1.885330e-01
1.887071e-01
1.887793e-01
1.888298e-01
1.890030e-01
1.890487e-01
1.891490e-01
1.893456e-01
1.895185e-01
1.895365e-01
1.896099e-01
1.896769e-01
1.898372e-01
1.899076e-01
1.899325e-01
1.902264e-01
1.902761e-01
1.903809e-01
1.904283e-01
1.905240e-01
1.907498e-01
1.907653e-01
1.909032e-01
1.909779e-01
1.911896e-01
1.912315e-01
1.912527e-01
1.913182e-01
1.914342e-01
1.916068e-01
1.917549e-01
1.918747e-01
1.921637e-01
1.921885e-01
1.922293e-01
1.922663e-01
1.924243e-01
1.925356e-01
1.925805e-01
1.927585e-01
1.929082e-01
1.930862e-01
1.931954e-01
1.932695e-01
1.934483e-01
1.937060e-01
1.937421e-01
1.938638e-01
1.939426e-01
1.941212e-01
1.941827e-01
1.942520e-01
1.945421e-01
1.946487e-01
1.946954e-01
1.948756e-01
1.949037e-01
1.950816e-01
1.951301e-01
1.952838e-01
1.953816e-01
1.955972e-01
1.956594e-01
1.958208e-01
1.959764e-01
1.961111e-01
1.961732e-01
1.963175e-01
1.964198e-01
1.966132e-01
1.966846e-01
1.968779e-01
1.969843e-01
1.971224e-01
1.971453e-01
1.972606e-01
1.973802e-01
1.974305e-01
1.975755e-01
1.976656e-01
1.977487e-01
1.977896e-01
1.978800e-01
1.980018e-01
1.982257e-01
1.983254e-01
1.987113e-01
1.987893e-01
1.988716e-01
1.989800e-01
1.991354e-01
1.991505e-01
1.994484e-01
1.994628e-01
1.997042e-01
1.997278e-01
1.998505e-01
1.999125e-01
2.001173e-01
2.001383e-01
2.002450e-01
2.004094e-01
2.005802e-01
2.006285e-01
2.007121e-01
2.007238e-01
2.009958e-01
2.010573e-01
2.011459e-01
2.012513e-01
2.013764e-01
2.015642e-01
2.016420e-01
2.016737e-01
2.016934e-01
2.018752e-01
2.021177e-01
2.021431e-01
2.023096e-01
2.024632e-01
2.027346e-01
2.027974e-01
2.029396e-01
2.030311e-01
2.032597e-01
2.032950e-01
2.033811e-01
2.034730e-01
2.035704e-01
2.036815e-01
2.039530e-01
2.040273e-01
2.040978e-01
2.042537e-01
2.042801e-01
2.044670e-01
2.046136e-01
2.047028e-01
2.048348e-01
2.051685e-01
2.052111e-01
2.054174e-01
2.055504e-01
2.057545e-01
2.058798e-01
2.061969e-01
2.064133e-01
2.064672e-01
2.065355e-01
2.066947e-01
2.067873e-01
2.068755e-01
2.070422e-01
2.071087e-01
2.071300e-01
2.072295e-01
2.074816e-01
2.075097e-01
2.077103e-01
2.078175e-01
2.078468e-01
2.078852e-01
2.083274e-01
2.083778e-01
2.087866e-01
2.088706e-01
2.088752e-01
2.090878e-01
2.092606e-01
2.093347e-01
2.095842e-01
2.097448e-01
2.098245e-01
2.099359e-01
2.100458e-01
2.102029e-01
2.102780e-01
2.103056e-01
2.103813e-01
2.105040e-01
2.105815e-01
2.107943e-01
2.108882e-01
2.110596e-01
2.111799e-01
2.114506e-01
2.114587e-01
2.116913e-01
2.118327e-01
2.119493e-01
2.120129e-01
2.120718e-01
2.121923e-01
2.123609e-01
2.124334e-01
2.125547e-01
2.128452e-01
2.129018e-01
2.129931e-01
2.131500e-01
2.132434e-01
2.135126e-01
2.136364e-01
2.137058e-01
2.137829e-01
2.138857e-01
2.139957e-01
2.140883e-01
2.141572e-01
2.142408e-01
2.143236e-01
2.144857e-01
2.147191e-01
2.149039e-01
2.150272e-01
2.152342e-01
2.155317e-01
2.156251e-01
2.157980e-01
2.158571e-01
2.159068e-01
2.161289e-01
2.161779e-01
2.162607e-01
2.163769e-01
2.167386e-01
2.168095e-01
2.170037e-01
2.170666e-01
2.171688e-01
2.172489e-01
2.172913e-01
2.174944e-01
2.177251e-01
2.178070e-01
2.180156e-01
2.180569e-01
2.181987e-01
2.182293e-01
2.185263e-01
2.186711e-01
2.187622e-01
2.188905e-01
2.190100e-01
2.191593e-01
2.191892e-01
2.193184e-01
2.194486e-01
2.195975e-01
2.198051e-01
2.200165e-01
2.200554e-01
2.201689e-01
2.204497e-01
2.204873e-01
2.205902e-01
2.207119e-01
2.208406e-01
2.209574e-01
2.214269e-01
2.215061e-01
2.215408e-01
2.215859e-01
2.217179e-01
2.218252e-01
2.219667e-01
2.222294e-01
2.224634e-01
2.226785e-01
2.228543e-01
2.230160e-01
2.231219e-01
2.231676e-01
2.235623e-01
2.235949e-01
2.238136e-01
2.238580e-01
2.241170e-01
2.242430e-01
2.243979e-01
2.244331e-01
2.248172e-01
2.248595e-01
2.249630e-01
2.252006e-01
2.253102e-01
2.253950e-01
2.254656e-01
2.257328e-01
2.257930e-01
2.260338e-01
2.263160e-01
2.266541e-01
2.268349e-01
2.270329e-01
2.272365e-01
2.273045e-01
2.275465e-01
2.276220e-01
2.277008e-01
2.278434e-01
2.279029e-01
2.280943e-01
2.281404e-01
2.284068e-01
2.285105e-01
2.285527e-01
2.287076e-01
2.288359e-01
2.289301e-01
2.291905e-01
2.292155e-01
2.292805e-01
2.296443e-01
2.296984e-01
2.301432e-01
2.301622e-01
2.302310e-01
2.304184e-01
2.305643e-01
2.306317e-01
2.307181e-01
2.307907e-01
2.311679e-01
2.312440e-01
2.313724e-01
2.314939e-01
2.316008e-01
2.317109e-01
2.319522e-01
2.321750e-01
2.323896e-01
2.324121e-01
2.326141e-01
2.327474e-01
2.327972e-01
2.331781e-01
2.332169e-01
2.333252e-01
2.333498e-01
2.335346e-01
2.335976e-01
2.336850e-01
2.337511e-01
2.340258e-01
2.341245e-01
2.341960e-01
2.346115e-01
2.347758e-01
2.348334e-01
2.351752e-01
2.354209e-01
2.355707e-01
2.355868e-01
2.356357e-01
2.357953e-01
2.361409e-01
2.364032e-01
2.365438e-01
2.367754e-01
2.368022e-01
2.369430e-01
2.370893e-01
2.371802e-01
2.372022e-01
2.373829e-01
2.374797e-01
2.378918e-01
2.380927e-01
2.381401e-01
2.383678e-01
2.383979e-01
2.385416e-01
2.387164e-01
2.387759e-01
2.387991e-01
2.390868e-01
2.391195e-01
2.392856e-01
2.396181e-01
2.397569e-01
2.398063e-01
2.399128e-01
2.399506e-01
2.402529e-01
2.403811e-01
2.405145e-01
2.407639e-01
2.409946e-01
2.412121e-01
2.413148e-01
2.414033e-01
2.415208e-01
2.417549e-01
2.417940e-01
2.421198e-01
2.422684e-01
2.422965e-01
2.425142e-01
2.425625e-01
2.429926e-01
2.430613e-01
2.431512e-01
2.435134e-01
2.436732e-01
2.437868e-01
2.438634e-01
2.441027e-01
2.441893e-01
2.443309e-01
2.443812e-01
2.445864e-01
2.448628e-01
2.450258e-01
2.453529e-01
2.454221e-01
2.455124e-01
2.456871e-01
2.458148e-01
2.458350e-01
2.460791e-01
2.462022e-01
2.464765e-01
2.466330e-01
2.467073e-01
2.469178e-01
2.471708e-01
2.472773e-01
2.475403e-01
2.476663e-01
2.478868e-01
2.479846e-01
2.481467e-01
2.483174e-01
2.483484e-01
2.485691e-01
2.488310e-01
2.492468e-01
2.492630e-01
2.494731e-01
2.495039e-01
2.496806e-01
2.497605e-01
2.499210e-01
2.499906e-01
2.501253e-01
2.502826e-01
2.506399e-01
2.506843e-01
2.513015e-01
2.514064e-01
2.514479e-01
2.515403e-01
2.517227e-01
2.518524e-01
2.521962e-01
2.522296e-01
2.524311e-01
2.525169e-01
2.526392e-01
2.528997e-01
2.529801e-01
2.532670e-01
2.534498e-01
2.538429e-01
2.539069e-01
2.539715e-01
2.541835e-01
2.545840e-01
2.546244e-01
2.547540e-01
2.548085e-01
2.551499e-01
2.552794e-01
2.554004e-01
2.555057e-01
2.559496e-01
2.560652e-01
2.561489e-01
2.562261e-01
2.564594e-01
2.567092e-01
2.571087e-01
2.571892e-01
2.572182e-01
2.574875e-01
2.576347e-01
2.577449e-01
2.579155e-01
2.580684e-01
2.582330e-01
2.584321e-01
2.584633e-01
2.585374e-01
2.589656e-01
2.593550e-01
2.593816e-01
2.598906e-01
2.599396e-01
2.601941e-01
2.604637e-01
2.606207e-01
2.607013e-01
2.607346e-01
2.609350e-01
2.613910e-01
2.614476e-01
2.616831e-01
2.618149e-01
2.619385e-01
2.622663e-01
2.623134e-01
2.624415e-01
2.625190e-01
2.628765e-01
2.629068e-01
2.630098e-01
2.631479e-01
2.635807e-01
2.636067e-01
2.639581e-01
2.640326e-01
2.640884e-01
2.643743e-01
2.644810e-01
2.645505e-01
2.647781e-01
2.648329e-01
2.651760e-01
2.652295e-01
2.652720e-01
2.655015e-01
2.655848e-01
2.658244e-01
2.659893e-01
2.659995e-01
2.662837e-01
2.667017e-01
2.669598e-01
2.670381e-01
2.675322e-01
2.676746e-01
2.677993e-01
2.679083e-01
2.679818e-01
2.680722e-01
2.685065e-01
2.685395e-01
2.689156e-01
2.689245e-01
2.693730e-01
2.695320e-01
2.697740e-01
2.699151e-01
2.700555e-01
2.703297e-01
2.703521e-01
2.706437e-01
2.707203e-01
2.710636e-01
2.711936e-01
2.713362e-01
2.713983e-01
2.716703e-01
2.718206e-01
2.721039e-01
2.724277e-01
2.724917e-01
2.727205e-01
2.728773e-01
2.731758e-01
2.733029e-01
2.735083e-01
2.735294e-01
2.739355e-01
2.743471e-01
2.745023e-01
2.746915e-01
2.749464e-01
2.749880e-01
2.753515e-01
2.754188e-01
2.755298e-01
2.756810e-01
2.757157e-01
2.758536e-01
2.759690e-01
2.762907e-01
2.763222e-01
2.766933e-01
2.769721e-01
2.773944e-01
2.776618e-01
2.777343e-01
2.778005e-01
2.782549e-01
2.783422e-01
2.783659e-01
2.788411e-01
2.792067e-01
2.792150e-01
2.793341e-01
2.794061e-01
2.796595e-01
2.797320e-01
2.797483e-01
2.800682e-01
2.802827e-01
2.803128e-01
2.807528e-01
2.808317e-01
2.811030e-01
2.812861e-01
2.813385e-01
2.818909e-01
2.819478e-01
2.820931e-01
2.821978e-01
2.825140e-01
2.827373e-01
2.828255e-01
2.831121e-01
2.832617e-01
2.837976e-01
2.838233e-01
2.838908e-01
2.842763e-01
2.844836e-01
2.845402e-01
2.847418e-01
2.848937e-01
2.850229e-01
2.850773e-01
2.855933e-01
2.858496e-01
2.861570e-01
2.861989e-01
2.865921e-01
2.867072e-01
2.867996e-01
2.869657e-01
2.872809e-01
2.876005e-01
2.877422e-01
2.878247e-01
2.880007e-01
2.880406e-01
2.882614e-01
2.884402e-01
2.886917e-01
2.888860e-01
2.892586e-01
2.894654e-01
2.895234e-01
2.897903e-01
2.898745e-01
2.901225e-01
2.903837e-01
2.906243e-01
2.906763e-01
2.910342e-01
2.912806e-01
2.916490e-01
2.917791e-01
2.919552e-01
2.921895e-01
2.922742e-01
2.928856e-01
2.929400e-01
2.930477e-01
2.932767e-01
2.933331e-01
2.937247e-01
2.940018e-01
2.942267e-01
2.943086e-01
2.947312e-01
2.948340e-01
2.952686e-01
2.953911e-01
2.956303e-01
2.956894e-01
2.959767e-01
2.960660e-01
2.963723e-01
2.964328e-01
2.964695e-01
2.965858e-01
2.966788e-01
2.968892e-01
2.970534e-01
2.972872e-01
2.977450e-01
2.977893e-01
2.979225e-01
2.983625e-01
2.985324e-01
2.987213e-01
2.988518e-01
2.992931e-01
2.993945e-01
2.994619e-01
2.996062e-01
3.000165e-01
3.002449e-01
3.003224e-01
3.005787e-01
3.006807e-01
3.007172e-01
3.008795e-01
3.013751e-01
3.017669e-01
3.018676e-01
3.020881e-01
3.021460e-01
3.023620e-01
3.027150e-01
3.030156e-01
3.033247e-01
3.034180e-01
3.036760e-01
3.037647e-01
3.040611e-01
3.044018e-01
3.044772e-01
3.047118e-01
3.047726e-01
3.048560e-01
3.050123e-01
3.050457e-01
3.056473e-01
3.056929e-01
3.059730e-01
3.064442e-01
3.066339e-01
3.070125e-01
3.072643e-01
3.074549e-01
3.075130e-01
3.078265e-01
3.079483e-01
3.082360e-01
3.084992e-01
3.086177e-01
3.087995e-01
3.091153e-01
3.094525e-01
3.096206e-01
3.097241e-01
3.099746e-01
3.100405e-01
3.101402e-01
3.104008e-01
3.108202e-01
3.108689e-01
3.115573e-01
3.116023e-01
3.116816e-01
3.119265e-01
3.128125e-01
3.131596e-01
3.134258e-01
3.137908e-01
3.138585e-01
3.141400e-01
3.142309e-01
3.144192e-01
3.145417e-01
3.148424e-01
3.149907e-01
3.153741e-01
3.155577e-01
3.156844e-01
3.162296e-01
3.163063e-01
3.165584e-01
3.168283e-01
3.169474e-01
3.172591e-01
3.173943e-01
3.176598e-01
3.177698e-01
3.178144e-01
3.181692e-01
3.185465e-01
3.186422e-01
3.188075e-01
3.188961e-01
3.192504e-01
3.193692e-01
3.195771e-01
3.200861e-01
3.203217e-01
3.205579e-01
3.207343e-01
3.210880e-01
3.212943e-01
3.214596e-01
3.215785e-01
3.218155e-01
3.218939e-01
3.223754e-01
3.226102e-01
3.227947e-01
3.230405e-01
3.234382e-01
3.234955e-01
3.237040e-01
3.240589e-01
3.243663e-01
3.246566e-01
3.247665e-01
3.247927e-01
3.249329e-01
3.252583e-01
3.256070e-01
3.257601e-01
3.258567e-01
3.261893e-01
3.263764e-01
3.268234e-01
3.271720e-01
3.277243e-01
3.278686e-01
3.281311e-01
3.283556e-01
3.283988e-01
3.286017e-01
3.291006e-01
3.293513e-01
3.295327e-01
3.300698e-01
3.301570e-01
3.304262e-01
3.305616e-01
3.308352e-01
3.313166e-01
3.315286e-01
3.316826e-01
3.318162e-01
3.320252e-01
3.323687e-01
3.326725e-01
3.327370e-01
3.334319e-01
3.335385e-01
3.337612e-01
3.340246e-01
3.348526e-01
3.358523e-01
3.361192e-01
3.362639e-01
3.366727e-01
3.368368e-01
3.371386e-01
3.375350e-01
3.378368e-01
3.381434e-01
3.385446e-01
3.386026e-01
3.389072e-01
3.391481e-01
3.395951e-01
3.402329e-01
3.403030e-01
3.404343e-01
3.406378e-01
3.410089e-01
3.410511e-01
3.417431e-01
3.419821e-01
3.420860e-01
3.425566e-01
3.427155e-01
3.429601e-01
3.431665e-01
3.432457e-01
3.436896e-01
3.440094e-01
3.440728e-01
3.442089e-01
3.442412e-01
3.445732e-01
3.448674e-01
3.449096e-01
3.453891e-01
3.459892e-01
3.460401e-01
3.461936e-01
3.464691e-01
3.468237e-01
3.470129e-01
3.471090e-01
3.474024e-01
3.474476e-01
3.477559e-01
3.477911e-01
3.480823e-01
3.481181e-01
3.488760e-01
3.494070e-01
3.496058e-01
3.499172e-01
3.500963e-01
3.501850e-01
3.506534e-01
3.507185e-01
3.510357e-01
3.511540e-01
3.517150e-01
3.518606e-01
3.519728e-01
3.521815e-01
3.523820e-01
3.526383e-01
3.527690e-01
3.528403e-01
3.529400e-01
3.529886e-01
3.530995e-01
3.535227e-01
3.535772e-01
3.538507e-01
3.541191e-01
3.545583e-01
3.547901e-01
3.550985e-01
3.552196e-01
3.553526e-01
3.555010e-01
3.556856e-01
3.560014e-01
3.566239e-01
3.568206e-01
3.572473e-01
3.573042e-01
3.576813e-01
3.577546e-01
3.580079e-01
3.581665e-01
3.584874e-01
3.587638e-01
3.589250e-01
3.594328e-01
3.600824e-01
3.603488e-01
3.608365e-01
3.611033e-01
3.612796e-01
3.614930e-01
3.620997e-01
3.621530e-01
3.626480e-01
3.634826e-01
3.636910e-01
3.640808e-01
3.643657e-01
3.644819e-01
3.648501e-01
3.654791e-01
3.655148e-01
3.657688e-01
3.661226e-01
3.667244e-01
3.673458e-01
3.673943e-01
3.676871e-01
3.677876e-01
3.681398e-01
3.683068e-01
3.684460e-01
3.693238e-01
3.695787e-01
3.698279e-01
3.701088e-01
3.702814e-01
3.705256e-01
3.714246e-01
3.715816e-01
3.716248e-01
3.720453e-01
3.724911e-01
3.727202e-01
3.729342e-01
3.733537e-01
3.735384e-01
3.738772e-01
3.740513e-01
3.742198e-01
3.746347e-01
3.751671e-01
3.752869e-01
3.757131e-01
3.764095e-01
3.765509e-01
3.773019e-01
3.774864e-01
3.777091e-01
3.779136e-01
3.783566e-01
3.793840e-01
3.799282e-01
3.800709e-01
3.802521e-01
3.808061e-01
3.808527e-01
3.813897e-01
3.816676e-01
3.823623e-01
3.826836e-01
3.827625e-01
3.832111e-01
3.838613e-01
3.840074e-01
3.847925e-01
3.849718e-01
3.859618e-01
3.862853e-01
3.864620e-01
3.869033e-01
3.869887e-01
3.873900e-01
3.875234e-01
3.879156e-01
3.885895e-01
3.887205e-01
3.893559e-01
3.896094e-01
3.901395e-01
3.902793e-01
3.907136e-01
3.910041e-01
3.911616e-01
3.913225e-01
3.922271e-01
3.923727e-01
3.926947e-01
3.927483e-01
3.934008e-01
3.935058e-01
3.937572e-01
3.944523e-01
3.948009e-01
3.949137e-01
3.950610e-01
3.953446e-01
3.960875e-01
3.966390e-01
3.967554e-01
3.971468e-01
3.979175e-01
3.981525e-01
3.985092e-01
3.991048e-01
3.992576e-01
3.992833e-01
3.998398e-01
4.002088e-01
4.012537e-01
4.013838e-01
4.021667e-01
4.022656e-01
4.025418e-01
4.026739e-01
4.038744e-01
4.039139e-01
4.043192e-01
4.043369e-01
4.057868e-01
4.061816e-01
4.066492e-01
4.070480e-01
4.075669e-01
4.076437e-01
4.079716e-01
4.084108e-01
4.085643e-01
4.090168e-01
4.090837e-01
4.096885e-01
4.097523e-01
4.098088e-01
4.103329e-01
4.113044e-01
4.115447e-01
4.117063e-01
4.123136e-01
4.130917e-01
4.132224e-01
4.144628e-01
4.146488e-01
4.147658e-01
4.151295e-01
4.151825e-01
4.153292e-01
4.158513e-01
4.160699e-01
4.164897e-01
4.169012e-01
4.178317e-01
4.186933e-01
4.188597e-01
4.189403e-01
4.195617e-01
4.201314e-01
4.203642e-01
4.214986e-01
4.217429e-01
4.218197e-01
4.220421e-01
4.225196e-01
4.228118e-01
4.240782e-01
4.243064e-01
4.244793e-01
4.251851e-01
4.252848e-01
4.262400e-01
4.268172e-01
4.270031e-01
4.272757e-01
4.282660e-01
4.285549e-01
4.289069e-01
4.292902e-01
4.296094e-01
4.304674e-01
4.307721e-01
4.317460e-01
4.322219e-01
4.325309e-01
4.327561e-01
4.337770e-01
4.340402e-01
4.346637e-01
4.353215e-01
4.356608e-01
4.361426e-01
4.370707e-01
4.375477e-01
4.376056e-01
4.382934e-01
4.385548e-01
4.389691e-01
4.391733e-01
4.397994e-01
4.403262e-01
4.408621e-01
4.409131e-01
4.416596e-01
4.419680e-01
4.421276e-01
4.429104e-01
4.429780e-01
4.433176e-01
4.437048e-01
4.442713e-01
4.449218e-01
4.456588e-01
4.459014e-01
4.460267e-01
4.466360e-01
4.473884e-01
4.476019e-01
4.479668e-01
4.483133e-01
4.487286e-01
4.490055e-01
4.495979e-01
4.499283e-01
4.503723e-01
4.506800e-01
4.514573e-01
4.517038e-01
4.521383e-01
4.528815e-01
4.535595e-01
4.545613e-01
4.550785e-01
4.553437e-01
4.560532e-01
4.565056e-01
4.566364e-01
4.571772e-01
4.579451e-01
4.584397e-01
4.591197e-01
4.593614e-01
4.599213e-01
4.601767e-01
4.612604e-01
4.616225e-01
4.624332e-01
4.633008e-01
4.637771e-01
4.638959e-01
4.639798e-01
4.644154e-01
4.653747e-01
4.660919e-01
4.669022e-01
4.672613e-01
4.683343e-01
4.686211e-01
4.692091e-01
4.695744e-01
4.698004e-01
4.706979e-01
4.712323e-01
4.717382e-01
4.727405e-01
4.747743e-01
4.754110e-01
4.756155e-01
4.767358e-01
4.774247e-01
4.779190e-01
4.784431e-01
4.784957e-01
4.796322e-01
4.797292e-01
4.807685e-01
4.809539e-01
4.815043e-01
4.815535e-01
4.826031e-01
4.832910e-01
4.840258e-01
4.842510e-01
4.847129e-01
4.848867e-01
4.850141e-01
4.855307e-01
4.858329e-01
4.869726e-01
4.874496e-01
4.878878e-01
4.887019e-01
4.898349e-01
4.909119e-01
4.917239e-01
4.925834e-01
4.929993e-01
4.935401e-01
4.940524e-01
4.950655e-01
4.960544e-01
4.975468e-01
4.983044e-01
4.986513e-01
4.997691e-01
5.000510e-01
5.017875e-01
5.032913e-01
5.033957e-01
5.047597e-01
5.049753e-01
5.060894e-01
5.079666e-01
5.084272e-01
5.102091e-01
5.118594e-01
5.124080e-01
5.125992e-01
5.134751e-01
5.137011e-01
5.166356e-01
5.172173e-01
5.182040e-01
5.184577e-01
5.198983e-01
5.208569e-01
5.211001e-01
5.228458e-01
5.237283e-01
5.249809e-01
5.258861e-01
5.265245e-01
5.269749e-01
5.273263e-01
5.280894e-01
5.297143e-01
5.298145e-01
5.299579e-01
5.306919e-01
5.310257e-01
5.313899e-01
5.322888e-01
5.324348e-01
5.325313e-01
5.334572e-01
5.360353e-01
5.363287e-01
5.365540e-01
5.372513e-01
5.373585e-01
5.387983e-01
5.404869e-01
5.407713e-01
5.435016e-01
5.439839e-01
5.453006e-01
5.460133e-01
5.489734e-01
5.490476e-01
5.499888e-01
5.504762e-01
5.534570e-01
5.543120e-01
5.544048e-01
5.549078e-01
5.553608e-01
5.567271e-01
5.572271e-01
5.582276e-01
5.590847e-01
5.593539e-01
5.599282e-01
5.604646e-01
5.613047e-01
5.624636e-01
5.628912e-01
5.632498e-01
5.641301e-01
5.659434e-01
5.663044e-01
5.680975e-01
5.685148e-01
5.687249e-01
5.714949e-01
5.755929e-01
5.759559e-01
5.764166e-01
5.780307e-01
5.786995e-01
5.793226e-01
5.796388e-01
5.801079e-01
5.806061e-01
5.819208e-01
5.828211e-01
5.836796e-01
5.837772e-01
5.868684e-01
5.869281e-01
5.884273e-01
5.886227e-01
5.899685e-01
5.923120e-01
5.946276e-01
5.952203e-01
5.952506e-01
5.957313e-01
5.966825e-01
5.970008e-01
5.973493e-01
5.993792e-01
5.995103e-01
6.028439e-01
6.043702e-01
6.056512e-01
6.075052e-01
6.083249e-01
6.097348e-01
6.106270e-01
6.118673e-01
6.134455e-01
6.143599e-01
6.148790e-01
6.159973e-01
6.168224e-01
6.186718e-01
6.188164e-01
6.202721e-01
6.203604e-01
6.246614e-01
6.248766e-01
6.283452e-01
6.288569e-01
6.294940e-01
6.319148e-01
6.342041e-01
6.411453e-01
6.413333e-01
6.425781e-01
6.428521e-01
6.509994e-01
6.518672e-01
6.531068e-01
6.541891e-01
6.563141e-01
6.573492e-01
6.589159e-01
6.594032e-01
6.613859e-01
6.629750e-01
6.652344e-01
6.670467e-01
6.673834e-01
6.719082e-01
6.727179e-01
6.753809e-01
6.767521e-01
6.777622e-01
6.790488e-01
6.831802e-01
6.840877e-01
6.845778e-01
6.859378e-01
6.871704e-01
6.897696e-01
6.911607e-01
6.922559e-01
6.946584e-01
6.955544e-01
6.986460e-01
6.998035e-01
7.005117e-01
7.033601e-01
7.035300e-01
7.049973e-01
7.092387e-01
7.101080e-01
7.148977e-01
7.174711e-01
7.220928e-01
7.231201e-01
7.255501e-01
7.346624e-01
7.366299e-01
7.414400e-01
7.429633e-01
7.431234e-01
7.433605e-01
7.457622e-01
7.488385e-01
7.505426e-01
7.548817e-01
7.570867e-01
7.614869e-01
7.655654e-01
7.696364e-01
7.696450e-01
7.710207e-01
7.716051e-01
7.751920e-01
7.777192e-01
7.792747e-01
7.825351e-01
7.876736e-01
7.900999e-01
7.911948e-01
7.947333e-01
7.986799e-01
8.008947e-01
8.020231e-01
8.031800e-01
8.053316e-01
8.104370e-01
8.137034e-01
8.147259e-01
8.152442e-01
8.184559e-01
8.188361e-01
8.195022e-01
8.199767e-01
8.267247e-01
8.285324e-01
8.353144e-01
8.378888e-01
8.409496e-01
8.433743e-01
8.488661e-01
8.559990e-01
8.632625e-01
8.821340e-01
8.885353e-01
8.984788e-01
9.106385e-01
9.148385e-01
9.310890e-01
9.519550e-01
9.748045e-01
9.940017e-01
1.000000e+00
