# SF-29 N2 candidate (i) i0 field=generic3d eps=1 N=12: sorted relative singular values of the dense central-FD Jacobian at the final_iterate state (rows F_i=-q(L_i-S_i); smax=2.852263e+04)
1.752029e-06
3.799058e-06
7.463347e-06
8.741727e-06
1.262345e-05
1.912791e-05
2.125138e-05
2.770698e-05
3.123487e-05
3.501982e-05
3.578782e-05
4.253830e-05
5.464018e-05
5.750343e-05
6.232815e-05
6.882079e-05
7.141668e-05
7.730395e-05
8.636437e-05
9.131740e-05
9.789975e-05
1.011005e-04
1.046699e-04
1.129048e-04
1.223197e-04
1.320757e-04
1.329446e-04
1.341546e-04
1.481993e-04
1.503741e-04
1.594127e-04
1.638192e-04
1.708310e-04
1.788077e-04
1.835942e-04
1.865720e-04
1.958393e-04
1.979913e-04
2.076840e-04
2.119563e-04
2.230909e-04
2.298706e-04
2.358376e-04
2.463186e-04
2.490552e-04
2.531216e-04
2.677734e-04
2.714636e-04
2.825137e-04
2.902054e-04
2.948792e-04
2.982695e-04
3.061393e-04
3.110052e-04
3.230126e-04
3.294480e-04
3.328002e-04
3.390526e-04
3.433478e-04
3.507131e-04
3.555654e-04
3.594936e-04
3.652002e-04
3.691846e-04
3.765307e-04
3.807479e-04
3.878622e-04
3.960508e-04
4.032334e-04
4.055767e-04
4.144625e-04
4.185538e-04
4.295654e-04
4.326601e-04
4.429216e-04
4.470632e-04
4.593991e-04
4.664164e-04
4.690555e-04
4.753217e-04
4.768430e-04
4.865927e-04
4.951554e-04
4.986128e-04
5.082355e-04
5.103159e-04
5.149333e-04
5.207951e-04
5.225625e-04
5.305019e-04
5.336943e-04
5.386774e-04
5.470514e-04
5.505282e-04
5.517611e-04
5.588605e-04
5.644381e-04
5.671675e-04
5.836064e-04
5.864913e-04
5.911984e-04
5.924944e-04
6.026562e-04
6.072198e-04
6.183809e-04
6.221105e-04
6.271546e-04
6.386722e-04
6.416688e-04
6.436489e-04
6.470974e-04
6.574500e-04
6.593664e-04
6.658486e-04
6.686350e-04
6.831057e-04
6.876026e-04
6.949719e-04
7.029294e-04
7.084811e-04
7.204019e-04
7.249653e-04
7.375712e-04
7.389713e-04
7.491993e-04
7.536900e-04
7.559961e-04
7.639009e-04
7.690852e-04
7.700272e-04
7.774769e-04
7.813969e-04
7.903734e-04
7.945003e-04
8.042195e-04
8.142237e-04
8.177971e-04
8.207509e-04
8.276784e-04
8.395102e-04
8.421514e-04
8.446204e-04
8.509735e-04
8.592544e-04
8.670156e-04
8.716701e-04
8.811630e-04
8.879770e-04
8.942734e-04
8.999171e-04
9.103764e-04
9.122993e-04
9.193983e-04
9.245670e-04
9.316355e-04
9.355719e-04
9.446634e-04
9.536883e-04
9.584419e-04
9.715112e-04
9.746418e-04
9.795282e-04
9.809241e-04
9.877972e-04
9.984782e-04
1.000647e-03
1.005678e-03
1.013447e-03
1.020285e-03
1.025485e-03
1.028215e-03
1.039118e-03
1.040934e-03
1.051815e-03
1.053279e-03
1.055487e-03
1.069077e-03
1.070084e-03
1.073688e-03
1.083441e-03
1.088152e-03
1.098710e-03
1.100848e-03
1.103263e-03
1.117780e-03
1.122242e-03
1.126891e-03
1.133742e-03
1.135938e-03
1.139496e-03
1.142646e-03
1.145856e-03
1.157824e-03
1.168086e-03
1.174818e-03
1.177315e-03
1.182675e-03
1.187436e-03
1.197616e-03
1.198499e-03
1.202720e-03
1.211678e-03
1.213773e-03
1.217459e-03
1.230145e-03
1.234174e-03
1.235075e-03
1.241609e-03
1.247578e-03
1.254184e-03
1.261693e-03
1.268034e-03
1.272645e-03
1.275841e-03
1.285551e-03
1.301984e-03
1.303895e-03
1.308654e-03
1.315096e-03
1.319289e-03
1.326131e-03
1.329580e-03
1.344163e-03
1.349364e-03
1.356958e-03
1.362398e-03
1.366409e-03
1.373810e-03
1.378125e-03
1.386894e-03
1.394161e-03
1.398938e-03
1.403769e-03
1.405619e-03
1.417258e-03
1.425899e-03
1.427733e-03
1.436102e-03
1.438801e-03
1.447476e-03
1.453273e-03
1.456325e-03
1.472207e-03
1.485248e-03
1.486207e-03
1.491865e-03
1.496460e-03
1.498690e-03
1.509063e-03
1.512136e-03
1.517311e-03
1.526331e-03
1.534359e-03
1.540189e-03
1.543322e-03
1.550836e-03
1.553088e-03
1.556807e-03
1.564998e-03
1.569290e-03
1.578236e-03
1.582316e-03
1.588413e-03
1.591911e-03
1.598908e-03
1.602845e-03
1.608737e-03
1.615517e-03
1.616239e-03
1.624623e-03
1.628143e-03
1.640455e-03
1.643060e-03
1.650245e-03
1.663424e-03
1.668675e-03
1.675221e-03
1.680322e-03
1.682130e-03
1.684694e-03
1.698642e-03
1.701934e-03
1.711811e-03
1.714650e-03
1.723072e-03
1.729270e-03
1.733846e-03
1.737571e-03
1.741288e-03
1.750428e-03
1.755292e-03
1.758707e-03
1.767111e-03
1.775676e-03
1.778105e-03
1.782622e-03
1.791226e-03
1.795801e-03
1.800004e-03
1.812490e-03
1.816869e-03
1.820533e-03
1.828276e-03
1.835468e-03
1.846609e-03
1.848860e-03
1.859408e-03
1.861019e-03
1.866010e-03
1.871320e-03
1.877227e-03
1.884670e-03
1.896446e-03
1.903192e-03
1.908044e-03
1.913654e-03
1.923480e-03
1.927416e-03
1.932462e-03
1.935711e-03
1.940599e-03
1.948990e-03
1.954079e-03
1.955808e-03
1.969294e-03
1.974202e-03
1.978859e-03
1.983225e-03
1.986381e-03
1.994792e-03
1.997313e-03
2.000979e-03
2.011385e-03
2.014814e-03
2.025002e-03
2.033108e-03
2.035521e-03
2.042079e-03
2.054049e-03
2.060937e-03
2.065235e-03
2.071419e-03
2.074920e-03
2.085173e-03
2.089632e-03
2.093729e-03
2.100181e-03
2.103966e-03
2.112521e-03
2.122073e-03
2.136481e-03
2.144719e-03
2.145331e-03
2.154378e-03
2.159504e-03
2.165790e-03
2.172935e-03
2.181670e-03
2.184708e-03
2.185790e-03
2.194494e-03
2.200929e-03
2.210327e-03
2.213657e-03
2.222593e-03
2.223763e-03
2.237006e-03
2.238765e-03
2.250259e-03
2.253924e-03
2.263654e-03
2.268282e-03
2.271970e-03
2.277213e-03
2.284592e-03
2.291941e-03
2.298194e-03
2.307004e-03
2.313240e-03
2.321012e-03
2.323966e-03
2.325636e-03
2.335033e-03
2.340004e-03
2.347764e-03
2.349412e-03
2.354231e-03
2.364203e-03
2.374722e-03
2.382197e-03
2.388067e-03
2.388467e-03
2.398560e-03
2.403391e-03
2.409825e-03
2.415072e-03
2.428100e-03
2.433197e-03
2.437014e-03
2.439816e-03
2.445947e-03
2.448134e-03
2.458534e-03
2.476612e-03
2.479145e-03
2.483027e-03
2.487019e-03
2.493865e-03
2.501302e-03
2.508733e-03
2.512015e-03
2.516544e-03
2.521236e-03
2.531230e-03
2.538628e-03
2.542520e-03
2.546796e-03
2.555068e-03
2.559771e-03
2.567495e-03
2.576393e-03
2.584922e-03
2.586009e-03
2.597590e-03
2.607593e-03
2.613937e-03
2.619738e-03
2.621237e-03
2.626499e-03
2.635253e-03
2.641220e-03
2.644529e-03
2.652940e-03
2.656764e-03
2.663985e-03
2.675114e-03
2.678879e-03
2.688464e-03
2.692944e-03
2.695555e-03
2.700313e-03
2.711736e-03
2.721212e-03
2.733722e-03
2.736767e-03
2.742589e-03
2.750530e-03
2.754004e-03
2.760330e-03
2.762966e-03
2.771244e-03
2.776090e-03
2.778325e-03
2.791428e-03
2.797501e-03
2.799437e-03
2.809963e-03
2.816370e-03
2.823665e-03
2.831612e-03
2.835587e-03
2.838105e-03
2.844271e-03
2.850637e-03
2.859041e-03
2.870152e-03
2.879578e-03
2.884628e-03
2.888901e-03
2.896343e-03
2.896820e-03
2.902997e-03
2.907902e-03
2.908663e-03
2.913546e-03
2.932853e-03
2.934925e-03
2.945644e-03
2.952033e-03
2.960700e-03
2.968844e-03
2.979996e-03
2.983041e-03
2.990179e-03
2.994155e-03
3.004548e-03
3.005734e-03
3.013245e-03
3.021313e-03
3.029422e-03
3.033545e-03
3.040675e-03
3.052984e-03
3.061696e-03
3.065179e-03
3.073072e-03
3.075881e-03
3.077297e-03
3.087826e-03
3.092642e-03
3.106408e-03
3.114277e-03
3.118232e-03
3.124894e-03
3.128652e-03
3.130125e-03
3.143550e-03
3.144552e-03
3.161669e-03
3.166154e-03
3.175479e-03
3.180020e-03
3.182845e-03
3.184837e-03
3.198852e-03
3.208168e-03
3.212046e-03
3.219928e-03
3.220087e-03
3.233710e-03
3.239262e-03
3.247843e-03
3.261536e-03
3.265177e-03
3.272805e-03
3.276631e-03
3.281499e-03
3.287617e-03
3.290910e-03
3.298233e-03
3.305784e-03
3.320000e-03
3.327530e-03
3.331889e-03
3.342556e-03
3.346747e-03
3.357985e-03
3.370251e-03
3.374911e-03
3.381261e-03
3.382619e-03
3.395676e-03
3.401825e-03
3.403855e-03
3.412568e-03
3.413994e-03
3.416565e-03
3.437295e-03
3.442746e-03
3.448445e-03
3.450309e-03
3.455773e-03
3.459121e-03
3.472121e-03
3.478445e-03
3.486954e-03
3.494237e-03
3.494501e-03
3.512870e-03
3.516163e-03
3.519216e-03
3.524970e-03
3.534096e-03
3.548003e-03
3.550882e-03
3.559703e-03
3.571365e-03
3.577561e-03
3.582664e-03
3.587315e-03
3.596444e-03
3.602719e-03
3.609992e-03
3.612979e-03
3.624370e-03
3.630660e-03
3.638299e-03
3.643160e-03
3.650403e-03
3.652299e-03
3.657129e-03
3.669048e-03
3.673021e-03
3.682776e-03
3.686999e-03
3.693577e-03
3.704589e-03
3.710827e-03
3.716565e-03
3.725054e-03
3.732973e-03
3.734649e-03
3.754515e-03
3.756491e-03
3.766584e-03
3.772998e-03
3.778208e-03
3.781599e-03
3.790593e-03
3.795801e-03
3.798549e-03
3.810746e-03
3.820899e-03
3.826974e-03
3.829838e-03
3.841244e-03
3.849267e-03
3.851289e-03
3.858071e-03
3.866692e-03
3.878364e-03
3.878947e-03
3.888828e-03
3.894430e-03
3.902825e-03
3.912216e-03
3.914850e-03
3.924179e-03
3.932213e-03
3.940882e-03
3.947597e-03
3.951433e-03
3.956411e-03
3.963620e-03
3.971746e-03
3.980565e-03
3.994050e-03
3.997371e-03
3.998386e-03
4.008609e-03
4.018093e-03
4.022814e-03
4.029018e-03
4.033839e-03
4.042133e-03
4.054882e-03
4.060987e-03
4.064311e-03
4.066930e-03
4.081089e-03
4.085923e-03
4.097305e-03
4.102893e-03
4.114277e-03
4.124461e-03
4.130147e-03
4.136358e-03
4.148625e-03
4.154549e-03
4.160313e-03
4.171750e-03
4.177064e-03
4.186184e-03
4.192487e-03
4.193587e-03
4.201514e-03
4.207947e-03
4.213345e-03
4.219275e-03
4.228322e-03
4.239265e-03
4.247548e-03
4.251087e-03
4.261513e-03
4.269733e-03
4.277147e-03
4.288388e-03
4.295544e-03
4.305820e-03
4.307115e-03
4.310764e-03
4.324024e-03
4.329750e-03
4.339443e-03
4.340303e-03
4.350623e-03
4.352733e-03
4.361493e-03
4.370877e-03
4.373127e-03
4.378509e-03
4.384030e-03
4.396544e-03
4.399880e-03
4.408111e-03
4.416628e-03
4.424401e-03
4.434469e-03
4.436374e-03
4.444407e-03
4.449469e-03
4.467603e-03
4.472166e-03
4.477740e-03
4.484054e-03
4.488135e-03
4.497108e-03
4.505083e-03
4.510222e-03
4.517442e-03
4.526171e-03
4.536898e-03
4.540660e-03
4.548100e-03
4.553403e-03
4.559959e-03
4.564452e-03
4.574290e-03
4.582022e-03
4.591723e-03
4.605676e-03
4.611621e-03
4.619055e-03
4.624142e-03
4.628650e-03
4.634701e-03
4.644708e-03
4.650040e-03
4.655743e-03
4.671106e-03
4.682386e-03
4.685428e-03
4.690849e-03
4.699890e-03
4.710833e-03
4.716077e-03
4.717983e-03
4.725987e-03
4.734142e-03
4.750747e-03
4.754367e-03
4.757137e-03
4.760524e-03
4.773704e-03
4.780232e-03
4.796050e-03
4.805977e-03
4.807640e-03
4.815068e-03
4.827953e-03
4.835588e-03
4.839672e-03
4.848972e-03
4.853320e-03
4.860350e-03
4.863931e-03
4.874524e-03
4.880133e-03
4.886362e-03
4.901412e-03
4.905654e-03
4.908821e-03
4.926474e-03
4.932197e-03
4.945525e-03
4.946651e-03
4.957411e-03
4.975398e-03
4.981414e-03
4.985893e-03
4.992661e-03
4.998804e-03
5.010333e-03
5.015521e-03
5.018895e-03
5.029290e-03
5.035402e-03
5.038855e-03
5.051799e-03
5.054625e-03
5.058332e-03
5.062621e-03
5.073803e-03
5.092065e-03
5.099292e-03
5.100187e-03
5.105316e-03
5.118055e-03
5.127882e-03
5.137303e-03
5.140437e-03
5.153928e-03
5.156340e-03
5.161755e-03
5.169746e-03
5.171581e-03
5.189936e-03
5.194696e-03
5.202505e-03
5.217080e-03
5.226227e-03
5.234556e-03
5.242840e-03
5.250002e-03
5.260422e-03
5.268181e-03
5.271844e-03
5.276749e-03
5.288245e-03
5.294334e-03
5.305117e-03
5.315904e-03
5.327131e-03
5.331371e-03
5.334742e-03
5.345075e-03
5.357494e-03
5.360285e-03
5.372173e-03
5.376502e-03
5.383007e-03
5.391921e-03
5.404085e-03
5.407571e-03
5.410186e-03
5.434360e-03
5.439826e-03
5.449079e-03
5.454047e-03
5.460239e-03
5.466115e-03
5.470253e-03
5.480940e-03
5.489186e-03
5.495948e-03
5.500236e-03
5.509492e-03
5.515799e-03
5.527963e-03
5.538753e-03
5.545347e-03
5.552265e-03
5.562612e-03
5.565661e-03
5.574455e-03
5.590760e-03
5.599705e-03
5.616727e-03
5.618810e-03
5.625035e-03
5.633771e-03
5.640082e-03
5.646246e-03
5.649741e-03
5.666110e-03
5.670410e-03
5.692045e-03
5.700164e-03
5.708220e-03
5.714680e-03
5.719703e-03
5.724005e-03
5.733486e-03
5.740545e-03
5.749177e-03
5.763901e-03
5.770743e-03
5.776911e-03
5.785430e-03
5.798792e-03
5.804890e-03
5.812815e-03
5.813737e-03
5.835017e-03
5.840022e-03
5.843623e-03
5.857347e-03
5.862647e-03
5.872506e-03
5.877010e-03
5.895520e-03
5.900931e-03
5.905736e-03
5.912529e-03
5.931857e-03
5.936990e-03
5.945316e-03
5.952254e-03
5.959148e-03
5.973414e-03
5.981219e-03
5.989162e-03
5.996018e-03
6.001870e-03
6.006937e-03
6.012308e-03
6.027459e-03
6.036914e-03
6.039843e-03
6.055265e-03
6.063105e-03
6.071861e-03
6.076001e-03
6.082752e-03
6.087479e-03
6.093698e-03
6.106460e-03
6.116319e-03
6.127375e-03
6.137446e-03
6.147829e-03
6.149840e-03
6.165762e-03
6.166944e-03
6.176554e-03
6.182763e-03
6.191083e-03
6.197985e-03
6.206201e-03
6.214450e-03
6.226511e-03
6.231670e-03
6.246852e-03
6.252858e-03
6.257366e-03
6.269135e-03
6.278864e-03
6.286865e-03
6.293120e-03
6.296677e-03
6.308531e-03
6.319723e-03
6.339569e-03
6.348112e-03
6.350026e-03
6.353426e-03
6.371334e-03
6.372023e-03
6.375555e-03
6.392817e-03
6.398853e-03
6.406407e-03
6.415961e-03
6.421629e-03
6.433436e-03
6.440905e-03
6.446880e-03
6.454035e-03
6.461290e-03
6.461755e-03
6.467879e-03
6.487666e-03
6.489318e-03
6.494942e-03
6.496897e-03
6.504022e-03
6.514593e-03
6.533554e-03
6.538299e-03
6.544150e-03
6.559957e-03
6.564932e-03
6.574936e-03
6.594570e-03
6.598346e-03
6.604116e-03
6.613896e-03
6.625249e-03
6.634996e-03
6.639369e-03
6.644262e-03
6.659385e-03
6.666687e-03
6.677916e-03
6.683356e-03
6.694816e-03
6.697397e-03
6.707465e-03
6.717946e-03
6.725071e-03
6.728828e-03
6.742183e-03
6.751320e-03
6.762805e-03
6.764090e-03
6.770996e-03
6.790822e-03
6.799209e-03
6.804963e-03
6.816053e-03
6.822634e-03
6.833698e-03
6.843315e-03
6.862729e-03
6.866367e-03
6.871753e-03
6.880670e-03
6.888711e-03
6.894018e-03
6.909540e-03
6.924321e-03
6.925846e-03
6.938360e-03
6.942077e-03
6.949859e-03
6.962924e-03
6.977081e-03
6.982253e-03
6.984638e-03
7.001940e-03
7.008901e-03
7.019606e-03
7.030296e-03
7.033967e-03
7.047190e-03
7.058588e-03
7.062870e-03
7.068721e-03
7.092597e-03
7.096527e-03
7.103287e-03
7.110265e-03
7.121521e-03
7.122717e-03
7.124065e-03
7.146269e-03
7.160803e-03
7.171205e-03
7.189874e-03
7.197238e-03
7.199817e-03
7.206700e-03
7.216271e-03
7.229352e-03
7.241216e-03
7.246449e-03
7.257915e-03
7.264940e-03
7.275700e-03
7.289309e-03
7.293980e-03
7.307042e-03
7.319195e-03
7.327970e-03
7.329091e-03
7.345056e-03
7.359964e-03
7.370237e-03
7.385003e-03
7.389016e-03
7.397769e-03
7.409056e-03
7.421666e-03
7.431508e-03
7.435857e-03
7.442811e-03
7.453038e-03
7.453973e-03
7.469479e-03
7.489233e-03
7.495369e-03
7.508955e-03
7.515278e-03
7.518226e-03
7.524778e-03
7.531979e-03
7.545778e-03
7.559756e-03
7.568691e-03
7.577245e-03
7.586054e-03
7.591368e-03
7.607283e-03
7.618434e-03
7.621146e-03
7.630595e-03
7.640144e-03
7.652324e-03
7.660992e-03
7.669676e-03
7.680655e-03
7.689008e-03
7.695757e-03
7.706697e-03
7.720764e-03
7.731293e-03
7.735810e-03
7.747802e-03
7.752344e-03
7.767808e-03
7.774584e-03
7.788279e-03
7.791614e-03
7.812159e-03
7.814342e-03
7.829109e-03
7.844479e-03
7.851461e-03
7.866913e-03
7.869317e-03
7.882178e-03
7.889721e-03
7.903251e-03
7.907158e-03
7.920729e-03
7.921419e-03
7.931517e-03
7.937678e-03
7.950591e-03
7.954667e-03
7.966331e-03
7.985431e-03
7.992416e-03
7.997303e-03
8.007831e-03
8.028261e-03
8.038684e-03
8.049522e-03
8.053978e-03
8.059240e-03
8.070715e-03
8.075315e-03
8.092332e-03
8.103963e-03
8.115995e-03
8.129933e-03
8.138753e-03
8.144858e-03
8.159330e-03
8.171469e-03
8.180103e-03
8.185613e-03
8.187002e-03
8.204572e-03
8.205148e-03
8.217873e-03
8.230907e-03
8.239137e-03
8.248095e-03
8.257108e-03
8.267877e-03
8.275358e-03
8.278310e-03
8.296093e-03
8.317759e-03
8.332960e-03
8.333131e-03
8.342864e-03
8.345154e-03
8.365216e-03
8.370179e-03
8.372706e-03
8.381981e-03
8.393079e-03
8.401966e-03
8.405237e-03
8.415960e-03
8.432822e-03
8.448678e-03
8.457567e-03
8.463706e-03
8.472431e-03
8.474355e-03
8.488778e-03
8.506299e-03
8.514908e-03
8.522066e-03
8.525727e-03
8.547413e-03
8.553200e-03
8.563106e-03
8.566815e-03
8.578450e-03
8.586145e-03
8.593290e-03
8.609715e-03
8.630797e-03
8.638472e-03
8.653626e-03
8.657082e-03
8.667152e-03
8.672450e-03
8.686428e-03
8.689383e-03
8.701565e-03
8.709706e-03
8.719298e-03
8.736322e-03
8.744391e-03
8.747272e-03
8.762283e-03
8.771338e-03
8.788479e-03
8.804159e-03
8.809639e-03
8.815103e-03
8.819557e-03
8.832035e-03
8.851229e-03
8.869201e-03
8.871483e-03
8.882940e-03
8.895425e-03
8.907791e-03
8.921775e-03
8.932842e-03
8.938877e-03
8.949087e-03
8.954000e-03
8.968701e-03
8.979758e-03
8.983110e-03
8.993334e-03
9.004480e-03
9.011386e-03
9.023150e-03
9.035267e-03
9.054574e-03
9.067506e-03
9.079209e-03
9.082466e-03
9.099371e-03
9.105123e-03
9.129233e-03
9.135578e-03
9.147513e-03
9.151538e-03
9.157171e-03
9.165512e-03
9.181776e-03
9.218092e-03
9.221804e-03
9.237821e-03
9.242361e-03
9.257885e-03
9.270953e-03
9.287316e-03
9.294446e-03
9.301944e-03
9.311438e-03
9.322490e-03
9.330170e-03
9.338181e-03
9.356643e-03
9.360395e-03
9.383801e-03
9.385967e-03
9.391038e-03
9.407816e-03
9.422756e-03
9.425463e-03
9.441924e-03
9.453759e-03
9.469309e-03
9.476693e-03
9.488469e-03
9.509943e-03
9.514273e-03
9.531360e-03
9.535762e-03
9.548866e-03
9.551153e-03
9.557750e-03
9.579946e-03
9.596242e-03
9.602280e-03
9.609026e-03
9.613663e-03
9.631942e-03
9.633073e-03
9.647493e-03
9.666313e-03
9.669585e-03
9.687723e-03
9.710606e-03
9.714333e-03
9.721643e-03
9.724542e-03
9.737020e-03
9.753206e-03
9.766111e-03
9.785445e-03
9.795866e-03
9.810100e-03
9.823371e-03
9.840852e-03
9.844412e-03
9.862331e-03
9.869504e-03
9.881172e-03
9.884215e-03
9.902864e-03
9.913594e-03
9.917740e-03
9.930214e-03
9.938789e-03
9.955257e-03
9.963965e-03
9.974001e-03
9.989785e-03
9.999562e-03
1.002157e-02
1.003167e-02
1.003446e-02
1.005808e-02
1.007131e-02
1.008731e-02
1.009327e-02
1.010753e-02
1.011880e-02
1.012292e-02
1.014271e-02
1.014923e-02
1.015653e-02
1.016735e-02
1.018058e-02
1.020604e-02
1.021103e-02
1.021999e-02
1.022902e-02
1.025653e-02
1.025829e-02
1.027518e-02
1.028992e-02
1.029677e-02
1.031435e-02
1.031925e-02
1.032196e-02
1.034027e-02
1.035262e-02
1.035907e-02
1.036273e-02
1.036943e-02
1.039739e-02
1.040962e-02
1.042662e-02
1.042832e-02
1.046335e-02
1.046886e-02
1.047071e-02
1.048628e-02
1.051395e-02
1.051609e-02
1.053837e-02
1.054291e-02
1.055424e-02
1.056786e-02
1.059609e-02
1.060230e-02
1.061904e-02
1.062487e-02
1.062571e-02
1.064999e-02
1.065486e-02
1.067295e-02
1.068927e-02
1.069640e-02
1.071404e-02
1.071867e-02
1.072431e-02
1.075185e-02
1.077514e-02
1.078508e-02
1.078834e-02
1.080788e-02
1.082750e-02
1.083178e-02
1.086545e-02
1.086968e-02
1.087461e-02
1.088463e-02
1.089717e-02
1.090557e-02
1.092103e-02
1.094819e-02
1.095892e-02
1.096962e-02
1.097638e-02
1.098845e-02
1.099548e-02
1.101633e-02
1.102827e-02
1.103947e-02
1.105236e-02
1.107607e-02
1.109006e-02
1.109881e-02
1.111076e-02
1.113801e-02
1.114900e-02
1.116807e-02
1.117142e-02
1.117935e-02
1.120663e-02
1.121566e-02
1.121969e-02
1.123357e-02
1.124101e-02
1.124946e-02
1.126757e-02
1.130562e-02
1.130954e-02
1.132200e-02
1.133405e-02
1.134714e-02
1.136826e-02
1.137322e-02
1.138841e-02
1.140180e-02
1.140305e-02
1.142251e-02
1.143351e-02
1.144632e-02
1.145599e-02
1.147584e-02
1.148723e-02
1.148950e-02
1.150639e-02
1.153610e-02
1.154868e-02
1.156556e-02
1.156980e-02
1.158450e-02
1.158598e-02
1.160362e-02
1.162400e-02
1.163325e-02
1.165445e-02
1.166286e-02
1.166790e-02
1.169133e-02
1.169885e-02
1.170258e-02
1.171752e-02
1.175342e-02
1.175713e-02
1.176945e-02
1.178133e-02
1.178470e-02
1.182025e-02
1.183448e-02
1.184147e-02
1.184790e-02
1.186644e-02
1.187476e-02
1.189259e-02
1.190181e-02
1.192422e-02
1.192818e-02
1.193504e-02
1.195381e-02
1.195891e-02
1.198269e-02
1.200050e-02
1.201158e-02
1.201896e-02
1.204050e-02
1.204811e-02
1.206025e-02
1.206636e-02
1.208209e-02
1.210002e-02
1.211381e-02
1.211810e-02
1.213130e-02
1.215527e-02
1.216538e-02
1.219064e-02
1.220218e-02
1.221275e-02
1.222616e-02
1.222923e-02
1.225233e-02
1.225792e-02
1.226662e-02
1.229342e-02
1.230570e-02
1.231271e-02
1.234005e-02
1.234216e-02
1.235773e-02
1.236251e-02
1.238132e-02
1.239041e-02
1.239782e-02
1.240949e-02
1.243106e-02
1.245302e-02
1.245970e-02
1.247455e-02
1.248705e-02
1.250027e-02
1.250764e-02
1.251043e-02
1.253127e-02
1.253582e-02
1.256646e-02
1.258184e-02
1.258694e-02
1.262156e-02
1.262908e-02
1.264038e-02
1.264987e-02
1.265613e-02
1.268071e-02
1.268794e-02
1.270184e-02
1.271212e-02
1.273421e-02
1.274574e-02
1.275502e-02
1.277110e-02
1.278638e-02
1.279619e-02
1.279994e-02
1.281784e-02
1.284652e-02
1.285268e-02
1.288108e-02
1.289701e-02
1.290860e-02
1.292294e-02
1.293155e-02
1.294147e-02
1.297502e-02
1.298477e-02
1.299446e-02
1.300072e-02
1.300291e-02
1.302222e-02
1.304368e-02
1.304944e-02
1.306721e-02
1.308004e-02
1.308742e-02
1.310944e-02
1.311863e-02
1.312786e-02
1.314064e-02
1.314465e-02
1.318580e-02
1.318843e-02
1.319844e-02
1.321816e-02
1.324111e-02
1.324778e-02
1.325707e-02
1.327509e-02
1.329172e-02
1.330621e-02
1.331457e-02
1.334189e-02
1.335276e-02
1.337143e-02
1.337791e-02
1.339023e-02
1.341407e-02
1.343124e-02
1.344588e-02
1.349405e-02
1.350091e-02
1.351335e-02
1.352582e-02
1.352941e-02
1.353845e-02
1.354809e-02
1.357107e-02
1.358771e-02
1.360665e-02
1.362512e-02
1.364896e-02
1.365788e-02
1.366504e-02
1.367314e-02
1.369344e-02
1.370603e-02
1.372057e-02
1.374875e-02
1.375022e-02
1.375458e-02
1.379554e-02
1.380325e-02
1.380969e-02
1.382969e-02
1.385846e-02
1.386156e-02
1.388506e-02
1.389922e-02
1.391769e-02
1.392915e-02
1.393735e-02
1.396690e-02
1.397989e-02
1.400167e-02
1.401193e-02
1.403441e-02
1.404360e-02
1.405896e-02
1.406831e-02
1.408304e-02
1.409084e-02
1.412168e-02
1.413769e-02
1.415988e-02
1.418809e-02
1.420258e-02
1.422358e-02
1.422984e-02
1.424623e-02
1.426061e-02
1.428858e-02
1.429761e-02
1.431481e-02
1.432726e-02
1.434132e-02
1.434927e-02
1.435917e-02
1.436861e-02
1.440329e-02
1.441896e-02
1.442288e-02
1.445092e-02
1.446318e-02
1.447567e-02
1.448828e-02
1.449887e-02
1.451518e-02
1.453125e-02
1.456771e-02
1.457518e-02
1.459563e-02
1.462479e-02
1.464383e-02
1.465299e-02
1.465855e-02
1.466786e-02
1.470485e-02
1.471964e-02
1.472782e-02
1.474712e-02
1.475888e-02
1.477022e-02
1.479105e-02
1.480672e-02
1.482125e-02
1.483102e-02
1.485223e-02
1.486145e-02
1.486819e-02
1.489438e-02
1.491204e-02
1.493027e-02
1.494252e-02
1.495629e-02
1.498447e-02
1.499090e-02
1.500292e-02
1.503905e-02
1.504685e-02
1.505286e-02
1.506262e-02
1.509699e-02
1.510527e-02
1.513820e-02
1.514490e-02
1.515956e-02
1.517271e-02
1.519078e-02
1.519549e-02
1.521777e-02
1.522916e-02
1.523650e-02
1.526350e-02
1.527904e-02
1.530765e-02
1.531859e-02
1.533915e-02
1.534651e-02
1.537371e-02
1.538311e-02
1.540900e-02
1.542207e-02
1.544198e-02
1.544550e-02
1.546684e-02
1.549213e-02
1.551648e-02
1.552065e-02
1.553545e-02
1.555247e-02
1.559269e-02
1.559759e-02
1.561352e-02
1.563236e-02
1.564714e-02
1.565634e-02
1.569358e-02
1.570689e-02
1.573304e-02
1.575501e-02
1.576406e-02
1.577685e-02
1.580240e-02
1.584139e-02
1.584910e-02
1.586518e-02
1.587777e-02
1.591075e-02
1.592206e-02
1.592864e-02
1.594327e-02
1.595595e-02
1.597639e-02
1.599184e-02
1.600378e-02
1.602419e-02
1.603909e-02
1.605518e-02
1.609693e-02
1.610219e-02
1.613383e-02
1.614246e-02
1.615935e-02
1.618159e-02
1.619831e-02
1.620949e-02
1.623059e-02
1.624236e-02
1.625105e-02
1.625927e-02
1.628051e-02
1.630136e-02
1.631490e-02
1.632673e-02
1.634927e-02
1.637627e-02
1.638940e-02
1.642033e-02
1.643684e-02
1.646222e-02
1.647180e-02
1.649364e-02
1.652091e-02
1.652676e-02
1.654134e-02
1.656378e-02
1.656931e-02
1.657746e-02
1.662128e-02
1.663664e-02
1.665549e-02
1.666425e-02
1.668352e-02
1.669861e-02
1.670446e-02
1.674338e-02
1.675317e-02
1.676141e-02
1.678151e-02
1.681832e-02
1.683663e-02
1.684345e-02
1.686883e-02
1.689207e-02
1.690930e-02
1.691401e-02
1.693560e-02
1.695204e-02
1.697445e-02
1.700616e-02
1.702783e-02
1.704722e-02
1.706703e-02
1.708528e-02
1.711152e-02
1.712774e-02
1.715687e-02
1.717645e-02
1.719562e-02
1.720320e-02
1.722473e-02
1.724672e-02
1.724758e-02
1.728918e-02
1.730682e-02
1.731846e-02
1.734345e-02
1.737166e-02
1.738575e-02
1.738608e-02
1.740948e-02
1.741505e-02
1.745278e-02
1.747928e-02
1.749990e-02
1.752927e-02
1.754283e-02
1.755894e-02
1.757711e-02
1.759376e-02
1.760759e-02
1.764859e-02
1.767310e-02
1.768861e-02
1.771600e-02
1.772736e-02
1.773852e-02
1.776321e-02
1.778332e-02
1.781365e-02
1.782890e-02
1.784138e-02
1.787755e-02
1.788799e-02
1.790317e-02
1.792715e-02
1.793961e-02
1.796492e-02
1.799524e-02
1.799927e-02
1.803481e-02
1.803660e-02
1.806232e-02
1.809775e-02
1.811430e-02
1.812242e-02
1.814801e-02
1.817102e-02
1.817910e-02
1.821557e-02
1.823853e-02
1.825788e-02
1.827773e-02
1.829645e-02
1.831085e-02
1.834386e-02
1.836150e-02
1.839054e-02
1.841379e-02
1.843592e-02
1.846754e-02
1.846822e-02
1.850313e-02
1.851320e-02
1.853538e-02
1.857246e-02
1.859831e-02
1.861529e-02
1.861931e-02
1.862641e-02
1.866843e-02
1.867072e-02
1.870160e-02
1.871400e-02
1.873674e-02
1.877182e-02
1.880755e-02
1.883701e-02
1.884772e-02
1.886420e-02
1.888197e-02
1.889937e-02
1.892774e-02
1.895053e-02
1.897779e-02
1.899509e-02
1.902438e-02
1.903795e-02
1.905655e-02
1.906299e-02
1.907485e-02
1.910912e-02
1.914171e-02
1.915823e-02
1.919283e-02
1.924526e-02
1.925338e-02
1.928215e-02
1.928872e-02
1.931358e-02
1.933394e-02
1.936690e-02
1.938907e-02
1.941334e-02
1.944335e-02
1.947067e-02
1.948205e-02
1.952353e-02
1.954430e-02
1.955651e-02
1.957131e-02
1.959609e-02
1.961212e-02
1.963158e-02
1.969274e-02
1.969865e-02
1.970671e-02
1.974057e-02
1.974824e-02
1.977304e-02
1.978210e-02
1.984411e-02
1.986836e-02
1.988659e-02
1.991630e-02
1.993697e-02
1.994482e-02
1.996596e-02
2.001437e-02
2.005158e-02
2.007125e-02
2.008363e-02
2.013361e-02
2.014298e-02
2.018445e-02
2.020614e-02
2.022038e-02
2.024248e-02
2.025561e-02
2.028500e-02
2.031075e-02
2.035212e-02
2.037268e-02
2.038523e-02
2.041828e-02
2.046627e-02
2.047633e-02
2.049720e-02
2.052332e-02
2.052987e-02
2.056178e-02
2.058518e-02
2.061610e-02
2.064169e-02
2.067313e-02
2.068709e-02
2.069151e-02
2.073449e-02
2.076900e-02
2.077493e-02
2.079323e-02
2.083357e-02
2.087681e-02
2.089150e-02
2.092464e-02
2.095309e-02
2.097969e-02
2.100073e-02
2.103102e-02
2.106541e-02
2.106789e-02
2.110030e-02
2.112059e-02
2.114287e-02
2.119267e-02
2.121167e-02
2.122773e-02
2.124347e-02
2.127711e-02
2.129258e-02
2.129519e-02
2.134272e-02
2.136568e-02
2.138307e-02
2.140405e-02
2.143953e-02
2.147007e-02
2.149926e-02
2.152773e-02
2.153190e-02
2.157168e-02
2.159832e-02
2.161129e-02
2.164966e-02
2.166323e-02
2.167907e-02
2.170779e-02
2.175415e-02
2.177436e-02
2.180180e-02
2.182180e-02
2.185700e-02
2.188277e-02
2.189110e-02
2.191643e-02
2.193794e-02
2.194593e-02
2.199370e-02
2.202366e-02
2.204180e-02
2.206389e-02
2.208430e-02
2.211430e-02
2.213283e-02
2.215775e-02
2.220540e-02
2.222599e-02
2.224754e-02
2.226399e-02
2.229993e-02
2.233513e-02
2.234326e-02
2.236738e-02
2.239895e-02
2.241053e-02
2.243102e-02
2.247064e-02
2.247797e-02
2.250599e-02
2.252903e-02
2.257223e-02
2.260793e-02
2.263913e-02
2.264751e-02
2.266725e-02
2.267614e-02
2.268050e-02
2.271905e-02
2.273225e-02
2.274219e-02
2.276315e-02
2.281463e-02
2.284016e-02
2.287152e-02
2.290041e-02
2.292193e-02
2.293420e-02
2.297820e-02
2.300920e-02
2.301903e-02
2.304646e-02
2.308023e-02
2.310714e-02
2.313691e-02
2.317623e-02
2.319167e-02
2.322234e-02
2.325696e-02
2.328012e-02
2.331473e-02
2.333548e-02
2.335323e-02
2.337580e-02
2.338932e-02
2.340641e-02
2.342459e-02
2.345937e-02
2.347664e-02
2.352879e-02
2.354011e-02
2.360283e-02
2.361452e-02
2.363088e-02
2.365575e-02
2.367801e-02
2.368847e-02
2.372021e-02
2.373554e-02
2.381466e-02
2.385607e-02
2.385644e-02
2.389282e-02
2.390311e-02
2.394594e-02
2.396451e-02
2.398876e-02
2.402743e-02
2.406793e-02
2.410797e-02
2.411589e-02
2.414896e-02
2.416514e-02
2.418890e-02
2.421762e-02
2.426187e-02
2.426283e-02
2.432135e-02
2.435767e-02
2.437263e-02
2.440440e-02
2.446273e-02
2.447733e-02
2.452175e-02
2.453335e-02
2.455680e-02
2.459144e-02
2.459470e-02
2.461326e-02
2.467048e-02
2.468109e-02
2.472518e-02
2.477389e-02
2.480320e-02
2.481826e-02
2.484698e-02
2.488650e-02
2.490683e-02
2.492380e-02
2.495476e-02
2.498537e-02
2.506000e-02
2.508745e-02
2.509858e-02
2.513513e-02
2.515310e-02
2.519119e-02
2.523691e-02
2.526631e-02
2.528593e-02
2.530736e-02
2.534925e-02
2.536802e-02
2.540153e-02
2.541500e-02
2.544480e-02
2.548448e-02
2.552099e-02
2.552707e-02
2.556935e-02
2.558583e-02
2.567847e-02
2.568849e-02
2.574114e-02
2.575669e-02
2.575976e-02
2.580150e-02
2.582761e-02
2.588633e-02
2.590478e-02
2.591249e-02
2.596732e-02
2.598054e-02
2.605076e-02
2.607727e-02
2.609312e-02
2.609998e-02
2.614846e-02
2.618638e-02
2.622162e-02
2.624825e-02
2.627730e-02
2.632440e-02
2.636217e-02
2.638583e-02
2.644712e-02
2.648528e-02
2.650286e-02
2.651577e-02
2.656474e-02
2.658143e-02
2.662890e-02
2.664571e-02
2.665652e-02
2.670144e-02
2.671949e-02
2.675255e-02
2.678409e-02
2.683005e-02
2.685948e-02
2.689227e-02
2.693295e-02
2.694112e-02
2.699368e-02
2.701899e-02
2.704102e-02
2.709100e-02
2.710078e-02
2.713475e-02
2.721451e-02
2.723380e-02
2.726369e-02
2.728984e-02
2.731304e-02
2.735924e-02
2.743017e-02
2.744034e-02
2.747240e-02
2.749233e-02
2.751470e-02
2.754893e-02
2.755657e-02
2.761785e-02
2.767581e-02
2.770348e-02
2.772552e-02
2.776462e-02
2.777837e-02
2.782372e-02
2.785283e-02
2.791321e-02
2.794360e-02
2.797532e-02
2.799465e-02
2.804756e-02
2.806811e-02
2.810922e-02
2.813255e-02
2.816977e-02
2.818730e-02
2.822540e-02
2.824682e-02
2.829215e-02
2.834572e-02
2.839798e-02
2.841796e-02
2.846313e-02
2.849523e-02
2.851967e-02
2.853539e-02
2.859755e-02
2.863063e-02
2.864066e-02
2.866607e-02
2.868749e-02
2.871873e-02
2.881113e-02
2.882613e-02
2.883510e-02
2.887677e-02
2.893493e-02
2.895619e-02
2.900881e-02
2.906281e-02
2.908767e-02
2.910735e-02
2.912782e-02
2.916882e-02
2.919380e-02
2.924086e-02
2.926343e-02
2.927795e-02
2.934786e-02
2.937418e-02
2.939319e-02
2.943806e-02
2.946050e-02
2.948384e-02
2.950262e-02
2.954458e-02
2.959529e-02
2.962062e-02
2.963512e-02
2.967160e-02
2.969211e-02
2.973823e-02
2.977057e-02
2.978242e-02
2.982471e-02
2.988110e-02
2.991127e-02
2.992024e-02
2.996124e-02
3.000840e-02
3.002494e-02
3.004533e-02
3.007209e-02
3.011555e-02
3.016214e-02
3.021464e-02
3.025633e-02
3.026492e-02
3.028975e-02
3.031816e-02
3.035704e-02
3.038665e-02
3.042492e-02
3.045626e-02
3.051354e-02
3.054339e-02
3.060611e-02
3.063820e-02
3.065339e-02
3.070976e-02
3.071341e-02
3.073726e-02
3.077726e-02
3.079408e-02
3.088943e-02
3.094491e-02
3.097500e-02
3.100480e-02
3.101725e-02
3.108464e-02
3.110109e-02
3.113602e-02
3.116203e-02
3.121610e-02
3.123467e-02
3.126981e-02
3.130262e-02
3.135867e-02
3.138929e-02
3.142203e-02
3.143462e-02
3.150838e-02
3.153385e-02
3.157202e-02
3.160100e-02
3.165815e-02
3.166274e-02
3.170311e-02
3.176539e-02
3.179779e-02
3.182238e-02
3.185885e-02
3.188950e-02
3.191661e-02
3.195591e-02
3.200746e-02
3.205548e-02
3.206921e-02
3.209309e-02
3.217725e-02
3.218366e-02
3.222009e-02
3.225570e-02
3.232189e-02
3.236452e-02
3.240989e-02
3.245761e-02
3.248421e-02
3.252753e-02
3.254476e-02
3.257807e-02
3.258945e-02
3.260376e-02
3.265512e-02
3.269262e-02
3.271862e-02
3.275373e-02
3.279844e-02
3.287777e-02
3.290759e-02
3.292382e-02
3.296307e-02
3.300524e-02
3.305106e-02
3.309734e-02
3.312398e-02
3.313129e-02
3.323048e-02
3.326892e-02
3.331456e-02
3.336674e-02
3.339302e-02
3.342713e-02
3.346973e-02
3.348215e-02
3.355047e-02
3.360699e-02
3.361452e-02
3.368822e-02
3.372192e-02
3.378435e-02
3.380531e-02
3.381889e-02
3.384526e-02
3.386092e-02
3.392465e-02
3.398240e-02
3.405358e-02
3.410065e-02
3.410883e-02
3.416028e-02
3.417852e-02
3.427637e-02
3.430340e-02
3.432484e-02
3.434453e-02
3.437439e-02
3.441017e-02
3.447553e-02
3.449337e-02
3.450450e-02
3.452105e-02
3.458287e-02
3.466211e-02
3.468857e-02
3.471866e-02
3.474805e-02
3.478152e-02
3.480806e-02
3.485295e-02
3.492898e-02
3.497225e-02
3.500703e-02
3.505308e-02
3.510465e-02
3.514474e-02
3.517442e-02
3.523169e-02
3.526616e-02
3.529033e-02
3.539399e-02
3.543984e-02
3.549437e-02
3.551493e-02
3.553444e-02
3.560241e-02
3.563535e-02
3.564352e-02
3.571974e-02
3.574317e-02
3.577561e-02
3.586870e-02
3.589139e-02
3.593031e-02
3.596854e-02
3.599878e-02
3.605482e-02
3.618065e-02
3.619819e-02
3.621721e-02
3.627739e-02
3.634283e-02
3.640176e-02
3.654871e-02
3.660424e-02
3.661668e-02
3.663538e-02
3.667599e-02
3.673109e-02
3.677324e-02
3.681260e-02
3.685757e-02
3.687204e-02
3.692497e-02
3.695031e-02
3.699702e-02
3.704510e-02
3.709343e-02
3.710162e-02
3.716229e-02
3.719399e-02
3.725666e-02
3.729326e-02
3.732035e-02
3.736843e-02
3.742210e-02
3.748430e-02
3.752744e-02
3.754559e-02
3.759672e-02
3.766927e-02
3.770163e-02
3.771279e-02
3.773697e-02
3.780292e-02
3.784940e-02
3.787733e-02
3.791410e-02
3.798489e-02
3.800697e-02
3.804321e-02
3.809518e-02
3.810663e-02
3.815137e-02
3.821629e-02
3.831440e-02
3.833685e-02
3.834177e-02
3.839499e-02
3.847599e-02
3.854695e-02
3.857651e-02
3.864047e-02
3.868842e-02
3.870987e-02
3.874119e-02
3.878731e-02
3.879771e-02
3.880924e-02
3.892741e-02
3.893536e-02
3.899426e-02
3.901138e-02
3.908944e-02
3.911672e-02
3.916110e-02
3.925835e-02
3.928362e-02
3.930336e-02
3.937563e-02
3.944474e-02
3.947014e-02
3.957352e-02
3.963760e-02
3.969914e-02
3.975193e-02
3.979866e-02
3.981882e-02
3.986037e-02
3.990545e-02
3.996890e-02
4.000022e-02
4.006093e-02
4.010567e-02
4.011606e-02
4.021372e-02
4.023166e-02
4.035587e-02
4.038927e-02
4.047938e-02
4.050081e-02
4.054283e-02
4.058236e-02
4.061803e-02
4.071556e-02
4.077057e-02
4.079084e-02
4.082352e-02
4.089117e-02
4.091752e-02
4.097603e-02
4.101729e-02
4.107854e-02
4.114712e-02
4.120774e-02
4.124589e-02
4.132681e-02
4.133874e-02
4.135367e-02
4.143021e-02
4.146013e-02
4.150294e-02
4.157549e-02
4.160441e-02
4.165940e-02
4.170069e-02
4.180794e-02
4.187326e-02
4.190861e-02
4.196083e-02
4.202439e-02
4.207866e-02
4.216191e-02
4.221949e-02
4.231427e-02
4.232399e-02
4.238099e-02
4.245831e-02
4.249373e-02
4.255853e-02
4.261175e-02
4.264138e-02
4.269162e-02
4.274512e-02
4.277238e-02
4.280867e-02
4.290779e-02
4.298232e-02
4.300136e-02
4.303855e-02
4.308904e-02
4.312457e-02
4.320588e-02
4.324311e-02
4.327685e-02
4.335668e-02
4.342051e-02
4.348857e-02
4.356523e-02
4.359457e-02
4.366296e-02
4.369940e-02
4.377240e-02
4.387430e-02
4.393175e-02
4.394448e-02
4.406964e-02
4.415266e-02
4.417771e-02
4.424273e-02
4.425793e-02
4.439001e-02
4.451891e-02
4.458255e-02
4.460057e-02
4.465763e-02
4.473292e-02
4.480311e-02
4.485883e-02
4.490783e-02
4.495862e-02
4.500961e-02
4.507748e-02
4.514895e-02
4.519802e-02
4.525702e-02
4.527114e-02
4.534757e-02
4.539388e-02
4.547449e-02
4.553325e-02
4.558344e-02
4.569454e-02
4.577397e-02
4.584350e-02
4.591464e-02
4.594728e-02
4.602497e-02
4.609376e-02
4.615008e-02
4.622980e-02
4.633616e-02
4.637719e-02
4.644867e-02
4.646051e-02
4.652022e-02
4.666380e-02
4.668868e-02
4.677137e-02
4.683718e-02
4.692581e-02
4.697809e-02
4.708718e-02
4.710682e-02
4.711797e-02
4.718422e-02
4.723728e-02
4.730061e-02
4.732376e-02
4.744525e-02
4.748265e-02
4.761785e-02
4.765557e-02
4.770698e-02
4.775024e-02
4.783523e-02
4.790064e-02
4.793270e-02
4.801903e-02
4.810247e-02
4.817496e-02
4.823489e-02
4.831715e-02
4.837793e-02
4.843226e-02
4.846275e-02
4.851599e-02
4.860070e-02
4.864291e-02
4.868722e-02
4.875871e-02
4.884140e-02
4.890594e-02
4.891679e-02
4.897177e-02
4.907896e-02
4.913173e-02
4.929195e-02
4.935503e-02
4.938495e-02
4.945725e-02
4.952120e-02
4.955956e-02
4.966655e-02
4.974977e-02
4.975536e-02
4.985466e-02
4.989444e-02
4.996282e-02
4.998496e-02
5.014550e-02
5.020385e-02
5.024485e-02
5.028861e-02
5.036545e-02
5.052307e-02
5.060505e-02
5.068481e-02
5.076626e-02
5.082054e-02
5.101417e-02
5.113067e-02
5.120512e-02
5.126245e-02
5.134073e-02
5.138151e-02
5.142618e-02
5.148777e-02
5.153089e-02
5.153600e-02
5.159833e-02
5.177553e-02
5.186442e-02
5.192495e-02
5.203972e-02
5.222186e-02
5.230945e-02
5.237684e-02
5.240103e-02
5.249365e-02
5.253637e-02
5.257746e-02
5.262319e-02
5.274638e-02
5.283903e-02
5.291610e-02
5.298205e-02
5.314371e-02
5.326514e-02
5.340783e-02
5.345634e-02
5.350801e-02
5.358536e-02
5.365338e-02
5.383551e-02
5.387295e-02
5.393250e-02
5.414311e-02
5.423239e-02
5.427398e-02
5.445557e-02
5.453790e-02
5.458812e-02
5.471651e-02
5.474646e-02
5.483841e-02
5.496304e-02
5.509400e-02
5.516236e-02
5.525778e-02
5.539880e-02
5.552477e-02
5.561316e-02
5.568240e-02
5.578136e-02
5.585270e-02
5.596830e-02
5.600144e-02
5.621096e-02
5.624402e-02
5.634691e-02
5.644899e-02
5.654903e-02
5.663148e-02
5.675071e-02
5.686391e-02
5.690638e-02
5.700845e-02
5.711593e-02
5.718916e-02
5.734689e-02
5.739034e-02
5.746980e-02
5.756106e-02
5.772715e-02
5.786128e-02
5.795443e-02
5.803807e-02
5.817040e-02
5.829530e-02
5.835671e-02
5.840358e-02
5.853290e-02
5.859369e-02
5.877393e-02
5.881589e-02
5.890183e-02
5.890805e-02
5.903013e-02
5.907644e-02
5.910222e-02
5.915732e-02
5.929334e-02
5.931821e-02
5.953432e-02
5.964790e-02
5.969877e-02
5.981410e-02
5.989334e-02
5.996409e-02
6.008462e-02
6.023540e-02
6.030564e-02
6.036119e-02
6.040756e-02
6.047925e-02
6.061329e-02
6.073927e-02
6.089646e-02
6.093457e-02
6.106481e-02
6.110817e-02
6.115058e-02
6.136977e-02
6.140992e-02
6.153980e-02
6.173145e-02
6.179899e-02
6.198702e-02
6.203499e-02
6.224370e-02
6.234637e-02
6.254324e-02
6.260062e-02
6.278523e-02
6.286929e-02
6.297861e-02
6.308081e-02
6.315324e-02
6.323337e-02
6.344675e-02
6.364777e-02
6.373818e-02
6.381296e-02
6.395106e-02
6.417846e-02
6.433479e-02
6.434666e-02
6.436937e-02
6.444133e-02
6.459269e-02
6.476420e-02
6.479255e-02
6.491800e-02
6.515090e-02
6.522140e-02
6.529333e-02
6.542256e-02
6.547357e-02
6.549768e-02
6.561436e-02
6.570072e-02
6.587736e-02
6.595412e-02
6.608477e-02
6.633438e-02
6.641344e-02
6.649323e-02
6.654991e-02
6.664605e-02
6.681365e-02
6.684591e-02
6.707415e-02
6.735243e-02
6.745588e-02
6.749301e-02
6.766367e-02
6.768704e-02
6.781609e-02
6.787085e-02
6.792999e-02
6.800462e-02
6.804244e-02
6.817816e-02
6.840792e-02
6.843437e-02
6.872966e-02
6.879389e-02
6.893969e-02
6.916197e-02
6.928313e-02
6.933143e-02
6.936290e-02
6.954749e-02
6.961435e-02
6.968234e-02
6.976589e-02
6.989979e-02
7.005181e-02
7.025171e-02
7.030472e-02
7.044459e-02
7.051640e-02
7.063917e-02
7.070270e-02
7.073813e-02
7.087194e-02
7.105845e-02
7.116796e-02
7.125489e-02
7.134919e-02
7.154072e-02
7.167570e-02
7.170935e-02
7.179012e-02
7.189319e-02
7.206470e-02
7.227229e-02
7.249887e-02
7.256186e-02
7.258485e-02
7.281107e-02
7.294635e-02
7.309601e-02
7.314161e-02
7.320958e-02
7.352296e-02
7.359324e-02
7.365218e-02
7.369988e-02
7.395925e-02
7.424848e-02
7.432439e-02
7.454744e-02
7.471098e-02
7.488606e-02
7.494451e-02
7.524912e-02
7.530107e-02
7.534180e-02
7.554355e-02
7.568515e-02
7.576282e-02
7.580714e-02
7.588250e-02
7.600140e-02
7.606758e-02
7.617493e-02
7.637825e-02
7.651135e-02
7.672850e-02
7.675907e-02
7.688628e-02
7.704082e-02
7.710839e-02
7.719570e-02
7.731046e-02
7.739788e-02
7.745690e-02
7.764896e-02
7.777408e-02
7.785779e-02
7.801568e-02
7.818937e-02
7.832481e-02
7.856297e-02
7.864785e-02
7.867883e-02
7.877820e-02
7.885023e-02
7.927552e-02
7.939501e-02
7.949274e-02
7.961303e-02
7.967408e-02
7.982264e-02
8.012655e-02
8.024091e-02
8.028393e-02
8.035410e-02
8.038086e-02
8.053235e-02
8.073211e-02
8.081461e-02
8.106084e-02
8.147518e-02
8.160039e-02
8.165718e-02
8.175955e-02
8.196428e-02
8.206729e-02
8.233688e-02
8.241338e-02
8.250349e-02
8.266556e-02
8.303747e-02
8.307007e-02
8.313535e-02
8.328670e-02
8.336309e-02
8.361790e-02
8.385321e-02
8.396463e-02
8.421059e-02
8.458900e-02
8.463596e-02
8.477173e-02
8.493404e-02
8.518705e-02
8.544822e-02
8.557712e-02
8.563143e-02
8.584400e-02
8.594180e-02
8.603251e-02
8.617568e-02
8.626933e-02
8.647283e-02
8.653713e-02
8.672352e-02
8.698384e-02
8.719325e-02
8.742152e-02
8.749696e-02
8.759454e-02
8.790371e-02
8.819837e-02
8.826956e-02
8.834416e-02
8.860292e-02
8.873591e-02
8.902004e-02
8.922946e-02
8.947064e-02
8.949205e-02
8.971499e-02
8.978377e-02
9.007291e-02
9.025237e-02
9.034297e-02
9.042463e-02
9.059923e-02
9.067541e-02
9.078952e-02
9.098941e-02
9.112689e-02
9.118878e-02
9.156643e-02
9.191782e-02
9.213548e-02
9.233659e-02
9.244363e-02
9.267261e-02
9.275484e-02
9.284095e-02
9.317334e-02
9.335758e-02
9.363520e-02
9.379736e-02
9.388474e-02
9.415564e-02
9.426187e-02
9.434274e-02
9.455301e-02
9.471898e-02
9.497569e-02
9.503902e-02
9.508168e-02
9.527067e-02
9.545591e-02
9.580391e-02
9.583671e-02
9.607784e-02
9.628052e-02
9.649921e-02
9.663049e-02
9.690595e-02
9.716084e-02
9.742346e-02
9.751415e-02
9.756992e-02
9.773910e-02
9.787562e-02
9.830276e-02
9.847120e-02
9.853010e-02
9.863452e-02
9.877416e-02
9.884993e-02
9.908751e-02
9.914599e-02
9.941957e-02
9.964492e-02
1.000877e-01
1.002657e-01
1.004654e-01
1.005283e-01
1.006491e-01
1.007434e-01
1.008137e-01
1.009722e-01
1.012990e-01
1.013594e-01
1.021076e-01
1.024291e-01
1.026775e-01
1.027885e-01
1.031379e-01
1.032153e-01
1.033451e-01
1.036815e-01
1.036977e-01
1.038198e-01
1.041053e-01
1.043255e-01
1.044438e-01
1.047169e-01
1.048694e-01
1.051608e-01
1.053468e-01
1.057384e-01
1.058982e-01
1.062839e-01
1.064489e-01
1.066882e-01
1.069476e-01
1.074780e-01
1.078498e-01
1.081498e-01
1.083700e-01
1.085187e-01
1.085669e-01
1.088903e-01
1.090237e-01
1.091158e-01
1.093321e-01
1.094519e-01
1.096890e-01
1.099303e-01
1.100569e-01
1.102538e-01
1.107399e-01
1.108876e-01
1.111442e-01
1.113150e-01
1.116348e-01
1.117235e-01
1.119530e-01
1.121232e-01
1.121939e-01
1.122581e-01
1.125820e-01
1.127576e-01
1.128235e-01
1.130500e-01
1.135370e-01
1.136360e-01
1.140920e-01
1.143941e-01
1.144929e-01
1.146968e-01
1.148412e-01
1.148566e-01
1.151636e-01
1.157665e-01
1.159302e-01
1.162325e-01
1.163590e-01
1.166435e-01
1.167975e-01
1.174236e-01
1.176118e-01
1.176432e-01
1.178441e-01
1.181789e-01
1.185376e-01
1.186115e-01
1.186956e-01
1.190606e-01
1.193346e-01
1.195412e-01
1.196354e-01
1.198518e-01
1.204557e-01
1.205063e-01
1.209584e-01
1.214418e-01
1.216196e-01
1.221359e-01
1.223050e-01
1.223993e-01
1.225524e-01
1.227660e-01
1.228458e-01
1.229243e-01
1.229722e-01
1.232398e-01
1.234281e-01
1.235046e-01
1.237041e-01
1.237335e-01
1.241007e-01
1.248734e-01
1.255201e-01
1.256334e-01
1.263384e-01
1.265120e-01
1.268315e-01
1.269275e-01
1.273726e-01
1.276931e-01
1.284300e-01
1.285235e-01
1.285325e-01
1.287114e-01
1.303171e-01
1.304798e-01
1.306163e-01
1.309102e-01
1.318169e-01
1.321051e-01
1.322811e-01
1.326044e-01
1.337403e-01
1.338733e-01
1.341181e-01
1.344022e-01
1.346668e-01
1.351334e-01
1.353854e-01
1.357637e-01
1.362733e-01
1.363569e-01
1.370257e-01
1.371824e-01
1.374220e-01
1.380205e-01
1.385489e-01
1.386194e-01
1.388004e-01
1.393855e-01
1.401768e-01
1.406191e-01
1.409762e-01
1.410111e-01
1.416500e-01
1.421818e-01
1.427537e-01
1.430914e-01
1.431747e-01
1.434068e-01
1.441755e-01
1.443467e-01
1.449950e-01
1.457733e-01
1.459081e-01
1.463163e-01
1.470704e-01
1.472220e-01
1.479080e-01
1.480410e-01
1.481619e-01
1.487296e-01
1.490331e-01
1.498284e-01
1.499342e-01
1.501464e-01
1.505625e-01
1.513193e-01
1.515950e-01
1.521000e-01
1.522227e-01
1.539437e-01
1.550450e-01
1.558960e-01
1.565823e-01
1.569998e-01
1.572387e-01
1.583869e-01
1.589292e-01
1.594959e-01
1.596412e-01
1.602626e-01
1.607392e-01
1.609524e-01
1.617377e-01
1.618304e-01
1.627825e-01
1.629668e-01
1.641614e-01
1.651120e-01
1.654024e-01
1.663380e-01
1.665311e-01
1.665750e-01
1.678275e-01
1.682141e-01
1.686359e-01
1.693384e-01
1.701171e-01
1.706481e-01
1.709307e-01
1.713070e-01
1.716358e-01
1.717434e-01
1.718439e-01
1.731040e-01
1.739892e-01
1.743065e-01
1.743269e-01
1.747024e-01
1.755550e-01
1.760255e-01
1.766549e-01
1.768996e-01
1.771910e-01
1.776944e-01
1.785927e-01
1.789885e-01
1.803262e-01
1.814056e-01
1.816664e-01
1.817525e-01
1.825484e-01
1.827282e-01
1.830639e-01
1.842906e-01
1.846019e-01
1.850712e-01
1.852886e-01
1.859989e-01
1.863001e-01
1.867804e-01
1.872247e-01
1.887406e-01
1.888373e-01
1.889032e-01
1.898432e-01
1.904761e-01
1.912593e-01
1.920968e-01
1.924994e-01
1.933433e-01
1.935808e-01
1.945289e-01
1.952429e-01
1.953826e-01
1.965691e-01
1.970730e-01
1.973887e-01
1.998871e-01
2.004774e-01
2.005149e-01
2.012743e-01
2.018825e-01
2.019032e-01
2.026145e-01
2.039398e-01
2.057325e-01
2.062286e-01
2.065903e-01
2.086285e-01
2.086831e-01
2.087451e-01
2.092145e-01
2.104164e-01
2.106391e-01
2.107035e-01
2.112607e-01
2.115397e-01
2.121955e-01
2.133513e-01
2.137839e-01
2.141765e-01
2.152819e-01
2.157846e-01
2.174982e-01
2.184152e-01
2.188707e-01
2.206253e-01
2.209943e-01
2.218287e-01
2.230581e-01
2.243408e-01
2.244861e-01
2.258408e-01
2.272325e-01
2.287593e-01
2.312049e-01
2.332575e-01
2.340593e-01
2.343850e-01
2.349293e-01
2.351778e-01
2.362824e-01
2.388936e-01
2.409379e-01
2.430331e-01
2.461613e-01
2.464365e-01
2.470848e-01
2.478982e-01
2.481866e-01
2.494917e-01
2.495626e-01
2.513465e-01
2.537315e-01
2.538524e-01
2.546416e-01
2.569045e-01
2.576865e-01
2.582659e-01
2.587588e-01
2.610263e-01
2.640955e-01
2.665573e-01
2.678554e-01
2.699412e-01
2.728389e-01
2.735368e-01
2.757949e-01
2.770326e-01
2.777304e-01
2.801119e-01
2.801743e-01
2.815794e-01
2.871196e-01
2.876230e-01
2.897221e-01
2.914170e-01
2.988414e-01
3.003271e-01
3.041477e-01
3.048200e-01
3.054009e-01
3.072435e-01
3.131591e-01
3.141818e-01
3.177051e-01
3.211865e-01
3.213371e-01
3.245524e-01
3.261463e-01
3.287888e-01
3.328298e-01
3.348677e-01
3.360139e-01
3.413807e-01
3.433157e-01
3.439173e-01
3.453546e-01
3.509464e-01
3.525963e-01
3.534308e-01
3.566092e-01
3.595926e-01
3.638867e-01
3.678142e-01
3.684096e-01
3.691878e-01
3.705261e-01
3.750818e-01
3.769250e-01
3.820870e-01
3.851020e-01
3.915818e-01
3.920787e-01
3.942228e-01
4.019831e-01
4.048750e-01
4.116316e-01
4.147741e-01
4.208589e-01
4.268928e-01
4.305405e-01
4.358307e-01
4.481114e-01
4.515685e-01
4.530963e-01
4.540618e-01
4.567762e-01
4.769781e-01
4.779296e-01
4.796843e-01
4.961290e-01
5.130193e-01
5.181569e-01
5.231364e-01
5.335907e-01
5.581981e-01
5.648622e-01
5.712003e-01
5.761408e-01
6.145728e-01
6.337079e-01
6.358910e-01
6.533276e-01
6.858376e-01
7.315872e-01
7.956030e-01
8.193707e-01
8.938327e-01
1.000000e+00
