# SF-29 N2 candidate (i) i1 field=gauss eps=0.5 N=12: sorted relative singular values of the dense central-FD Jacobian at the converged state (rows F_i=-q(L_i-S_i); outlet rows (2q/h)(vperp_in-c_perp); smax=3.642688e+03)
4.510458e-04
4.943565e-04
5.118018e-04
5.373112e-04
5.614101e-04
6.245026e-04
6.787039e-04
7.349994e-04
7.892666e-04
8.021442e-04
9.001956e-04
9.170807e-04
9.563093e-04
1.038171e-03
1.109017e-03
1.141395e-03
1.246204e-03
1.321816e-03
1.406961e-03
1.462499e-03
1.575911e-03
1.668716e-03
1.731268e-03
1.804316e-03
2.002371e-03
2.245541e-03
2.326529e-03
2.431015e-03
2.512069e-03
2.632911e-03
2.663102e-03
2.731296e-03
2.784947e-03
2.963608e-03
3.133376e-03
3.592256e-03
3.639808e-03
3.814403e-03
4.021920e-03
4.069671e-03
4.116491e-03
4.227251e-03
4.322357e-03
4.360865e-03
4.497686e-03
4.518414e-03
4.624242e-03
4.668869e-03
4.714713e-03
4.763989e-03
4.892795e-03
4.922906e-03
4.984976e-03
5.056758e-03
5.099875e-03
5.156261e-03
5.273353e-03
5.280984e-03
5.337564e-03
5.374280e-03
5.439647e-03
5.548040e-03
5.639832e-03
5.739044e-03
5.811137e-03
5.973373e-03
6.036505e-03
6.209060e-03
6.260976e-03
6.301292e-03
6.364232e-03
6.465208e-03
6.496202e-03
6.575027e-03
6.667067e-03
6.766112e-03
6.864412e-03
6.907917e-03
6.985549e-03
7.056371e-03
7.133956e-03
7.164618e-03
7.351519e-03
7.496425e-03
7.554781e-03
7.698498e-03
7.715299e-03
7.776412e-03
7.927057e-03
7.952628e-03
8.086745e-03
8.173900e-03
8.261143e-03
8.409685e-03
8.475351e-03
8.653889e-03
8.687166e-03
8.747248e-03
8.811803e-03
8.935656e-03
8.975434e-03
9.026147e-03
9.110496e-03
9.217336e-03
9.271609e-03
9.466977e-03
9.558160e-03
9.687400e-03
9.802337e-03
1.001673e-02
1.011541e-02
1.020198e-02
1.025309e-02
1.035551e-02
1.051906e-02
1.065459e-02
1.090840e-02
1.093311e-02
1.104186e-02
1.109844e-02
1.117630e-02
1.123326e-02
1.129231e-02
1.148529e-02
1.159892e-02
1.164872e-02
1.170601e-02
1.174857e-02
1.190034e-02
1.208816e-02
1.215854e-02
1.227763e-02
1.230665e-02
1.237733e-02
1.247146e-02
1.248419e-02
1.254825e-02
1.267201e-02
1.270991e-02
1.279062e-02
1.286110e-02
1.291537e-02
1.302863e-02
1.309101e-02
1.313602e-02
1.320587e-02
1.328208e-02
1.332814e-02
1.347360e-02
1.353523e-02
1.361905e-02
1.367712e-02
1.380028e-02
1.388430e-02
1.395677e-02
1.401378e-02
1.405139e-02
1.412173e-02
1.422657e-02
1.433341e-02
1.438213e-02
1.442908e-02
1.452996e-02
1.464905e-02
1.469102e-02
1.477498e-02
1.496512e-02
1.502784e-02
1.512139e-02
1.520682e-02
1.537625e-02
1.549815e-02
1.562457e-02
1.571547e-02
1.577409e-02
1.583075e-02
1.602196e-02
1.609145e-02
1.632999e-02
1.636990e-02
1.641924e-02
1.650596e-02
1.662590e-02
1.673201e-02
1.688995e-02
1.706169e-02
1.713083e-02
1.740227e-02
1.750133e-02
1.766143e-02
1.779625e-02
1.786136e-02
1.799898e-02
1.810249e-02
1.817388e-02
1.832297e-02
1.836973e-02
1.840393e-02
1.853938e-02
1.858040e-02
1.878133e-02
1.879604e-02
1.884876e-02
1.905142e-02
1.912410e-02
1.922560e-02
1.926493e-02
1.930879e-02
1.946238e-02
1.950318e-02
1.956513e-02
1.963756e-02
1.980310e-02
1.986467e-02
1.996209e-02
2.010209e-02
2.015398e-02
2.019972e-02
2.028831e-02
2.034755e-02
2.041849e-02
2.055005e-02
2.061510e-02
2.067340e-02
2.088627e-02
2.096207e-02
2.103910e-02
2.113839e-02
2.124559e-02
2.127693e-02
2.138526e-02
2.153097e-02
2.159933e-02
2.168634e-02
2.186807e-02
2.197329e-02
2.197758e-02
2.210642e-02
2.221598e-02
2.226055e-02
2.231588e-02
2.238423e-02
2.245902e-02
2.257258e-02
2.266381e-02
2.278010e-02
2.290730e-02
2.299800e-02
2.307111e-02
2.326354e-02
2.333940e-02
2.341504e-02
2.350388e-02
2.359573e-02
2.364999e-02
2.368548e-02
2.391430e-02
2.400264e-02
2.405259e-02
2.410895e-02
2.414429e-02
2.428538e-02
2.431579e-02
2.447209e-02
2.453401e-02
2.463402e-02
2.472356e-02
2.482635e-02
2.487534e-02
2.497861e-02
2.511081e-02
2.513914e-02
2.525401e-02
2.532324e-02
2.547647e-02
2.555558e-02
2.560392e-02
2.568216e-02
2.586639e-02
2.602850e-02
2.604991e-02
2.621773e-02
2.626596e-02
2.636016e-02
2.640086e-02
2.660740e-02
2.664444e-02
2.667741e-02
2.681587e-02
2.694693e-02
2.699841e-02
2.704859e-02
2.712470e-02
2.718345e-02
2.736572e-02
2.745164e-02
2.750984e-02
2.766994e-02
2.779227e-02
2.787305e-02
2.788109e-02
2.800432e-02
2.812353e-02
2.819833e-02
2.822153e-02
2.839878e-02
2.847265e-02
2.859461e-02
2.872018e-02
2.882890e-02
2.884635e-02
2.897106e-02
2.904446e-02
2.916656e-02
2.918715e-02
2.935791e-02
2.941204e-02
2.948033e-02
2.955943e-02
2.963497e-02
2.973488e-02
2.987608e-02
3.004105e-02
3.008845e-02
3.018561e-02
3.024496e-02
3.029203e-02
3.033397e-02
3.055637e-02
3.058619e-02
3.066444e-02
3.075245e-02
3.087638e-02
3.096089e-02
3.105356e-02
3.118759e-02
3.119638e-02
3.126941e-02
3.149272e-02
3.151623e-02
3.159735e-02
3.165267e-02
3.170021e-02
3.180208e-02
3.186240e-02
3.200771e-02
3.208117e-02
3.219528e-02
3.227808e-02
3.247720e-02
3.258900e-02
3.262007e-02
3.267303e-02
3.275047e-02
3.281233e-02
3.287612e-02
3.293795e-02
3.307666e-02
3.323640e-02
3.326429e-02
3.330910e-02
3.342423e-02
3.343323e-02
3.353415e-02
3.360102e-02
3.368342e-02
3.373531e-02
3.376017e-02
3.392290e-02
3.400127e-02
3.413532e-02
3.416991e-02
3.426197e-02
3.444726e-02
3.454442e-02
3.463838e-02
3.470158e-02
3.484097e-02
3.488066e-02
3.497252e-02
3.499306e-02
3.507882e-02
3.512340e-02
3.521489e-02
3.539546e-02
3.547106e-02
3.553708e-02
3.566780e-02
3.573185e-02
3.580646e-02
3.592053e-02
3.598841e-02
3.612499e-02
3.615021e-02
3.622579e-02
3.626487e-02
3.629775e-02
3.642100e-02
3.652065e-02
3.660481e-02
3.671054e-02
3.685003e-02
3.693812e-02
3.698713e-02
3.701535e-02
3.722507e-02
3.743158e-02
3.747061e-02
3.749505e-02
3.753712e-02
3.764318e-02
3.771269e-02
3.775734e-02
3.791604e-02
3.805631e-02
3.818957e-02
3.821587e-02
3.829940e-02
3.831939e-02
3.845019e-02
3.855171e-02
3.861068e-02
3.863821e-02
3.871617e-02
3.875087e-02
3.886597e-02
3.898077e-02
3.904292e-02
3.907458e-02
3.913936e-02
3.925015e-02
3.933935e-02
3.942586e-02
3.947405e-02
3.955495e-02
3.964206e-02
3.971196e-02
3.984814e-02
3.992190e-02
4.005309e-02
4.010874e-02
4.013334e-02
4.023720e-02
4.034504e-02
4.041466e-02
4.049660e-02
4.057031e-02
4.072009e-02
4.083886e-02
4.086948e-02
4.101357e-02
4.117842e-02
4.124905e-02
4.130686e-02
4.148165e-02
4.152428e-02
4.159936e-02
4.164187e-02
4.176067e-02
4.183145e-02
4.190491e-02
4.202300e-02
4.206959e-02
4.221759e-02
4.231465e-02
4.234489e-02
4.251918e-02
4.257266e-02
4.265291e-02
4.273111e-02
4.285189e-02
4.301050e-02
4.309937e-02
4.311264e-02
4.321323e-02
4.324798e-02
4.341217e-02
4.348044e-02
4.358288e-02
4.361242e-02
4.364496e-02
4.366635e-02
4.378470e-02
4.393875e-02
4.398949e-02
4.405730e-02
4.414647e-02
4.426883e-02
4.432847e-02
4.445931e-02
4.454217e-02
4.462545e-02
4.472264e-02
4.475692e-02
4.483088e-02
4.490066e-02
4.497750e-02
4.505209e-02
4.511292e-02
4.519778e-02
4.525048e-02
4.529944e-02
4.538173e-02
4.556492e-02
4.562094e-02
4.563515e-02
4.582117e-02
4.583821e-02
4.591047e-02
4.602257e-02
4.606641e-02
4.612042e-02
4.627016e-02
4.633413e-02
4.639658e-02
4.649224e-02
4.650718e-02
4.660738e-02
4.670524e-02
4.680566e-02
4.685242e-02
4.692850e-02
4.701790e-02
4.707094e-02
4.722282e-02
4.729735e-02
4.738031e-02
4.750316e-02
4.755336e-02
4.763123e-02
4.766178e-02
4.772048e-02
4.783359e-02
4.794721e-02
4.800241e-02
4.802324e-02
4.809353e-02
4.821611e-02
4.826161e-02
4.845210e-02
4.851722e-02
4.857530e-02
4.863757e-02
4.872780e-02
4.877672e-02
4.884970e-02
4.894916e-02
4.901397e-02
4.917148e-02
4.927708e-02
4.934087e-02
4.940945e-02
4.947150e-02
4.955071e-02
4.961609e-02
4.967080e-02
4.973032e-02
4.982925e-02
4.983404e-02
4.995445e-02
5.002762e-02
5.014838e-02
5.019830e-02
5.032528e-02
5.036722e-02
5.045929e-02
5.056252e-02
5.065670e-02
5.069165e-02
5.075039e-02
5.084087e-02
5.089983e-02
5.103342e-02
5.111939e-02
5.112995e-02
5.124897e-02
5.130009e-02
5.139244e-02
5.148625e-02
5.154084e-02
5.159570e-02
5.163102e-02
5.177766e-02
5.186621e-02
5.188109e-02
5.206575e-02
5.217449e-02
5.221817e-02
5.225066e-02
5.232468e-02
5.238315e-02
5.248015e-02
5.254498e-02
5.269441e-02
5.275162e-02
5.278440e-02
5.285504e-02
5.298896e-02
5.310851e-02
5.319771e-02
5.328564e-02
5.339226e-02
5.351251e-02
5.354173e-02
5.359066e-02
5.372718e-02
5.377989e-02
5.385272e-02
5.392277e-02
5.396411e-02
5.403037e-02
5.403295e-02
5.417017e-02
5.422493e-02
5.432682e-02
5.434078e-02
5.442859e-02
5.458429e-02
5.464677e-02
5.474213e-02
5.481543e-02
5.487761e-02
5.491270e-02
5.501946e-02
5.509633e-02
5.515497e-02
5.527231e-02
5.530075e-02
5.534989e-02
5.545553e-02
5.552680e-02
5.560764e-02
5.564628e-02
5.575279e-02
5.585383e-02
5.595355e-02
5.602190e-02
5.603452e-02
5.615214e-02
5.618089e-02
5.621965e-02
5.637686e-02
5.644865e-02
5.655093e-02
5.655708e-02
5.665284e-02
5.670850e-02
5.680710e-02
5.688821e-02
5.693277e-02
5.710845e-02
5.716704e-02
5.718076e-02
5.737759e-02
5.740287e-02
5.747257e-02
5.753038e-02
5.765085e-02
5.778172e-02
5.782401e-02
5.790563e-02
5.799204e-02
5.800586e-02
5.807092e-02
5.818441e-02
5.826870e-02
5.832651e-02
5.844278e-02
5.852973e-02
5.857507e-02
5.859992e-02
5.869832e-02
5.875414e-02
5.881098e-02
5.891485e-02
5.894378e-02
5.907925e-02
5.913629e-02
5.918862e-02
5.924990e-02
5.933981e-02
5.944133e-02
5.945770e-02
5.950250e-02
5.968331e-02
5.973363e-02
5.978430e-02
5.982899e-02
5.987030e-02
5.989863e-02
6.005850e-02
6.008075e-02
6.020603e-02
6.023545e-02
6.030486e-02
6.042471e-02
6.046282e-02
6.057773e-02
6.063478e-02
6.066807e-02
6.071895e-02
6.076734e-02
6.086697e-02
6.093432e-02
6.104165e-02
6.110405e-02
6.121108e-02
6.125106e-02
6.140309e-02
6.141221e-02
6.147112e-02
6.156452e-02
6.162972e-02
6.167277e-02
6.175855e-02
6.191117e-02
6.193077e-02
6.200155e-02
6.205324e-02
6.215751e-02
6.227538e-02
6.230028e-02
6.237960e-02
6.248816e-02
6.254044e-02
6.257643e-02
6.272011e-02
6.276888e-02
6.291825e-02
6.298102e-02
6.305377e-02
6.309780e-02
6.315433e-02
6.324624e-02
6.334032e-02
6.340035e-02
6.350399e-02
6.360053e-02
6.364987e-02
6.381135e-02
6.384041e-02
6.385010e-02
6.392981e-02
6.404583e-02
6.410637e-02
6.420389e-02
6.422916e-02
6.427624e-02
6.438047e-02
6.442989e-02
6.450684e-02
6.458720e-02
6.463493e-02
6.471264e-02
6.480092e-02
6.492037e-02
6.500524e-02
6.505820e-02
6.511258e-02
6.517102e-02
6.533332e-02
6.537941e-02
6.548921e-02
6.555686e-02
6.563434e-02
6.566756e-02
6.580059e-02
6.590431e-02
6.600360e-02
6.603113e-02
6.611295e-02
6.618638e-02
6.630618e-02
6.637905e-02
6.648524e-02
6.653930e-02
6.658874e-02
6.667249e-02
6.671529e-02
6.675655e-02
6.683134e-02
6.691397e-02
6.699220e-02
6.708451e-02
6.712552e-02
6.716173e-02
6.718720e-02
6.735769e-02
6.736441e-02
6.748659e-02
6.756445e-02
6.768058e-02
6.774594e-02
6.779574e-02
6.787986e-02
6.801299e-02
6.806850e-02
6.816147e-02
6.824080e-02
6.829954e-02
6.838562e-02
6.849191e-02
6.855844e-02
6.862044e-02
6.868684e-02
6.869184e-02
6.872307e-02
6.885744e-02
6.893937e-02
6.895466e-02
6.912970e-02
6.922802e-02
6.931694e-02
6.934888e-02
6.941557e-02
6.950893e-02
6.962524e-02
6.963457e-02
6.972698e-02
6.975819e-02
6.987181e-02
7.001077e-02
7.006379e-02
7.010187e-02
7.019673e-02
7.024397e-02
7.038826e-02
7.041591e-02
7.053809e-02
7.065492e-02
7.069204e-02
7.075875e-02
7.077825e-02
7.086435e-02
7.089898e-02
7.105434e-02
7.122726e-02
7.126731e-02
7.131884e-02
7.138388e-02
7.142446e-02
7.145055e-02
7.150750e-02
7.161571e-02
7.165606e-02
7.177458e-02
7.180702e-02
7.191921e-02
7.194485e-02
7.207733e-02
7.219109e-02
7.228656e-02
7.233627e-02
7.246579e-02
7.257544e-02
7.260505e-02
7.263348e-02
7.267423e-02
7.284733e-02
7.291837e-02
7.297115e-02
7.305333e-02
7.312262e-02
7.320964e-02
7.327666e-02
7.335571e-02
7.339265e-02
7.341769e-02
7.353766e-02
7.368450e-02
7.372610e-02
7.374556e-02
7.386869e-02
7.390531e-02
7.393583e-02
7.406284e-02
7.411071e-02
7.427845e-02
7.435588e-02
7.440392e-02
7.454461e-02
7.457200e-02
7.461891e-02
7.470237e-02
7.471351e-02
7.482843e-02
7.490560e-02
7.496510e-02
7.502699e-02
7.511545e-02
7.521973e-02
7.524411e-02
7.535235e-02
7.542200e-02
7.547945e-02
7.551049e-02
7.555190e-02
7.564523e-02
7.568976e-02
7.579402e-02
7.586617e-02
7.594084e-02
7.599143e-02
7.608455e-02
7.611826e-02
7.614319e-02
7.631024e-02
7.634581e-02
7.644702e-02
7.649087e-02
7.657458e-02
7.662762e-02
7.667885e-02
7.679008e-02
7.688690e-02
7.689870e-02
7.700734e-02
7.706772e-02
7.715715e-02
7.718158e-02
7.727804e-02
7.731289e-02
7.747691e-02
7.753660e-02
7.755855e-02
7.764893e-02
7.773308e-02
7.779794e-02
7.788781e-02
7.796980e-02
7.802683e-02
7.810717e-02
7.821217e-02
7.825307e-02
7.835004e-02
7.836461e-02
7.838197e-02
7.845484e-02
7.858300e-02
7.862934e-02
7.866215e-02
7.881474e-02
7.885437e-02
7.894705e-02
7.896450e-02
7.898873e-02
7.905183e-02
7.911090e-02
7.918654e-02
7.922523e-02
7.934732e-02
7.935081e-02
7.951074e-02
7.958143e-02
7.965361e-02
7.971212e-02
7.984961e-02
7.996135e-02
8.002499e-02
8.013234e-02
8.019635e-02
8.033086e-02
8.042104e-02
8.042407e-02
8.051476e-02
8.058445e-02
8.065558e-02
8.076647e-02
8.086237e-02
8.094856e-02
8.101090e-02
8.110035e-02
8.114576e-02
8.119465e-02
8.135682e-02
8.136324e-02
8.141818e-02
8.144531e-02
8.152646e-02
8.158557e-02
8.161458e-02
8.168536e-02
8.179733e-02
8.186053e-02
8.190367e-02
8.209796e-02
8.216418e-02
8.222717e-02
8.235537e-02
8.243750e-02
8.257296e-02
8.263008e-02
8.264546e-02
8.270310e-02
8.276843e-02
8.284451e-02
8.292165e-02
8.303221e-02
8.307371e-02
8.315184e-02
8.327187e-02
8.342859e-02
8.347652e-02
8.359011e-02
8.375181e-02
8.379545e-02
8.389867e-02
8.390779e-02
8.398432e-02
8.401023e-02
8.416730e-02
8.425673e-02
8.430429e-02
8.435414e-02
8.446530e-02
8.451784e-02
8.461826e-02
8.463706e-02
8.468170e-02
8.481886e-02
8.482352e-02
8.494542e-02
8.500632e-02
8.508537e-02
8.511934e-02
8.520920e-02
8.527858e-02
8.539127e-02
8.543330e-02
8.552108e-02
8.556916e-02
8.568794e-02
8.579237e-02
8.584696e-02
8.591409e-02
8.593794e-02
8.606524e-02
8.615195e-02
8.621975e-02
8.626404e-02
8.640341e-02
8.642418e-02
8.658284e-02
8.660244e-02
8.666173e-02
8.674368e-02
8.680561e-02
8.684318e-02
8.693470e-02
8.699766e-02
8.709552e-02
8.712569e-02
8.726779e-02
8.736383e-02
8.747479e-02
8.754178e-02
8.762541e-02
8.769293e-02
8.776659e-02
8.782676e-02
8.786265e-02
8.802442e-02
8.805605e-02
8.815709e-02
8.828434e-02
8.832671e-02
8.843442e-02
8.845695e-02
8.849390e-02
8.852357e-02
8.858307e-02
8.875124e-02
8.884811e-02
8.889874e-02
8.897921e-02
8.901979e-02
8.906337e-02
8.915281e-02
8.919306e-02
8.933917e-02
8.950147e-02
8.950346e-02
8.956015e-02
8.959020e-02
8.962586e-02
8.973131e-02
8.980169e-02
8.984030e-02
8.996286e-02
8.997710e-02
9.006027e-02
9.008800e-02
9.020626e-02
9.034279e-02
9.037255e-02
9.045213e-02
9.047980e-02
9.058429e-02
9.060756e-02
9.067846e-02
9.075098e-02
9.084031e-02
9.091158e-02
9.094247e-02
9.101348e-02
9.110185e-02
9.114234e-02
9.116873e-02
9.123539e-02
9.130270e-02
9.138846e-02
9.151518e-02
9.156945e-02
9.159681e-02
9.164922e-02
9.171316e-02
9.189928e-02
9.199193e-02
9.207212e-02
9.212783e-02
9.218005e-02
9.222428e-02
9.235601e-02
9.243462e-02
9.248255e-02
9.250917e-02
9.264820e-02
9.267504e-02
9.275140e-02
9.279183e-02
9.293948e-02
9.298403e-02
9.301263e-02
9.318487e-02
9.319355e-02
9.326718e-02
9.332355e-02
9.338239e-02
9.342818e-02
9.349793e-02
9.361942e-02
9.377206e-02
9.378479e-02
9.391066e-02
9.398457e-02
9.401074e-02
9.409003e-02
9.410598e-02
9.420635e-02
9.428307e-02
9.437324e-02
9.449774e-02
9.453664e-02
9.462533e-02
9.478589e-02
9.481403e-02
9.484854e-02
9.493566e-02
9.505122e-02
9.509083e-02
9.517690e-02
9.522541e-02
9.531041e-02
9.536921e-02
9.538371e-02
9.546045e-02
9.551501e-02
9.560531e-02
9.571123e-02
9.581739e-02
9.584480e-02
9.585987e-02
9.592503e-02
9.600669e-02
9.612811e-02
9.617728e-02
9.629147e-02
9.640092e-02
9.644752e-02
9.649293e-02
9.660554e-02
9.667699e-02
9.673721e-02
9.683037e-02
9.689610e-02
9.694981e-02
9.707242e-02
9.708205e-02
9.715683e-02
9.725232e-02
9.734662e-02
9.739829e-02
9.746064e-02
9.748845e-02
9.762166e-02
9.770017e-02
9.773558e-02
9.783932e-02
9.792069e-02
9.802779e-02
9.805275e-02
9.813976e-02
9.820826e-02
9.833207e-02
9.834089e-02
9.848486e-02
9.850108e-02
9.860949e-02
9.868813e-02
9.871025e-02
9.880399e-02
9.887702e-02
9.895631e-02
9.908560e-02
9.915442e-02
9.923680e-02
9.931368e-02
9.938143e-02
9.940228e-02
9.948395e-02
9.958147e-02
9.960791e-02
9.964018e-02
9.978911e-02
9.985002e-02
9.989565e-02
9.998908e-02
1.001342e-01
1.001927e-01
1.002674e-01
1.002814e-01
1.004403e-01
1.005464e-01
1.005548e-01
1.006059e-01
1.007473e-01
1.008390e-01
1.009115e-01
1.009557e-01
1.010030e-01
1.010499e-01
1.011883e-01
1.012376e-01
1.013536e-01
1.015101e-01
1.015867e-01
1.016314e-01
1.017283e-01
1.017442e-01
1.018796e-01
1.019315e-01
1.019819e-01
1.020655e-01
1.021640e-01
1.022289e-01
1.023001e-01
1.023728e-01
1.024874e-01
1.024966e-01
1.026054e-01
1.026309e-01
1.027115e-01
1.027517e-01
1.028757e-01
1.029707e-01
1.029993e-01
1.031065e-01
1.031518e-01
1.032488e-01
1.032895e-01
1.034347e-01
1.034861e-01
1.035543e-01
1.036390e-01
1.037534e-01
1.037855e-01
1.038386e-01
1.038705e-01
1.040296e-01
1.040599e-01
1.041302e-01
1.042577e-01
1.043424e-01
1.044539e-01
1.044789e-01
1.045674e-01
1.046373e-01
1.046718e-01
1.047655e-01
1.048198e-01
1.048672e-01
1.049498e-01
1.049934e-01
1.050372e-01
1.051919e-01
1.053747e-01
1.054045e-01
1.055006e-01
1.055284e-01
1.056118e-01
1.056573e-01
1.057684e-01
1.058975e-01
1.059851e-01
1.060646e-01
1.061647e-01
1.062089e-01
1.062320e-01
1.062763e-01
1.063445e-01
1.065036e-01
1.065666e-01
1.066340e-01
1.066982e-01
1.067755e-01
1.068040e-01
1.068651e-01
1.068959e-01
1.070770e-01
1.071025e-01
1.071459e-01
1.072238e-01
1.073708e-01
1.074150e-01
1.074269e-01
1.074803e-01
1.075440e-01
1.077255e-01
1.077706e-01
1.078577e-01
1.078782e-01
1.079487e-01
1.080194e-01
1.081012e-01
1.082973e-01
1.083518e-01
1.084009e-01
1.085198e-01
1.085614e-01
1.086128e-01
1.086752e-01
1.087709e-01
1.088625e-01
1.089780e-01
1.090544e-01
1.090871e-01
1.091929e-01
1.092355e-01
1.092827e-01
1.094034e-01
1.094356e-01
1.094841e-01
1.095129e-01
1.096641e-01
1.097487e-01
1.098603e-01
1.099237e-01
1.099920e-01
1.100647e-01
1.101182e-01
1.101990e-01
1.102234e-01
1.103083e-01
1.103802e-01
1.104664e-01
1.105663e-01
1.106507e-01
1.106840e-01
1.108096e-01
1.109009e-01
1.109562e-01
1.109786e-01
1.110496e-01
1.111567e-01
1.112313e-01
1.113442e-01
1.114138e-01
1.114958e-01
1.116301e-01
1.116824e-01
1.117458e-01
1.118891e-01
1.119647e-01
1.120670e-01
1.121474e-01
1.121802e-01
1.123067e-01
1.123369e-01
1.124634e-01
1.125076e-01
1.125699e-01
1.126803e-01
1.127653e-01
1.127997e-01
1.129466e-01
1.130202e-01
1.131149e-01
1.131883e-01
1.132137e-01
1.132960e-01
1.133990e-01
1.134638e-01
1.136349e-01
1.136609e-01
1.137795e-01
1.138565e-01
1.139875e-01
1.140411e-01
1.141910e-01
1.142779e-01
1.143293e-01
1.143978e-01
1.144741e-01
1.145395e-01
1.145979e-01
1.146889e-01
1.148606e-01
1.149079e-01
1.149623e-01
1.150963e-01
1.151274e-01
1.152732e-01
1.153254e-01
1.154349e-01
1.155395e-01
1.155792e-01
1.156062e-01
1.158064e-01
1.158193e-01
1.158785e-01
1.159153e-01
1.160832e-01
1.161379e-01
1.162287e-01
1.162806e-01
1.164172e-01
1.164557e-01
1.165027e-01
1.165142e-01
1.166905e-01
1.167771e-01
1.168259e-01
1.168950e-01
1.170685e-01
1.172014e-01
1.172496e-01
1.172865e-01
1.174512e-01
1.174982e-01
1.175110e-01
1.175838e-01
1.176926e-01
1.177498e-01
1.178751e-01
1.180783e-01
1.181442e-01
1.182400e-01
1.182914e-01
1.183196e-01
1.184644e-01
1.186214e-01
1.186730e-01
1.187009e-01
1.187925e-01
1.188608e-01
1.189561e-01
1.189928e-01
1.191502e-01
1.191780e-01
1.192760e-01
1.194061e-01
1.195146e-01
1.195352e-01
1.196265e-01
1.197416e-01
1.198102e-01
1.198823e-01
1.200544e-01
1.201473e-01
1.202481e-01
1.202922e-01
1.203075e-01
1.204091e-01
1.205086e-01
1.205378e-01
1.205909e-01
1.206308e-01
1.207489e-01
1.208150e-01
1.209695e-01
1.211048e-01
1.211294e-01
1.212098e-01
1.213275e-01
1.214023e-01
1.214484e-01
1.215697e-01
1.216372e-01
1.216825e-01
1.217290e-01
1.219077e-01
1.220098e-01
1.220469e-01
1.221188e-01
1.222468e-01
1.222793e-01
1.223552e-01
1.224067e-01
1.225527e-01
1.226609e-01
1.227617e-01
1.228220e-01
1.228609e-01
1.229279e-01
1.230757e-01
1.231232e-01
1.232163e-01
1.232545e-01
1.232694e-01
1.233450e-01
1.234209e-01
1.234424e-01
1.236280e-01
1.236720e-01
1.237875e-01
1.238117e-01
1.238771e-01
1.239957e-01
1.240349e-01
1.240836e-01
1.242407e-01
1.242925e-01
1.243482e-01
1.243925e-01
1.246027e-01
1.246866e-01
1.247415e-01
1.248074e-01
1.248993e-01
1.250148e-01
1.251032e-01
1.252047e-01
1.252393e-01
1.252630e-01
1.254207e-01
1.255044e-01
1.256417e-01
1.256664e-01
1.257528e-01
1.258440e-01
1.259606e-01
1.259921e-01
1.260056e-01
1.260392e-01
1.261783e-01
1.262382e-01
1.263742e-01
1.264650e-01
1.264748e-01
1.265846e-01
1.267018e-01
1.268043e-01
1.268161e-01
1.269389e-01
1.269547e-01
1.269804e-01
1.271564e-01
1.272211e-01
1.273489e-01
1.274205e-01
1.274745e-01
1.275353e-01
1.276403e-01
1.277323e-01
1.279076e-01
1.279644e-01
1.281035e-01
1.281237e-01
1.282110e-01
1.282923e-01
1.283367e-01
1.284012e-01
1.284239e-01
1.286036e-01
1.286872e-01
1.287266e-01
1.288816e-01
1.289534e-01
1.290856e-01
1.291602e-01
1.292961e-01
1.293911e-01
1.294789e-01
1.295357e-01
1.295898e-01
1.296890e-01
1.297828e-01
1.298004e-01
1.299530e-01
1.300902e-01
1.301389e-01
1.302422e-01
1.303452e-01
1.303799e-01
1.306129e-01
1.306557e-01
1.306935e-01
1.307568e-01
1.308058e-01
1.309636e-01
1.310559e-01
1.312384e-01
1.312965e-01
1.313820e-01
1.314126e-01
1.314755e-01
1.315682e-01
1.315864e-01
1.317307e-01
1.319132e-01
1.319924e-01
1.320781e-01
1.321060e-01
1.321555e-01
1.322882e-01
1.323877e-01
1.324047e-01
1.324771e-01
1.325218e-01
1.325594e-01
1.325706e-01
1.327289e-01
1.328780e-01
1.329525e-01
1.330247e-01
1.331699e-01
1.332809e-01
1.333202e-01
1.334484e-01
1.335538e-01
1.335787e-01
1.336564e-01
1.337975e-01
1.338529e-01
1.339525e-01
1.339948e-01
1.341677e-01
1.342512e-01
1.343786e-01
1.344164e-01
1.344732e-01
1.345487e-01
1.346552e-01
1.347611e-01
1.347757e-01
1.349561e-01
1.350003e-01
1.350714e-01
1.352035e-01
1.353377e-01
1.354135e-01
1.355414e-01
1.355711e-01
1.356454e-01
1.357469e-01
1.358023e-01
1.358730e-01
1.359362e-01
1.359747e-01
1.361344e-01
1.362498e-01
1.363552e-01
1.364716e-01
1.365641e-01
1.366194e-01
1.367234e-01
1.368363e-01
1.369608e-01
1.369810e-01
1.371474e-01
1.373267e-01
1.373901e-01
1.375008e-01
1.375801e-01
1.376040e-01
1.377088e-01
1.377480e-01
1.379355e-01
1.379484e-01
1.380642e-01
1.381063e-01
1.381931e-01
1.382850e-01
1.383606e-01
1.384921e-01
1.385733e-01
1.387188e-01
1.387346e-01
1.388422e-01
1.389307e-01
1.390016e-01
1.390891e-01
1.390997e-01
1.392881e-01
1.393769e-01
1.393954e-01
1.395316e-01
1.396159e-01
1.396828e-01
1.398777e-01
1.400219e-01
1.400810e-01
1.401475e-01
1.402062e-01
1.402686e-01
1.403466e-01
1.404336e-01
1.404769e-01
1.405800e-01
1.407187e-01
1.407596e-01
1.409730e-01
1.409953e-01
1.411038e-01
1.411663e-01
1.412320e-01
1.413581e-01
1.414303e-01
1.415156e-01
1.415984e-01
1.417407e-01
1.417864e-01
1.418938e-01
1.419412e-01
1.419960e-01
1.420658e-01
1.420850e-01
1.422377e-01
1.423501e-01
1.423924e-01
1.425444e-01
1.426503e-01
1.427737e-01
1.428063e-01
1.430769e-01
1.430915e-01
1.431714e-01
1.433832e-01
1.434170e-01
1.434706e-01
1.435501e-01
1.436880e-01
1.438149e-01
1.438430e-01
1.439244e-01
1.440312e-01
1.441155e-01
1.442869e-01
1.444288e-01
1.444903e-01
1.446139e-01
1.446464e-01
1.447299e-01
1.448299e-01
1.449306e-01
1.450894e-01
1.451134e-01
1.452072e-01
1.452293e-01
1.453302e-01
1.455027e-01
1.456108e-01
1.456229e-01
1.457142e-01
1.458487e-01
1.459202e-01
1.460112e-01
1.461918e-01
1.462157e-01
1.462922e-01
1.463947e-01
1.465144e-01
1.466413e-01
1.467227e-01
1.467583e-01
1.469077e-01
1.469440e-01
1.470690e-01
1.472306e-01
1.472974e-01
1.473811e-01
1.474752e-01
1.474812e-01
1.475236e-01
1.476947e-01
1.477409e-01
1.478480e-01
1.479557e-01
1.479697e-01
1.481117e-01
1.483601e-01
1.483831e-01
1.484127e-01
1.485443e-01
1.487140e-01
1.487813e-01
1.489101e-01
1.490377e-01
1.490984e-01
1.491394e-01
1.492785e-01
1.492989e-01
1.494721e-01
1.495572e-01
1.496162e-01
1.497513e-01
1.498325e-01
1.499090e-01
1.500281e-01
1.501252e-01
1.501483e-01
1.502538e-01
1.504579e-01
1.504893e-01
1.505567e-01
1.507786e-01
1.508649e-01
1.509814e-01
1.510186e-01
1.511015e-01
1.512553e-01
1.514407e-01
1.515291e-01
1.516041e-01
1.517439e-01
1.517860e-01
1.518606e-01
1.520453e-01
1.522918e-01
1.523503e-01
1.524046e-01
1.524835e-01
1.525318e-01
1.526615e-01
1.527277e-01
1.527783e-01
1.530111e-01
1.530443e-01
1.531742e-01
1.532425e-01
1.532835e-01
1.534527e-01
1.535916e-01
1.537135e-01
1.537699e-01
1.538373e-01
1.539840e-01
1.540718e-01
1.541823e-01
1.542928e-01
1.543680e-01
1.545312e-01
1.545756e-01
1.546209e-01
1.548699e-01
1.549908e-01
1.550521e-01
1.551779e-01
1.552340e-01
1.552893e-01
1.553720e-01
1.554261e-01
1.556191e-01
1.556870e-01
1.557450e-01
1.558592e-01
1.559900e-01
1.560356e-01
1.561863e-01
1.562881e-01
1.563512e-01
1.564048e-01
1.564831e-01
1.565966e-01
1.566631e-01
1.568882e-01
1.569924e-01
1.570596e-01
1.572238e-01
1.573074e-01
1.573619e-01
1.575692e-01
1.576307e-01
1.577555e-01
1.578321e-01
1.578855e-01
1.581183e-01
1.581537e-01
1.582200e-01
1.583212e-01
1.584972e-01
1.585289e-01
1.586694e-01
1.588153e-01
1.588967e-01
1.589909e-01
1.591376e-01
1.592510e-01
1.592971e-01
1.594076e-01
1.594305e-01
1.596985e-01
1.597483e-01
1.598569e-01
1.600263e-01
1.600654e-01
1.601569e-01
1.602446e-01
1.603791e-01
1.604697e-01
1.605228e-01
1.606403e-01
1.607080e-01
1.608546e-01
1.609167e-01
1.609282e-01
1.610133e-01
1.611895e-01
1.612949e-01
1.613464e-01
1.614735e-01
1.615841e-01
1.617503e-01
1.618014e-01
1.620176e-01
1.621468e-01
1.622341e-01
1.623671e-01
1.624341e-01
1.625515e-01
1.626742e-01
1.626922e-01
1.629244e-01
1.629413e-01
1.630703e-01
1.631780e-01
1.632757e-01
1.634510e-01
1.636133e-01
1.636449e-01
1.638245e-01
1.638468e-01
1.639738e-01
1.641214e-01
1.641600e-01
1.642459e-01
1.644399e-01
1.644920e-01
1.645377e-01
1.647117e-01
1.647740e-01
1.648976e-01
1.649492e-01
1.649964e-01
1.651497e-01
1.652039e-01
1.652545e-01
1.653507e-01
1.654728e-01
1.657104e-01
1.657489e-01
1.658207e-01
1.660030e-01
1.660645e-01
1.661818e-01
1.663850e-01
1.664335e-01
1.665106e-01
1.665906e-01
1.668046e-01
1.669011e-01
1.669799e-01
1.671887e-01
1.672858e-01
1.673381e-01
1.673845e-01
1.674591e-01
1.675989e-01
1.676290e-01
1.678560e-01
1.678855e-01
1.680639e-01
1.681663e-01
1.682758e-01
1.683513e-01
1.684235e-01
1.684334e-01
1.686701e-01
1.687092e-01
1.687870e-01
1.689884e-01
1.690897e-01
1.691292e-01
1.692270e-01
1.692787e-01
1.694947e-01
1.695581e-01
1.697219e-01
1.698808e-01
1.699827e-01
1.700474e-01
1.702433e-01
1.704181e-01
1.704572e-01
1.705508e-01
1.707247e-01
1.707741e-01
1.708307e-01
1.709285e-01
1.711295e-01
1.711840e-01
1.713080e-01
1.713979e-01
1.715363e-01
1.716213e-01
1.718120e-01
1.718608e-01
1.719056e-01
1.720780e-01
1.720971e-01
1.723280e-01
1.724561e-01
1.725137e-01
1.726662e-01
1.727054e-01
1.728595e-01
1.728785e-01
1.729254e-01
1.731279e-01
1.731392e-01
1.732638e-01
1.733602e-01
1.734960e-01
1.736215e-01
1.737590e-01
1.738162e-01
1.739353e-01
1.740664e-01
1.741915e-01
1.743322e-01
1.744771e-01
1.745799e-01
1.747149e-01
1.748749e-01
1.749800e-01
1.750725e-01
1.751210e-01
1.751507e-01
1.752565e-01
1.753182e-01
1.756053e-01
1.756680e-01
1.757939e-01
1.760032e-01
1.760427e-01
1.761330e-01
1.762002e-01
1.762683e-01
1.764374e-01
1.765641e-01
1.766427e-01
1.766697e-01
1.767543e-01
1.769118e-01
1.769563e-01
1.771297e-01
1.771381e-01
1.773301e-01
1.774566e-01
1.775692e-01
1.776764e-01
1.779285e-01
1.780047e-01
1.780456e-01
1.782311e-01
1.782968e-01
1.784216e-01
1.786035e-01
1.786976e-01
1.787258e-01
1.787661e-01
1.789075e-01
1.790190e-01
1.791484e-01
1.791833e-01
1.793162e-01
1.794359e-01
1.796223e-01
1.797099e-01
1.797736e-01
1.799006e-01
1.799898e-01
1.800618e-01
1.803282e-01
1.804072e-01
1.804866e-01
1.805712e-01
1.807578e-01
1.808478e-01
1.808867e-01
1.811202e-01
1.811807e-01
1.812946e-01
1.813572e-01
1.814531e-01
1.815442e-01
1.816777e-01
1.818495e-01
1.819821e-01
1.820122e-01
1.821001e-01
1.821700e-01
1.823647e-01
1.824919e-01
1.825754e-01
1.827001e-01
1.828337e-01
1.829356e-01
1.829963e-01
1.831498e-01
1.831838e-01
1.833003e-01
1.833707e-01
1.834636e-01
1.836152e-01
1.836569e-01
1.838850e-01
1.840491e-01
1.841042e-01
1.841761e-01
1.843888e-01
1.844800e-01
1.845240e-01
1.846721e-01
1.848569e-01
1.849584e-01
1.851217e-01
1.852483e-01
1.853401e-01
1.854459e-01
1.855478e-01
1.856066e-01
1.857336e-01
1.858012e-01
1.860048e-01
1.860584e-01
1.861434e-01
1.862555e-01
1.865514e-01
1.866356e-01
1.867812e-01
1.868801e-01
1.869079e-01
1.870139e-01
1.871288e-01
1.872097e-01
1.872644e-01
1.874541e-01
1.875161e-01
1.876881e-01
1.877804e-01
1.878221e-01
1.879244e-01
1.881518e-01
1.882715e-01
1.883014e-01
1.884971e-01
1.886304e-01
1.886716e-01
1.888136e-01
1.889834e-01
1.891082e-01
1.892584e-01
1.894213e-01
1.895108e-01
1.895555e-01
1.897135e-01
1.898075e-01
1.898533e-01
1.899220e-01
1.900345e-01
1.900703e-01
1.902197e-01
1.903108e-01
1.903709e-01
1.905456e-01
1.906417e-01
1.909334e-01
1.910369e-01
1.910528e-01
1.911002e-01
1.913197e-01
1.914441e-01
1.915439e-01
1.915528e-01
1.917376e-01
1.918295e-01
1.919058e-01
1.921460e-01
1.922147e-01
1.923531e-01
1.924027e-01
1.926514e-01
1.927529e-01
1.928831e-01
1.930118e-01
1.931946e-01
1.932089e-01
1.933231e-01
1.934521e-01
1.936381e-01
1.936468e-01
1.938222e-01
1.939574e-01
1.940709e-01
1.943514e-01
1.944538e-01
1.945385e-01
1.947045e-01
1.948470e-01
1.949611e-01
1.951155e-01
1.953976e-01
1.955676e-01
1.956693e-01
1.957157e-01
1.957904e-01
1.960291e-01
1.961420e-01
1.962168e-01
1.963015e-01
1.963834e-01
1.965146e-01
1.966926e-01
1.968478e-01
1.970466e-01
1.971414e-01
1.973459e-01
1.974813e-01
1.975824e-01
1.977050e-01
1.978240e-01
1.980216e-01
1.981312e-01
1.982633e-01
1.983937e-01
1.986282e-01
1.987241e-01
1.987762e-01
1.988996e-01
1.990416e-01
1.991375e-01
1.992552e-01
1.993204e-01
1.994524e-01
1.995031e-01
1.996671e-01
1.999746e-01
2.000843e-01
2.001958e-01
2.003047e-01
2.004194e-01
2.005564e-01
2.007598e-01
2.009014e-01
2.009504e-01
2.010321e-01
2.010481e-01
2.012671e-01
2.014478e-01
2.015291e-01
2.016217e-01
2.016631e-01
2.019698e-01
2.020939e-01
2.022216e-01
2.023449e-01
2.024601e-01
2.027879e-01
2.028356e-01
2.028761e-01
2.029758e-01
2.032189e-01
2.032624e-01
2.033202e-01
2.034301e-01
2.035914e-01
2.036519e-01
2.038306e-01
2.038656e-01
2.040987e-01
2.042401e-01
2.042782e-01
2.044025e-01
2.044786e-01
2.046711e-01
2.047605e-01
2.048366e-01
2.050172e-01
2.051384e-01
2.052723e-01
2.053294e-01
2.054921e-01
2.055734e-01
2.057792e-01
2.059192e-01
2.060188e-01
2.062635e-01
2.063699e-01
2.064035e-01
2.066539e-01
2.066708e-01
2.068656e-01
2.068861e-01
2.070831e-01
2.072133e-01
2.074308e-01
2.075853e-01
2.076279e-01
2.077235e-01
2.078496e-01
2.080099e-01
2.082208e-01
2.083148e-01
2.084424e-01
2.085026e-01
2.087088e-01
2.089966e-01
2.090344e-01
2.092298e-01
2.093267e-01
2.093656e-01
2.094791e-01
2.094922e-01
2.096570e-01
2.097896e-01
2.098526e-01
2.100302e-01
2.101135e-01
2.101965e-01
2.106715e-01
2.106835e-01
2.108625e-01
2.109399e-01
2.110656e-01
2.112604e-01
2.112974e-01
2.114700e-01
2.116553e-01
2.117176e-01
2.118294e-01
2.121071e-01
2.122805e-01
2.123562e-01
2.125540e-01
2.126854e-01
2.128256e-01
2.128671e-01
2.130877e-01
2.131317e-01
2.131759e-01
2.134250e-01
2.135485e-01
2.136385e-01
2.137511e-01
2.138863e-01
2.138981e-01
2.140505e-01
2.141649e-01
2.141839e-01
2.144695e-01
2.145941e-01
2.147405e-01
2.148160e-01
2.148753e-01
2.150836e-01
2.151497e-01
2.152594e-01
2.153449e-01
2.154806e-01
2.155764e-01
2.157029e-01
2.158095e-01
2.158292e-01
2.160019e-01
2.162070e-01
2.163008e-01
2.164649e-01
2.165764e-01
2.166947e-01
2.168786e-01
2.171277e-01
2.171911e-01
2.172748e-01
2.174615e-01
2.176289e-01
2.177256e-01
2.179445e-01
2.180813e-01
2.181538e-01
2.182493e-01
2.185583e-01
2.187661e-01
2.188706e-01
2.190540e-01
2.191400e-01
2.193360e-01
2.194100e-01
2.196219e-01
2.198427e-01
2.199161e-01
2.200124e-01
2.201459e-01
2.202445e-01
2.203373e-01
2.204104e-01
2.205754e-01
2.206828e-01
2.207854e-01
2.209848e-01
2.210700e-01
2.212435e-01
2.212953e-01
2.214876e-01
2.216660e-01
2.219271e-01
2.221725e-01
2.222779e-01
2.224175e-01
2.225226e-01
2.228178e-01
2.228636e-01
2.229561e-01
2.230741e-01
2.232616e-01
2.233425e-01
2.234445e-01
2.237171e-01
2.237778e-01
2.238536e-01
2.240360e-01
2.241136e-01
2.243738e-01
2.244615e-01
2.247205e-01
2.248208e-01
2.248849e-01
2.249833e-01
2.251181e-01
2.252584e-01
2.255827e-01
2.256806e-01
2.258264e-01
2.260506e-01
2.260770e-01
2.262906e-01
2.264689e-01
2.265529e-01
2.268708e-01
2.269285e-01
2.271513e-01
2.272173e-01
2.273620e-01
2.275630e-01
2.277129e-01
2.279436e-01
2.280754e-01
2.281455e-01
2.283090e-01
2.285199e-01
2.286335e-01
2.287619e-01
2.288415e-01
2.290557e-01
2.291246e-01
2.292774e-01
2.293938e-01
2.296288e-01
2.297570e-01
2.298734e-01
2.302473e-01
2.303720e-01
2.306483e-01
2.306832e-01
2.307941e-01
2.308417e-01
2.312360e-01
2.314756e-01
2.316119e-01
2.316834e-01
2.318162e-01
2.320493e-01
2.321742e-01
2.324442e-01
2.325555e-01
2.325919e-01
2.328121e-01
2.328881e-01
2.330311e-01
2.331457e-01
2.333402e-01
2.336075e-01
2.336552e-01
2.337630e-01
2.338822e-01
2.340420e-01
2.341248e-01
2.343508e-01
2.344877e-01
2.346332e-01
2.348250e-01
2.350150e-01
2.350924e-01
2.354386e-01
2.355534e-01
2.357325e-01
2.357785e-01
2.359144e-01
2.359549e-01
2.361362e-01
2.362848e-01
2.365624e-01
2.366901e-01
2.369565e-01
2.371256e-01
2.371843e-01
2.373022e-01
2.374492e-01
2.375580e-01
2.376872e-01
2.379205e-01
2.380829e-01
2.382357e-01
2.384646e-01
2.385537e-01
2.389125e-01
2.389391e-01
2.390791e-01
2.391704e-01
2.393910e-01
2.396994e-01
2.397702e-01
2.398427e-01
2.400629e-01
2.401627e-01
2.402666e-01
2.404617e-01
2.408535e-01
2.410686e-01
2.411516e-01
2.413071e-01
2.414676e-01
2.416239e-01
2.416951e-01
2.417301e-01
2.419662e-01
2.420794e-01
2.421591e-01
2.426203e-01
2.427624e-01
2.428659e-01
2.429835e-01
2.431381e-01
2.433268e-01
2.438427e-01
2.438835e-01
2.439694e-01
2.443378e-01
2.444793e-01
2.445559e-01
2.449149e-01
2.451709e-01
2.452199e-01
2.453720e-01
2.455332e-01
2.457298e-01
2.459920e-01
2.461672e-01
2.463188e-01
2.466317e-01
2.467482e-01
2.469163e-01
2.470857e-01
2.474075e-01
2.474623e-01
2.475915e-01
2.476456e-01
2.479366e-01
2.480008e-01
2.480960e-01
2.483946e-01
2.485081e-01
2.486733e-01
2.488165e-01
2.491528e-01
2.492376e-01
2.493195e-01
2.494896e-01
2.499406e-01
2.500324e-01
2.502339e-01
2.503626e-01
2.507022e-01
2.507233e-01
2.509846e-01
2.510235e-01
2.514059e-01
2.514737e-01
2.515705e-01
2.517687e-01
2.520311e-01
2.520649e-01
2.523748e-01
2.525995e-01
2.527174e-01
2.531083e-01
2.532142e-01
2.535382e-01
2.535466e-01
2.537758e-01
2.538914e-01
2.541429e-01
2.543296e-01
2.545677e-01
2.545891e-01
2.546848e-01
2.548687e-01
2.550782e-01
2.551405e-01
2.556362e-01
2.557524e-01
2.558897e-01
2.560981e-01
2.563034e-01
2.564943e-01
2.567719e-01
2.568921e-01
2.570628e-01
2.573364e-01
2.575206e-01
2.575637e-01
2.577330e-01
2.580660e-01
2.582515e-01
2.583163e-01
2.584484e-01
2.585691e-01
2.587831e-01
2.591036e-01
2.591763e-01
2.594259e-01
2.595668e-01
2.597953e-01
2.598964e-01
2.602143e-01
2.603360e-01
2.604846e-01
2.606615e-01
2.608984e-01
2.611194e-01
2.612156e-01
2.612346e-01
2.614403e-01
2.616164e-01
2.619239e-01
2.620160e-01
2.624578e-01
2.626190e-01
2.627670e-01
2.628731e-01
2.631626e-01
2.631868e-01
2.633274e-01
2.635666e-01
2.636037e-01
2.639588e-01
2.641068e-01
2.642321e-01
2.646335e-01
2.647300e-01
2.648544e-01
2.649059e-01
2.650184e-01
2.651961e-01
2.653870e-01
2.654717e-01
2.657799e-01
2.659329e-01
2.662064e-01
2.663391e-01
2.667635e-01
2.669192e-01
2.670307e-01
2.674788e-01
2.676080e-01
2.679061e-01
2.680697e-01
2.682311e-01
2.682545e-01
2.684770e-01
2.686905e-01
2.688334e-01
2.689859e-01
2.692651e-01
2.693460e-01
2.695932e-01
2.698215e-01
2.699521e-01
2.702400e-01
2.705452e-01
2.706168e-01
2.707616e-01
2.711537e-01
2.712875e-01
2.715020e-01
2.715500e-01
2.719170e-01
2.723523e-01
2.725480e-01
2.726445e-01
2.726953e-01
2.730598e-01
2.732597e-01
2.734365e-01
2.734900e-01
2.737351e-01
2.738670e-01
2.740431e-01
2.741087e-01
2.744821e-01
2.747190e-01
2.750921e-01
2.752682e-01
2.753428e-01
2.755139e-01
2.757472e-01
2.760351e-01
2.763329e-01
2.765837e-01
2.766603e-01
2.768519e-01
2.770750e-01
2.771665e-01
2.774280e-01
2.775580e-01
2.777773e-01
2.780546e-01
2.782651e-01
2.784454e-01
2.784892e-01
2.787169e-01
2.789463e-01
2.792257e-01
2.792795e-01
2.795279e-01
2.800426e-01
2.801397e-01
2.804296e-01
2.804875e-01
2.807335e-01
2.808600e-01
2.808882e-01
2.813584e-01
2.816231e-01
2.817899e-01
2.820617e-01
2.823137e-01
2.824345e-01
2.825331e-01
2.826290e-01
2.828197e-01
2.829876e-01
2.830647e-01
2.832229e-01
2.839978e-01
2.840628e-01
2.843959e-01
2.846528e-01
2.849276e-01
2.851613e-01
2.854884e-01
2.855638e-01
2.860197e-01
2.862497e-01
2.864862e-01
2.866866e-01
2.868632e-01
2.871550e-01
2.873177e-01
2.874577e-01
2.877835e-01
2.880161e-01
2.881647e-01
2.884450e-01
2.887594e-01
2.888961e-01
2.891422e-01
2.893228e-01
2.894209e-01
2.895630e-01
2.897011e-01
2.902400e-01
2.903845e-01
2.905029e-01
2.907259e-01
2.913519e-01
2.915237e-01
2.916957e-01
2.917681e-01
2.919283e-01
2.920640e-01
2.922276e-01
2.926492e-01
2.928238e-01
2.929537e-01
2.932267e-01
2.933640e-01
2.935171e-01
2.935580e-01
2.936700e-01
2.940591e-01
2.942800e-01
2.946052e-01
2.947785e-01
2.949278e-01
2.954130e-01
2.956155e-01
2.958227e-01
2.959926e-01
2.961409e-01
2.965482e-01
2.967032e-01
2.967950e-01
2.970262e-01
2.973766e-01
2.976435e-01
2.978716e-01
2.980390e-01
2.981285e-01
2.984036e-01
2.985562e-01
2.986327e-01
2.989039e-01
2.992317e-01
2.993023e-01
2.996858e-01
3.000923e-01
3.002677e-01
3.003136e-01
3.006294e-01
3.010370e-01
3.010753e-01
3.013878e-01
3.015607e-01
3.017989e-01
3.019519e-01
3.023694e-01
3.025058e-01
3.026119e-01
3.027350e-01
3.028387e-01
3.030759e-01
3.032819e-01
3.038441e-01
3.041072e-01
3.042495e-01
3.044800e-01
3.045857e-01
3.049060e-01
3.050464e-01
3.050751e-01
3.054530e-01
3.057582e-01
3.059685e-01
3.061851e-01
3.064619e-01
3.066672e-01
3.067894e-01
3.069273e-01
3.072835e-01
3.075744e-01
3.077630e-01
3.082006e-01
3.083106e-01
3.089780e-01
3.091355e-01
3.093333e-01
3.095210e-01
3.097997e-01
3.099797e-01
3.103287e-01
3.106441e-01
3.108432e-01
3.109906e-01
3.111018e-01
3.112349e-01
3.115690e-01
3.118310e-01
3.123514e-01
3.125601e-01
3.127413e-01
3.130223e-01
3.132823e-01
3.134621e-01
3.137693e-01
3.138302e-01
3.140233e-01
3.142748e-01
3.146762e-01
3.149353e-01
3.150389e-01
3.152851e-01
3.155494e-01
3.156140e-01
3.158074e-01
3.160924e-01
3.167668e-01
3.169899e-01
3.172976e-01
3.178452e-01
3.182706e-01
3.184569e-01
3.187572e-01
3.190517e-01
3.192384e-01
3.192860e-01
3.196306e-01
3.202111e-01
3.204298e-01
3.205055e-01
3.207009e-01
3.210711e-01
3.213109e-01
3.216407e-01
3.219759e-01
3.220364e-01
3.225577e-01
3.227741e-01
3.231754e-01
3.233069e-01
3.236224e-01
3.238146e-01
3.240002e-01
3.242593e-01
3.244031e-01
3.246614e-01
3.247012e-01
3.249080e-01
3.251367e-01
3.254665e-01
3.256425e-01
3.259087e-01
3.262077e-01
3.264399e-01
3.269026e-01
3.270905e-01
3.276567e-01
3.277909e-01
3.278982e-01
3.283702e-01
3.286752e-01
3.290566e-01
3.292190e-01
3.293544e-01
3.295763e-01
3.298395e-01
3.302803e-01
3.305176e-01
3.308708e-01
3.310684e-01
3.315057e-01
3.316280e-01
3.319172e-01
3.321855e-01
3.322624e-01
3.326885e-01
3.329517e-01
3.333349e-01
3.334332e-01
3.337629e-01
3.341760e-01
3.343861e-01
3.347232e-01
3.347664e-01
3.352661e-01
3.354927e-01
3.357418e-01
3.358144e-01
3.359656e-01
3.365586e-01
3.372760e-01
3.374459e-01
3.377377e-01
3.381097e-01
3.382926e-01
3.387459e-01
3.392386e-01
3.396110e-01
3.399742e-01
3.401935e-01
3.402381e-01
3.406867e-01
3.409439e-01
3.412276e-01
3.417076e-01
3.422042e-01
3.422641e-01
3.424791e-01
3.426904e-01
3.430020e-01
3.432261e-01
3.435048e-01
3.435526e-01
3.438078e-01
3.441252e-01
3.443091e-01
3.445922e-01
3.448930e-01
3.452781e-01
3.458626e-01
3.462822e-01
3.466800e-01
3.469983e-01
3.473484e-01
3.474358e-01
3.476211e-01
3.477931e-01
3.482995e-01
3.486750e-01
3.490815e-01
3.491913e-01
3.495998e-01
3.497724e-01
3.500127e-01
3.501508e-01
3.504877e-01
3.507174e-01
3.510456e-01
3.513297e-01
3.515345e-01
3.521585e-01
3.523763e-01
3.525955e-01
3.526990e-01
3.530867e-01
3.537352e-01
3.543673e-01
3.549294e-01
3.551452e-01
3.555318e-01
3.559019e-01
3.561735e-01
3.564339e-01
3.567421e-01
3.571194e-01
3.573438e-01
3.576751e-01
3.579802e-01
3.584169e-01
3.589544e-01
3.591163e-01
3.594473e-01
3.597462e-01
3.599057e-01
3.605714e-01
3.609348e-01
3.612758e-01
3.616029e-01
3.618105e-01
3.621014e-01
3.628668e-01
3.630938e-01
3.632790e-01
3.636106e-01
3.640092e-01
3.644893e-01
3.646794e-01
3.651488e-01
3.653890e-01
3.658355e-01
3.666249e-01
3.667008e-01
3.668276e-01
3.673807e-01
3.676417e-01
3.680686e-01
3.681173e-01
3.685761e-01
3.691616e-01
3.696634e-01
3.696696e-01
3.702557e-01
3.707028e-01
3.708417e-01
3.710074e-01
3.717170e-01
3.717533e-01
3.719298e-01
3.727793e-01
3.730258e-01
3.734245e-01
3.740401e-01
3.742506e-01
3.748046e-01
3.755326e-01
3.757729e-01
3.759467e-01
3.768674e-01
3.770034e-01
3.774658e-01
3.782138e-01
3.785462e-01
3.787756e-01
3.790484e-01
3.792308e-01
3.796084e-01
3.797526e-01
3.803350e-01
3.807757e-01
3.809933e-01
3.813933e-01
3.816809e-01
3.818820e-01
3.823972e-01
3.831002e-01
3.839839e-01
3.845270e-01
3.847494e-01
3.848515e-01
3.858251e-01
3.860236e-01
3.862056e-01
3.870757e-01
3.874595e-01
3.883931e-01
3.886294e-01
3.891676e-01
3.893701e-01
3.903106e-01
3.906329e-01
3.910637e-01
3.914551e-01
3.916226e-01
3.924121e-01
3.928545e-01
3.930294e-01
3.932451e-01
3.934906e-01
3.940866e-01
3.945463e-01
3.948433e-01
3.950939e-01
3.956657e-01
3.959119e-01
3.961767e-01
3.968108e-01
3.971582e-01
3.975750e-01
3.981227e-01
3.983209e-01
3.990344e-01
3.995562e-01
4.000193e-01
4.007724e-01
4.011028e-01
4.017926e-01
4.019812e-01
4.024664e-01
4.030253e-01
4.033037e-01
4.043277e-01
4.050382e-01
4.052755e-01
4.056774e-01
4.065066e-01
4.069887e-01
4.074119e-01
4.080646e-01
4.082962e-01
4.086826e-01
4.090527e-01
4.091349e-01
4.099921e-01
4.104721e-01
4.108543e-01
4.113534e-01
4.116598e-01
4.123172e-01
4.129909e-01
4.134093e-01
4.137541e-01
4.141766e-01
4.143115e-01
4.146441e-01
4.157160e-01
4.158587e-01
4.164471e-01
4.168646e-01
4.173228e-01
4.175174e-01
4.177810e-01
4.181701e-01
4.188293e-01
4.190852e-01
4.198658e-01
4.203281e-01
4.212864e-01
4.217817e-01
4.220956e-01
4.225060e-01
4.234489e-01
4.237181e-01
4.244537e-01
4.249176e-01
4.250064e-01
4.262584e-01
4.265224e-01
4.272105e-01
4.273757e-01
4.278003e-01
4.280687e-01
4.282009e-01
4.285528e-01
4.294417e-01
4.298634e-01
4.303541e-01
4.305924e-01
4.319080e-01
4.321150e-01
4.329441e-01
4.335144e-01
4.339423e-01
4.342363e-01
4.343317e-01
4.350218e-01
4.353276e-01
4.356499e-01
4.361014e-01
4.364956e-01
4.371236e-01
4.383398e-01
4.384801e-01
4.387232e-01
4.396026e-01
4.404642e-01
4.411304e-01
4.417036e-01
4.428179e-01
4.430170e-01
4.451264e-01
4.454249e-01
4.462451e-01
4.464798e-01
4.477973e-01
4.491069e-01
4.498781e-01
4.512103e-01
4.526394e-01
4.532557e-01
4.536240e-01
4.537795e-01
4.546296e-01
4.553060e-01
4.560775e-01
4.570554e-01
4.577230e-01
4.583049e-01
4.583887e-01
4.587419e-01
4.593246e-01
4.600671e-01
4.612910e-01
4.619255e-01
4.620140e-01
4.634071e-01
4.636185e-01
4.641086e-01
4.645144e-01
4.647840e-01
4.649893e-01
4.655006e-01
4.672253e-01
4.679500e-01
4.680778e-01
4.688114e-01
4.699991e-01
4.705950e-01
4.720653e-01
4.728452e-01
4.736923e-01
4.743411e-01
4.764137e-01
4.770014e-01
4.774601e-01
4.783913e-01
4.789982e-01
4.795994e-01
4.809053e-01
4.813243e-01
4.819592e-01
4.833467e-01
4.834664e-01
4.841968e-01
4.847841e-01
4.860719e-01
4.870364e-01
4.889121e-01
4.890699e-01
4.901695e-01
4.908503e-01
4.918432e-01
4.923382e-01
4.928006e-01
4.936845e-01
4.941255e-01
4.947972e-01
4.956885e-01
4.974467e-01
4.984023e-01
4.991030e-01
4.998192e-01
5.008557e-01
5.016178e-01
5.017269e-01
5.024821e-01
5.036574e-01
5.053888e-01
5.057515e-01
5.060811e-01
5.073743e-01
5.081415e-01
5.089473e-01
5.097130e-01
5.103349e-01
5.121307e-01
5.131925e-01
5.136106e-01
5.142519e-01
5.149237e-01
5.190328e-01
5.199661e-01
5.201664e-01
5.215782e-01
5.224512e-01
5.233890e-01
5.234827e-01
5.245040e-01
5.258885e-01
5.273893e-01
5.289819e-01
5.318702e-01
5.328618e-01
5.342047e-01
5.359736e-01
5.384535e-01
5.392537e-01
5.395729e-01
5.410669e-01
5.411253e-01
5.432713e-01
5.443733e-01
5.452213e-01
5.459588e-01
5.472893e-01
5.473363e-01
5.479534e-01
5.507464e-01
5.521989e-01
5.525928e-01
5.567687e-01
5.579208e-01
5.604461e-01
5.610546e-01
5.613397e-01
5.637077e-01
5.667371e-01
5.701267e-01
5.719860e-01
5.727223e-01
5.745127e-01
5.751212e-01
5.761641e-01
5.768628e-01
5.861908e-01
5.889855e-01
5.890113e-01
5.895132e-01
5.909482e-01
5.912431e-01
5.915293e-01
5.919660e-01
5.943668e-01
5.952252e-01
5.957213e-01
5.963615e-01
6.017920e-01
6.053846e-01
6.055775e-01
6.102420e-01
6.170424e-01
6.193140e-01
6.199139e-01
6.207169e-01
6.253339e-01
6.278429e-01
6.310987e-01
6.317098e-01
6.361051e-01
6.380468e-01
6.389584e-01
6.491151e-01
6.583811e-01
6.590247e-01
6.595186e-01
6.619330e-01
6.626914e-01
6.684079e-01
6.739707e-01
6.745271e-01
6.760805e-01
6.810744e-01
6.822667e-01
6.873103e-01
6.887149e-01
6.904591e-01
6.916061e-01
6.921329e-01
6.992405e-01
7.087214e-01
7.124379e-01
7.196742e-01
7.199042e-01
7.206129e-01
7.260603e-01
7.340528e-01
7.373485e-01
7.520369e-01
7.634608e-01
8.246542e-01
8.319016e-01
8.411061e-01
8.665242e-01
8.923761e-01
9.369244e-01
9.418937e-01
1.000000e+00
