# sorted relative singular values (kkt) field=lester_brk eps=0.5 N=12 n=3601
3.289579621393630827e-04
1.885036026846549596e-03
1.914044269809898544e-03
2.109254839625922685e-03
2.135930396329419230e-03
2.599352998855196991e-03
2.621108468281659141e-03
2.691837769300866809e-03
2.774120450037710368e-03
2.899634526621660234e-03
2.904228328911705615e-03
3.012783487318012113e-03
3.024774142978409967e-03
3.046712314179371786e-03
3.069517644238308439e-03
3.102302624134500517e-03
3.207098881131933716e-03
3.238115379726933234e-03
3.372739555185333069e-03
4.280555202565736878e-03
4.283447355028209211e-03
4.305049316184456250e-03
4.321034144140345999e-03
4.563907386023862041e-03
4.591418567028696454e-03
4.633562852325236354e-03
4.649337386081864310e-03
6.839716437797203029e-03
6.841419232470496471e-03
6.979476808841902392e-03
6.982743867540175571e-03
7.463350905644479220e-03
7.477877785698749079e-03
7.528978497308779633e-03
7.536231853684673306e-03
1.083938233321584017e-02
1.088710085855180108e-02
1.091666123288273678e-02
1.098096558068095002e-02
1.115730844657217627e-02
1.117976288025446588e-02
1.119130540625383648e-02
1.126718549205699832e-02
1.197620086942908883e-02
1.207229187821553563e-02
1.217169117096544503e-02
1.226968727572154763e-02
1.302624183096307529e-02
1.312754189571501556e-02
1.392422416077810851e-02
1.395437080968106418e-02
1.493893212757832489e-02
1.501684292307679976e-02
1.518955920330503952e-02
1.542456321352411903e-02
1.575715591154919215e-02
1.593183466074691440e-02
1.638782097349115660e-02
1.651683491048407115e-02
1.652936105603236908e-02
1.655640180863066427e-02
1.657915626217268748e-02
1.663977106427413227e-02
1.746652237661617049e-02
1.758201385440040510e-02
1.837886347559729641e-02
1.841465689464294800e-02
1.867971397915176024e-02
1.879637834535696078e-02
1.882364161220138193e-02
1.891023391316171837e-02
1.908204037407032136e-02
1.908374627758250078e-02
1.935371834812975658e-02
1.937398790641602780e-02
2.013638001596975910e-02
2.019406032992175637e-02
2.033854217141608731e-02
2.043107588025657242e-02
2.131177110540624989e-02
2.141576876573543856e-02
2.171697731893730554e-02
2.183373367579066401e-02
2.371811769771340478e-02
2.393232657720552672e-02
2.413830000546673613e-02
2.437578563497967005e-02
2.604186024021860890e-02
2.639086324752305812e-02
2.645591457743132549e-02
2.677907096023995209e-02
2.679058943547500335e-02
2.689906481115255169e-02
2.700339043756091670e-02
2.700434886732142395e-02
2.711170360541606192e-02
2.711399105067093668e-02
2.719332234862091233e-02
2.726844647752231510e-02
2.748421887896797255e-02
2.760034604138020611e-02
2.761124830350792161e-02
2.766639494569085242e-02
2.767010074670382680e-02
2.775162848792993991e-02
2.784350893007210906e-02
2.814781691734368971e-02
2.830231638796753754e-02
2.831036247315040291e-02
2.840948862397076058e-02
2.847052678018376776e-02
2.847911879160244450e-02
2.853409017976486772e-02
2.854309029713252011e-02
2.855452241908714925e-02
2.857443584848421911e-02
2.863923005710417025e-02
2.879052154851420575e-02
2.884557469807196017e-02
2.895350754563041570e-02
2.899772253153537482e-02
2.912733141072666038e-02
2.932439648238281682e-02
2.949083701983519143e-02
2.962031095228971275e-02
3.003989147375479493e-02
3.021006723200702487e-02
3.022541271375093694e-02
3.084941810152102420e-02
3.088940714081960318e-02
3.089383700724819895e-02
3.096002198002920439e-02
3.116161754616272872e-02
3.151447546696981017e-02
3.158417985558137353e-02
3.165637333905439721e-02
3.167761228866328854e-02
3.195688387661881763e-02
3.203546534464299378e-02
3.346804638952535077e-02
3.354216874685233413e-02
3.447455550106310468e-02
3.477168447955358843e-02
3.668766668781796303e-02
3.672599706987394325e-02
3.673673737880527729e-02
3.674145680845154055e-02
3.720064412336567677e-02
3.720831923183610251e-02
3.744283592823643980e-02
3.749956275612465612e-02
4.209925112148172471e-02
4.240020028334773317e-02
4.247374055083139033e-02
4.251333271424206917e-02
4.255369630240846829e-02
4.276960828558944161e-02
4.288735880011658452e-02
4.297830313530864865e-02
4.418050449957424547e-02
4.421515634772581194e-02
4.423075111842181273e-02
4.442395553954675558e-02
4.453013885711305797e-02
4.468809137830286049e-02
4.475679117645582628e-02
4.493961074064501543e-02
4.596859295433701476e-02
4.602262403189005119e-02
4.626648097839534957e-02
4.630261428292829079e-02
4.643416062150287904e-02
4.671015181273378836e-02
4.676179074913149741e-02
4.680726275421952937e-02
4.683737011444656650e-02
4.714670311604114011e-02
4.731971084676141193e-02
4.763614375212636698e-02
4.770719337305302093e-02
4.773070850204327170e-02
4.791588780475300458e-02
4.792065965655396137e-02
4.807097682835070884e-02
4.854931181369706583e-02
5.233105633420251368e-02
5.240004145594687884e-02
5.249282561319821433e-02
5.272448178868341384e-02
5.322737712515013264e-02
5.323341275611447043e-02
5.359583887221622267e-02
5.361316444256371272e-02
5.438020302183225324e-02
5.439962194727752248e-02
5.472209350012911117e-02
5.473875210348663062e-02
5.487058027556550310e-02
5.502088104619507619e-02
5.502490680943675216e-02
5.530369205904788615e-02
5.534135062723435222e-02
5.576547774249298456e-02
5.616536982090546831e-02
5.697267004407818858e-02
5.707585194697360753e-02
5.728509302434844214e-02
5.778968547346011175e-02
5.785381242634007881e-02
5.789572381836965986e-02
5.800790548560399995e-02
5.812871548272222078e-02
5.828654652947556219e-02
5.843287906168789098e-02
5.848382212665470536e-02
5.854367760377261753e-02
5.909842212228781644e-02
5.912603031091799577e-02
5.940668135126066923e-02
6.056121293970666286e-02
6.103080057091812144e-02
6.133889642973179568e-02
6.206816238663716984e-02
6.212988255885526501e-02
6.236769184930574667e-02
6.241140394076471337e-02
6.298755382749629539e-02
6.302375217015092346e-02
6.305766120924213847e-02
6.321009347184411431e-02
6.322135846802695580e-02
6.324879323128088093e-02
6.346329186593392679e-02
6.381805206685757514e-02
6.395454449125322072e-02
6.406843023240331447e-02
6.413396894398741555e-02
6.420903949561285184e-02
6.425528466710543618e-02
6.478191927388786409e-02
6.486274596338990894e-02
6.487563251960774824e-02
6.513741979590888243e-02
6.715154970616038499e-02
6.747036870253123042e-02
6.752269006327039913e-02
6.767523251243551252e-02
6.792682261279911482e-02
6.796299144499270972e-02
6.816472365891258767e-02
6.819779810204311399e-02
6.821612783796829338e-02
6.828878730819619436e-02
6.835279989138962065e-02
6.855942061880691829e-02
6.856774066482648755e-02
6.877323061825989237e-02
6.882674737197934378e-02
6.914091733292396236e-02
6.960399798141024552e-02
6.963735140746923902e-02
6.970575555167420057e-02
6.986857689460075627e-02
6.995359237762913129e-02
6.996377640130385656e-02
7.005053412434784910e-02
7.013510543767439986e-02
7.032628209737637470e-02
7.034414796310009543e-02
7.046333286895761772e-02
7.050645967509125422e-02
7.070184388935955855e-02
7.139269321841376637e-02
7.139654847594767428e-02
7.194992009271189426e-02
7.198399988063294841e-02
7.211031769509643197e-02
7.211739800383767940e-02
7.245859261288993547e-02
7.319169611302701883e-02
7.325643363566283761e-02
7.423252735457548657e-02
7.434140871077139778e-02
7.440655681328169069e-02
7.445591446812051262e-02
7.454753395701531338e-02
7.506147979590140074e-02
7.546215224717002512e-02
7.556382212751058813e-02
7.559218012823128163e-02
7.585904264858146784e-02
7.592093076220840508e-02
7.593817506538332041e-02
7.613347042538873288e-02
7.616077360714225419e-02
7.628468515479748524e-02
7.654655430640323888e-02
7.681942327324833841e-02
7.694420911636662419e-02
7.766077338705305866e-02
7.767366229740152450e-02
7.774634172081484884e-02
7.823344413029320599e-02
7.859232359815704339e-02
7.860092671977073064e-02
7.866873388221133634e-02
7.874829759950685570e-02
7.881388750304405000e-02
7.901416898604468608e-02
7.908326347365331188e-02
7.909451056751606868e-02
7.944608034899823534e-02
7.953935855618082806e-02
8.108884091003223937e-02
8.130855575238084276e-02
8.194508502742514633e-02
8.236214472459306435e-02
8.262621318200281950e-02
8.266567970339802618e-02
8.286702771472310991e-02
8.297426672035661255e-02
8.316019662689046188e-02
8.320886291836239457e-02
8.361207943737064552e-02
8.369927187890578713e-02
8.460561813132287667e-02
8.479398091089365708e-02
8.480745382135014554e-02
8.515551865528971087e-02
8.519294849530213709e-02
8.525773274963723003e-02
8.550616088084429800e-02
8.554001167788229110e-02
8.570077232244964482e-02
8.588072150860580345e-02
8.680087475081343928e-02
8.691141045241010388e-02
8.713681812060512788e-02
8.719585506444113565e-02
8.730819832073301312e-02
8.764937038831653593e-02
8.764976716016126268e-02
8.772605747381051478e-02
8.788549403091662493e-02
8.793139565404028968e-02
8.838172269380221990e-02
8.851724708486846671e-02
8.856001941949680212e-02
8.875924052238139128e-02
8.958993614721091903e-02
8.959591332320818169e-02
8.965925633066479383e-02
8.975797334981323872e-02
8.980781270940198235e-02
8.991458116255823807e-02
8.993863879230948322e-02
9.018564682739277361e-02
9.028751388295901126e-02
9.065253514600096763e-02
9.079411268870221652e-02
9.090453203443603358e-02
9.107639991174117100e-02
9.109756715871913935e-02
9.131233899879755145e-02
9.153578923864691408e-02
9.172353975355866662e-02
9.209172045840244292e-02
9.340224150292884830e-02
9.354616344217910051e-02
9.355571402716095220e-02
9.373802077211526584e-02
9.399971523568639853e-02
9.400547965651431803e-02
9.423183125451969899e-02
9.430693330784716000e-02
9.444535276604144880e-02
9.465610179481104280e-02
9.615084416547679813e-02
9.673632197542189615e-02
9.727209600570685399e-02
9.771122164279565092e-02
9.780791702810126553e-02
9.803684953778715738e-02
9.835396254589379161e-02
9.853921657053410499e-02
9.905004441041573293e-02
9.919858222953321925e-02
9.931967425288658335e-02
9.963461409543589165e-02
9.973761909084874477e-02
1.011602200886103087e-01
1.011646891355316435e-01
1.012962858566723162e-01
1.016468438957101178e-01
1.017447427069637506e-01
1.020454998023614668e-01
1.022801576701852927e-01
1.026092911166779920e-01
1.026729527294831384e-01
1.028173099195969359e-01
1.028434105212245181e-01
1.029605303612125683e-01
1.030089141566044031e-01
1.030568429488104149e-01
1.030676328768570377e-01
1.033625790149776263e-01
1.036237496167797117e-01
1.036983300109077383e-01
1.037996940463121742e-01
1.039213572763699467e-01
1.042502483050778694e-01
1.047415223122820788e-01
1.048660839715639947e-01
1.048807226475806931e-01
1.049372993886567712e-01
1.051944946174949991e-01
1.052925931915086460e-01
1.055088959567722917e-01
1.055925981972922062e-01
1.057985733355568114e-01
1.063735477762385029e-01
1.063800580117496147e-01
1.068731342291587283e-01
1.070127162750275779e-01
1.071357150108288303e-01
1.072204795443522235e-01
1.073359234456008754e-01
1.075058200939737751e-01
1.075813841971067081e-01
1.077361383293489877e-01
1.078022656775810412e-01
1.079004099798196448e-01
1.086515545376521286e-01
1.087077202975496315e-01
1.088210366583358402e-01
1.088960986867294756e-01
1.091351700758183968e-01
1.092294725421533719e-01
1.105398739259835922e-01
1.106702415674217371e-01
1.111636400638761069e-01
1.113146327217305748e-01
1.113754355671001395e-01
1.121414714679983132e-01
1.122296756837023041e-01
1.122434864307670088e-01
1.123063854116134047e-01
1.123589231225146506e-01
1.124113293594868890e-01
1.124679020091865073e-01
1.130682937389858173e-01
1.131787814047429119e-01
1.134375526033645915e-01
1.138056400400049573e-01
1.138636820945057304e-01
1.138912819483829247e-01
1.139257015614734414e-01
1.139681636888204008e-01
1.144517681919679508e-01
1.151368475085096099e-01
1.152270466997176862e-01
1.153909756721332308e-01
1.154294203786179335e-01
1.155560479470334745e-01
1.163547858376351024e-01
1.164504400230546438e-01
1.168385757602784930e-01
1.170790782998303164e-01
1.171966045580767612e-01
1.182163376846437769e-01
1.182400872245280565e-01
1.188461541315644493e-01
1.190397818732488455e-01
1.191858214503099117e-01
1.192912811825137670e-01
1.197051751737391589e-01
1.202006261483950789e-01
1.203045613187460894e-01
1.205184154531216550e-01
1.209409098841438407e-01
1.212651165740051967e-01
1.212743534951208901e-01
1.212774995358648911e-01
1.215282290998454667e-01
1.216701871221373271e-01
1.217739352005916403e-01
1.219745082819844451e-01
1.221689355355441570e-01
1.222976824777637084e-01
1.230839690720115509e-01
1.231413886828994497e-01
1.232061098168572844e-01
1.233052510498394011e-01
1.234050172398154233e-01
1.236758969117495444e-01
1.238238196592794244e-01
1.247440594031088007e-01
1.249192592117223666e-01
1.254482606826949620e-01
1.255290248242582896e-01
1.255375329925940697e-01
1.257064411569683571e-01
1.257546520825121583e-01
1.258921789403081026e-01
1.260103060628294525e-01
1.262886589955266869e-01
1.265696668749304588e-01
1.265721721061015825e-01
1.268053555301006108e-01
1.268795338502771985e-01
1.271074017652824018e-01
1.272447185359458777e-01
1.272661313006303585e-01
1.275067671006880898e-01
1.275617045321229825e-01
1.276194035071831490e-01
1.278941678206715893e-01
1.279915295269940523e-01
1.282296374341002632e-01
1.284419845321644882e-01
1.289412964718893995e-01
1.290085342293670334e-01
1.293075738640082628e-01
1.294795671072904164e-01
1.295644495616190550e-01
1.298004865390025575e-01
1.300432483039647980e-01
1.300558384146988100e-01
1.303535234310986002e-01
1.311713879549214756e-01
1.312093546391677190e-01
1.314336474514415654e-01
1.316584233189622144e-01
1.319782949672828054e-01
1.323872323898145908e-01
1.327173063395547525e-01
1.330498117162795257e-01
1.334141539846424862e-01
1.335649150863859880e-01
1.337134181487378282e-01
1.337435428705076312e-01
1.337635061816296045e-01
1.340418867611029019e-01
1.349783438487473786e-01
1.350957059400168248e-01
1.353959609939838771e-01
1.356847791967047689e-01
1.362001417844656004e-01
1.362093652883776262e-01
1.365496178951665640e-01
1.368066946399892625e-01
1.370252812849697133e-01
1.372333328995065660e-01
1.372990741467714215e-01
1.377620364926606666e-01
1.380054005391629091e-01
1.387154598912045955e-01
1.391936714704144207e-01
1.393353864304884837e-01
1.395121593954821992e-01
1.395502624471205988e-01
1.396602864926532739e-01
1.397975076085233581e-01
1.398216208894164370e-01
1.399874272252281393e-01
1.401530256118307949e-01
1.402496531448076122e-01
1.404516844857725544e-01
1.411160832305466128e-01
1.411294690846958133e-01
1.411859657836000703e-01
1.417079523928168883e-01
1.418800349368735392e-01
1.418871487195942360e-01
1.419149153806904817e-01
1.420780566070266870e-01
1.421435874661693965e-01
1.421773280499339098e-01
1.423702419198997204e-01
1.424357392525446020e-01
1.426751542910748016e-01
1.426780026126820700e-01
1.426946619788085624e-01
1.427027903673518117e-01
1.428075432856783789e-01
1.428449781042260003e-01
1.428457379283572526e-01
1.429629834624082663e-01
1.430746284169374383e-01
1.432733774816181416e-01
1.435439085196644760e-01
1.437181912384539462e-01
1.438235631895109223e-01
1.439839252634232403e-01
1.440622757424848133e-01
1.441834684020743274e-01
1.442290632731881295e-01
1.444676083974305303e-01
1.445816627006205612e-01
1.447895447191651364e-01
1.448373287496515505e-01
1.454510039391400944e-01
1.457099992446456993e-01
1.457277764945122678e-01
1.459081695804640144e-01
1.463479051797398622e-01
1.465375402146360528e-01
1.465873683410593986e-01
1.466701734307680194e-01
1.467232778747730171e-01
1.467490788888601017e-01
1.469298522662584316e-01
1.470967298748464547e-01
1.479355107421165549e-01
1.485692809647007062e-01
1.489860904493675031e-01
1.494843438301112770e-01
1.495328535628621669e-01
1.496309550387911191e-01
1.499505231485849799e-01
1.500893988124314682e-01
1.501143012293467138e-01
1.502463362416094350e-01
1.504473905061520511e-01
1.507535288126138628e-01
1.509492094195159784e-01
1.515911886449400059e-01
1.515978000156828764e-01
1.518305696080339273e-01
1.518405749537479754e-01
1.521850997899075186e-01
1.521899182908413584e-01
1.522658128417068435e-01
1.526424157659049263e-01
1.527151465047807966e-01
1.529766905732617421e-01
1.535175768309232636e-01
1.535858010197031498e-01
1.537400910077835192e-01
1.542037866031204796e-01
1.542326456415203384e-01
1.542469823003430884e-01
1.543042705192743391e-01
1.545285373202650858e-01
1.546733870951528533e-01
1.548350580488353778e-01
1.549595678487519779e-01
1.552836505688258983e-01
1.559991759728371064e-01
1.575040607305425167e-01
1.580587137834279232e-01
1.581805666477575090e-01
1.584876792228398223e-01
1.585113952715459518e-01
1.592030237959433381e-01
1.592195153170685440e-01
1.592697388740490771e-01
1.593921392438560347e-01
1.595099012459102461e-01
1.595130256363889443e-01
1.600933225487110589e-01
1.602347101226128667e-01
1.604231519862972521e-01
1.605954081693306557e-01
1.608626653706708431e-01
1.608634755694587359e-01
1.608699270005943260e-01
1.609427848898679903e-01
1.611145332757556725e-01
1.613905621982177907e-01
1.614502867635690952e-01
1.614507009944986249e-01
1.616796580235790592e-01
1.622413262570624459e-01
1.622731803207237145e-01
1.625162280416774796e-01
1.625568859557064982e-01
1.630978980033086778e-01
1.631026119610943237e-01
1.631360592938064513e-01
1.632829060912826258e-01
1.639565824001901206e-01
1.640710299235447478e-01
1.642446195042443213e-01
1.643484368861040101e-01
1.644234152428585005e-01
1.644379180045177080e-01
1.645413694210969557e-01
1.646907366077276502e-01
1.648487800484507160e-01
1.651053332471402457e-01
1.651953336669384209e-01
1.652280923137689761e-01
1.652634795984387617e-01
1.653647333833339894e-01
1.656616755657345785e-01
1.661906049466185809e-01
1.667457435782954689e-01
1.668231279676046785e-01
1.668397033749833280e-01
1.669518984050913646e-01
1.674016762265307656e-01
1.675540519141436313e-01
1.675938739411343692e-01
1.682028677051497778e-01
1.682049754919549556e-01
1.682595442292117438e-01
1.685678547931011295e-01
1.685909300668576860e-01
1.686499130117998235e-01
1.687908508279632736e-01
1.691738597456720616e-01
1.698144556016848994e-01
1.700689581031045450e-01
1.701320834857695807e-01
1.702359688129705673e-01
1.703504408572575901e-01
1.706377379364484859e-01
1.707380104497776274e-01
1.711505621329472981e-01
1.714688736401716040e-01
1.715653241813870078e-01
1.716447377272400099e-01
1.716522920622576553e-01
1.717652203021952650e-01
1.721069967552371349e-01
1.721124966930057676e-01
1.722836396519020763e-01
1.724109460660205040e-01
1.731610187987188965e-01
1.734054007902736672e-01
1.735274174088350385e-01
1.738892998953465718e-01
1.743326677199124319e-01
1.746083363122056531e-01
1.749562126356063729e-01
1.751172725207435221e-01
1.751855431267967389e-01
1.755014996663827598e-01
1.760661080944297407e-01
1.760727427267288758e-01
1.762083878623608713e-01
1.767226193036170179e-01
1.771685232887544037e-01
1.773144685126132325e-01
1.774587567405411792e-01
1.778207152481579012e-01
1.778750027264477118e-01
1.779146169027595870e-01
1.779789289226569315e-01
1.779902833174634158e-01
1.782763584051091921e-01
1.782900513722594782e-01
1.784848251646357076e-01
1.790490679615315828e-01
1.791900876846530266e-01
1.795011225182182868e-01
1.796343060549750459e-01
1.796533786614335215e-01
1.798876738827651089e-01
1.799966690993665130e-01
1.801745814679948376e-01
1.802479988728368787e-01
1.804988543471696683e-01
1.808348642403197482e-01
1.809923020443391928e-01
1.811500269939141372e-01
1.814236419999026850e-01
1.815862825739402719e-01
1.816091091113980205e-01
1.816437691611320626e-01
1.818105571981426805e-01
1.819906700981302472e-01
1.823160327913178891e-01
1.823562851376700211e-01
1.823744809833779124e-01
1.825963351652148681e-01
1.828019270703936661e-01
1.830081907780217454e-01
1.830720590048914298e-01
1.833747580924822429e-01
1.836894059510360555e-01
1.837234320456765102e-01
1.837607948964335436e-01
1.838586807910845555e-01
1.839804619858006474e-01
1.840869921711791313e-01
1.841120724346085313e-01
1.844780384806462004e-01
1.845145849939244242e-01
1.846195075597331925e-01
1.849290073852515870e-01
1.850113674685105736e-01
1.852521525444387751e-01
1.855217088020349736e-01
1.855221137270648413e-01
1.855330174101545437e-01
1.857342291988579031e-01
1.857377315032736342e-01
1.859864924934425123e-01
1.864676324378627126e-01
1.865144688281478447e-01
1.866192834836722381e-01
1.866536306419805391e-01
1.867753327217685777e-01
1.867857931936434679e-01
1.869098570356580447e-01
1.869223764654907027e-01
1.871123132020408031e-01
1.871392271324875123e-01
1.871622094878435394e-01
1.871786744974902883e-01
1.873167331339342934e-01
1.874081789252723118e-01
1.876559411172182834e-01
1.876678298243335541e-01
1.877701689265963703e-01
1.880462220551070984e-01
1.880963577925145458e-01
1.881680521090235425e-01
1.882146104779417184e-01
1.884065081913238737e-01
1.885323564379945693e-01
1.887101061760661780e-01
1.888238622880773487e-01
1.890394605103675463e-01
1.890781584732831033e-01
1.893741813480646630e-01
1.895298373951265491e-01
1.897755423728076096e-01
1.899341798855993524e-01
1.899389403201697801e-01
1.901026211030324153e-01
1.902002669615519004e-01
1.902840689213620151e-01
1.903752319515915059e-01
1.905254695114829144e-01
1.905281597472525679e-01
1.910964458976875946e-01
1.911177048118669897e-01
1.912933578366443343e-01
1.913362908824645103e-01
1.916394447434381365e-01
1.917178166431537378e-01
1.918086882981204222e-01
1.920336376418682878e-01
1.922961245024623622e-01
1.923639820174454229e-01
1.924045620316300609e-01
1.925996171924516387e-01
1.929932939884304588e-01
1.930539775339401853e-01
1.930815466344509845e-01
1.932655321469849419e-01
1.933701790172656920e-01
1.936906240318144179e-01
1.941605403069427693e-01
1.942581169950191311e-01
1.943134037291989191e-01
1.943388033270990745e-01
1.944870546421953728e-01
1.945095409194113334e-01
1.947815313975941875e-01
1.948450457467379160e-01
1.949126419644465202e-01
1.950924740215956577e-01
1.951268232180820017e-01
1.952619828504480459e-01
1.953073397586060356e-01
1.953525591343993895e-01
1.953993569311497092e-01
1.954245010190628629e-01
1.954342951433191977e-01
1.955241408792357527e-01
1.956124456325503413e-01
1.957124417991542853e-01
1.957183890951997296e-01
1.958407325857282888e-01
1.959025532923624469e-01
1.959603992153863550e-01
1.961349609323501941e-01
1.962152889954220936e-01
1.962761823860780797e-01
1.964442589170060649e-01
1.966494161736699609e-01
1.967459658073047735e-01
1.968031536004283266e-01
1.969376726694195834e-01
1.969853278983284828e-01
1.970273354664437704e-01
1.970811690911594971e-01
1.973130108671568572e-01
1.974411509922813779e-01
1.974793456507377420e-01
1.974877596836126514e-01
1.978072685269976483e-01
1.978983639669628924e-01
1.979185310595258374e-01
1.982840989249740060e-01
1.982961831690173704e-01
1.983394342027824109e-01
1.986115061188518660e-01
1.986134088868880265e-01
1.987458643903631805e-01
1.988702401383186102e-01
1.992697529755031449e-01
1.994109173905482535e-01
1.995297962869721775e-01
1.996784497385628299e-01
1.998792487882618263e-01
2.001975586290882236e-01
2.002480491490188086e-01
2.004014072556933312e-01
2.004334888455490682e-01
2.004497251821269477e-01
2.005596113579281581e-01
2.008162847891495628e-01
2.009052662384014920e-01
2.011355005538255913e-01
2.013383003073486166e-01
2.014611877080285107e-01
2.014742544793647894e-01
2.015691591558337326e-01
2.017565407495162388e-01
2.017738222208878551e-01
2.018052606097461288e-01
2.018148984623261977e-01
2.019206766070988923e-01
2.020901070807251954e-01
2.022192788953635911e-01
2.022198407851794055e-01
2.024347114875090781e-01
2.024953060855958220e-01
2.025003569350791177e-01
2.025061324795379980e-01
2.025264563104340054e-01
2.026688946951629156e-01
2.027700796508021541e-01
2.029268617834454336e-01
2.030357990709232563e-01
2.030987722678649354e-01
2.031163087031231940e-01
2.032942807178832190e-01
2.033144440246382467e-01
2.033426678433540302e-01
2.035456572035627132e-01
2.035610703901582774e-01
2.035667697837536538e-01
2.038271523958864184e-01
2.038648429490937941e-01
2.040566171329782075e-01
2.041448323619529659e-01
2.041574220965841902e-01
2.041918425296892770e-01
2.043397805078565332e-01
2.046395688912006627e-01
2.047338716846958395e-01
2.047809238661320030e-01
2.047938674180004026e-01
2.048982127518166052e-01
2.049400356140924362e-01
2.050533279892426397e-01
2.051499133334627745e-01
2.051777802961944619e-01
2.052457318668024500e-01
2.053264490912639351e-01
2.054492383805882616e-01
2.055850917220573282e-01
2.056653274971022571e-01
2.059440809888062052e-01
2.059802662426851727e-01
2.060970466039192539e-01
2.061956321353360932e-01
2.062688638687702747e-01
2.062817167213502334e-01
2.065549035169322312e-01
2.066657110717062817e-01
2.067440291563433230e-01
2.067672661537630074e-01
2.068125583762154829e-01
2.068167809085849906e-01
2.068997771965839505e-01
2.071195469291982338e-01
2.075297153970245279e-01
2.076101006024120288e-01
2.077653204871433568e-01
2.082291028212223116e-01
2.083346008396701476e-01
2.083975277646133994e-01
2.086277112762931485e-01
2.092185470338721320e-01
2.093382817582916111e-01
2.093415856697228850e-01
2.093843120337696428e-01
2.094396153649419612e-01
2.095094236038150259e-01
2.095793171845202751e-01
2.098610824921891826e-01
2.099579545568940331e-01
2.099713405334113214e-01
2.101713938213859711e-01
2.102124139460284924e-01
2.103684103086918278e-01
2.104458267029245822e-01
2.105855037342980185e-01
2.106768921819967000e-01
2.108593318561504393e-01
2.109720708381380982e-01
2.110294311014262458e-01
2.111361972041224666e-01
2.112530329722370204e-01
2.113219286003568398e-01
2.113318155393703879e-01
2.114186357966347518e-01
2.118388937989930387e-01
2.118652761141319452e-01
2.119840084644361022e-01
2.120360405391622516e-01
2.120487531315445873e-01
2.121289165190790860e-01
2.122422171676695279e-01
2.125097246115588145e-01
2.125666866558403312e-01
2.130705217675404051e-01
2.132816285637284814e-01
2.133445980987405954e-01
2.134541103166348319e-01
2.138492797470446793e-01
2.141294079196929268e-01
2.143070224490249975e-01
2.143159441109238061e-01
2.143412851227817217e-01
2.144885605473082213e-01
2.145346700793282491e-01
2.147976474859457918e-01
2.149388805594965035e-01
2.150382556687816249e-01
2.153388051580964468e-01
2.153826953117983778e-01
2.154230757047656819e-01
2.155465829324136884e-01
2.155880003710780868e-01
2.158649936209820763e-01
2.158706080674301919e-01
2.159525818769671146e-01
2.159530863531462230e-01
2.159850461071157190e-01
2.159872211419663901e-01
2.162675715766313733e-01
2.162676520322865947e-01
2.162745752421603163e-01
2.162802354704142782e-01
2.164287906417333152e-01
2.166861702410321777e-01
2.166952949768643777e-01
2.166953275262298029e-01
2.168668616326213661e-01
2.168740165567168976e-01
2.169949281554355569e-01
2.170460364565500178e-01
2.171872684307480095e-01
2.175546308123617045e-01
2.176331874085581930e-01
2.177082086796930105e-01
2.178000788230343432e-01
2.179339228729998412e-01
2.180652955909395674e-01
2.181803134985620674e-01
2.182196600736958370e-01
2.184403620585466110e-01
2.186691187860932695e-01
2.186691748492838872e-01
2.187928714657464135e-01
2.190844231876504511e-01
2.191413914713619127e-01
2.192835659554539796e-01
2.194156382262152372e-01
2.196035703227905422e-01
2.196646494009854844e-01
2.197166818734584970e-01
2.200169995582126892e-01
2.200249644899966717e-01
2.200281904283365175e-01
2.201698601364332486e-01
2.205808395302396585e-01
2.206182531566030225e-01
2.206988508642201419e-01
2.207255404227872475e-01
2.208682607229610906e-01
2.210017304232634872e-01
2.212391082329449588e-01
2.212501734898845163e-01
2.214810158832986320e-01
2.216054990215575449e-01
2.217849272938804961e-01
2.218207824233318637e-01
2.219129396197640491e-01
2.219530090244237475e-01
2.220156072398297986e-01
2.222101122158752773e-01
2.223066887614981724e-01
2.223656748707465991e-01
2.225808284445362217e-01
2.227733271738714382e-01
2.228014828631606492e-01
2.229171565169054681e-01
2.229710261262979609e-01
2.230874151151774620e-01
2.231667778896044008e-01
2.233356934436236951e-01
2.234192489614395261e-01
2.237581566675315159e-01
2.238123840902117301e-01
2.239416484372908078e-01
2.241567455119349295e-01
2.242104530688588671e-01
2.243283424810147975e-01
2.245254617514436668e-01
2.248505412879585608e-01
2.248851156402068563e-01
2.249008648904533558e-01
2.249431812442619638e-01
2.251075518102029493e-01
2.252233327519821693e-01
2.254364560142175788e-01
2.254524723429700561e-01
2.255607028420021365e-01
2.257151370414031133e-01
2.257862021135479957e-01
2.261458980540700103e-01
2.261706356718636013e-01
2.262255584133655850e-01
2.262863304266248266e-01
2.263557568432892353e-01
2.265859474970082221e-01
2.267142807972805374e-01
2.269192517058156722e-01
2.269283230040337052e-01
2.269946354777322983e-01
2.271962073583786712e-01
2.275164671280592021e-01
2.275520215676142544e-01
2.276040031586817336e-01
2.277386493439798598e-01
2.278492832938023571e-01
2.279400307754911037e-01
2.280279759984605858e-01
2.280666231136519728e-01
2.284121057572839064e-01
2.285189949888694061e-01
2.285715132431184182e-01
2.286222588645945020e-01
2.287458702139767708e-01
2.288900665760152942e-01
2.289473486426014948e-01
2.291015249981132873e-01
2.291377639990521964e-01
2.291722413803994607e-01
2.295712311696026797e-01
2.296142628373198102e-01
2.296603710394195530e-01
2.298003441361960442e-01
2.299482084083232236e-01
2.300047736849589741e-01
2.303135099220728066e-01
2.303160414909878329e-01
2.303351649436868043e-01
2.303970892458542252e-01
2.305923880672875459e-01
2.306792329288126220e-01
2.307543576326084589e-01
2.309234103514928027e-01
2.309253939670657951e-01
2.309976924901281925e-01
2.310264115263474249e-01
2.312670044823530169e-01
2.313095815485541606e-01
2.313458469232077819e-01
2.315826145097995836e-01
2.315831668189696768e-01
2.317098688569546872e-01
2.317291690409108151e-01
2.317851841482871933e-01
2.319100278565185413e-01
2.320688874718986883e-01
2.321443207842081025e-01
2.321735875313997721e-01
2.322029339977705609e-01
2.323184789170085751e-01
2.326751964613673618e-01
2.326833147815424718e-01
2.327412800327364195e-01
2.328357950038404678e-01
2.328557564823725001e-01
2.328770708564110725e-01
2.329358930404054895e-01
2.330627757670791222e-01
2.331234663818856356e-01
2.335310627357287672e-01
2.336628104818511686e-01
2.336718570723090027e-01
2.337052139364518000e-01
2.340091176518149241e-01
2.344024005004402833e-01
2.345192197661854216e-01
2.345271717402563627e-01
2.345716094463788648e-01
2.346775110605148762e-01
2.347865714682668414e-01
2.348555922256249651e-01
2.348986095267431573e-01
2.350570606588281986e-01
2.351192938761486606e-01
2.351702649545199530e-01
2.353061557778235446e-01
2.355579998134608721e-01
2.356084971195289146e-01
2.357602349818965215e-01
2.357845553067423883e-01
2.359732247097837687e-01
2.361393819250641180e-01
2.364477682339122810e-01
2.365069815702130762e-01
2.366061721708098975e-01
2.366550526327614035e-01
2.366554454887596637e-01
2.372011166399732862e-01
2.374299743084742065e-01
2.374387852991054204e-01
2.374388222828814066e-01
2.375720715265703387e-01
2.375806463280445979e-01
2.377037779280026519e-01
2.377203367163040204e-01
2.379069055007901057e-01
2.381412407585738744e-01
2.381612870481027988e-01
2.386668872896131333e-01
2.387345864860480060e-01
2.389414312065142598e-01
2.390235986310159655e-01
2.390573507613222570e-01
2.393271917891655887e-01
2.393901582308695930e-01
2.395888377957342552e-01
2.396208752341625059e-01
2.399686010076997889e-01
2.399942070251412096e-01
2.400245776955253485e-01
2.402976668704010776e-01
2.406580891515694154e-01
2.407799474874880163e-01
2.408022900778938324e-01
2.409847640908661381e-01
2.410931863322754443e-01
2.410940276661560910e-01
2.414548873246694094e-01
2.415336825929720876e-01
2.416098854864412171e-01
2.416237317379237581e-01
2.416875992654821115e-01
2.419367694417840220e-01
2.420185344753567058e-01
2.420209541565932210e-01
2.423056441338393430e-01
2.424391852298682093e-01
2.426549764494782824e-01
2.427388141853949188e-01
2.429873017599317730e-01
2.430222395541134783e-01
2.430567464394633170e-01
2.430642445252289563e-01
2.431094699826256700e-01
2.432619710365381549e-01
2.433614926611366025e-01
2.434974665028192820e-01
2.435138134350668115e-01
2.435229274377788133e-01
2.437189272502726933e-01
2.437289184049519775e-01
2.440637507528068961e-01
2.442021511213500196e-01
2.442090484426104324e-01
2.444624042049563239e-01
2.445904087782146408e-01
2.447489257174920996e-01
2.450014200750205984e-01
2.450270606452412681e-01
2.450819705439138130e-01
2.451578747961733473e-01
2.451967179572298039e-01
2.455757094079762948e-01
2.456816361637776669e-01
2.457277558880336665e-01
2.459471503852778129e-01
2.461030000069899526e-01
2.461502675773396265e-01
2.462250979298359344e-01
2.464642786752298809e-01
2.464729562177535860e-01
2.466512870786326250e-01
2.466539033093260724e-01
2.466588983685668590e-01
2.466743174973299313e-01
2.467475529711866955e-01
2.468167681948996439e-01
2.469527718275389694e-01
2.470204908968000879e-01
2.472146049312997362e-01
2.472507938751151157e-01
2.472848048290778034e-01
2.473229485494670976e-01
2.474418074936562961e-01
2.474848225070040986e-01
2.475214948323136432e-01
2.476784596193558896e-01
2.477311000535083740e-01
2.477744792575931054e-01
2.477850030679416560e-01
2.479819862383821349e-01
2.480432328211492066e-01
2.480751232492967306e-01
2.483731910514548613e-01
2.483860803194538336e-01
2.483879196572767734e-01
2.484415855517312921e-01
2.484877511804289008e-01
2.489926532942769721e-01
2.490845087868484853e-01
2.491417002549820015e-01
2.492202196613242382e-01
2.493095345012939779e-01
2.494556435644922077e-01
2.494943194641050799e-01
2.497026881044816238e-01
2.497421150137985879e-01
2.498854645492551707e-01
2.499536892470085592e-01
2.499784673044399552e-01
2.502899286222851072e-01
2.506576120427720378e-01
2.509503676393242122e-01
2.509582919109377142e-01
2.509973417217470915e-01
2.514500060232419676e-01
2.518110757052854920e-01
2.519054266688256494e-01
2.519152893402467064e-01
2.522776547211629250e-01
2.523066468043700383e-01
2.525089954317176200e-01
2.526354016614685838e-01
2.527562310798813217e-01
2.532172041626520320e-01
2.533331883554444386e-01
2.533502747669665878e-01
2.534309647133664023e-01
2.536272273736379090e-01
2.537645203800758531e-01
2.539117845725093470e-01
2.539867994800127371e-01
2.539967577636160767e-01
2.540503416997513808e-01
2.542051725863944678e-01
2.543278979779950988e-01
2.545607445193823759e-01
2.546258469939036706e-01
2.546348912220937621e-01
2.547507202330634435e-01
2.547527747817750488e-01
2.548514960770198456e-01
2.549307837298894763e-01
2.553553337532267764e-01
2.555251298935513060e-01
2.557047058580173005e-01
2.557870005866901830e-01
2.563691841859208620e-01
2.564206114275017212e-01
2.566228177450347037e-01
2.570385975255116140e-01
2.570525079181933403e-01
2.571523030906975871e-01
2.572134108069241143e-01
2.572772188006401950e-01
2.573672816781658046e-01
2.576830261700218672e-01
2.577454381994103705e-01
2.580988867148542587e-01
2.581497788792191384e-01
2.582621485564531305e-01
2.584572118919585826e-01
2.586497877791018585e-01
2.588364832029681484e-01
2.588577455279741368e-01
2.589930296024216538e-01
2.590180053362883816e-01
2.594417370378370724e-01
2.595780636848613598e-01
2.597953263182154471e-01
2.598354204228701669e-01
2.601597784248791956e-01
2.603696913821904602e-01
2.604341976288283012e-01
2.608191429247905813e-01
2.609657247423199378e-01
2.611415009721549385e-01
2.613714238056814021e-01
2.616221856052300954e-01
2.616927184259977279e-01
2.617996667123362320e-01
2.618173903076062015e-01
2.620586948853414477e-01
2.620717916153585958e-01
2.621361085501914823e-01
2.621531516519480243e-01
2.622354120480602235e-01
2.625760584380373852e-01
2.627370740477065203e-01
2.627432306072037260e-01
2.629911196584027722e-01
2.630141035767384339e-01
2.632037832433132274e-01
2.635581864503738214e-01
2.635638539883832232e-01
2.635911535482287626e-01
2.637034676110378562e-01
2.638378944683552052e-01
2.639923986417985202e-01
2.640188440831488514e-01
2.642510312487303392e-01
2.646693095975481413e-01
2.647304918794035622e-01
2.648615446349938951e-01
2.649363817837655510e-01
2.651891373875779334e-01
2.654140558743904865e-01
2.654300311177958949e-01
2.654418560131479032e-01
2.657780408874264033e-01
2.659810022908521421e-01
2.660317014697096138e-01
2.661430592762640823e-01
2.661856109410545845e-01
2.663113463943960202e-01
2.665410343353318834e-01
2.667438570210220461e-01
2.668432276592364039e-01
2.668582357271300776e-01
2.670661480062615500e-01
2.674973178814292196e-01
2.679196828464216473e-01
2.679504788075659505e-01
2.680688233916673768e-01
2.682169541971190507e-01
2.685130782697863761e-01
2.687758593447819866e-01
2.690211096131265855e-01
2.692126689375970439e-01
2.692965715447489528e-01
2.693624275782351973e-01
2.694321357786803040e-01
2.695505243463989786e-01
2.695782795281104205e-01
2.697991701474257709e-01
2.698631043272465835e-01
2.700784399450691375e-01
2.701026690279656473e-01
2.702785460974823084e-01
2.703904054925437284e-01
2.703941137881439305e-01
2.703941254229921820e-01
2.704988603970499561e-01
2.705077818070620310e-01
2.706563159444669298e-01
2.707508493215156631e-01
2.708039865564005888e-01
2.709134680167396558e-01
2.710378628310901594e-01
2.713401032916121780e-01
2.713815726954293406e-01
2.713903689133154162e-01
2.718051059354845700e-01
2.719337340842479800e-01
2.720880013546039256e-01
2.723140392271655719e-01
2.724282586485267665e-01
2.728499123491154310e-01
2.730365209418650352e-01
2.730681384368106035e-01
2.731217809825953746e-01
2.733321839859343960e-01
2.734640253190221415e-01
2.736405876851619734e-01
2.737199761974403733e-01
2.737339420447463256e-01
2.739195681633607160e-01
2.739566937017229864e-01
2.741966244425049770e-01
2.743385752003243416e-01
2.745403215932324947e-01
2.745476873981719246e-01
2.745765381341536693e-01
2.747069685575204145e-01
2.747240459020580672e-01
2.750278159220935215e-01
2.750890299782589032e-01
2.753173210736367671e-01
2.754360260013645201e-01
2.754621340505265525e-01
2.756970282416661977e-01
2.759105341323418448e-01
2.759575984468423671e-01
2.759714029883502673e-01
2.759967806906846177e-01
2.763854820738723683e-01
2.764720850808838337e-01
2.767600120042697509e-01
2.769949328834350188e-01
2.771715601753808045e-01
2.772802919021770118e-01
2.774474450100854472e-01
2.774675533714855979e-01
2.775556471103436951e-01
2.776451235857749777e-01
2.776793917139321888e-01
2.777502075779455515e-01
2.781175153798299271e-01
2.784663482502047760e-01
2.787316097769180212e-01
2.790193876976170828e-01
2.790198074102387404e-01
2.794198264114877150e-01
2.795927026806971916e-01
2.796057128365097566e-01
2.798841829039068196e-01
2.804682999753568828e-01
2.804764912046074365e-01
2.807865146880185736e-01
2.809250289249940469e-01
2.810121846051185091e-01
2.813285320446330395e-01
2.814101853355308047e-01
2.814476937111777821e-01
2.817534000705145258e-01
2.818451650398579034e-01
2.820274932011666569e-01
2.820657786465604611e-01
2.822355659795462990e-01
2.823502956245890760e-01
2.824988293285100593e-01
2.826240722730623545e-01
2.828175724105162492e-01
2.829908143139951981e-01
2.831161521527539304e-01
2.831897633330707764e-01
2.835939160747669718e-01
2.836399446969047333e-01
2.837696692760824924e-01
2.838013182174146110e-01
2.841806010361935808e-01
2.841839320440486261e-01
2.845644681894018979e-01
2.846064623334091936e-01
2.847866833077159487e-01
2.850714530650551581e-01
2.851947475777226182e-01
2.853092606909997664e-01
2.853211995034659054e-01
2.854289046984215816e-01
2.856379890458042858e-01
2.858942698120612858e-01
2.861612328827894958e-01
2.865822142559090180e-01
2.867554043535447961e-01
2.869593087492141592e-01
2.871102877602090264e-01
2.872084602061228398e-01
2.877498611736207246e-01
2.878319381504707009e-01
2.882817842508381134e-01
2.884301419869888528e-01
2.887797055693704373e-01
2.890006649488621737e-01
2.892735775264774767e-01
2.894577387323798434e-01
2.895047088615229081e-01
2.897899643210185006e-01
2.903387555547407017e-01
2.905481751103787258e-01
2.907754735813036229e-01
2.910253824755250074e-01
2.914736014096073191e-01
2.916983595881558200e-01
2.920699771491909180e-01
2.921382716388625789e-01
2.923647831484241788e-01
2.925724350519451900e-01
2.932310795020657279e-01
2.936080220904457860e-01
2.940040823412230497e-01
2.940404673475134900e-01
2.942161867667869579e-01
2.952488665777809329e-01
2.955524533906394025e-01
2.957967867933826156e-01
2.959841593852226560e-01
2.960776404408034246e-01
2.965339201566806748e-01
2.967079904810970281e-01
2.968197871917434005e-01
2.969659407919744143e-01
2.969761932102480961e-01
2.974652602082068498e-01
2.975732989744875323e-01
2.976519482626138746e-01
2.978243866953916297e-01
2.981745717726564382e-01
2.989307286762244997e-01
2.989332578853505784e-01
2.995384067894458213e-01
2.997270573885922329e-01
3.000966439594139890e-01
3.001011390792309164e-01
3.003741923450888307e-01
3.004899219959604739e-01
3.006699400260869348e-01
3.014570398491946412e-01
3.020288659132345233e-01
3.021061915100106132e-01
3.021941101945875841e-01
3.023463577226606636e-01
3.025519872511276964e-01
3.025715300673418318e-01
3.027494378846855572e-01
3.027528592949449426e-01
3.028491259568679150e-01
3.031227899889712973e-01
3.031512581323627664e-01
3.032363085994900787e-01
3.034630158279161827e-01
3.035298170210320445e-01
3.038721941545090011e-01
3.041337097898520470e-01
3.042123740312245861e-01
3.042383666085983762e-01
3.043920212696256122e-01
3.045633102539220816e-01
3.051152281402199073e-01
3.052200430210084692e-01
3.054322339879301240e-01
3.054956345280697150e-01
3.057483923975298223e-01
3.058608571844004254e-01
3.060743557091014644e-01
3.061507539495287866e-01
3.061795299739359377e-01
3.064648846972486407e-01
3.067320015307977155e-01
3.068536463493096722e-01
3.069607443024646165e-01
3.071190079044661125e-01
3.071300570271093267e-01
3.073383062112641784e-01
3.074177002420389604e-01
3.075208619750859351e-01
3.080841438069477078e-01
3.084160509395050265e-01
3.085328971654694441e-01
3.088038717548431955e-01
3.088615227367798033e-01
3.092454239741949107e-01
3.094168420186706459e-01
3.094945795012103984e-01
3.097420752626665608e-01
3.098342248510566610e-01
3.099473326190277378e-01
3.099486596085053725e-01
3.101014122675620488e-01
3.103433529537134583e-01
3.105610889152111698e-01
3.106371728349030525e-01
3.107999473101411558e-01
3.108660382432978375e-01
3.111970325449727182e-01
3.114770658051131957e-01
3.114905802448007521e-01
3.116943651407779181e-01
3.118432006707702042e-01
3.120692401366816360e-01
3.125991342804399498e-01
3.127137430188356437e-01
3.128643050069356280e-01
3.132426646127853265e-01
3.133538546925789814e-01
3.134784723215315871e-01
3.135219512643596662e-01
3.136369289905920898e-01
3.138191891264473510e-01
3.142387364009370243e-01
3.142457096880175160e-01
3.145115429615526481e-01
3.148600236273575437e-01
3.148701496504236474e-01
3.150001365721293856e-01
3.153920437088854611e-01
3.158614390114064530e-01
3.161549485752362942e-01
3.161656281382660416e-01
3.163643021403532152e-01
3.170080591046188778e-01
3.170389037675622745e-01
3.172864759155510361e-01
3.176451078294205144e-01
3.180103879702386727e-01
3.181791320966556036e-01
3.182022660163966732e-01
3.182264400782409686e-01
3.189427672619606913e-01
3.190402493197602163e-01
3.196873522843453053e-01
3.198795949872083599e-01
3.200841560342987946e-01
3.206060616404499131e-01
3.213820209744900902e-01
3.214575458913403461e-01
3.217558630763868721e-01
3.220370477011640364e-01
3.221486804270115578e-01
3.223233761884375381e-01
3.227536943326643759e-01
3.229270516213246789e-01
3.233030929891329008e-01
3.236249042315682001e-01
3.239335775720792454e-01
3.240218979358946427e-01
3.240770118847882686e-01
3.243169765990405740e-01
3.244790516195218966e-01
3.246312725089005036e-01
3.250502138435492072e-01
3.252640160934572866e-01
3.253858130103030599e-01
3.259087304606536062e-01
3.263973989128920450e-01
3.266677969415133220e-01
3.268964589438556612e-01
3.268972907463469912e-01
3.272187147866109647e-01
3.273736153369063984e-01
3.274371255167465855e-01
3.275826747255479732e-01
3.277059042967858660e-01
3.278203296188892946e-01
3.280112590656119598e-01
3.280509992036696465e-01
3.283402028614290091e-01
3.286172231735474680e-01
3.288852384285190777e-01
3.289756304592248437e-01
3.296424122940755375e-01
3.297482436997731803e-01
3.297793034975611826e-01
3.298985664392736217e-01
3.300398296310129709e-01
3.302281481052838918e-01
3.310026421462501367e-01
3.314308518962785222e-01
3.317589689128996322e-01
3.325053213606212199e-01
3.326183501289132760e-01
3.326949179493997044e-01
3.330890473557355791e-01
3.331597988110605590e-01
3.335982888772192068e-01
3.337496246343880091e-01
3.341179330285154458e-01
3.342392470277539274e-01
3.344729221029686950e-01
3.346244303200554548e-01
3.352642651001724872e-01
3.353600152717878258e-01
3.353807797129187418e-01
3.358597785991833673e-01
3.359632679626836094e-01
3.361574878458321036e-01
3.367788270574800236e-01
3.369189941348441630e-01
3.373869405305670033e-01
3.373888100904604559e-01
3.377389770689270265e-01
3.378865044248179905e-01
3.379476109552990160e-01
3.380097434411114543e-01
3.387739850209897652e-01
3.390155908573176391e-01
3.391806336882637885e-01
3.394090895636492911e-01
3.402040724179625220e-01
3.403442753160856871e-01
3.403541108011836069e-01
3.405455372596838948e-01
3.405566366588361205e-01
3.410033185009876400e-01
3.415944784626079311e-01
3.417019542225643303e-01
3.419675307396435882e-01
3.424222990209860318e-01
3.427061573931045602e-01
3.428361475134669711e-01
3.431091685457440255e-01
3.437353963255068146e-01
3.437582780409119132e-01
3.440501450783715609e-01
3.443184101949612885e-01
3.444327810295549908e-01
3.444572825626973644e-01
3.449740939336154999e-01
3.456799686725556264e-01
3.459382992326046069e-01
3.463317853818654313e-01
3.468757639832674711e-01
3.471575483120925010e-01
3.471667402406687919e-01
3.473669801993570228e-01
3.477165235131789434e-01
3.480944214759159605e-01
3.482186141298638793e-01
3.486497317416998865e-01
3.492453072757829569e-01
3.492663451213148251e-01
3.498746553084853272e-01
3.499306068915666867e-01
3.503530070645197725e-01
3.504199388746523924e-01
3.505495522912436268e-01
3.510060055477829399e-01
3.511965775775897081e-01
3.516698827798402371e-01
3.518642192440546435e-01
3.521798476709991355e-01
3.523178381738486520e-01
3.525350806647681301e-01
3.525584911764674811e-01
3.527471847827654550e-01
3.531157601028166448e-01
3.532083400574121401e-01
3.534635206525487683e-01
3.535301494353806917e-01
3.536823910435316631e-01
3.538268652049874063e-01
3.541052099632625016e-01
3.541133290583206583e-01
3.548433935455406751e-01
3.552948008457947338e-01
3.554051218910787568e-01
3.556140418421134819e-01
3.558381157483935797e-01
3.566824555535624275e-01
3.569187107384682589e-01
3.569358012828492410e-01
3.571244580360634080e-01
3.572733990001665805e-01
3.576382456028324719e-01
3.581280516061305930e-01
3.581846045818414259e-01
3.586730322425522588e-01
3.590808260606384028e-01
3.593665328554247473e-01
3.596209184315938279e-01
3.597473313072539480e-01
3.599720299892831821e-01
3.607863534500254654e-01
3.610741505057110112e-01
3.615287617485716809e-01
3.615564040441753835e-01
3.624371493617116746e-01
3.625320710927572021e-01
3.625740133951569355e-01
3.627766715731186031e-01
3.631935248062213573e-01
3.632332745405635333e-01
3.638571503646106930e-01
3.642073950545114402e-01
3.644097692370970587e-01
3.645231628990441286e-01
3.649875101010476852e-01
3.652966322924878217e-01
3.655626322915436210e-01
3.659665433432900961e-01
3.663889567028191796e-01
3.667958224104932996e-01
3.671954573486197471e-01
3.673469695873626262e-01
3.677586941775281559e-01
3.681549456366535189e-01
3.681826235635785038e-01
3.686143507617461457e-01
3.686590480297632366e-01
3.689189514318765850e-01
3.690804911063113036e-01
3.695563707102083595e-01
3.696313281453917909e-01
3.699392505345449611e-01
3.705180395560764284e-01
3.705604780480125093e-01
3.707466080747399695e-01
3.715131387899305304e-01
3.718773801453297279e-01
3.722941166704656357e-01
3.726720056192519004e-01
3.732339642440776761e-01
3.735537449649542485e-01
3.735785670450608720e-01
3.739046209690915501e-01
3.739318257005981305e-01
3.741096944949744429e-01
3.743249776528098649e-01
3.746927097712345334e-01
3.747676166893084693e-01
3.749938176863427119e-01
3.756357699083338608e-01
3.758484093917028313e-01
3.759012262371326241e-01
3.764105611842676335e-01
3.765404839256308867e-01
3.767846391960221197e-01
3.769952111754171220e-01
3.775079397928292058e-01
3.776946522277052631e-01
3.780056520511901330e-01
3.783305358870445168e-01
3.785394321812790563e-01
3.791775879542592098e-01
3.792016135150134692e-01
3.794792308012737148e-01
3.796011142636668279e-01
3.797169201925514326e-01
3.799469166042253598e-01
3.803808644918747484e-01
3.807825845161508238e-01
3.813822171927113702e-01
3.816025328397871785e-01
3.817005153972049536e-01
3.819264866611300491e-01
3.819410822356517632e-01
3.821496261756182622e-01
3.822285251698848141e-01
3.827081616182269053e-01
3.828847348111589222e-01
3.831648850948870533e-01
3.835319792144162854e-01
3.835393195474796624e-01
3.840010026171924995e-01
3.840685889291863275e-01
3.842582774113840194e-01
3.843949995094338434e-01
3.844841556476069622e-01
3.850280451316819286e-01
3.855816081761909153e-01
3.857787054847812147e-01
3.858552645473848353e-01
3.860976827751348983e-01
3.864549243738125139e-01
3.868043726055230835e-01
3.871869087885761451e-01
3.874306004449201146e-01
3.888261127571522313e-01
3.888388523617337111e-01
3.888524038728772281e-01
3.889275060452238031e-01
3.896525214000794990e-01
3.897835387495952042e-01
3.898607749903167385e-01
3.901335384916017057e-01
3.906778522648540752e-01
3.907408682632442232e-01
3.908358773518555984e-01
3.917643102097791430e-01
3.921159400434564568e-01
3.924921358960119511e-01
3.931036915630433115e-01
3.931900928320864463e-01
3.934488216691777174e-01
3.936302754059181064e-01
3.939730536973823916e-01
3.941698672169096640e-01
3.942919205944878658e-01
3.944957066960604330e-01
3.948181034717278548e-01
3.950444422035717107e-01
3.951789378129005881e-01
3.954808254054308359e-01
3.959778125448769059e-01
3.961380951653954430e-01
3.961976295380466584e-01
3.962812218322495639e-01
3.963990758215220067e-01
3.964736312593911682e-01
3.967359049899048529e-01
3.967906141173751511e-01
3.970223198258236441e-01
3.970429957406209631e-01
3.972476434414520252e-01
3.975387663599986299e-01
3.975418429545303223e-01
3.977440436245551214e-01
3.978725354322891761e-01
3.979433044644574147e-01
3.980755401492366286e-01
3.982872024017179990e-01
3.984356957584045400e-01
3.987590310109826452e-01
3.988100929711479448e-01
3.988394197305910049e-01
3.990843213070262574e-01
3.994109643147430444e-01
3.996215611009096835e-01
3.997684638747410202e-01
3.998104478174880350e-01
4.002389890006767814e-01
4.003299718162072196e-01
4.004405114850673186e-01
4.005484434439467445e-01
4.008426179607584294e-01
4.008647910363892231e-01
4.010021953811275797e-01
4.017400095352609002e-01
4.020374105138205256e-01
4.021523978884545270e-01
4.030336874333287356e-01
4.033060599076334629e-01
4.033807287679145870e-01
4.037616432821475310e-01
4.038004470648429156e-01
4.047586498952505107e-01
4.053358064303627661e-01
4.054353475192307155e-01
4.057040049229557743e-01
4.063414772104629313e-01
4.074109819905399887e-01
4.080609013916389749e-01
4.082780803002885595e-01
4.086626354857245125e-01
4.089895074785928619e-01
4.092222320109427658e-01
4.092644992170935692e-01
4.096206420636520629e-01
4.098548746923391106e-01
4.101024463769364914e-01
4.101232118429175011e-01
4.114604537648904325e-01
4.115290841234474084e-01
4.120673967274776639e-01
4.121554086765814029e-01
4.121947869316996971e-01
4.122612962608368514e-01
4.123269367123071349e-01
4.125787438594906709e-01
4.135642532725530840e-01
4.137025875528396179e-01
4.139161100179924446e-01
4.142865530345204439e-01
4.144094688486554268e-01
4.145855465564860509e-01
4.146348189581767762e-01
4.149481938131147629e-01
4.154463543487144639e-01
4.156969055815058489e-01
4.160404420468591380e-01
4.163742295418380590e-01
4.166911570095046535e-01
4.167800929255962572e-01
4.169075298239218741e-01
4.176963904872508793e-01
4.180751926382553219e-01
4.182148728758570688e-01
4.184426177297655980e-01
4.186301465107479247e-01
4.186482449373006287e-01
4.187135203090492919e-01
4.188302436361551195e-01
4.191640881915459360e-01
4.192593525298726198e-01
4.193001956357976234e-01
4.197581365118051022e-01
4.198240823552946144e-01
4.198674324931409574e-01
4.202472800017583721e-01
4.208136328374317836e-01
4.210612286512476765e-01
4.211742195623300322e-01
4.211940520665316545e-01
4.213439741318410481e-01
4.217076095334381658e-01
4.218364036764922220e-01
4.223025237158058443e-01
4.223221172124883016e-01
4.225220259881680707e-01
4.225492422202664633e-01
4.226496590856958502e-01
4.231180664663419244e-01
4.235987800713220119e-01
4.236616270250056493e-01
4.239402958213133177e-01
4.239895812272896913e-01
4.241202257170284540e-01
4.244049062040089471e-01
4.244907737109656076e-01
4.247631272738977559e-01
4.251986422861153136e-01
4.252995143940578870e-01
4.253141332640175687e-01
4.253716218326191734e-01
4.258305777665938319e-01
4.259512860148869651e-01
4.261557891619613403e-01
4.264501850037032971e-01
4.264962785454931571e-01
4.269255059118627904e-01
4.269358667391720541e-01
4.274641190546074609e-01
4.274910956695940900e-01
4.275891171417193215e-01
4.285047178905331267e-01
4.286613181862897748e-01
4.288707944376768944e-01
4.288940140058908890e-01
4.290195372582365496e-01
4.290203622885923607e-01
4.292804099137116913e-01
4.296656704819875050e-01
4.298188394488421937e-01
4.301251364553301260e-01
4.303418715889393287e-01
4.305103257017027785e-01
4.306244306509363629e-01
4.309335862589886990e-01
4.311341214663485522e-01
4.311905945404211904e-01
4.314804552390443804e-01
4.315812567996681892e-01
4.321731436972092721e-01
4.322982936205654880e-01
4.323532778460195680e-01
4.325092087331459667e-01
4.328045199069580073e-01
4.331739100352315908e-01
4.334111442399127267e-01
4.334906948784590375e-01
4.338990864764756816e-01
4.341705760465261466e-01
4.344247189497761896e-01
4.348299885778967311e-01
4.352566163186161741e-01
4.353983855937474390e-01
4.358275238995926726e-01
4.358681148513446346e-01
4.359161555027280532e-01
4.360662162619872162e-01
4.365906979228371676e-01
4.366285884160516217e-01
4.368094412130927306e-01
4.371853794820373951e-01
4.371974971972538149e-01
4.372250423426090049e-01
4.375072242814733725e-01
4.380705754907127658e-01
4.381577122917388323e-01
4.382347098204057989e-01
4.385318773759536159e-01
4.386688475033211354e-01
4.387028871029000077e-01
4.387604345676472395e-01
4.389929263403906101e-01
4.391367358504546514e-01
4.391648789960515553e-01
4.393455185519488659e-01
4.395238331291829170e-01
4.395584482794798742e-01
4.398940190663956917e-01
4.402260542059506232e-01
4.403746454870223759e-01
4.406188725757866353e-01
4.407144339733381488e-01
4.409801202662512742e-01
4.412167198379383093e-01
4.413426960309460578e-01
4.413933054833044656e-01
4.415881334681983628e-01
4.416689425828144722e-01
4.422489505758270267e-01
4.423756912474371972e-01
4.424263510071263505e-01
4.427323744711229581e-01
4.430021718388998941e-01
4.430136754376014507e-01
4.432428210448871031e-01
4.435905315949461580e-01
4.435959764608016220e-01
4.441406177655309317e-01
4.441609134305741224e-01
4.446991499958420357e-01
4.448135756013445463e-01
4.450779218982058860e-01
4.451843417610969467e-01
4.456511324728834600e-01
4.460849721170848103e-01
4.462428473484431057e-01
4.467839247299685290e-01
4.468209793229919735e-01
4.468523145368358263e-01
4.471186650838540055e-01
4.471760489852771303e-01
4.473145439593831929e-01
4.476018288278201807e-01
4.478173970218243816e-01
4.479186578673191588e-01
4.479291452974212273e-01
4.482973895898121897e-01
4.484050911789503879e-01
4.484344745870746385e-01
4.486125757357227184e-01
4.489291699917102862e-01
4.489305005837070373e-01
4.495064665316846342e-01
4.495888357631303567e-01
4.500556285321403727e-01
4.500641957054377085e-01
4.502352411408639954e-01
4.503407788293334324e-01
4.507970108384014019e-01
4.512745279151569866e-01
4.514264586329143070e-01
4.516115838201190114e-01
4.517157535409790925e-01
4.518425806681356516e-01
4.519542894933683552e-01
4.520478566213893545e-01
4.521225997078743841e-01
4.522510400383983886e-01
4.522512503158280239e-01
4.522630955890352689e-01
4.526086897235763185e-01
4.526949582901767521e-01
4.527819339600831494e-01
4.528800164717596277e-01
4.532294027943133963e-01
4.534711075502292354e-01
4.539263633277167420e-01
4.540052168888983886e-01
4.541252125738622913e-01
4.543080521805668015e-01
4.544541120875782991e-01
4.546579711263215584e-01
4.547313532590364638e-01
4.549786755793132631e-01
4.550394886328066324e-01
4.551003805359551957e-01
4.551820765496786270e-01
4.555585195716698732e-01
4.556666059544109970e-01
4.561972770569128199e-01
4.562498296038233203e-01
4.566031483120365775e-01
4.566869345887319964e-01
4.568842746170757585e-01
4.568988589538007794e-01
4.570451136873519005e-01
4.575020310351432529e-01
4.576279536976715079e-01
4.577766587609292115e-01
4.580387240644838709e-01
4.581143315920179204e-01
4.581404940783811996e-01
4.584570831626709753e-01
4.586057400300406761e-01
4.586801386400972125e-01
4.589175256976542605e-01
4.593490912476753119e-01
4.593703672013800809e-01
4.596573171883518993e-01
4.597482866004359847e-01
4.599521289825144743e-01
4.601073418072190169e-01
4.601732694857616490e-01
4.605065788227081236e-01
4.606864801093134565e-01
4.611310427442303350e-01
4.615799919490560788e-01
4.619130081386226272e-01
4.619453652270043564e-01
4.619854774581497736e-01
4.621074901904628218e-01
4.625214468935087142e-01
4.626271506202833117e-01
4.629212852886006591e-01
4.631361337178223625e-01
4.633981906303335507e-01
4.636528473937410744e-01
4.640171571270211848e-01
4.643349404190585950e-01
4.643603558350635763e-01
4.643887428171203369e-01
4.644866279948861587e-01
4.646383444879663149e-01
4.647319514608655999e-01
4.650237489068293484e-01
4.653751758800996896e-01
4.654186589997200141e-01
4.656067708015437234e-01
4.657122718597704325e-01
4.661596962237528619e-01
4.662835784376059833e-01
4.663140155411106269e-01
4.665449139477735319e-01
4.666493566411561433e-01
4.667840989189280809e-01
4.670983676532096673e-01
4.671056900522825850e-01
4.672554066997869904e-01
4.673361847061789920e-01
4.678663251806185475e-01
4.682456078519998677e-01
4.683080607041947285e-01
4.683394086022014124e-01
4.683605813333498458e-01
4.688925180288755490e-01
4.691581611115217543e-01
4.693346779131528645e-01
4.693574799700021005e-01
4.693933177438729953e-01
4.697209041794341289e-01
4.699809569320207436e-01
4.703255063725138019e-01
4.704901174748960524e-01
4.705334765575916456e-01
4.712606731416023043e-01
4.713238084144199536e-01
4.714555573105156383e-01
4.716673686268597621e-01
4.718621608253705246e-01
4.720351969461969444e-01
4.723215294065863934e-01
4.724182684289451317e-01
4.725447557892482608e-01
4.726774164568267600e-01
4.729228534395938377e-01
4.732871860690844867e-01
4.740457895847229874e-01
4.741301785005274660e-01
4.744953442779517583e-01
4.747800997880206597e-01
4.749343537076229915e-01
4.751037242270437222e-01
4.751504517287818419e-01
4.756839981042078058e-01
4.757648039818976327e-01
4.759376730870092942e-01
4.763863327599207054e-01
4.763926957675136964e-01
4.768556509239054164e-01
4.770533487564896924e-01
4.771798692060997826e-01
4.775534452631700622e-01
4.777478038241390057e-01
4.778226103501513333e-01
4.782160562295011963e-01
4.782312943267955641e-01
4.783905081092709177e-01
4.784980059247773143e-01
4.787001483393263923e-01
4.792040648189236363e-01
4.796103887048519532e-01
4.800746951897177928e-01
4.802911244548991876e-01
4.806522353065450504e-01
4.809789354260352034e-01
4.810991249485579435e-01
4.811879064234347858e-01
4.812156689886318284e-01
4.812462459774274337e-01
4.815294794391500877e-01
4.817033378868412208e-01
4.818046704509927891e-01
4.822515163930232163e-01
4.823238540853485024e-01
4.824226564113534010e-01
4.826197483248974018e-01
4.827365784182648389e-01
4.833206203960509484e-01
4.834431610493915565e-01
4.842167627051392476e-01
4.842649286296451527e-01
4.848049945092027802e-01
4.848096098324135572e-01
4.850279771871118251e-01
4.852557207868545830e-01
4.855534036124373176e-01
4.855563468947009520e-01
4.856810354259314400e-01
4.863658377999457993e-01
4.866626821510261491e-01
4.868094918938443705e-01
4.868627825522291452e-01
4.870408486265306314e-01
4.870431786254610929e-01
4.874248056217306835e-01
4.875683564831622130e-01
4.878914758263561691e-01
4.880591164069270627e-01
4.882915387397568918e-01
4.889788498434468056e-01
4.889847308914003765e-01
4.894122527305531101e-01
4.896197467087165522e-01
4.896480438689245762e-01
4.900477616201140973e-01
4.902388303019936111e-01
4.905260956938633510e-01
4.908875268659634861e-01
4.911121317550725118e-01
4.915051239000997052e-01
4.916603674738875829e-01
4.917712678207132870e-01
4.922729338429356893e-01
4.923281923893009226e-01
4.927321201174982845e-01
4.931092467783758648e-01
4.935066459759778756e-01
4.937007933833407192e-01
4.937136930864732820e-01
4.939571345844495087e-01
4.941062660964994357e-01
4.945785353700576925e-01
4.947254611586507367e-01
4.947490532522815787e-01
4.949606738965517949e-01
4.949838101717153327e-01
4.951730286263112402e-01
4.953721212281973485e-01
4.955569864660089863e-01
4.956255595359322363e-01
4.959476096890614860e-01
4.961421888075237541e-01
4.968396053008773405e-01
4.972593703253961883e-01
4.974118963412458294e-01
4.975233242035517200e-01
4.978533488035085663e-01
4.980468039395667401e-01
4.981594928412432233e-01
4.982711504519494738e-01
4.985020665296079900e-01
4.990678358424541217e-01
4.991488774114321014e-01
4.994887663947880641e-01
4.996345392003903596e-01
4.996712796739951057e-01
5.005125389040474548e-01
5.006573792227992925e-01
5.007005919737697042e-01
5.010162896257407406e-01
5.010702395515591601e-01
5.014867546872299187e-01
5.017983038195948930e-01
5.018993564166608357e-01
5.021686103000881918e-01
5.024657242823199477e-01
5.024721503183062765e-01
5.026049107500574209e-01
5.031488703003342833e-01
5.036973835577227554e-01
5.038104130120082402e-01
5.038718029353258521e-01
5.039494893060063596e-01
5.041779060536503154e-01
5.042223047620154608e-01
5.048032809603645310e-01
5.050933982167074010e-01
5.052893053571249071e-01
5.057454167104600273e-01
5.059240838747991464e-01
5.060901073577288578e-01
5.062891533172203529e-01
5.066177928563503352e-01
5.070386698462892028e-01
5.071310807833887546e-01
5.073477077131474111e-01
5.074054041518157865e-01
5.077754038688475635e-01
5.079859570571642058e-01
5.083217215887350093e-01
5.085267575509142546e-01
5.085477667292213066e-01
5.086110443299792783e-01
5.086985500037987107e-01
5.095131074125014425e-01
5.095699289308609492e-01
5.096205037050457465e-01
5.098171911772694243e-01
5.102851010518816288e-01
5.105023345262607037e-01
5.106160672299991932e-01
5.107479174069087247e-01
5.108983751373498139e-01
5.110014481252368457e-01
5.112336948394320402e-01
5.117866811400791915e-01
5.121212707132557496e-01
5.121683530397627138e-01
5.124309789191991982e-01
5.125263700339516282e-01
5.127889431052445879e-01
5.129883482799453276e-01
5.134408157539974704e-01
5.135937039854435726e-01
5.137055060052151401e-01
5.137687313790731958e-01
5.142265510198477108e-01
5.142947834925657435e-01
5.149253153736319533e-01
5.150781764266864071e-01
5.152719785896180404e-01
5.154846765236613670e-01
5.154994256013941678e-01
5.158187790436908893e-01
5.159004695964766185e-01
5.159800005587890093e-01
5.160255304398075893e-01
5.164880762181388585e-01
5.165488917781357880e-01
5.166149325571274264e-01
5.168412788433827121e-01
5.169580234713775369e-01
5.171508357950025392e-01
5.173174032979013237e-01
5.177563518435128742e-01
5.181111239865643370e-01
5.183914937085019048e-01
5.186266182059758867e-01
5.188521389142954909e-01
5.190344251554429578e-01
5.191321851669914444e-01
5.193248776442281889e-01
5.193423204453296860e-01
5.197944028494146940e-01
5.199281053724218449e-01
5.201348064328061849e-01
5.202972199041494550e-01
5.205237104639186541e-01
5.205500826880924414e-01
5.207527860453071700e-01
5.209407744703576926e-01
5.210982577248793879e-01
5.213297504956422301e-01
5.214425772983580787e-01
5.219925133476087664e-01
5.221397501532289986e-01
5.223530001156637681e-01
5.225523570149238628e-01
5.227592958863497286e-01
5.228214710056455772e-01
5.228955974171166643e-01
5.230992417406423733e-01
5.231430922778924630e-01
5.232476515713677667e-01
5.238355891179858892e-01
5.239702139925918045e-01
5.243007551755218820e-01
5.244206988568356209e-01
5.246704904178352002e-01
5.249764533902154806e-01
5.252782422480197777e-01
5.258410241082552838e-01
5.260092616820680744e-01
5.260573830685680852e-01
5.266352399712893595e-01
5.267708010923021211e-01
5.272139784068656798e-01
5.272209369817473235e-01
5.273328774771601779e-01
5.273749775105920357e-01
5.274512020236414855e-01
5.275982642027872149e-01
5.282125038825704610e-01
5.286294771986603802e-01
5.288838445996730808e-01
5.289681168182635007e-01
5.294911907167687559e-01
5.296705079236158076e-01
5.296859471889602267e-01
5.297031092272572739e-01
5.299110548112029306e-01
5.304187418764925166e-01
5.304759500309472742e-01
5.306286029697881990e-01
5.308023722399501931e-01
5.309330617384079298e-01
5.313241226975531362e-01
5.315789728137966241e-01
5.316634858652969919e-01
5.318355210456509052e-01
5.319415341406013020e-01
5.321032293214242870e-01
5.323063326109170879e-01
5.325085472839439227e-01
5.327306529261588430e-01
5.329286254319863803e-01
5.336357997051096591e-01
5.336496869116610364e-01
5.341976210160779281e-01
5.342672223958635502e-01
5.346054071169187294e-01
5.348595545219679837e-01
5.349588228237046605e-01
5.352087503519750156e-01
5.355143029096056662e-01
5.357845755807603139e-01
5.360040747787583326e-01
5.361030760426105379e-01
5.361546467784306103e-01
5.366520017840216150e-01
5.374821954997478501e-01
5.377712793994229301e-01
5.378715624624419434e-01
5.379441857595114174e-01
5.382244840333231251e-01
5.383294292582101459e-01
5.385468024643405016e-01
5.386748601407215231e-01
5.388283311172721302e-01
5.390297124845709886e-01
5.394225068061665462e-01
5.395494487361196523e-01
5.396647981672721972e-01
5.397588731447986454e-01
5.398815677948685110e-01
5.400841989307328950e-01
5.403948760337478063e-01
5.405005363532943141e-01
5.406530446231898601e-01
5.409362566945898898e-01
5.411179079727419516e-01
5.412279072297373483e-01
5.412957327711916955e-01
5.415970712940214593e-01
5.417631755732451593e-01
5.417859211851001611e-01
5.420076004904503808e-01
5.420383636838090879e-01
5.421267836223131464e-01
5.430291675782438210e-01
5.432223251248238238e-01
5.433639204668014866e-01
5.435002021247860027e-01
5.436882669250545641e-01
5.437874497305420496e-01
5.440045000698668920e-01
5.441439648701263954e-01
5.442618466478186257e-01
5.443404645030579525e-01
5.444898000792914861e-01
5.446514678729486025e-01
5.449682844457925945e-01
5.452948017979414308e-01
5.453518403533091918e-01
5.453997233068147432e-01
5.455688059358381192e-01
5.457043228013100933e-01
5.459873984518583967e-01
5.461360472505475405e-01
5.466012008412373113e-01
5.467242470592466042e-01
5.468996884482630882e-01
5.471443192280893708e-01
5.473597813929547140e-01
5.474685893235949896e-01
5.480320956260612553e-01
5.481364920808825536e-01
5.482558522187364058e-01
5.482874673672052390e-01
5.484071920261788247e-01
5.486557611680850099e-01
5.488036753013629809e-01
5.489673119477339602e-01
5.490527608632552736e-01
5.495381802436442031e-01
5.495634402845670508e-01
5.496561515281198629e-01
5.497469977063070834e-01
5.500160930067435894e-01
5.500764407220991581e-01
5.502126012653287823e-01
5.504617108895246691e-01
5.508063636962994281e-01
5.508916370774882276e-01
5.510458221537229972e-01
5.511888760996142000e-01
5.513246757770424722e-01
5.513835919323546442e-01
5.517008462000249081e-01
5.519688762938026461e-01
5.520271338617055434e-01
5.521453654709972403e-01
5.523682237241789306e-01
5.527503067538392933e-01
5.528668628761336246e-01
5.532026094287734175e-01
5.533414282827873176e-01
5.533418057648954447e-01
5.534810345778398144e-01
5.535400686130113046e-01
5.537415597543410284e-01
5.541681837316094761e-01
5.542151872451698269e-01
5.544268477165615883e-01
5.545840530166809001e-01
5.546268213123287660e-01
5.547299615346106272e-01
5.552126211514730736e-01
5.553860148791029960e-01
5.554825999362770217e-01
5.555071685120163139e-01
5.555106815432456768e-01
5.557789331420089907e-01
5.563486991106673107e-01
5.563862195396341859e-01
5.568316275290764450e-01
5.568668372325222826e-01
5.569658804935780916e-01
5.572236931267703364e-01
5.574344600846371511e-01
5.576055178630071607e-01
5.578760431252867136e-01
5.579701109459734854e-01
5.581065975043691951e-01
5.582059479957260928e-01
5.588369672344051242e-01
5.589081148986044800e-01
5.593839115775833815e-01
5.593913699294370545e-01
5.594831555073541685e-01
5.601237325130161704e-01
5.604013508739773552e-01
5.605651378114523409e-01
5.607491152595763806e-01
5.608499122180599095e-01
5.609167567447080893e-01
5.610549743736105155e-01
5.611882025061223356e-01
5.616096032674877669e-01
5.616344073146779525e-01
5.616874839449762513e-01
5.617739398254841809e-01
5.618836735640296842e-01
5.623804940860345214e-01
5.624886654526052299e-01
5.625605175694902149e-01
5.632787088905236716e-01
5.634745758615645750e-01
5.636189811658937066e-01
5.636632423350713683e-01
5.637715445152797766e-01
5.638171231037845121e-01
5.640940339198494691e-01
5.641651569565032664e-01
5.647094800500933598e-01
5.649306202943140676e-01
5.649373156539487795e-01
5.651565194661604119e-01
5.651920997177185546e-01
5.654216636857186673e-01
5.654482809063821058e-01
5.659756921302064869e-01
5.660289893815287909e-01
5.663908307218705751e-01
5.665213978118867066e-01
5.666628987691851860e-01
5.667589481295941534e-01
5.671463210795721910e-01
5.671965480291891737e-01
5.674500194503707684e-01
5.675568303640463608e-01
5.677304074331300798e-01
5.678113252948715495e-01
5.681158567969127882e-01
5.682064616528195167e-01
5.684018158341768157e-01
5.687464312255556820e-01
5.690059634588033877e-01
5.690085535921464155e-01
5.695072783993132548e-01
5.695458859693727227e-01
5.696549557407515341e-01
5.698116250715981046e-01
5.700592068279165536e-01
5.703857161271512766e-01
5.706040655566387843e-01
5.707487726300258801e-01
5.708554775181361451e-01
5.709996163745966191e-01
5.715822766113317632e-01
5.719399624914253133e-01
5.719958274930000419e-01
5.721090258956962327e-01
5.726110894969236309e-01
5.726163135228917733e-01
5.726378864226754350e-01
5.729387904034134449e-01
5.730702090181042374e-01
5.733206595721497267e-01
5.735670492463150749e-01
5.736109180461824719e-01
5.739584608633424567e-01
5.743429832984626726e-01
5.744678740961278729e-01
5.749121812360107331e-01
5.750363558264494079e-01
5.754532320280902891e-01
5.754575389175841105e-01
5.759497799624390124e-01
5.759613764395693503e-01
5.762252829320753111e-01
5.762938682635795340e-01
5.763539254567650039e-01
5.770177927496408232e-01
5.771332476661320543e-01
5.771844674788890739e-01
5.779977341480955211e-01
5.787179465827286817e-01
5.787242930791859363e-01
5.788568057807347289e-01
5.789705960950236596e-01
5.790938842891439897e-01
5.793001593071099853e-01
5.793737444117889046e-01
5.797286312401552788e-01
5.798030642062312889e-01
5.803600540808641073e-01
5.805320200762681404e-01
5.806162375056450609e-01
5.807527208877339975e-01
5.810219785297747741e-01
5.810270849299891127e-01
5.811506189534552114e-01
5.813261402981046988e-01
5.814704798002252595e-01
5.816648141891141988e-01
5.818263631283860926e-01
5.819003211309002888e-01
5.821282480528571224e-01
5.826836515931153038e-01
5.827599732706791880e-01
5.828952450466088342e-01
5.832329668672175949e-01
5.837146971823262698e-01
5.839581386656969020e-01
5.839792787735904600e-01
5.843784265742014705e-01
5.844883343490707706e-01
5.845691031581002894e-01
5.848245664440923086e-01
5.853448363858493320e-01
5.854987102872905025e-01
5.855143711997928824e-01
5.857456006428228834e-01
5.857827523344045773e-01
5.858407656607668157e-01
5.859618011703189300e-01
5.861330419169925587e-01
5.866138646916960742e-01
5.867340883410085972e-01
5.867464580524264228e-01
5.868925359092994620e-01
5.869595160464616823e-01
5.871548182173069730e-01
5.873731081744290039e-01
5.875788772532944959e-01
5.877946083257833410e-01
5.879283699526782758e-01
5.880267744366506344e-01
5.880474868416981638e-01
5.880713514220033966e-01
5.883428352118280635e-01
5.883674841588526494e-01
5.888104631584911708e-01
5.893890522770904861e-01
5.894865712470650498e-01
5.897962296845837837e-01
5.899777524154741215e-01
5.902624647499676858e-01
5.903041797077133168e-01
5.909852601280694007e-01
5.909978189233285883e-01
5.912510923951076469e-01
5.916284222619145883e-01
5.917370280162480567e-01
5.918899054329180842e-01
5.919059489434124188e-01
5.921449714036404188e-01
5.921719608043244376e-01
5.923586512504487311e-01
5.926628586863833537e-01
5.928489126186390346e-01
5.929932264842451284e-01
5.932219596257497507e-01
5.932460068712465118e-01
5.936735137052544520e-01
5.940503920968771556e-01
5.942982707087748340e-01
5.944862399309717160e-01
5.944959483444089976e-01
5.945053156346733481e-01
5.948503740271041673e-01
5.951115090094230009e-01
5.952875016838868882e-01
5.953258350321706249e-01
5.960802352572698304e-01
5.962021783124223928e-01
5.963499236021836403e-01
5.966917915654313953e-01
5.967093082750309918e-01
5.968437450516610454e-01
5.969036130339846480e-01
5.975752392999247320e-01
5.977961807022210694e-01
5.984591195501689498e-01
5.987638827387778973e-01
5.989735591850834373e-01
5.990334673239436913e-01
5.991269066708442281e-01
5.994511404612219430e-01
5.996111904482805954e-01
6.000338520477782600e-01
6.000565525343751760e-01
6.002482118469482097e-01
6.005309104966184419e-01
6.006480927317117136e-01
6.011793269620350211e-01
6.013314120337551749e-01
6.013838662678561153e-01
6.015546087091030447e-01
6.017079044002940913e-01
6.019735849655970528e-01
6.020963862344350659e-01
6.023053881564700562e-01
6.025978181328843775e-01
6.027495102523274806e-01
6.031363748590046203e-01
6.032491809829743090e-01
6.033856981758599636e-01
6.036262101369151978e-01
6.039255482205300174e-01
6.040792726834027793e-01
6.040818270682145608e-01
6.045876798734246549e-01
6.046525068020600635e-01
6.051095926676179904e-01
6.052149939880000495e-01
6.054229385344099823e-01
6.055882140989182760e-01
6.060005340822395281e-01
6.060238946908846902e-01
6.063891090768951386e-01
6.065931819918879420e-01
6.067428716830094437e-01
6.071403699270540022e-01
6.071498835039887965e-01
6.074214422591008855e-01
6.076859613463083676e-01
6.077648982079648654e-01
6.080389884621617558e-01
6.081440977851814145e-01
6.085774528187644083e-01
6.087218636583002773e-01
6.087221520863854707e-01
6.093121411767038476e-01
6.097317262364966295e-01
6.098105478327056073e-01
6.099218472085519149e-01
6.100999513950888797e-01
6.101313235806780089e-01
6.109640095931963000e-01
6.110352222099814101e-01
6.112651405293739737e-01
6.113314689702342708e-01
6.114437349488369700e-01
6.121167367163883322e-01
6.121619864167509029e-01
6.123754932235674353e-01
6.127557636947729147e-01
6.127881317965535590e-01
6.130487876841775874e-01
6.136007520579386254e-01
6.138732555820486381e-01
6.139838473663085106e-01
6.141225147278285279e-01
6.144112272445110268e-01
6.145564773204476028e-01
6.146280354584511274e-01
6.152541096980063129e-01
6.154574322016426180e-01
6.157727326106785526e-01
6.159030541880899934e-01
6.160867410911319286e-01
6.163040582964426362e-01
6.166961689650585221e-01
6.169044338674518624e-01
6.170638133726320529e-01
6.172885818152116233e-01
6.176427494997305256e-01
6.176821754645135387e-01
6.178510912073170713e-01
6.179054195682980311e-01
6.180301162911040480e-01
6.186688741529576818e-01
6.187560602764713424e-01
6.189025639532022005e-01
6.189912767538825467e-01
6.192583162820289866e-01
6.195300677600422690e-01
6.195374788698296831e-01
6.195918717438491097e-01
6.200646241384062396e-01
6.201151860474862776e-01
6.201174066677640484e-01
6.203919894722272899e-01
6.205410843747179994e-01
6.207506494912485850e-01
6.208469053539427129e-01
6.210191940327767224e-01
6.213400248552350957e-01
6.213985527119999519e-01
6.215346342823037107e-01
6.217607531066458026e-01
6.222992997752164746e-01
6.224060297523769103e-01
6.225765010879269479e-01
6.229015718455860329e-01
6.231622009530687345e-01
6.234831692055946561e-01
6.234856350976638595e-01
6.236211960658625264e-01
6.237668688042367071e-01
6.239058069386924643e-01
6.240182323884920779e-01
6.243420532365996367e-01
6.244955092842674471e-01
6.245547803522488728e-01
6.246652747040480902e-01
6.249216479351298315e-01
6.251703331029946353e-01
6.252179080968458535e-01
6.255074229064717661e-01
6.255743463844946062e-01
6.256819280815753004e-01
6.258954852313032280e-01
6.261161397299546127e-01
6.263722291653551766e-01
6.263762847009723966e-01
6.264718894876861732e-01
6.267761716145249240e-01
6.268388574890180198e-01
6.269178695271091506e-01
6.269474334346321065e-01
6.270662839273666300e-01
6.273728882141823560e-01
6.273965389124745995e-01
6.278516673271480331e-01
6.283373283907905948e-01
6.283442420492759695e-01
6.288355845409058231e-01
6.288612169181601042e-01
6.288937129230569578e-01
6.289140844306420064e-01
6.294621851300672422e-01
6.296869243293150564e-01
6.298548505440141332e-01
6.299967727492797875e-01
6.305340002155529477e-01
6.305859063939249776e-01
6.307066156922320754e-01
6.310056198224098800e-01
6.312197702797400778e-01
6.313019380288322768e-01
6.315403179453309424e-01
6.318041584164081348e-01
6.320152190513611545e-01
6.321013685415169947e-01
6.323979057162667505e-01
6.325056456336902722e-01
6.325253181478037723e-01
6.331176111885461477e-01
6.331394429067761509e-01
6.335190746737133782e-01
6.337377669780008826e-01
6.338462136443072659e-01
6.339829417570906900e-01
6.344629869483646711e-01
6.347988561707665900e-01
6.349736492746346217e-01
6.350547602949425663e-01
6.351151920586786126e-01
6.351680106411753401e-01
6.352481085858691090e-01
6.360135271567970427e-01
6.360925908480214996e-01
6.361764344399248872e-01
6.363125284089785616e-01
6.365479398779552156e-01
6.365961268705263576e-01
6.369978191552395641e-01
6.370482719409037431e-01
6.372874207552009507e-01
6.377426466675696348e-01
6.381917440812263642e-01
6.382640520074733814e-01
6.386064467656965560e-01
6.387864711787305527e-01
6.389975040925044425e-01
6.392741236281714867e-01
6.395184267681612855e-01
6.398093503826035588e-01
6.403160233075043672e-01
6.403456905110230801e-01
6.404091857374003549e-01
6.405930246791089466e-01
6.414562472937632709e-01
6.417657967636029026e-01
6.419102234788738315e-01
6.420906501146983469e-01
6.421308040413916673e-01
6.425774748352420795e-01
6.425869601649650820e-01
6.431940019094480876e-01
6.433790833631711781e-01
6.436663874749104508e-01
6.438236816666288442e-01
6.440543800695341936e-01
6.442891479918547715e-01
6.443141936011725912e-01
6.445345439366322315e-01
6.446976145790527246e-01
6.447003749437711928e-01
6.453886760951438317e-01
6.454247157894524856e-01
6.454733027333525719e-01
6.460257155633959414e-01
6.462373171091906343e-01
6.465432792069457646e-01
6.467712773222252798e-01
6.470678286529203405e-01
6.472182511871776844e-01
6.473828084109946035e-01
6.473904830453266479e-01
6.477408168444934722e-01
6.477847085738800414e-01
6.479178474144737798e-01
6.480758822241509121e-01
6.481021326890888945e-01
6.483718977337415978e-01
6.484735757393453870e-01
6.488567563765723634e-01
6.488701254460080836e-01
6.489300311556213119e-01
6.491644747555979089e-01
6.492705679652388540e-01
6.496082347832774495e-01
6.503028448213847845e-01
6.503880047202619252e-01
6.504715661774826962e-01
6.508523653674949117e-01
6.509423978247367293e-01
6.510978239330923456e-01
6.514732230142094016e-01
6.515762297961522620e-01
6.517794587648870763e-01
6.518688567584268734e-01
6.521465633424873287e-01
6.522055468793621635e-01
6.524743733622702102e-01
6.526010064122298449e-01
6.526678054155500286e-01
6.529012737543719025e-01
6.530292128927708273e-01
6.534121105012966613e-01
6.535837198936794712e-01
6.536390171363954948e-01
6.537087630592339771e-01
6.540066085276220464e-01
6.540545363052142624e-01
6.542364749104269128e-01
6.543639836540545707e-01
6.543857904347820664e-01
6.548004507497507953e-01
6.548076020271385023e-01
6.550107613857002464e-01
6.554457996908934492e-01
6.563758644239958695e-01
6.564542983121318676e-01
6.568322294836961284e-01
6.568992633024893779e-01
6.571359507193244021e-01
6.575053672579058706e-01
6.578398919856782712e-01
6.579034794324581936e-01
6.581132392969902822e-01
6.592845133869610352e-01
6.593558616647936521e-01
6.595622180224470776e-01
6.596960204053947674e-01
6.602167407591215120e-01
6.602553715403064460e-01
6.606297605198796496e-01
6.608831803138142114e-01
6.608870306445778775e-01
6.611925213443713423e-01
6.614774205941440499e-01
6.616107372983375257e-01
6.620251232979948997e-01
6.624229954787844710e-01
6.629375444751745006e-01
6.631282104468876337e-01
6.633742900243962959e-01
6.635200563662613238e-01
6.637265140415590237e-01
6.640323088331162582e-01
6.641680372235977403e-01
6.643271340124150548e-01
6.646966250686016098e-01
6.648345073076373790e-01
6.651450573533378430e-01
6.654464074232585569e-01
6.654979214727805292e-01
6.657215046433101469e-01
6.660117115214650996e-01
6.661651122157895566e-01
6.666381838285935224e-01
6.669554859055902840e-01
6.676508579325539650e-01
6.678699327901073124e-01
6.679704530945530516e-01
6.681309652850919711e-01
6.682863536162961804e-01
6.684709622608913104e-01
6.687809831041551245e-01
6.689197273362026408e-01
6.691393883450225122e-01
6.691552382818662936e-01
6.700101576522125013e-01
6.703581610913752487e-01
6.708372255317798238e-01
6.715031232297890007e-01
6.715834959234912027e-01
6.716130568963605274e-01
6.719421901335833613e-01
6.722859837922109394e-01
6.723139497764235584e-01
6.725154379269673299e-01
6.726539753607209127e-01
6.733382419951258191e-01
6.739724314365412861e-01
6.742434094349043505e-01
6.742649763788480799e-01
6.746371113033120537e-01
6.749864984612696794e-01
6.753148541552300710e-01
6.757023729234887810e-01
6.758257953636338522e-01
6.759357392707229240e-01
6.764545626838798231e-01
6.765062885168567908e-01
6.766579267882487647e-01
6.769201003464876409e-01
6.770747553360264570e-01
6.772124306117632830e-01
6.776413632826652211e-01
6.784312107663736935e-01
6.789710807327777875e-01
6.792084429253268940e-01
6.793502025259535726e-01
6.799813553974233260e-01
6.805275534548829164e-01
6.808392514482271007e-01
6.814416910198179966e-01
6.817042967875382997e-01
6.817784775215502968e-01
6.821964947064849127e-01
6.822929506861473703e-01
6.823533414951764575e-01
6.823899526284662453e-01
6.824658460100663238e-01
6.835866377300738872e-01
6.836398287231983950e-01
6.837102038303877194e-01
6.838950071496588956e-01
6.841924145127088464e-01
6.844165144996390282e-01
6.847897707316997762e-01
6.853194019509765145e-01
6.856014931268559209e-01
6.857633164725398522e-01
6.858014681437167859e-01
6.859244877291031939e-01
6.866438588892510575e-01
6.867451934245530909e-01
6.868092465009422165e-01
6.873652153820563049e-01
6.875841057609450857e-01
6.878208276332147264e-01
6.879047021595394718e-01
6.887990934850027891e-01
6.892017995618684445e-01
6.893778343696151945e-01
6.894068193736917483e-01
6.897696956335455098e-01
6.899219863717536150e-01
6.902128289826009455e-01
6.907189075985085136e-01
6.907341389341820070e-01
6.910566999348052297e-01
6.913772009525166462e-01
6.915497318718279995e-01
6.915536935165794707e-01
6.921372498425371056e-01
6.925685383977787657e-01
6.927506413444557420e-01
6.935441244643378855e-01
6.936647657021035585e-01
6.938032868030240552e-01
6.939735311013577324e-01
6.940163243185731856e-01
6.958872460514559100e-01
6.961489744136943880e-01
6.962268920207578260e-01
6.968931604906524191e-01
6.974458459986881964e-01
6.980873684534594226e-01
6.982881874196777972e-01
6.985232311446636366e-01
6.991524949017868806e-01
6.991861650225330571e-01
7.004242318301375780e-01
7.005470055525208073e-01
7.008467500097661507e-01
7.013783331014551425e-01
7.017053510587273335e-01
7.019322056985330960e-01
7.022980985947576693e-01
7.024715801764964684e-01
7.030029313035544014e-01
7.031610807717193490e-01
7.033104769343595519e-01
7.035836396466960130e-01
7.037211775908276401e-01
7.038521535350616976e-01
7.040756352614881974e-01
7.040876231463493173e-01
7.046096946889747192e-01
7.047016065956841491e-01
7.052453874619519780e-01
7.058784544653030624e-01
7.067484586772769806e-01
7.068125664582353140e-01
7.069987014213168219e-01
7.070069874674755894e-01
7.074189217446177347e-01
7.076618107284314840e-01
7.081312838641107277e-01
7.082795604808695966e-01
7.087495858667687276e-01
7.096879612683096861e-01
7.103027596057599480e-01
7.103848577069515891e-01
7.107427252840587961e-01
7.113147070295038343e-01
7.117361776700223963e-01
7.119710561988100705e-01
7.133667923577727832e-01
7.135107886930627252e-01
7.139060658748468402e-01
7.144251589979682127e-01
7.144676740938351589e-01
7.152712447835224419e-01
7.153133543351624102e-01
7.153718578282846075e-01
7.154549838137488349e-01
7.159571483335047670e-01
7.160723890803256664e-01
7.163818460911057784e-01
7.166762156963742969e-01
7.168116194649989392e-01
7.169089551605501986e-01
7.172469818458605539e-01
7.175809625145331827e-01
7.180120212566278859e-01
7.182925714484483803e-01
7.189719023081442284e-01
7.191011436992147399e-01
7.197825466770636504e-01
7.203628012999003793e-01
7.222429456348473664e-01
7.225039400611664719e-01
7.227996634446731683e-01
7.228732743952274165e-01
7.229265971178681083e-01
7.232510580833849678e-01
7.235615566241753172e-01
7.237339938648416071e-01
7.248683058115227285e-01
7.250194450263135471e-01
7.253653155042703027e-01
7.257871559822847152e-01
7.258288101968409789e-01
7.265733217876356731e-01
7.266533546472717653e-01
7.266697904625630811e-01
7.277470428868069163e-01
7.281433186861554496e-01
7.282914200166387131e-01
7.290572190247409656e-01
7.294830681413342344e-01
7.305590776804294917e-01
7.318477152343459968e-01
7.320282824057994242e-01
7.324773525115848560e-01
7.327016174161598006e-01
7.331254731907898003e-01
7.344037594737843344e-01
7.352092337077711370e-01
7.357678093639931083e-01
7.362495339152569374e-01
7.367365661016915812e-01
7.377052670802969336e-01
7.389048468471893782e-01
7.392926105459941555e-01
7.394371617795593155e-01
7.401215907543577943e-01
7.405664252938380931e-01
7.428123210564000489e-01
7.434700419846158592e-01
7.436058702563824729e-01
7.442987722516835047e-01
7.446830578232547238e-01
7.450790568765806032e-01
7.455189477089890771e-01
7.456332836312727919e-01
7.461688028406163742e-01
7.473635267687825934e-01
7.481182682437353959e-01
7.497404806798680932e-01
7.500149276891336925e-01
7.503583951659039686e-01
7.504924929690000024e-01
7.513401797397050164e-01
7.514675147244949116e-01
7.519684812385999395e-01
7.522083131129004840e-01
7.523280053418792690e-01
7.536684366312942362e-01
7.541123969086021006e-01
7.558411189533161822e-01
7.562709988864618760e-01
7.566772850211488377e-01
7.570428356543928983e-01
7.571510460318656710e-01
7.583359595622065630e-01
7.593004904050606463e-01
7.598887678949644009e-01
7.601378696455404205e-01
7.601520664889606094e-01
7.618133393983242962e-01
7.632758706274076488e-01
7.639152070724293253e-01
7.642128134298484810e-01
7.644883867174681047e-01
7.645261311914220981e-01
7.657524441449795605e-01
7.670553300378721850e-01
7.697979642695866875e-01
7.725489996642826984e-01
7.726019482651274028e-01
7.731369833058084895e-01
7.734309635582753417e-01
7.734793204521089871e-01
7.736921550691331362e-01
7.737967457707075614e-01
7.747099195410973582e-01
7.748026768619726834e-01
7.748211090229571996e-01
7.752079869018726477e-01
7.752561925542977850e-01
7.757311907612195467e-01
7.762753879010082514e-01
7.769211245881254557e-01
7.772101068336075835e-01
7.781656548160759135e-01
7.792225584627033852e-01
7.794885873237816787e-01
7.798508129170088621e-01
7.806415385345888414e-01
7.808633126185698936e-01
7.809349201080296732e-01
7.813254220297661812e-01
7.817481349296223625e-01
7.824990056182093978e-01
7.827647849727310536e-01
7.827986545503449189e-01
7.831414872984827635e-01
7.837128482744516456e-01
7.839824521322942275e-01
7.854043700799813177e-01
7.862727553503625622e-01
7.869966040974957222e-01
7.870368333240397307e-01
7.875540073214158943e-01
7.883659750430204172e-01
7.889530213498048283e-01
7.898671815466999924e-01
7.899939732872514053e-01
7.914213487351606791e-01
7.914712269021828561e-01
7.924178596028288446e-01
7.925245830790621504e-01
7.949014463074044468e-01
7.952654879887565142e-01
7.956854300265485680e-01
7.971209335035657206e-01
7.990010363944997085e-01
8.012154062343854743e-01
8.013585389229679334e-01
8.013648498719851965e-01
8.017445117069751381e-01
8.017452520549981365e-01
8.030079746555333076e-01
8.032726473158298131e-01
8.044907460504441277e-01
8.069739165078883003e-01
8.080135513084089061e-01
8.093383860533610585e-01
8.093483650966829535e-01
8.093904201418009592e-01
8.103803201425531233e-01
8.106933663513419264e-01
8.115266267825803626e-01
8.145077590403635437e-01
8.174529744754535088e-01
8.175525944043727788e-01
8.186211644614822536e-01
8.192083052070474603e-01
8.194274127658783824e-01
8.197894567605223948e-01
8.224502551448542587e-01
8.229446634437468377e-01
8.243121471089789321e-01
8.260523909102369666e-01
8.268908174360662944e-01
8.276299159046095477e-01
8.293679553709510932e-01
8.349149760828328271e-01
8.410794223140627413e-01
8.420115199400388661e-01
8.431810618964105108e-01
8.470213771366865707e-01
8.491028101894829705e-01
8.493564533230625324e-01
8.506189942487873967e-01
8.526868413411891057e-01
8.538340811137404840e-01
8.544175378832470358e-01
8.551377295234975362e-01
8.588844644555083674e-01
8.603929406488947107e-01
8.637701684160817850e-01
8.639688868544224132e-01
8.641671988760277756e-01
8.651462861983351127e-01
8.654560411692772126e-01
8.681838018629369769e-01
8.715045872649644920e-01
8.718264634777622701e-01
8.736565383792049833e-01
8.791938702407954276e-01
8.806043000941304877e-01
8.871147813927779957e-01
8.877107157655315106e-01
8.928285001957986244e-01
8.952497623248468761e-01
8.959756816900761311e-01
8.982181936659069388e-01
9.063885378862337472e-01
9.485948502516639014e-01
9.539295320594826100e-01
9.573997830781193485e-01
9.578561832324128389e-01
9.605081376448432184e-01
9.619484679174926667e-01
9.622682378213451848e-01
9.654969449891438460e-01
9.988448854962942436e-01
1.000000000000000000e+00
