# SF-29 N2 candidate (i) i0 field=control2d eps=1 N=12: sorted relative singular values of the dense central-FD Jacobian at the converged state (rows F_i=-q(L_i-S_i); smax=4.375084e+04)
2.858125e-06
4.110497e-06
4.110497e-06
6.749447e-06
6.749447e-06
6.963060e-06
6.963060e-06
7.221304e-06
7.221304e-06
8.505387e-06
8.505387e-06
9.399892e-06
9.399892e-06
1.027758e-05
1.027758e-05
1.176306e-05
1.176306e-05
2.516597e-05
2.516597e-05
2.866235e-05
4.974483e-05
5.395021e-05
5.395021e-05
5.800001e-05
5.800001e-05
8.005898e-05
8.005898e-05
8.143836e-05
8.289858e-05
8.289858e-05
1.026184e-04
1.026184e-04
1.027463e-04
1.027463e-04
1.160340e-04
1.160340e-04
1.198724e-04
1.198724e-04
1.226858e-04
1.226858e-04
1.233002e-04
1.274205e-04
1.274205e-04
1.298188e-04
1.298188e-04
1.394622e-04
1.394622e-04
1.421794e-04
1.421794e-04
1.591605e-04
1.593540e-04
1.593540e-04
1.695216e-04
1.695216e-04
2.044179e-04
2.044179e-04
2.124530e-04
2.124530e-04
2.197563e-04
2.197563e-04
2.218149e-04
2.262872e-04
2.527685e-04
2.527685e-04
2.566084e-04
2.566084e-04
2.725045e-04
2.725045e-04
2.824924e-04
2.824924e-04
2.847646e-04
2.885324e-04
2.885324e-04
2.937944e-04
2.937944e-04
3.003002e-04
3.003002e-04
3.040295e-04
3.040295e-04
3.128134e-04
3.128134e-04
3.214319e-04
3.214319e-04
3.321979e-04
3.321979e-04
3.398179e-04
3.506880e-04
3.506880e-04
3.607126e-04
3.607126e-04
3.714840e-04
3.759347e-04
3.759347e-04
3.794893e-04
3.794893e-04
3.942278e-04
3.942278e-04
3.969364e-04
3.969364e-04
3.994342e-04
3.994342e-04
4.455834e-04
4.455834e-04
4.633594e-04
4.633594e-04
4.650468e-04
4.697415e-04
4.697415e-04
4.777842e-04
4.777842e-04
4.842740e-04
4.842740e-04
4.944627e-04
4.944627e-04
5.265070e-04
5.303279e-04
5.303279e-04
5.349397e-04
5.349397e-04
5.428856e-04
5.428856e-04
5.557956e-04
5.557956e-04
5.570180e-04
5.570180e-04
5.667724e-04
5.877550e-04
5.877550e-04
6.140770e-04
6.140770e-04
6.142149e-04
6.268817e-04
6.268817e-04
6.330758e-04
6.522021e-04
6.522021e-04
6.652749e-04
6.652749e-04
6.706752e-04
6.706752e-04
6.820726e-04
6.936617e-04
6.936617e-04
7.100710e-04
7.100710e-04
7.144637e-04
7.156769e-04
7.156769e-04
7.454626e-04
7.454626e-04
7.487169e-04
7.487169e-04
7.494819e-04
7.494819e-04
7.638997e-04
7.638997e-04
7.670581e-04
7.670581e-04
7.728828e-04
7.784099e-04
7.784099e-04
7.866127e-04
7.866127e-04
7.873064e-04
7.873064e-04
8.052978e-04
8.052978e-04
8.128712e-04
8.128712e-04
8.158981e-04
8.215498e-04
8.215498e-04
8.337271e-04
8.337271e-04
8.370499e-04
8.578804e-04
8.578804e-04
8.700156e-04
8.700156e-04
8.755967e-04
8.755967e-04
8.827735e-04
8.827735e-04
9.094544e-04
9.094544e-04
9.226687e-04
9.251161e-04
9.251161e-04
9.300758e-04
9.300758e-04
9.535727e-04
9.535727e-04
9.557102e-04
9.557102e-04
9.633767e-04
9.633767e-04
9.822605e-04
9.822605e-04
9.831686e-04
9.831686e-04
9.907028e-04
9.907028e-04
9.992796e-04
9.992796e-04
1.004556e-03
1.008618e-03
1.008618e-03
1.013848e-03
1.013848e-03
1.024176e-03
1.024176e-03
1.030507e-03
1.030507e-03
1.048115e-03
1.049968e-03
1.049968e-03
1.056049e-03
1.056049e-03
1.063368e-03
1.063368e-03
1.065478e-03
1.065478e-03
1.074562e-03
1.074562e-03
1.083178e-03
1.083178e-03
1.087055e-03
1.121585e-03
1.121585e-03
1.132047e-03
1.138866e-03
1.147254e-03
1.147254e-03
1.150539e-03
1.150539e-03
1.168084e-03
1.168084e-03
1.173187e-03
1.173187e-03
1.179116e-03
1.179116e-03
1.184634e-03
1.184634e-03
1.201585e-03
1.201585e-03
1.221319e-03
1.221319e-03
1.231125e-03
1.231125e-03
1.236345e-03
1.236345e-03
1.236413e-03
1.236413e-03
1.237468e-03
1.237468e-03
1.249758e-03
1.249758e-03
1.250421e-03
1.250421e-03
1.262318e-03
1.264240e-03
1.264240e-03
1.275759e-03
1.275759e-03
1.290525e-03
1.301487e-03
1.301487e-03
1.305448e-03
1.305448e-03
1.341226e-03
1.341226e-03
1.346527e-03
1.346527e-03
1.355056e-03
1.355056e-03
1.360799e-03
1.360799e-03
1.369817e-03
1.387394e-03
1.387394e-03
1.403820e-03
1.403820e-03
1.413192e-03
1.434688e-03
1.434688e-03
1.446858e-03
1.446858e-03
1.463139e-03
1.463139e-03
1.463171e-03
1.463171e-03
1.467709e-03
1.467709e-03
1.488996e-03
1.497145e-03
1.497145e-03
1.498635e-03
1.498635e-03
1.498772e-03
1.498772e-03
1.500155e-03
1.500155e-03
1.524556e-03
1.525519e-03
1.525519e-03
1.544093e-03
1.544093e-03
1.546441e-03
1.546441e-03
1.568796e-03
1.568796e-03
1.591661e-03
1.591661e-03
1.606287e-03
1.606287e-03
1.615765e-03
1.615765e-03
1.616163e-03
1.626522e-03
1.628334e-03
1.628334e-03
1.655605e-03
1.655605e-03
1.671393e-03
1.671393e-03
1.688177e-03
1.688177e-03
1.690567e-03
1.690567e-03
1.690684e-03
1.691199e-03
1.691199e-03
1.705413e-03
1.705413e-03
1.708307e-03
1.708307e-03
1.716250e-03
1.716250e-03
1.720766e-03
1.720766e-03
1.757406e-03
1.757406e-03
1.765502e-03
1.765502e-03
1.769364e-03
1.782935e-03
1.782935e-03
1.784175e-03
1.784175e-03
1.790130e-03
1.790130e-03
1.797044e-03
1.797044e-03
1.797087e-03
1.797087e-03
1.814141e-03
1.828428e-03
1.828428e-03
1.836834e-03
1.836834e-03
1.854319e-03
1.857634e-03
1.857634e-03
1.864639e-03
1.864639e-03
1.866670e-03
1.866670e-03
1.870148e-03
1.870148e-03
1.872424e-03
1.872424e-03
1.892435e-03
1.892435e-03
1.899264e-03
1.899264e-03
1.911074e-03
1.911074e-03
1.918563e-03
1.918563e-03
1.943292e-03
1.943292e-03
1.950548e-03
1.954716e-03
1.954716e-03
1.955573e-03
1.955573e-03
1.963953e-03
1.963953e-03
1.964122e-03
1.964122e-03
1.979602e-03
1.979602e-03
1.984633e-03
1.984633e-03
1.992702e-03
1.992702e-03
1.993940e-03
1.993940e-03
2.016980e-03
2.016980e-03
2.018087e-03
2.028109e-03
2.028109e-03
2.029132e-03
2.029132e-03
2.029876e-03
2.029876e-03
2.058211e-03
2.059714e-03
2.059714e-03
2.060522e-03
2.060522e-03
2.066009e-03
2.066009e-03
2.069487e-03
2.069487e-03
2.071714e-03
2.071714e-03
2.083450e-03
2.083450e-03
2.118801e-03
2.132370e-03
2.140525e-03
2.140525e-03
2.146379e-03
2.146379e-03
2.147546e-03
2.147546e-03
2.148641e-03
2.148641e-03
2.155390e-03
2.155390e-03
2.158040e-03
2.158040e-03
2.177851e-03
2.177851e-03
2.181247e-03
2.181247e-03
2.181870e-03
2.181870e-03
2.198192e-03
2.208068e-03
2.208068e-03
2.218135e-03
2.235557e-03
2.235557e-03
2.237898e-03
2.237898e-03
2.255291e-03
2.255291e-03
2.272019e-03
2.272019e-03
2.279234e-03
2.279234e-03
2.286576e-03
2.290085e-03
2.290085e-03
2.302095e-03
2.311243e-03
2.311243e-03
2.318891e-03
2.318891e-03
2.328613e-03
2.328613e-03
2.337338e-03
2.337338e-03
2.347666e-03
2.347666e-03
2.347780e-03
2.350926e-03
2.350926e-03
2.376455e-03
2.376455e-03
2.379034e-03
2.379034e-03
2.390248e-03
2.390248e-03
2.399325e-03
2.399325e-03
2.413960e-03
2.413960e-03
2.421690e-03
2.421690e-03
2.423105e-03
2.423105e-03
2.425585e-03
2.425585e-03
2.434263e-03
2.434263e-03
2.436391e-03
2.436391e-03
2.440855e-03
2.440855e-03
2.458455e-03
2.458455e-03
2.459372e-03
2.466791e-03
2.466791e-03
2.469603e-03
2.477514e-03
2.477514e-03
2.496441e-03
2.496441e-03
2.507953e-03
2.507953e-03
2.510983e-03
2.510983e-03
2.528001e-03
2.528001e-03
2.549700e-03
2.549700e-03
2.556516e-03
2.556516e-03
2.558734e-03
2.558734e-03
2.569058e-03
2.569058e-03
2.583020e-03
2.583020e-03
2.588514e-03
2.588514e-03
2.596259e-03
2.596259e-03
2.600664e-03
2.600664e-03
2.602996e-03
2.607894e-03
2.607894e-03
2.617318e-03
2.617318e-03
2.629562e-03
2.629562e-03
2.635745e-03
2.635745e-03
2.640767e-03
2.640767e-03
2.648103e-03
2.648832e-03
2.648832e-03
2.650881e-03
2.650881e-03
2.669699e-03
2.669699e-03
2.669782e-03
2.669782e-03
2.685443e-03
2.685443e-03
2.686569e-03
2.686569e-03
2.701139e-03
2.701139e-03
2.716184e-03
2.716184e-03
2.717912e-03
2.717912e-03
2.718505e-03
2.718505e-03
2.730346e-03
2.730346e-03
2.737562e-03
2.737562e-03
2.761549e-03
2.761549e-03
2.773722e-03
2.773722e-03
2.820250e-03
2.820250e-03
2.826038e-03
2.828469e-03
2.828469e-03
2.836491e-03
2.836491e-03
2.846386e-03
2.846386e-03
2.853097e-03
2.862072e-03
2.862072e-03
2.865856e-03
2.865856e-03
2.897683e-03
2.897683e-03
2.913870e-03
2.913870e-03
2.915467e-03
2.915467e-03
2.950750e-03
2.952246e-03
2.952246e-03
2.957010e-03
2.959111e-03
2.959111e-03
2.962255e-03
2.962255e-03
2.977759e-03
2.977759e-03
2.988681e-03
2.988681e-03
3.007058e-03
3.007058e-03
3.013390e-03
3.013390e-03
3.014909e-03
3.014909e-03
3.030639e-03
3.030639e-03
3.038289e-03
3.038289e-03
3.038580e-03
3.038580e-03
3.067683e-03
3.067683e-03
3.070255e-03
3.070255e-03
3.085879e-03
3.085879e-03
3.091593e-03
3.092098e-03
3.092098e-03
3.118475e-03
3.118475e-03
3.119284e-03
3.119284e-03
3.124028e-03
3.137004e-03
3.137004e-03
3.140932e-03
3.140932e-03
3.169441e-03
3.169441e-03
3.172963e-03
3.177198e-03
3.177198e-03
3.182483e-03
3.182483e-03
3.184576e-03
3.184576e-03
3.184693e-03
3.184693e-03
3.186722e-03
3.186722e-03
3.204864e-03
3.204864e-03
3.206595e-03
3.224495e-03
3.224495e-03
3.250151e-03
3.250151e-03
3.261635e-03
3.261635e-03
3.263488e-03
3.263488e-03
3.272632e-03
3.274353e-03
3.274353e-03
3.285475e-03
3.285475e-03
3.292666e-03
3.292666e-03
3.293343e-03
3.293343e-03
3.295034e-03
3.295034e-03
3.304607e-03
3.304607e-03
3.316717e-03
3.316717e-03
3.317583e-03
3.317583e-03
3.318331e-03
3.318331e-03
3.340897e-03
3.340897e-03
3.343021e-03
3.343021e-03
3.352245e-03
3.352245e-03
3.378777e-03
3.384664e-03
3.384664e-03
3.397609e-03
3.397609e-03
3.407103e-03
3.407103e-03
3.407190e-03
3.407190e-03
3.418593e-03
3.418593e-03
3.429075e-03
3.429075e-03
3.435979e-03
3.453316e-03
3.453316e-03
3.457807e-03
3.457807e-03
3.483556e-03
3.483556e-03
3.491944e-03
3.491944e-03
3.503859e-03
3.503859e-03
3.507811e-03
3.507811e-03
3.524492e-03
3.529805e-03
3.529805e-03
3.535877e-03
3.535877e-03
3.559943e-03
3.559943e-03
3.564763e-03
3.564763e-03
3.577150e-03
3.577150e-03
3.578982e-03
3.582943e-03
3.582943e-03
3.588304e-03
3.588304e-03
3.595198e-03
3.610631e-03
3.610631e-03
3.612984e-03
3.612984e-03
3.613840e-03
3.613840e-03
3.618763e-03
3.618763e-03
3.632346e-03
3.632346e-03
3.634190e-03
3.634190e-03
3.642351e-03
3.642351e-03
3.647273e-03
3.647273e-03
3.647936e-03
3.647936e-03
3.648113e-03
3.648113e-03
3.658363e-03
3.658363e-03
3.670211e-03
3.670211e-03
3.697257e-03
3.742801e-03
3.742801e-03
3.753386e-03
3.753386e-03
3.754084e-03
3.754084e-03
3.757907e-03
3.757907e-03
3.765221e-03
3.765221e-03
3.770923e-03
3.770923e-03
3.786179e-03
3.786179e-03
3.790111e-03
3.795622e-03
3.795622e-03
3.795979e-03
3.795979e-03
3.822754e-03
3.822754e-03
3.825561e-03
3.825561e-03
3.834308e-03
3.834308e-03
3.848051e-03
3.848051e-03
3.849460e-03
3.849460e-03
3.855647e-03
3.878541e-03
3.884509e-03
3.884509e-03
3.887370e-03
3.887370e-03
3.896332e-03
3.896332e-03
3.905643e-03
3.905643e-03
3.906443e-03
3.906443e-03
3.922411e-03
3.934239e-03
3.934239e-03
3.942868e-03
3.952889e-03
3.952889e-03
3.963729e-03
3.963729e-03
3.971220e-03
3.971220e-03
3.974596e-03
3.974596e-03
3.977897e-03
3.977897e-03
4.024952e-03
4.024952e-03
4.029300e-03
4.031760e-03
4.031760e-03
4.032566e-03
4.032566e-03
4.046506e-03
4.046506e-03
4.053474e-03
4.053474e-03
4.057785e-03
4.058644e-03
4.058644e-03
4.101819e-03
4.101819e-03
4.101939e-03
4.101939e-03
4.102613e-03
4.102613e-03
4.123808e-03
4.123808e-03
4.124155e-03
4.124155e-03
4.141594e-03
4.158313e-03
4.158313e-03
4.188994e-03
4.188994e-03
4.191836e-03
4.191836e-03
4.212352e-03
4.212352e-03
4.216991e-03
4.216991e-03
4.225859e-03
4.225859e-03
4.237997e-03
4.237997e-03
4.249670e-03
4.249670e-03
4.257954e-03
4.257954e-03
4.258092e-03
4.271569e-03
4.271569e-03
4.272343e-03
4.272343e-03
4.277775e-03
4.277775e-03
4.278197e-03
4.278197e-03
4.287625e-03
4.287625e-03
4.299111e-03
4.321601e-03
4.321601e-03
4.327121e-03
4.327121e-03
4.332138e-03
4.332138e-03
4.339799e-03
4.339799e-03
4.345175e-03
4.352011e-03
4.352011e-03
4.359053e-03
4.359053e-03
4.385855e-03
4.385855e-03
4.391427e-03
4.391427e-03
4.395554e-03
4.395554e-03
4.407270e-03
4.407270e-03
4.410381e-03
4.410381e-03
4.414753e-03
4.416547e-03
4.427553e-03
4.427553e-03
4.427583e-03
4.438084e-03
4.438084e-03
4.466948e-03
4.466948e-03
4.469034e-03
4.469034e-03
4.474474e-03
4.474474e-03
4.482591e-03
4.482591e-03
4.486337e-03
4.491538e-03
4.491538e-03
4.493898e-03
4.493898e-03
4.515340e-03
4.515340e-03
4.519034e-03
4.519034e-03
4.536705e-03
4.536705e-03
4.544671e-03
4.544671e-03
4.556348e-03
4.556348e-03
4.565055e-03
4.569005e-03
4.569005e-03
4.572444e-03
4.572444e-03
4.580155e-03
4.580155e-03
4.599480e-03
4.599480e-03
4.606267e-03
4.608972e-03
4.608972e-03
4.613960e-03
4.613960e-03
4.638128e-03
4.638128e-03
4.639086e-03
4.639086e-03
4.650624e-03
4.650624e-03
4.700449e-03
4.700449e-03
4.717887e-03
4.717887e-03
4.729443e-03
4.729443e-03
4.729681e-03
4.729681e-03
4.734376e-03
4.734376e-03
4.741369e-03
4.741369e-03
4.748110e-03
4.748110e-03
4.776936e-03
4.776936e-03
4.777228e-03
4.777228e-03
4.781908e-03
4.781908e-03
4.801210e-03
4.801210e-03
4.802798e-03
4.802954e-03
4.802954e-03
4.806051e-03
4.806051e-03
4.813083e-03
4.813083e-03
4.815817e-03
4.836617e-03
4.836617e-03
4.842101e-03
4.842101e-03
4.853894e-03
4.860560e-03
4.860560e-03
4.876403e-03
4.876403e-03
4.900806e-03
4.900806e-03
4.924701e-03
4.924701e-03
4.927208e-03
4.927208e-03
4.943725e-03
4.943725e-03
4.951565e-03
4.951565e-03
4.985980e-03
4.985980e-03
4.986133e-03
4.986133e-03
4.991466e-03
4.991466e-03
4.998071e-03
4.998071e-03
5.013672e-03
5.013672e-03
5.026432e-03
5.026432e-03
5.031735e-03
5.031735e-03
5.033679e-03
5.033679e-03
5.037874e-03
5.038899e-03
5.038899e-03
5.056147e-03
5.056147e-03
5.096515e-03
5.107389e-03
5.135481e-03
5.135481e-03
5.146652e-03
5.146652e-03
5.148898e-03
5.148898e-03
5.156712e-03
5.157434e-03
5.157434e-03
5.160779e-03
5.160779e-03
5.163200e-03
5.163200e-03
5.167176e-03
5.167176e-03
5.170179e-03
5.170179e-03
5.189696e-03
5.189696e-03
5.201419e-03
5.201419e-03
5.204566e-03
5.204566e-03
5.214846e-03
5.214846e-03
5.239479e-03
5.263355e-03
5.263355e-03
5.264002e-03
5.264002e-03
5.265277e-03
5.269548e-03
5.269548e-03
5.283389e-03
5.283389e-03
5.295453e-03
5.295453e-03
5.296057e-03
5.296057e-03
5.322672e-03
5.334989e-03
5.334989e-03
5.346661e-03
5.347152e-03
5.347152e-03
5.356750e-03
5.356750e-03
5.359649e-03
5.359649e-03
5.376461e-03
5.376461e-03
5.379294e-03
5.379294e-03
5.389113e-03
5.389113e-03
5.411901e-03
5.411901e-03
5.425698e-03
5.425698e-03
5.437540e-03
5.437540e-03
5.447230e-03
5.447230e-03
5.448565e-03
5.448792e-03
5.448792e-03
5.476658e-03
5.476658e-03
5.481557e-03
5.481557e-03
5.485900e-03
5.485900e-03
5.496086e-03
5.527030e-03
5.527030e-03
5.539012e-03
5.539012e-03
5.546709e-03
5.546709e-03
5.549091e-03
5.549091e-03
5.551472e-03
5.551472e-03
5.571693e-03
5.571693e-03
5.578973e-03
5.578973e-03
5.588978e-03
5.588978e-03
5.595334e-03
5.595334e-03
5.596549e-03
5.596549e-03
5.622025e-03
5.622025e-03
5.664679e-03
5.664679e-03
5.697173e-03
5.697173e-03
5.710135e-03
5.732464e-03
5.732464e-03
5.761045e-03
5.761045e-03
5.768546e-03
5.768546e-03
5.769887e-03
5.769887e-03
5.776193e-03
5.776193e-03
5.776662e-03
5.776662e-03
5.803129e-03
5.822817e-03
5.822817e-03
5.822959e-03
5.822959e-03
5.847850e-03
5.847850e-03
5.854495e-03
5.854495e-03
5.859078e-03
5.859078e-03
5.862586e-03
5.862586e-03
5.872048e-03
5.872048e-03
5.878469e-03
5.895027e-03
5.895027e-03
5.901958e-03
5.901958e-03
5.916406e-03
5.916406e-03
5.917999e-03
5.917999e-03
5.919865e-03
5.919865e-03
5.921613e-03
5.921613e-03
5.967166e-03
5.967166e-03
5.976801e-03
5.976801e-03
5.989550e-03
5.989550e-03
5.992176e-03
6.013994e-03
6.013994e-03
6.015308e-03
6.015308e-03
6.044790e-03
6.049528e-03
6.049528e-03
6.079276e-03
6.079276e-03
6.082288e-03
6.082288e-03
6.109999e-03
6.139010e-03
6.139010e-03
6.141952e-03
6.155771e-03
6.155771e-03
6.158999e-03
6.158999e-03
6.178276e-03
6.178276e-03
6.190028e-03
6.190028e-03
6.198049e-03
6.214506e-03
6.214506e-03
6.215122e-03
6.215122e-03
6.239061e-03
6.239061e-03
6.260783e-03
6.260783e-03
6.292320e-03
6.292320e-03
6.304077e-03
6.304077e-03
6.305229e-03
6.305229e-03
6.317171e-03
6.317171e-03
6.351500e-03
6.351500e-03
6.354528e-03
6.354528e-03
6.375929e-03
6.375929e-03
6.381073e-03
6.381073e-03
6.384700e-03
6.384700e-03
6.416343e-03
6.416343e-03
6.439421e-03
6.439421e-03
6.444036e-03
6.444036e-03
6.460627e-03
6.460627e-03
6.492623e-03
6.492623e-03
6.501929e-03
6.501929e-03
6.506163e-03
6.506163e-03
6.514368e-03
6.514368e-03
6.549504e-03
6.549504e-03
6.575741e-03
6.575741e-03
6.579424e-03
6.579424e-03
6.594747e-03
6.594747e-03
6.627359e-03
6.627359e-03
6.631369e-03
6.631369e-03
6.633754e-03
6.633754e-03
6.641152e-03
6.644226e-03
6.644226e-03
6.653950e-03
6.679673e-03
6.679673e-03
6.689286e-03
6.689286e-03
6.708794e-03
6.708794e-03
6.719942e-03
6.723912e-03
6.723912e-03
6.731790e-03
6.731790e-03
6.747370e-03
6.747370e-03
6.750604e-03
6.750604e-03
6.756821e-03
6.756821e-03
6.761520e-03
6.763013e-03
6.763013e-03
6.792001e-03
6.792001e-03
6.795852e-03
6.795852e-03
6.807964e-03
6.807964e-03
6.829806e-03
6.829806e-03
6.837560e-03
6.837560e-03
6.854919e-03
6.854919e-03
6.865922e-03
6.865922e-03
6.869818e-03
6.875892e-03
6.875892e-03
6.889192e-03
6.889192e-03
6.920490e-03
6.920490e-03
6.928802e-03
6.953436e-03
6.953436e-03
6.957144e-03
6.957144e-03
6.959538e-03
6.959538e-03
6.991273e-03
6.991273e-03
7.000966e-03
7.000966e-03
7.019550e-03
7.022467e-03
7.022467e-03
7.029494e-03
7.029494e-03
7.066621e-03
7.066621e-03
7.090055e-03
7.090055e-03
7.105998e-03
7.105998e-03
7.122727e-03
7.122727e-03
7.128926e-03
7.156836e-03
7.156836e-03
7.206907e-03
7.206907e-03
7.212793e-03
7.212793e-03
7.224222e-03
7.224222e-03
7.229866e-03
7.229866e-03
7.238298e-03
7.238298e-03
7.262144e-03
7.262144e-03
7.281313e-03
7.281313e-03
7.283278e-03
7.347644e-03
7.347644e-03
7.371290e-03
7.371290e-03
7.375621e-03
7.375621e-03
7.380783e-03
7.380783e-03
7.387965e-03
7.387965e-03
7.392056e-03
7.401817e-03
7.401817e-03
7.420357e-03
7.425448e-03
7.425448e-03
7.435135e-03
7.435135e-03
7.449014e-03
7.449014e-03
7.451326e-03
7.451326e-03
7.464135e-03
7.464135e-03
7.491396e-03
7.491396e-03
7.544055e-03
7.544055e-03
7.561542e-03
7.563524e-03
7.563524e-03
7.573737e-03
7.573737e-03
7.589130e-03
7.589130e-03
7.589206e-03
7.589206e-03
7.630119e-03
7.630119e-03
7.630419e-03
7.642070e-03
7.642070e-03
7.645685e-03
7.645685e-03
7.681281e-03
7.681281e-03
7.689998e-03
7.689998e-03
7.705337e-03
7.720285e-03
7.720285e-03
7.745602e-03
7.745602e-03
7.749554e-03
7.749554e-03
7.760093e-03
7.760093e-03
7.798975e-03
7.798975e-03
7.799269e-03
7.799269e-03
7.809622e-03
7.809622e-03
7.822167e-03
7.822167e-03
7.824659e-03
7.824659e-03
7.832939e-03
7.838996e-03
7.838996e-03
7.847379e-03
7.847379e-03
7.876384e-03
7.876384e-03
7.917086e-03
7.917086e-03
7.925230e-03
7.925230e-03
7.935248e-03
7.935248e-03
7.939538e-03
7.939538e-03
7.949963e-03
7.949963e-03
7.971681e-03
7.971681e-03
7.989665e-03
7.989665e-03
7.996619e-03
7.996619e-03
8.010636e-03
8.010636e-03
8.021438e-03
8.021438e-03
8.030459e-03
8.030459e-03
8.076609e-03
8.076609e-03
8.087687e-03
8.087687e-03
8.098075e-03
8.098075e-03
8.101539e-03
8.101539e-03
8.129182e-03
8.145413e-03
8.145413e-03
8.163372e-03
8.163372e-03
8.170054e-03
8.170054e-03
8.174486e-03
8.174486e-03
8.179223e-03
8.179223e-03
8.190441e-03
8.190441e-03
8.198207e-03
8.198207e-03
8.205234e-03
8.205234e-03
8.285565e-03
8.285565e-03
8.289137e-03
8.291430e-03
8.298831e-03
8.298831e-03
8.306007e-03
8.306007e-03
8.310548e-03
8.310548e-03
8.314769e-03
8.324651e-03
8.324651e-03
8.334142e-03
8.334142e-03
8.360428e-03
8.371254e-03
8.371254e-03
8.397143e-03
8.397143e-03
8.408771e-03
8.408771e-03
8.409884e-03
8.409884e-03
8.450627e-03
8.450627e-03
8.452930e-03
8.452930e-03
8.463104e-03
8.463104e-03
8.464526e-03
8.464526e-03
8.497665e-03
8.497665e-03
8.524218e-03
8.524218e-03
8.542018e-03
8.542018e-03
8.548665e-03
8.548665e-03
8.553143e-03
8.553143e-03
8.591103e-03
8.591103e-03
8.626654e-03
8.626654e-03
8.652426e-03
8.652426e-03
8.660263e-03
8.660263e-03
8.677875e-03
8.691876e-03
8.691876e-03
8.698547e-03
8.698547e-03
8.709214e-03
8.709214e-03
8.710852e-03
8.734172e-03
8.734172e-03
8.738671e-03
8.738671e-03
8.748856e-03
8.748856e-03
8.761185e-03
8.761185e-03
8.802351e-03
8.806768e-03
8.806768e-03
8.808872e-03
8.808872e-03
8.816929e-03
8.816929e-03
8.833460e-03
8.833460e-03
8.839577e-03
8.839577e-03
8.886036e-03
8.886036e-03
8.886224e-03
8.886224e-03
8.906830e-03
8.906830e-03
8.922675e-03
8.922675e-03
8.925266e-03
8.925266e-03
8.935559e-03
8.961460e-03
8.961460e-03
8.965258e-03
8.970111e-03
8.970111e-03
8.970310e-03
8.970310e-03
8.972143e-03
8.972143e-03
8.992788e-03
8.992788e-03
8.998188e-03
8.998188e-03
9.019108e-03
9.033710e-03
9.053129e-03
9.053129e-03
9.056229e-03
9.056229e-03
9.066921e-03
9.066921e-03
9.080847e-03
9.080847e-03
9.096183e-03
9.096183e-03
9.114950e-03
9.115597e-03
9.115597e-03
9.123605e-03
9.140189e-03
9.140189e-03
9.179716e-03
9.179716e-03
9.188426e-03
9.188426e-03
9.190850e-03
9.190850e-03
9.254282e-03
9.254282e-03
9.258649e-03
9.258649e-03
9.295189e-03
9.295189e-03
9.316313e-03
9.316313e-03
9.330699e-03
9.345165e-03
9.345165e-03
9.349366e-03
9.349366e-03
9.400518e-03
9.400518e-03
9.444125e-03
9.444125e-03
9.450250e-03
9.450250e-03
9.461382e-03
9.461382e-03
9.466972e-03
9.466972e-03
9.475393e-03
9.475393e-03
9.503212e-03
9.503212e-03
9.511020e-03
9.511020e-03
9.557146e-03
9.557146e-03
9.569579e-03
9.569579e-03
9.593263e-03
9.596774e-03
9.596774e-03
9.605123e-03
9.605123e-03
9.608990e-03
9.608990e-03
9.639211e-03
9.639211e-03
9.642815e-03
9.642815e-03
9.663167e-03
9.663167e-03
9.663183e-03
9.663183e-03
9.684985e-03
9.684985e-03
9.738949e-03
9.738949e-03
9.741622e-03
9.741622e-03
9.747173e-03
9.781048e-03
9.781048e-03
9.797317e-03
9.799249e-03
9.799249e-03
9.814931e-03
9.814931e-03
9.848397e-03
9.848397e-03
9.856449e-03
9.856449e-03
9.869166e-03
9.869166e-03
9.891509e-03
9.891509e-03
9.915605e-03
9.915605e-03
9.957009e-03
9.957009e-03
9.958824e-03
9.958824e-03
9.988550e-03
9.988550e-03
9.995868e-03
1.000854e-02
1.000854e-02
1.001370e-02
1.001370e-02
1.003750e-02
1.003750e-02
1.004984e-02
1.008757e-02
1.008757e-02
1.011526e-02
1.011526e-02
1.012537e-02
1.012537e-02
1.015940e-02
1.016244e-02
1.016570e-02
1.016570e-02
1.020535e-02
1.020535e-02
1.023002e-02
1.023002e-02
1.025486e-02
1.025486e-02
1.025847e-02
1.025847e-02
1.026732e-02
1.026732e-02
1.028589e-02
1.028589e-02
1.034642e-02
1.035886e-02
1.035886e-02
1.036133e-02
1.036133e-02
1.038189e-02
1.038189e-02
1.038975e-02
1.038975e-02
1.041705e-02
1.041705e-02
1.043507e-02
1.043507e-02
1.048113e-02
1.048113e-02
1.048248e-02
1.048248e-02
1.048303e-02
1.048303e-02
1.049449e-02
1.049449e-02
1.049613e-02
1.049613e-02
1.055902e-02
1.056048e-02
1.056048e-02
1.057891e-02
1.057891e-02
1.059026e-02
1.059026e-02
1.060750e-02
1.060750e-02
1.061776e-02
1.061776e-02
1.063138e-02
1.063138e-02
1.063786e-02
1.063786e-02
1.066849e-02
1.066849e-02
1.067727e-02
1.067727e-02
1.069720e-02
1.069720e-02
1.070089e-02
1.070916e-02
1.070916e-02
1.071980e-02
1.077962e-02
1.077962e-02
1.078919e-02
1.078919e-02
1.081787e-02
1.081787e-02
1.083932e-02
1.083932e-02
1.085984e-02
1.085984e-02
1.088262e-02
1.089395e-02
1.089395e-02
1.090552e-02
1.090552e-02
1.091162e-02
1.091162e-02
1.091382e-02
1.092909e-02
1.092909e-02
1.093416e-02
1.093416e-02
1.094648e-02
1.094648e-02
1.096121e-02
1.096121e-02
1.098206e-02
1.098700e-02
1.098700e-02
1.099395e-02
1.099395e-02
1.103662e-02
1.104572e-02
1.104572e-02
1.107451e-02
1.107451e-02
1.108300e-02
1.111456e-02
1.111456e-02
1.112129e-02
1.112129e-02
1.113467e-02
1.115025e-02
1.115025e-02
1.115252e-02
1.115252e-02
1.118002e-02
1.118002e-02
1.118736e-02
1.118736e-02
1.121693e-02
1.121693e-02
1.121766e-02
1.121766e-02
1.127629e-02
1.127629e-02
1.129217e-02
1.129217e-02
1.131245e-02
1.131245e-02
1.131371e-02
1.131371e-02
1.133573e-02
1.133573e-02
1.133586e-02
1.133586e-02
1.137151e-02
1.139592e-02
1.139592e-02
1.142267e-02
1.142267e-02
1.144295e-02
1.144295e-02
1.148018e-02
1.151981e-02
1.151981e-02
1.152534e-02
1.152534e-02
1.153420e-02
1.153420e-02
1.153479e-02
1.153479e-02
1.160347e-02
1.160347e-02
1.160627e-02
1.160627e-02
1.164333e-02
1.164333e-02
1.165228e-02
1.165228e-02
1.167105e-02
1.167105e-02
1.169440e-02
1.169749e-02
1.169749e-02
1.170127e-02
1.172305e-02
1.172305e-02
1.174301e-02
1.174301e-02
1.175181e-02
1.175181e-02
1.176326e-02
1.176326e-02
1.177218e-02
1.177218e-02
1.178169e-02
1.178169e-02
1.179552e-02
1.179552e-02
1.180217e-02
1.180217e-02
1.184434e-02
1.184434e-02
1.187071e-02
1.187071e-02
1.188158e-02
1.188158e-02
1.188232e-02
1.188232e-02
1.188868e-02
1.188868e-02
1.190187e-02
1.190187e-02
1.195144e-02
1.195144e-02
1.197811e-02
1.197811e-02
1.200662e-02
1.200662e-02
1.202313e-02
1.202313e-02
1.202744e-02
1.202744e-02
1.203521e-02
1.203521e-02
1.205497e-02
1.205497e-02
1.207226e-02
1.207226e-02
1.207767e-02
1.207767e-02
1.208772e-02
1.208772e-02
1.210979e-02
1.215558e-02
1.215558e-02
1.218162e-02
1.218298e-02
1.218298e-02
1.223164e-02
1.223164e-02
1.223340e-02
1.223340e-02
1.224504e-02
1.224504e-02
1.226139e-02
1.226139e-02
1.227683e-02
1.227683e-02
1.234197e-02
1.234197e-02
1.235885e-02
1.235885e-02
1.236485e-02
1.236485e-02
1.237966e-02
1.239255e-02
1.239255e-02
1.240850e-02
1.240850e-02
1.241295e-02
1.242284e-02
1.242284e-02
1.243203e-02
1.243203e-02
1.247046e-02
1.247046e-02
1.249351e-02
1.249351e-02
1.249554e-02
1.249554e-02
1.254143e-02
1.254143e-02
1.254723e-02
1.254723e-02
1.258775e-02
1.258775e-02
1.264163e-02
1.264163e-02
1.265817e-02
1.265817e-02
1.269172e-02
1.269172e-02
1.273028e-02
1.273047e-02
1.273047e-02
1.276381e-02
1.278892e-02
1.278892e-02
1.279505e-02
1.279505e-02
1.280802e-02
1.280802e-02
1.283778e-02
1.283778e-02
1.285676e-02
1.285676e-02
1.286079e-02
1.286079e-02
1.286112e-02
1.286112e-02
1.289916e-02
1.289916e-02
1.295075e-02
1.295249e-02
1.295249e-02
1.296970e-02
1.296970e-02
1.300554e-02
1.300554e-02
1.301884e-02
1.301884e-02
1.305339e-02
1.305339e-02
1.308619e-02
1.310115e-02
1.310115e-02
1.312674e-02
1.312674e-02
1.313079e-02
1.313079e-02
1.315717e-02
1.315717e-02
1.318531e-02
1.318531e-02
1.322736e-02
1.322736e-02
1.324524e-02
1.324524e-02
1.328958e-02
1.328958e-02
1.332159e-02
1.332901e-02
1.332901e-02
1.335398e-02
1.335398e-02
1.342509e-02
1.348436e-02
1.348436e-02
1.348873e-02
1.350739e-02
1.350739e-02
1.352094e-02
1.352094e-02
1.352875e-02
1.352875e-02
1.356134e-02
1.356134e-02
1.358033e-02
1.360329e-02
1.360329e-02
1.364007e-02
1.364007e-02
1.366767e-02
1.366767e-02
1.369491e-02
1.369491e-02
1.376879e-02
1.376879e-02
1.378506e-02
1.378506e-02
1.386899e-02
1.386899e-02
1.392577e-02
1.392577e-02
1.394345e-02
1.394345e-02
1.394686e-02
1.394686e-02
1.398750e-02
1.398750e-02
1.400458e-02
1.400458e-02
1.402260e-02
1.403991e-02
1.403991e-02
1.406772e-02
1.409219e-02
1.409219e-02
1.409891e-02
1.409891e-02
1.410410e-02
1.410410e-02
1.411837e-02
1.411837e-02
1.416173e-02
1.416173e-02
1.417092e-02
1.417201e-02
1.417201e-02
1.422277e-02
1.422277e-02
1.427639e-02
1.427639e-02
1.427786e-02
1.427786e-02
1.429497e-02
1.429497e-02
1.431483e-02
1.431483e-02
1.431784e-02
1.431784e-02
1.436908e-02
1.436908e-02
1.440796e-02
1.440796e-02
1.441700e-02
1.441700e-02
1.443208e-02
1.443208e-02
1.448852e-02
1.448852e-02
1.449419e-02
1.449419e-02
1.451801e-02
1.451801e-02
1.451991e-02
1.455550e-02
1.457344e-02
1.457344e-02
1.458137e-02
1.458137e-02
1.459405e-02
1.459405e-02
1.462912e-02
1.462912e-02
1.467478e-02
1.467478e-02
1.469522e-02
1.469522e-02
1.470564e-02
1.470564e-02
1.472952e-02
1.472952e-02
1.477341e-02
1.477341e-02
1.478217e-02
1.478217e-02
1.485810e-02
1.489769e-02
1.489769e-02
1.492240e-02
1.492240e-02
1.493961e-02
1.493961e-02
1.498148e-02
1.498148e-02
1.499838e-02
1.499838e-02
1.500434e-02
1.500434e-02
1.501274e-02
1.501274e-02
1.503822e-02
1.503822e-02
1.513182e-02
1.513182e-02
1.514970e-02
1.514970e-02
1.518687e-02
1.518687e-02
1.520448e-02
1.520448e-02
1.538058e-02
1.538058e-02
1.538285e-02
1.538285e-02
1.541911e-02
1.541911e-02
1.542141e-02
1.542141e-02
1.546472e-02
1.546472e-02
1.553623e-02
1.553623e-02
1.554905e-02
1.558460e-02
1.558460e-02
1.559726e-02
1.561463e-02
1.562929e-02
1.562929e-02
1.567619e-02
1.567619e-02
1.568268e-02
1.568268e-02
1.570642e-02
1.570642e-02
1.574200e-02
1.574200e-02
1.574667e-02
1.574667e-02
1.577230e-02
1.581606e-02
1.581606e-02
1.588743e-02
1.588743e-02
1.592001e-02
1.592003e-02
1.592003e-02
1.593007e-02
1.593007e-02
1.602860e-02
1.602860e-02
1.605245e-02
1.605245e-02
1.605357e-02
1.605357e-02
1.610499e-02
1.610499e-02
1.611187e-02
1.611187e-02
1.611291e-02
1.612765e-02
1.612765e-02
1.613414e-02
1.613414e-02
1.619562e-02
1.619562e-02
1.624273e-02
1.624273e-02
1.624510e-02
1.624510e-02
1.629618e-02
1.629618e-02
1.633820e-02
1.634074e-02
1.634074e-02
1.634275e-02
1.634275e-02
1.644684e-02
1.644684e-02
1.647606e-02
1.647606e-02
1.649974e-02
1.649974e-02
1.652696e-02
1.652696e-02
1.655157e-02
1.655157e-02
1.660149e-02
1.660149e-02
1.660317e-02
1.666425e-02
1.666425e-02
1.667172e-02
1.667172e-02
1.672982e-02
1.672982e-02
1.674906e-02
1.674906e-02
1.677159e-02
1.677159e-02
1.680024e-02
1.680024e-02
1.684096e-02
1.684096e-02
1.688547e-02
1.688547e-02
1.688557e-02
1.688557e-02
1.690311e-02
1.690311e-02
1.692466e-02
1.697005e-02
1.697005e-02
1.697946e-02
1.697946e-02
1.698497e-02
1.698497e-02
1.701422e-02
1.701422e-02
1.703287e-02
1.703287e-02
1.711861e-02
1.711861e-02
1.723272e-02
1.725052e-02
1.725052e-02
1.725882e-02
1.725882e-02
1.727138e-02
1.727138e-02
1.727529e-02
1.727778e-02
1.727778e-02
1.731310e-02
1.731310e-02
1.736793e-02
1.737650e-02
1.737650e-02
1.752379e-02
1.752379e-02
1.757809e-02
1.761239e-02
1.761239e-02
1.763787e-02
1.763787e-02
1.763868e-02
1.763868e-02
1.766747e-02
1.766747e-02
1.769561e-02
1.769561e-02
1.771661e-02
1.771661e-02
1.774842e-02
1.774842e-02
1.776298e-02
1.776298e-02
1.779206e-02
1.779206e-02
1.784567e-02
1.784567e-02
1.788032e-02
1.788032e-02
1.789348e-02
1.789348e-02
1.789640e-02
1.789640e-02
1.791502e-02
1.791502e-02
1.794521e-02
1.794521e-02
1.803095e-02
1.803095e-02
1.805037e-02
1.805327e-02
1.805327e-02
1.805327e-02
1.805327e-02
1.805803e-02
1.805803e-02
1.809081e-02
1.809081e-02
1.815456e-02
1.815557e-02
1.815557e-02
1.819339e-02
1.819339e-02
1.822504e-02
1.822504e-02
1.826682e-02
1.826682e-02
1.836012e-02
1.836012e-02
1.838154e-02
1.838154e-02
1.840321e-02
1.840321e-02
1.849898e-02
1.851439e-02
1.851439e-02
1.855160e-02
1.855160e-02
1.856374e-02
1.856374e-02
1.856916e-02
1.857565e-02
1.857565e-02
1.862521e-02
1.862521e-02
1.865855e-02
1.866467e-02
1.866467e-02
1.867292e-02
1.867292e-02
1.870101e-02
1.870101e-02
1.874059e-02
1.876437e-02
1.876437e-02
1.882031e-02
1.882031e-02
1.882629e-02
1.895581e-02
1.895581e-02
1.896293e-02
1.896293e-02
1.898144e-02
1.898144e-02
1.903661e-02
1.903661e-02
1.903825e-02
1.903825e-02
1.912785e-02
1.912785e-02
1.923039e-02
1.923039e-02
1.925464e-02
1.930022e-02
1.930022e-02
1.933770e-02
1.933770e-02
1.934814e-02
1.937607e-02
1.937607e-02
1.938507e-02
1.940029e-02
1.940029e-02
1.945038e-02
1.945038e-02
1.945742e-02
1.945742e-02
1.952249e-02
1.952249e-02
1.953627e-02
1.954271e-02
1.954271e-02
1.954560e-02
1.954560e-02
1.959534e-02
1.959534e-02
1.960329e-02
1.960329e-02
1.969102e-02
1.969102e-02
1.978278e-02
1.980116e-02
1.980116e-02
1.981474e-02
1.981474e-02
1.987790e-02
1.987790e-02
1.988912e-02
1.988912e-02
1.990182e-02
1.990182e-02
1.992427e-02
1.992427e-02
1.996654e-02
1.996654e-02
2.000420e-02
2.000420e-02
2.008252e-02
2.008252e-02
2.010742e-02
2.010742e-02
2.011048e-02
2.011048e-02
2.011253e-02
2.011253e-02
2.017490e-02
2.017490e-02
2.018493e-02
2.018493e-02
2.029107e-02
2.029107e-02
2.037964e-02
2.037964e-02
2.040448e-02
2.040448e-02
2.045987e-02
2.045987e-02
2.051278e-02
2.051278e-02
2.055639e-02
2.055639e-02
2.061904e-02
2.061904e-02
2.064806e-02
2.064806e-02
2.069814e-02
2.069814e-02
2.070795e-02
2.070795e-02
2.075336e-02
2.075336e-02
2.080257e-02
2.080257e-02
2.086061e-02
2.086061e-02
2.089268e-02
2.089268e-02
2.097953e-02
2.097953e-02
2.099651e-02
2.099651e-02
2.101392e-02
2.101392e-02
2.102307e-02
2.102307e-02
2.103983e-02
2.103983e-02
2.107229e-02
2.107229e-02
2.116683e-02
2.117737e-02
2.117737e-02
2.117929e-02
2.117929e-02
2.126369e-02
2.126369e-02
2.135537e-02
2.135537e-02
2.142131e-02
2.142131e-02
2.146043e-02
2.146043e-02
2.151395e-02
2.151395e-02
2.159225e-02
2.159225e-02
2.161147e-02
2.161456e-02
2.161456e-02
2.162274e-02
2.162274e-02
2.176004e-02
2.176004e-02
2.182771e-02
2.182771e-02
2.187653e-02
2.187653e-02
2.187661e-02
2.187661e-02
2.188761e-02
2.188761e-02
2.192793e-02
2.196567e-02
2.196567e-02
2.198306e-02
2.202367e-02
2.202367e-02
2.206385e-02
2.206385e-02
2.207374e-02
2.207374e-02
2.209756e-02
2.214368e-02
2.224285e-02
2.224285e-02
2.226956e-02
2.226956e-02
2.227081e-02
2.227081e-02
2.230538e-02
2.230538e-02
2.238077e-02
2.238174e-02
2.238174e-02
2.244031e-02
2.244031e-02
2.250793e-02
2.255543e-02
2.255543e-02
2.258938e-02
2.258938e-02
2.259932e-02
2.259932e-02
2.265984e-02
2.265984e-02
2.267013e-02
2.267013e-02
2.271271e-02
2.271271e-02
2.281628e-02
2.281628e-02
2.281815e-02
2.281815e-02
2.283014e-02
2.283014e-02
2.284592e-02
2.284592e-02
2.291239e-02
2.291239e-02
2.294991e-02
2.294991e-02
2.299767e-02
2.299767e-02
2.304415e-02
2.306205e-02
2.306205e-02
2.309341e-02
2.309341e-02
2.317165e-02
2.317165e-02
2.318331e-02
2.318331e-02
2.323905e-02
2.323905e-02
2.343035e-02
2.343035e-02
2.346723e-02
2.346723e-02
2.352172e-02
2.352172e-02
2.354815e-02
2.354815e-02
2.371970e-02
2.371970e-02
2.379165e-02
2.379585e-02
2.381217e-02
2.381217e-02
2.388807e-02
2.388807e-02
2.388978e-02
2.388978e-02
2.401817e-02
2.401817e-02
2.407228e-02
2.407228e-02
2.409350e-02
2.409350e-02
2.413111e-02
2.413111e-02
2.415089e-02
2.415089e-02
2.431573e-02
2.431573e-02
2.432286e-02
2.432286e-02
2.433492e-02
2.433492e-02
2.442017e-02
2.442017e-02
2.442748e-02
2.442748e-02
2.446719e-02
2.446719e-02
2.449686e-02
2.449686e-02
2.464265e-02
2.464265e-02
2.468422e-02
2.468422e-02
2.487407e-02
2.487407e-02
2.489391e-02
2.494797e-02
2.494797e-02
2.496401e-02
2.496401e-02
2.499430e-02
2.499430e-02
2.506178e-02
2.506178e-02
2.514367e-02
2.514367e-02
2.514487e-02
2.514487e-02
2.515468e-02
2.527040e-02
2.527040e-02
2.528314e-02
2.528314e-02
2.529058e-02
2.529058e-02
2.529759e-02
2.529759e-02
2.542611e-02
2.542611e-02
2.550843e-02
2.550843e-02
2.566361e-02
2.566361e-02
2.566514e-02
2.566514e-02
2.582687e-02
2.582687e-02
2.583309e-02
2.583309e-02
2.587479e-02
2.588393e-02
2.588393e-02
2.592186e-02
2.592186e-02
2.595609e-02
2.595609e-02
2.596466e-02
2.596466e-02
2.601595e-02
2.602224e-02
2.602224e-02
2.607144e-02
2.607144e-02
2.629053e-02
2.629053e-02
2.630348e-02
2.630348e-02
2.633741e-02
2.633741e-02
2.634889e-02
2.634889e-02
2.642121e-02
2.642121e-02
2.656086e-02
2.656086e-02
2.660003e-02
2.660003e-02
2.668530e-02
2.668530e-02
2.679646e-02
2.679646e-02
2.681470e-02
2.681470e-02
2.686070e-02
2.686070e-02
2.699514e-02
2.699514e-02
2.699920e-02
2.699920e-02
2.702464e-02
2.703714e-02
2.703714e-02
2.706807e-02
2.706807e-02
2.716921e-02
2.716921e-02
2.726262e-02
2.738045e-02
2.738045e-02
2.738610e-02
2.738610e-02
2.761159e-02
2.761159e-02
2.768901e-02
2.776131e-02
2.776131e-02
2.788847e-02
2.789977e-02
2.789977e-02
2.791110e-02
2.791589e-02
2.791589e-02
2.792472e-02
2.792472e-02
2.793364e-02
2.793364e-02
2.810598e-02
2.810598e-02
2.815598e-02
2.815598e-02
2.816716e-02
2.831963e-02
2.831963e-02
2.838208e-02
2.841119e-02
2.841119e-02
2.843002e-02
2.843002e-02
2.843888e-02
2.843888e-02
2.858427e-02
2.858427e-02
2.859005e-02
2.859005e-02
2.874295e-02
2.874295e-02
2.876831e-02
2.876831e-02
2.877909e-02
2.877909e-02
2.879796e-02
2.879796e-02
2.884516e-02
2.884516e-02
2.891222e-02
2.891222e-02
2.894339e-02
2.894339e-02
2.912872e-02
2.912872e-02
2.925237e-02
2.925237e-02
2.926792e-02
2.926792e-02
2.930102e-02
2.935057e-02
2.935057e-02
2.944246e-02
2.944246e-02
2.946358e-02
2.946358e-02
2.947086e-02
2.951409e-02
2.951409e-02
2.952615e-02
2.952615e-02
2.956919e-02
2.956919e-02
2.963076e-02
2.963076e-02
2.971726e-02
2.971726e-02
2.988953e-02
2.988953e-02
2.995219e-02
2.995219e-02
2.996142e-02
2.996142e-02
3.001345e-02
3.001345e-02
3.005378e-02
3.005378e-02
3.016264e-02
3.017945e-02
3.017945e-02
3.023773e-02
3.023773e-02
3.031044e-02
3.031044e-02
3.031335e-02
3.031335e-02
3.033480e-02
3.033480e-02
3.034024e-02
3.034024e-02
3.040305e-02
3.040305e-02
3.041889e-02
3.044343e-02
3.044343e-02
3.057150e-02
3.057150e-02
3.064231e-02
3.064231e-02
3.075524e-02
3.075524e-02
3.075907e-02
3.086688e-02
3.086688e-02
3.087532e-02
3.087532e-02
3.091290e-02
3.091290e-02
3.095450e-02
3.102182e-02
3.102182e-02
3.110495e-02
3.110495e-02
3.114667e-02
3.120431e-02
3.120431e-02
3.122076e-02
3.122076e-02
3.123346e-02
3.123346e-02
3.125480e-02
3.125480e-02
3.145014e-02
3.145014e-02
3.150083e-02
3.150083e-02
3.156094e-02
3.156094e-02
3.168708e-02
3.177188e-02
3.177188e-02
3.186952e-02
3.186952e-02
3.196807e-02
3.203307e-02
3.203307e-02
3.207727e-02
3.207727e-02
3.229270e-02
3.229270e-02
3.232259e-02
3.232259e-02
3.237399e-02
3.237399e-02
3.239717e-02
3.239717e-02
3.239927e-02
3.239927e-02
3.243698e-02
3.243698e-02
3.245882e-02
3.245882e-02
3.282974e-02
3.282974e-02
3.293945e-02
3.293945e-02
3.301400e-02
3.301400e-02
3.313021e-02
3.313021e-02
3.337997e-02
3.337997e-02
3.355986e-02
3.355986e-02
3.363794e-02
3.363794e-02
3.364740e-02
3.364740e-02
3.381141e-02
3.381141e-02
3.396127e-02
3.396127e-02
3.400152e-02
3.402467e-02
3.402467e-02
3.429611e-02
3.429611e-02
3.444146e-02
3.444146e-02
3.457082e-02
3.457082e-02
3.460855e-02
3.460855e-02
3.473438e-02
3.473438e-02
3.479966e-02
3.479966e-02
3.490112e-02
3.490112e-02
3.507555e-02
3.507555e-02
3.510033e-02
3.510033e-02
3.510185e-02
3.510185e-02
3.521931e-02
3.521931e-02
3.527593e-02
3.527593e-02
3.528241e-02
3.535395e-02
3.535395e-02
3.554868e-02
3.554868e-02
3.560185e-02
3.560185e-02
3.569414e-02
3.569414e-02
3.570144e-02
3.570144e-02
3.573577e-02
3.577057e-02
3.577057e-02
3.585094e-02
3.585094e-02
3.609172e-02
3.610153e-02
3.610153e-02
3.613612e-02
3.625321e-02
3.633949e-02
3.633949e-02
3.644056e-02
3.644056e-02
3.654069e-02
3.654069e-02
3.673172e-02
3.673172e-02
3.674998e-02
3.674998e-02
3.675362e-02
3.675362e-02
3.678056e-02
3.684489e-02
3.688679e-02
3.688679e-02
3.689270e-02
3.692794e-02
3.692794e-02
3.703671e-02
3.703671e-02
3.705728e-02
3.705728e-02
3.716365e-02
3.716365e-02
3.716714e-02
3.716714e-02
3.723806e-02
3.723806e-02
3.729882e-02
3.729882e-02
3.771422e-02
3.782431e-02
3.782431e-02
3.786142e-02
3.786142e-02
3.811119e-02
3.811119e-02
3.826086e-02
3.829494e-02
3.829494e-02
3.829742e-02
3.829742e-02
3.854113e-02
3.854113e-02
3.859777e-02
3.859777e-02
3.886467e-02
3.886467e-02
3.912449e-02
3.922083e-02
3.966106e-02
3.966106e-02
3.988553e-02
3.988553e-02
3.993827e-02
3.993827e-02
4.004594e-02
4.004594e-02
4.005435e-02
4.006399e-02
4.009663e-02
4.048462e-02
4.052410e-02
4.052410e-02
4.061303e-02
4.066179e-02
4.066179e-02
4.067708e-02
4.067708e-02
4.117170e-02
4.117170e-02
4.132260e-02
4.132260e-02
4.149354e-02
4.149354e-02
4.180668e-02
4.180668e-02
4.203586e-02
4.203586e-02
4.215306e-02
4.215306e-02
4.226226e-02
4.226226e-02
4.259393e-02
4.259393e-02
4.273929e-02
4.273929e-02
4.281703e-02
4.281703e-02
4.283963e-02
4.283963e-02
4.294559e-02
4.294559e-02
4.296066e-02
4.296066e-02
4.299402e-02
4.299402e-02
4.319217e-02
4.362864e-02
4.362864e-02
4.390203e-02
4.390203e-02
4.394359e-02
4.397387e-02
4.427718e-02
4.427718e-02
4.432016e-02
4.432016e-02
4.434002e-02
4.434002e-02
4.437260e-02
4.437260e-02
4.448129e-02
4.448129e-02
4.494098e-02
4.494098e-02
4.494340e-02
4.494340e-02
4.505631e-02
4.505631e-02
4.509777e-02
4.509777e-02
4.529236e-02
4.529236e-02
4.541663e-02
4.541663e-02
4.571444e-02
4.571444e-02
4.581377e-02
4.581377e-02
4.608669e-02
4.608669e-02
4.621095e-02
4.621095e-02
4.651363e-02
4.651363e-02
4.682879e-02
4.682879e-02
4.690011e-02
4.690011e-02
4.691829e-02
4.691829e-02
4.707284e-02
4.707284e-02
4.708619e-02
4.708619e-02
4.713674e-02
4.713674e-02
4.723890e-02
4.723890e-02
4.743768e-02
4.743768e-02
4.753850e-02
4.753850e-02
4.765917e-02
4.765917e-02
4.785909e-02
4.785909e-02
4.802096e-02
4.802096e-02
4.826511e-02
4.826511e-02
4.830921e-02
4.830921e-02
4.856493e-02
4.856493e-02
4.856727e-02
4.856727e-02
4.875763e-02
4.875763e-02
4.890621e-02
4.890621e-02
4.904321e-02
4.904321e-02
4.944411e-02
4.944411e-02
4.947635e-02
4.947635e-02
4.959178e-02
4.977767e-02
4.980119e-02
4.980119e-02
4.994612e-02
4.994612e-02
5.006885e-02
5.006885e-02
5.038208e-02
5.038208e-02
5.046817e-02
5.046817e-02
5.056406e-02
5.056406e-02
5.067568e-02
5.067568e-02
5.070015e-02
5.070015e-02
5.070104e-02
5.070104e-02
5.092460e-02
5.092460e-02
5.095804e-02
5.095804e-02
5.106050e-02
5.118933e-02
5.118933e-02
5.133102e-02
5.133102e-02
5.153775e-02
5.163210e-02
5.166699e-02
5.166699e-02
5.175151e-02
5.175151e-02
5.180657e-02
5.180657e-02
5.197434e-02
5.197434e-02
5.214434e-02
5.214434e-02
5.234307e-02
5.234307e-02
5.244147e-02
5.244147e-02
5.255124e-02
5.255124e-02
5.267933e-02
5.267933e-02
5.299194e-02
5.299194e-02
5.306878e-02
5.306878e-02
5.355508e-02
5.355508e-02
5.366771e-02
5.366771e-02
5.381628e-02
5.399367e-02
5.456287e-02
5.470471e-02
5.470471e-02
5.496010e-02
5.496010e-02
5.530462e-02
5.530462e-02
5.592535e-02
5.592535e-02
5.594617e-02
5.602601e-02
5.602601e-02
5.626033e-02
5.626033e-02
5.641724e-02
5.641724e-02
5.684037e-02
5.684037e-02
5.722609e-02
5.722609e-02
5.723715e-02
5.723715e-02
5.760221e-02
5.760221e-02
5.802158e-02
5.835889e-02
5.835889e-02
5.856242e-02
5.856242e-02
5.880242e-02
5.881223e-02
5.881223e-02
5.893498e-02
5.893498e-02
5.920725e-02
5.920725e-02
5.926389e-02
5.926389e-02
5.939032e-02
5.939032e-02
5.940562e-02
5.940562e-02
5.950230e-02
5.978906e-02
5.978906e-02
5.988467e-02
5.988467e-02
5.999653e-02
5.999653e-02
6.026575e-02
6.026575e-02
6.055970e-02
6.055970e-02
6.067621e-02
6.067621e-02
6.151601e-02
6.151601e-02
6.323986e-02
6.323986e-02
6.352875e-02
6.352875e-02
6.391211e-02
6.391211e-02
6.411827e-02
6.411827e-02
6.438260e-02
6.438260e-02
6.456138e-02
6.456138e-02
6.469218e-02
6.469218e-02
6.510901e-02
6.510901e-02
6.559513e-02
6.559513e-02
6.645645e-02
6.645645e-02
6.653410e-02
6.653410e-02
6.719546e-02
6.719546e-02
6.744798e-02
6.744798e-02
6.746475e-02
6.812585e-02
6.812585e-02
6.885516e-02
6.885516e-02
6.894139e-02
6.894139e-02
6.939472e-02
6.939472e-02
6.954450e-02
6.954450e-02
6.980983e-02
6.984986e-02
6.984986e-02
7.005241e-02
7.005241e-02
7.017369e-02
7.017369e-02
7.036092e-02
7.036092e-02
7.069676e-02
7.069676e-02
7.090941e-02
7.090941e-02
7.109599e-02
7.109599e-02
7.134581e-02
7.134581e-02
7.140143e-02
7.140143e-02
7.211802e-02
7.211802e-02
7.423705e-02
7.423705e-02
7.437277e-02
7.437277e-02
7.442756e-02
7.478590e-02
7.478590e-02
7.500256e-02
7.500256e-02
7.503877e-02
7.507231e-02
7.507231e-02
7.514418e-02
7.516467e-02
7.516467e-02
7.536275e-02
7.536275e-02
7.600999e-02
7.600999e-02
7.650455e-02
7.650455e-02
7.694994e-02
7.694994e-02
7.828314e-02
7.828314e-02
7.831931e-02
7.832040e-02
7.832040e-02
7.897649e-02
7.897649e-02
7.922123e-02
7.922123e-02
7.941802e-02
7.941802e-02
7.944360e-02
7.944360e-02
7.957525e-02
7.957525e-02
8.003720e-02
8.003720e-02
8.078826e-02
8.078826e-02
8.095887e-02
8.095887e-02
8.106683e-02
8.106683e-02
8.124894e-02
8.124894e-02
8.130788e-02
8.130788e-02
8.135917e-02
8.147750e-02
8.147750e-02
8.152078e-02
8.152078e-02
8.160374e-02
8.160374e-02
8.178146e-02
8.178146e-02
8.352278e-02
8.352278e-02
8.389633e-02
8.411153e-02
8.411153e-02
8.413852e-02
8.413852e-02
8.419999e-02
8.419999e-02
8.506530e-02
8.506530e-02
8.530200e-02
8.530200e-02
8.560792e-02
8.560792e-02
8.586258e-02
8.586258e-02
8.590726e-02
8.590726e-02
8.626275e-02
8.626275e-02
8.634387e-02
8.639960e-02
8.658376e-02
8.658376e-02
8.702277e-02
8.702277e-02
8.703016e-02
8.703016e-02
8.796737e-02
8.796737e-02
8.813016e-02
8.813016e-02
8.828717e-02
8.868252e-02
8.868252e-02
8.906443e-02
8.911199e-02
8.911199e-02
8.939637e-02
8.939637e-02
8.998020e-02
9.175737e-02
9.175737e-02
9.297196e-02
9.297196e-02
9.298942e-02
9.298942e-02
9.408846e-02
9.408846e-02
9.489354e-02
9.489354e-02
9.598064e-02
9.598064e-02
9.674759e-02
9.841525e-02
9.841525e-02
9.909118e-02
9.999283e-02
1.002436e-01
1.002436e-01
1.008810e-01
1.008810e-01
1.010095e-01
1.029350e-01
1.029350e-01
1.030184e-01
1.030184e-01
1.032225e-01
1.032225e-01
1.034484e-01
1.034484e-01
1.038628e-01
1.038628e-01
1.046364e-01
1.046364e-01
1.063746e-01
1.063746e-01
1.066880e-01
1.066880e-01
1.072097e-01
1.072097e-01
1.118640e-01
1.118640e-01
1.123084e-01
1.123084e-01
1.130001e-01
1.134738e-01
1.134738e-01
1.136941e-01
1.136941e-01
1.147329e-01
1.147329e-01
1.148837e-01
1.148837e-01
1.149982e-01
1.153215e-01
1.153215e-01
1.164337e-01
1.164337e-01
1.208810e-01
1.208810e-01
1.228934e-01
1.228934e-01
1.244114e-01
1.244114e-01
1.257867e-01
1.329932e-01
1.329932e-01
1.337427e-01
1.337427e-01
1.342979e-01
1.342979e-01
1.343253e-01
1.343253e-01
1.356194e-01
1.356194e-01
1.357170e-01
1.357170e-01
1.407405e-01
1.407405e-01
1.417594e-01
1.417594e-01
1.429561e-01
1.429561e-01
1.532676e-01
1.532676e-01
1.549367e-01
1.549367e-01
1.564978e-01
1.564978e-01
1.571209e-01
1.571209e-01
1.601574e-01
1.601574e-01
1.616458e-01
1.616458e-01
1.651485e-01
1.651485e-01
1.657267e-01
1.657267e-01
1.674374e-01
1.674374e-01
1.676877e-01
1.706949e-01
1.706949e-01
1.707458e-01
1.707458e-01
1.710550e-01
1.710550e-01
1.747159e-01
1.747159e-01
1.817046e-01
1.817046e-01
1.844963e-01
1.886462e-01
1.886462e-01
2.779179e-01
3.053783e-01
3.817698e-01
3.817698e-01
3.853489e-01
3.853489e-01
5.622820e-01
5.622820e-01
5.747638e-01
5.747638e-01
6.147173e-01
6.147173e-01
6.160982e-01
6.160982e-01
7.029225e-01
7.029225e-01
8.778225e-01
8.778225e-01
8.826414e-01
8.826414e-01
1.000000e+00
1.000000e+00
