# sorted relative singular values (reduced_hessian) field=generic3d eps=0.5 N=12 n=3311
8.390544225491067005e-04
8.803900266610597452e-04
9.673774516262144581e-04
1.041461726780513845e-03
1.154948415496577507e-03
1.174097465590105997e-03
1.285746220730959923e-03
1.290119634139150640e-03
1.404714199785188442e-03
1.443854062437317743e-03
1.545416962945233294e-03
1.589939958714011456e-03
1.956410014762792124e-03
1.969074278878137508e-03
2.282029392132397388e-03
2.295969999041698462e-03
2.489252863170816031e-03
2.499527849192688476e-03
2.771009058551659673e-03
2.780343261918152755e-03
2.853868040274616831e-03
2.900485938074620976e-03
2.995710551177792596e-03
3.010394747263764326e-03
3.411500369294203326e-03
3.546766873069508857e-03
3.623812129420412448e-03
4.045641360215433864e-03
4.156047183253059815e-03
4.178907339473155250e-03
4.600507082613402438e-03
4.626754264742067961e-03
4.694588895720743643e-03
4.933240293661941313e-03
5.023504987484671107e-03
5.155030202660744638e-03
5.170424638893789289e-03
5.224864333629051540e-03
5.254827032017799111e-03
5.383197202285140183e-03
5.709097011495666181e-03
5.893485462951522993e-03
6.114801261639281858e-03
6.175856921546208668e-03
6.264526924016144277e-03
6.430600682374810161e-03
6.582543220982662452e-03
6.653870915923567123e-03
6.700162189289185846e-03
6.781917399818059022e-03
6.863848075914722076e-03
6.947833656828150510e-03
7.099033914528188674e-03
7.279907632700443644e-03
7.416938163358957094e-03
7.515351207049356802e-03
7.647389771071444638e-03
7.720162020864624296e-03
7.821988267749942214e-03
7.886395431794979149e-03
8.025761026875322460e-03
8.039637436730260114e-03
8.206732999284338873e-03
8.273506647042081288e-03
8.279952443496467127e-03
8.318430429475607776e-03
8.374048880776968976e-03
8.438385730960826225e-03
8.534013730319745666e-03
8.617466365726437691e-03
8.654646058641184136e-03
8.764846012004280998e-03
8.823373555838785395e-03
8.906677691666727362e-03
9.041836378600042953e-03
9.093569404265939432e-03
9.139359715018858035e-03
9.287356111637643657e-03
9.378592373293179185e-03
9.523239535595716398e-03
9.537902149782921321e-03
9.713450391366104664e-03
9.791796602648941347e-03
9.833747309060454633e-03
1.001883049110696700e-02
1.009462889198694223e-02
1.016012922295821824e-02
1.024349157094080892e-02
1.045277269417153529e-02
1.054999753606814319e-02
1.069963001424186454e-02
1.073412094336610723e-02
1.079924365267869585e-02
1.082328777362129811e-02
1.100786866236480935e-02
1.109189498607062244e-02
1.113095839985096813e-02
1.128019035533158604e-02
1.136642733534501577e-02
1.142447121978548176e-02
1.158739353345819741e-02
1.162786651818993947e-02
1.166844605956657288e-02
1.182246276303734397e-02
1.192529775461000086e-02
1.201555920879137686e-02
1.208429710554095871e-02
1.215304853416459933e-02
1.238805899313007337e-02
1.241334070319542911e-02
1.249095640387126900e-02
1.252431095061511644e-02
1.255987220675162420e-02
1.273613067564126518e-02
1.278719407086761906e-02
1.281129075258175855e-02
1.300953904683767662e-02
1.311743328228152580e-02
1.313436310778444763e-02
1.324303410411202531e-02
1.330301635541494311e-02
1.339482880933090189e-02
1.352958045771424263e-02
1.364761926706728294e-02
1.379740380337710244e-02
1.382689135462774124e-02
1.392941294551132414e-02
1.398463466475217444e-02
1.408233910225806414e-02
1.417602517813037859e-02
1.438109985994884439e-02
1.455963874433796428e-02
1.469442150735115159e-02
1.474817252538816910e-02
1.484905550711677902e-02
1.493413389517559385e-02
1.498877833447043346e-02
1.520987786901742758e-02
1.533358184173337288e-02
1.539938249157762722e-02
1.544618655536167916e-02
1.556478413169688942e-02
1.570593004771568893e-02
1.579677082763161072e-02
1.593910968709210535e-02
1.594416768384250560e-02
1.610407972085362710e-02
1.622516653476710827e-02
1.631879520141886822e-02
1.643441509971532710e-02
1.648616993747997056e-02
1.661603124618739671e-02
1.662475474647369389e-02
1.675937143328453185e-02
1.684932043003803739e-02
1.696210802121173034e-02
1.706865116893688597e-02
1.710747133132787742e-02
1.720864686026469040e-02
1.725435847643367812e-02
1.729608324868499303e-02
1.732115544251652123e-02
1.754498454299089488e-02
1.755891296378669572e-02
1.766930228599832356e-02
1.771934790315375652e-02
1.778067937216664188e-02
1.792916756843213749e-02
1.798400090908598356e-02
1.806597364165117223e-02
1.812140539554701543e-02
1.820149383427263623e-02
1.833154354424362809e-02
1.843248610163737700e-02
1.847195127083736677e-02
1.848576920664180695e-02
1.862839370925912022e-02
1.881127242680721845e-02
1.885947220202394484e-02
1.890596158049478656e-02
1.904895343204986158e-02
1.906723479196362203e-02
1.923792415533747552e-02
1.926393178208428772e-02
1.945443103774350049e-02
1.959509615288644938e-02
1.972261360589959781e-02
1.974455341317607818e-02
1.976620736791965399e-02
1.978406312697499753e-02
1.994677499620133021e-02
2.006678133277158688e-02
2.009426859022659176e-02
2.015885317447051184e-02
2.030086276954834457e-02
2.037331629310775924e-02
2.045719298548854051e-02
2.054025424869415292e-02
2.064076300775004660e-02
2.067224783330133542e-02
2.070802311233702411e-02
2.083242227160232718e-02
2.094899540503189841e-02
2.103974543242446288e-02
2.108343594780564406e-02
2.123425995445478096e-02
2.130420182803105869e-02
2.131913271114137254e-02
2.139817894250706232e-02
2.146322048988824963e-02
2.152945272071267804e-02
2.163191924409981967e-02
2.177231820514110086e-02
2.188411007225183127e-02
2.195749259828246730e-02
2.196472144995977385e-02
2.214409448855973392e-02
2.220102737522424916e-02
2.224056744140663622e-02
2.232107385040845229e-02
2.242679794360534148e-02
2.250430942325681860e-02
2.258663705800684207e-02
2.266530051259411926e-02
2.275883955799834837e-02
2.286171599628107620e-02
2.290271030870866253e-02
2.295541537148705277e-02
2.305595129245428809e-02
2.311214709799802938e-02
2.315074331816370859e-02
2.326782741109550620e-02
2.331915974748674514e-02
2.343567741934299981e-02
2.354726875466025757e-02
2.365512056387068796e-02
2.371436075988074196e-02
2.380047063988327896e-02
2.386331187095204129e-02
2.391540305990930149e-02
2.415188038244490965e-02
2.418323677235063515e-02
2.438005899838864218e-02
2.444796609409360597e-02
2.448020973193805114e-02
2.461714521570701128e-02
2.472676611394438242e-02
2.483065042128551614e-02
2.490063678904267525e-02
2.503510976563013551e-02
2.508893066223137278e-02
2.518079719823196339e-02
2.525967592649691618e-02
2.528956088763597426e-02
2.536968694292391149e-02
2.542793700188285960e-02
2.549063956005903978e-02
2.560455887060169439e-02
2.562247303673405308e-02
2.569107729187875347e-02
2.583156657884740776e-02
2.588303570972634582e-02
2.592352387055903845e-02
2.594838049080976095e-02
2.607790604419494424e-02
2.616444814049188189e-02
2.618038396087158867e-02
2.630758647854065588e-02
2.640417224378473551e-02
2.649230750279337604e-02
2.658030435913999803e-02
2.658304604307408503e-02
2.675379005062252652e-02
2.678349939767117951e-02
2.685107599197283576e-02
2.688966320988186998e-02
2.693985075373731344e-02
2.701245471254835537e-02
2.707865152055183994e-02
2.716016122618678322e-02
2.728658823239825393e-02
2.735136023488172335e-02
2.741448307677056551e-02
2.751153620250410339e-02
2.768263631817255779e-02
2.776441975025124159e-02
2.786861362288479277e-02
2.789395707671210936e-02
2.801308095576723195e-02
2.812812861395829270e-02
2.818017486007823660e-02
2.825935451151144126e-02
2.830412151708356153e-02
2.838269731546951002e-02
2.840350839017058773e-02
2.850847443121280050e-02
2.860042424721269405e-02
2.863119615626556758e-02
2.872588453909705186e-02
2.876155229427266799e-02
2.889582853534079440e-02
2.899499631059444804e-02
2.904814859395555074e-02
2.910143488927003155e-02
2.921420910360595855e-02
2.925993721527822902e-02
2.938949249813009937e-02
2.950388490497447141e-02
2.959971037590331325e-02
2.962164601469283176e-02
2.972635194664485433e-02
2.975893033482465352e-02
2.986654054111689133e-02
2.996774785756182655e-02
3.003840075477270249e-02
3.010912891850336254e-02
3.024688033695669201e-02
3.030596810708403172e-02
3.039612519557254033e-02
3.044033272737385609e-02
3.048375969560248450e-02
3.059074090736216972e-02
3.064093659951176718e-02
3.074067628167485161e-02
3.084471832603153524e-02
3.085549647018792294e-02
3.098177966921052129e-02
3.098441038450703774e-02
3.120478830502885007e-02
3.121714208400824114e-02
3.136153529595189782e-02
3.138930847546193836e-02
3.153890273182332477e-02
3.165484132851003468e-02
3.170075793340861037e-02
3.171570494312238309e-02
3.183148112496542864e-02
3.186881478652693611e-02
3.193808170352374631e-02
3.200221239134532630e-02
3.209724108226619244e-02
3.213122467179822112e-02
3.225288417644237710e-02
3.229090929100662810e-02
3.236844907605882643e-02
3.253632886847395572e-02
3.257155525898714626e-02
3.264324890541784457e-02
3.270978001483542535e-02
3.273934256612260479e-02
3.286373994991328290e-02
3.295700450195784142e-02
3.305917875542521700e-02
3.312337686694952210e-02
3.315837307868229472e-02
3.331943391248145397e-02
3.338717821336231045e-02
3.346072034719273225e-02
3.348069531918212299e-02
3.356053272941361687e-02
3.357949844322891120e-02
3.362253219953619671e-02
3.376937185093392690e-02
3.380977661039466509e-02
3.387635068563750462e-02
3.394841664666282954e-02
3.397575840399504749e-02
3.411910058787743366e-02
3.418726847365254756e-02
3.424422439152923631e-02
3.441836444325205996e-02
3.443202032407531588e-02
3.447927950178910489e-02
3.455712753789449282e-02
3.460277000377262602e-02
3.461595715988061150e-02
3.470810217703331618e-02
3.482343017201069979e-02
3.486713973410711376e-02
3.493595973624451928e-02
3.504838463864217574e-02
3.507843348698489599e-02
3.511210202230447691e-02
3.517871308983493150e-02
3.531290991683553454e-02
3.534078597027266733e-02
3.541962111152968662e-02
3.548574849314289209e-02
3.552265238266359704e-02
3.553629951586873698e-02
3.558718597296701980e-02
3.570963637524818962e-02
3.582311854688794567e-02
3.586059603575302707e-02
3.596829790914967545e-02
3.604349829631118413e-02
3.604962803684525624e-02
3.614046134565038898e-02
3.619792380547202926e-02
3.626488659297918277e-02
3.631418383324386961e-02
3.634456340950965175e-02
3.638735172101988796e-02
3.651229323680550004e-02
3.656376402185157470e-02
3.662773270354092309e-02
3.666463378219613628e-02
3.669448304935830213e-02
3.677343291419975235e-02
3.680376479211614621e-02
3.688169796649515275e-02
3.694603497130481695e-02
3.708116948638796179e-02
3.717769966959812156e-02
3.723354625018584357e-02
3.727866296920025885e-02
3.734392686936083977e-02
3.741023449674345247e-02
3.748134425493023641e-02
3.750241301109695502e-02
3.755759197599262827e-02
3.767250355110079302e-02
3.771970116600924933e-02
3.780542516065235614e-02
3.786061153373270621e-02
3.798140465815420114e-02
3.798693490136056256e-02
3.807375481891914909e-02
3.816260684752312976e-02
3.819691020413481380e-02
3.828539258652969429e-02
3.837554324483469920e-02
3.839133569193351608e-02
3.847855009450662500e-02
3.857035189955395488e-02
3.862860761946160237e-02
3.874032158873271653e-02
3.875750812526520400e-02
3.881189620555675762e-02
3.886909837867604661e-02
3.893303813994904855e-02
3.898077186435130320e-02
3.904921782013148074e-02
3.911196099793934344e-02
3.915088055698864172e-02
3.915783163930432187e-02
3.924623961982510317e-02
3.929767627207182007e-02
3.939369083314204351e-02
3.943196499080951767e-02
3.953441650709710320e-02
3.965062039649418224e-02
3.972550104138503069e-02
3.974685250083780791e-02
3.979697947488285842e-02
3.983130072400133115e-02
3.993287446253161732e-02
3.998410422364342270e-02
4.004299305962752409e-02
4.014342318331204362e-02
4.018591206832836105e-02
4.027569408182594263e-02
4.028961685827166239e-02
4.035250085160245470e-02
4.048494790409469524e-02
4.052888210146531750e-02
4.063771680990831831e-02
4.064377586330077119e-02
4.069091173842724618e-02
4.072573820052294985e-02
4.084505934728303866e-02
4.085444211863954733e-02
4.094226754133891560e-02
4.105715282839179914e-02
4.116705383264673834e-02
4.121713784680122034e-02
4.125996116456702445e-02
4.128941838724613927e-02
4.134993408177560503e-02
4.139134581519681583e-02
4.146352683446576787e-02
4.153908189086755881e-02
4.163019508636307819e-02
4.167386624517507854e-02
4.170780667626614729e-02
4.178880635905411062e-02
4.187882201023802875e-02
4.192285157716150318e-02
4.198147094217787728e-02
4.202478046920404831e-02
4.215742703261670526e-02
4.220243348405569583e-02
4.221560783098788489e-02
4.225911537991012407e-02
4.231740274136121249e-02
4.240182860138010101e-02
4.247092493405887209e-02
4.257419293720439424e-02
4.265019028830233788e-02
4.271823240532589272e-02
4.272210673250537855e-02
4.277440950511059159e-02
4.285446785808321585e-02
4.292531915554700928e-02
4.296400430587264674e-02
4.299192494358893696e-02
4.307557634889917775e-02
4.309309559154193836e-02
4.313805793262569938e-02
4.316537375317982400e-02
4.324465523062353406e-02
4.336627181766802841e-02
4.340215704005254832e-02
4.346829911388330053e-02
4.352866365415365701e-02
4.354953318881164132e-02
4.370641227898176134e-02
4.373998386288048545e-02
4.379027075971209798e-02
4.382788033771466141e-02
4.389084371747932478e-02
4.391334611829806472e-02
4.399772501031189165e-02
4.409751226689532372e-02
4.415236601410450767e-02
4.419633475224287594e-02
4.423806389953487822e-02
4.430319619534971165e-02
4.439074702350861990e-02
4.441158913295231020e-02
4.447277080629468554e-02
4.450171757571126652e-02
4.461557249628404082e-02
4.464876474477862123e-02
4.465902055721535091e-02
4.477812003337001273e-02
4.482783043664649580e-02
4.484940836010566090e-02
4.494347142103542747e-02
4.499320881407387063e-02
4.506493562380281537e-02
4.514260529826840534e-02
4.519319308342157476e-02
4.522964043812223445e-02
4.532898138670969634e-02
4.536322391485771155e-02
4.541740908556175793e-02
4.550874822436143385e-02
4.561614499253421884e-02
4.570342464696651452e-02
4.572487388172981337e-02
4.574306972790550402e-02
4.586081781054870271e-02
4.586986615221740754e-02
4.595414223539729531e-02
4.600370379614504568e-02
4.609185829204818369e-02
4.619863375043044285e-02
4.620996540431555194e-02
4.627597452789304622e-02
4.635149823210214792e-02
4.640882243844775962e-02
4.647480699929332215e-02
4.656105493172408433e-02
4.660575376373215367e-02
4.668967483558551790e-02
4.673019057557194211e-02
4.679480142078985827e-02
4.685594102477113471e-02
4.690454191857468952e-02
4.693957465635007625e-02
4.700589359735437428e-02
4.706428799909641303e-02
4.708776516283123825e-02
4.711903533625876744e-02
4.719624174144216450e-02
4.725200559927466432e-02
4.731588870902352084e-02
4.741725140399892513e-02
4.745241131744296070e-02
4.747955070623462170e-02
4.753216448880465128e-02
4.755244438266206797e-02
4.763413347186747776e-02
4.765113188183941334e-02
4.775565369449302072e-02
4.781901015225317741e-02
4.789129270769859614e-02
4.800738066301826756e-02
4.803115375372182111e-02
4.816506920331921349e-02
4.817632897242013490e-02
4.824434913976342193e-02
4.834857257812347209e-02
4.837009131496510655e-02
4.839186193644378492e-02
4.847784269718114630e-02
4.851565565017578602e-02
4.859096962085670407e-02
4.866748683551221782e-02
4.869761942820175632e-02
4.878868561977187795e-02
4.883310389087975462e-02
4.894771486583767567e-02
4.899714344100607188e-02
4.905442143517474429e-02
4.908818518113316348e-02
4.912995662907040928e-02
4.919436558453135072e-02
4.927345628143105921e-02
4.929410391706802452e-02
4.937939961227926638e-02
4.948838003488321285e-02
4.949228099901022832e-02
4.960477088708113019e-02
4.971718617711700511e-02
4.972603418972448147e-02
4.975013766930009435e-02
4.981978484912738536e-02
4.986073391260799348e-02
4.989447259817397090e-02
4.995283801305877569e-02
4.999130837412787270e-02
5.013091299579724297e-02
5.021608206712500216e-02
5.024063115035717897e-02
5.029535305373554477e-02
5.035665584674371698e-02
5.039250780905216859e-02
5.048252342496404449e-02
5.054906383921761032e-02
5.056420842888711964e-02
5.062780215547768581e-02
5.070922013750826102e-02
5.078118422587146741e-02
5.079987049022131884e-02
5.086766708289276046e-02
5.091964146082287451e-02
5.101345348015001724e-02
5.102068863587227304e-02
5.111957561439445241e-02
5.117248218809305332e-02
5.121331690698984612e-02
5.130066532018887765e-02
5.133888003559769486e-02
5.142676654212002818e-02
5.150041169728079848e-02
5.159141229195535888e-02
5.165689657635474941e-02
5.169586760320931534e-02
5.173900888943049059e-02
5.178116165129448278e-02
5.191099492655754793e-02
5.192467562471130005e-02
5.201027079592791813e-02
5.203739169711542323e-02
5.212463535970358885e-02
5.219020002715048234e-02
5.224624218745083787e-02
5.230435882497342509e-02
5.239537171283357997e-02
5.240979858556833043e-02
5.243043518924675461e-02
5.256547417790671806e-02
5.263836643563498535e-02
5.264910661829198119e-02
5.271841230073437412e-02
5.281877230507966287e-02
5.283621518403405076e-02
5.296648313490451287e-02
5.299514641382434971e-02
5.304756997092242854e-02
5.312832179850056347e-02
5.316870531164314545e-02
5.322461112661198285e-02
5.325186470074847606e-02
5.329753488786906357e-02
5.332848914987186467e-02
5.342344642761631679e-02
5.345549594082068395e-02
5.352404530616520356e-02
5.359103752431796514e-02
5.362033188053858673e-02
5.371720280595584235e-02
5.375742551007357123e-02
5.389197065094400441e-02
5.394991488863314782e-02
5.398869092267969544e-02
5.402471363645900554e-02
5.405841461869613507e-02
5.409364047892247646e-02
5.420751466026086512e-02
5.426079194931467120e-02
5.431812077754800960e-02
5.438059373969380411e-02
5.440729596807917373e-02
5.452742071726317946e-02
5.457052297184480233e-02
5.458899776426787837e-02
5.460795502952962843e-02
5.476357803726451118e-02
5.483183188500619087e-02
5.486238802790401742e-02
5.494001724285670074e-02
5.499936024802201673e-02
5.504104691928296544e-02
5.512435382865313316e-02
5.515235312669486412e-02
5.519817284266435170e-02
5.525617493563316635e-02
5.532478442606119512e-02
5.533102889140082553e-02
5.543867509379949571e-02
5.548787125596908038e-02
5.553644091760796819e-02
5.564513118656623514e-02
5.569893810101927273e-02
5.574752110199286681e-02
5.578756329410009679e-02
5.586927572908671064e-02
5.590318422619101890e-02
5.595233820117008483e-02
5.599242911088834346e-02
5.610155443229675881e-02
5.613164518417438492e-02
5.620156364510414670e-02
5.621436723673833152e-02
5.630777175351127373e-02
5.637617389711344768e-02
5.643220301575771480e-02
5.651833895853473205e-02
5.655859593272174329e-02
5.660079670997474055e-02
5.668731058086090568e-02
5.673386698789010391e-02
5.684420780093995401e-02
5.688092940514102164e-02
5.693099438689152442e-02
5.697479457987136148e-02
5.702353280030744015e-02
5.712439247215933547e-02
5.717828959350690354e-02
5.725900212009202989e-02
5.728126334743202652e-02
5.730286694565028122e-02
5.739883922480002593e-02
5.744430086971704513e-02
5.750294594015113725e-02
5.753623491397936301e-02
5.758422021395328411e-02
5.765731333573575340e-02
5.777071963456018727e-02
5.781089469504190753e-02
5.786133358309914626e-02
5.791509742606694433e-02
5.794604362897528421e-02
5.803149477163342673e-02
5.808544225049902532e-02
5.814002322789303678e-02
5.823122226109857247e-02
5.823410312475726935e-02
5.833927470453265096e-02
5.840910722762623214e-02
5.845365172202800219e-02
5.852046965308083104e-02
5.859557035018413129e-02
5.865680433742258976e-02
5.873894217766008341e-02
5.878892552517062803e-02
5.880744161131102460e-02
5.889573810535586595e-02
5.891337435702850150e-02
5.899165152302640602e-02
5.905724931077253187e-02
5.915229974689465570e-02
5.919330470444277709e-02
5.925676922294274840e-02
5.928890023438443402e-02
5.937885070568418855e-02
5.946950581095035437e-02
5.949331578436618806e-02
5.957477373043671559e-02
5.966308520309666213e-02
5.972514540726796273e-02
5.974934551777624087e-02
5.980410312958100300e-02
5.985696712548443238e-02
5.994731315218394807e-02
6.004598564097339553e-02
6.010187682744580484e-02
6.017869991706675803e-02
6.023569745204247067e-02
6.028406738012108412e-02
6.030534201865159899e-02
6.034753568481927150e-02
6.049031935752140210e-02
6.052038843417834740e-02
6.059583038460622517e-02
6.062158263330974517e-02
6.067071557511248547e-02
6.071388370325640077e-02
6.078654135287711591e-02
6.092646262311341571e-02
6.097373089520996547e-02
6.099830805345703849e-02
6.109130414753952132e-02
6.113937217541126623e-02
6.122083562194396283e-02
6.125173048715077534e-02
6.131763702987402115e-02
6.140220574742139698e-02
6.148191371078130796e-02
6.156099664332211757e-02
6.157189408629532706e-02
6.164518277906164828e-02
6.166772445098532562e-02
6.172142498453696280e-02
6.179598095492468135e-02
6.186356422702625479e-02
6.197711314273680883e-02
6.200719173457781841e-02
6.204731065094110098e-02
6.216497612413008494e-02
6.223496245731028470e-02
6.229256884148267476e-02
6.232461842103764749e-02
6.236701140041470137e-02
6.243777994880914117e-02
6.255086318934448275e-02
6.263299991857627924e-02
6.264588586752238564e-02
6.273209738726419349e-02
6.278843300886613465e-02
6.288797760979082663e-02
6.289940376394277666e-02
6.298499734684423479e-02
6.308946811728337323e-02
6.309900823339516240e-02
6.313608875544488019e-02
6.314064450755900448e-02
6.328624610392735717e-02
6.332565615717503094e-02
6.337586591134498903e-02
6.349417534479366576e-02
6.358308298853967977e-02
6.360473160919305480e-02
6.367189179733667714e-02
6.370060580396752492e-02
6.372854926924360897e-02
6.378555241812258747e-02
6.383308020937412952e-02
6.390222406607930228e-02
6.402384829035970282e-02
6.408172758115517065e-02
6.413361996639506402e-02
6.417763917665025852e-02
6.423101796302201072e-02
6.428487651580681861e-02
6.434629380802818488e-02
6.443821766214342939e-02
6.449080547644701900e-02
6.452248420188180789e-02
6.462644063969164021e-02
6.467285991449960025e-02
6.473835306286133962e-02
6.487515231232852952e-02
6.491451867447417534e-02
6.499445553653174223e-02
6.503722573655201789e-02
6.512266406553313125e-02
6.513624255280160702e-02
6.522392477312767556e-02
6.530979385464341647e-02
6.535015114310771533e-02
6.540786308435847518e-02
6.541286781947198981e-02
6.549307588038673356e-02
6.563137954651650230e-02
6.567787931749799468e-02
6.573774831002224261e-02
6.582088119244899893e-02
6.583453055616100835e-02
6.588554722726443214e-02
6.596313220683637513e-02
6.598988448015129238e-02
6.607920948865175781e-02
6.618992796232049669e-02
6.630012867428404510e-02
6.636330156386542611e-02
6.637103386564723040e-02
6.646674497995197495e-02
6.650174713037582119e-02
6.660321447417412444e-02
6.662828388825609016e-02
6.670038388993340672e-02
6.675238049871766444e-02
6.679937538023139609e-02
6.686909637330189227e-02
6.692408950179527805e-02
6.697368434576785046e-02
6.705001047073438913e-02
6.713114752224982884e-02
6.717072132304341414e-02
6.722626807816156624e-02
6.734901212987234875e-02
6.740035561056743896e-02
6.748599698360829846e-02
6.751065832948378864e-02
6.759414685232392750e-02
6.763622925654634577e-02
6.774360528585925134e-02
6.776566863134680929e-02
6.784728457972302729e-02
6.790826105415506686e-02
6.800926465248180453e-02
6.804282423720900419e-02
6.808071614413449546e-02
6.817295892305400007e-02
6.822701130616949661e-02
6.829267326465923715e-02
6.835881518475013519e-02
6.843241608331562809e-02
6.848435319105472541e-02
6.858657337325485548e-02
6.860044421003071158e-02
6.865264863063195999e-02
6.870000457681070538e-02
6.879639592804624726e-02
6.885994668172062960e-02
6.888006533008551868e-02
6.893580703629262341e-02
6.908719884300315583e-02
6.913123177151615784e-02
6.919884208297959194e-02
6.926486384483243608e-02
6.929101050932809369e-02
6.948266826993906853e-02
6.952712999494804758e-02
6.954883795013308556e-02
6.959552714373995475e-02
6.971034190105308836e-02
6.973907523734522440e-02
6.982893437635524780e-02
6.990174279236738286e-02
6.995861290716652581e-02
7.003271587745370230e-02
7.006967589160523202e-02
7.010895256860051605e-02
7.015160255257736621e-02
7.026203105944177352e-02
7.033569497648455016e-02
7.036146420733585538e-02
7.040215026615809224e-02
7.048475607461807124e-02
7.054862756444417460e-02
7.063708534758060542e-02
7.069046884914952089e-02
7.071524857408607867e-02
7.080374948340571739e-02
7.087211537941426331e-02
7.099719008611188320e-02
7.106261230934207695e-02
7.109327774142711054e-02
7.115787709344496836e-02
7.121605284978960171e-02
7.129293352128558692e-02
7.135376508762097947e-02
7.142077505536044424e-02
7.146228728436322675e-02
7.150587371250206881e-02
7.156370196671998918e-02
7.163842667968761679e-02
7.167796245525326349e-02
7.173716942493620075e-02
7.180714991744231723e-02
7.184246176484757052e-02
7.192541465820796731e-02
7.201632183463618775e-02
7.211084973421778843e-02
7.215974213513680346e-02
7.222098002619480039e-02
7.227917991676524601e-02
7.234465348958278585e-02
7.247109189794352646e-02
7.254825166513939605e-02
7.259775523135815478e-02
7.267805135681179585e-02
7.268008761681483965e-02
7.274895089426312855e-02
7.285017301083628050e-02
7.295339386530108605e-02
7.302396414659921564e-02
7.307123910917723286e-02
7.317121353595171240e-02
7.321013015499008847e-02
7.325721800892083524e-02
7.330062977406118230e-02
7.340713757614533708e-02
7.344294544471051400e-02
7.345302430004312100e-02
7.353355010089727972e-02
7.355262289126593411e-02
7.361188345250779808e-02
7.375258189112551821e-02
7.381304337397368021e-02
7.386070452636256389e-02
7.394030986836695740e-02
7.398070482370898426e-02
7.410538792375444272e-02
7.411864491828253076e-02
7.416025470555449861e-02
7.429902149586517512e-02
7.436513260592519936e-02
7.439334424171539784e-02
7.439856396924768300e-02
7.448290222643072500e-02
7.452889116677970105e-02
7.460051937297425273e-02
7.463598092956760799e-02
7.471306556400747478e-02
7.486482505869108961e-02
7.491080265848920616e-02
7.501453323122100891e-02
7.506922318499091584e-02
7.512779214484521795e-02
7.514844202283373076e-02
7.526315961402316179e-02
7.531690870902642276e-02
7.535466142751075236e-02
7.545830533833197684e-02
7.551747300282696251e-02
7.560934005781025369e-02
7.563116296793684357e-02
7.573427858595570272e-02
7.580079731447839086e-02
7.591858994190819887e-02
7.595209039431176368e-02
7.607982999727386231e-02
7.608952629601574424e-02
7.614398328128438309e-02
7.625599163383003920e-02
7.630136255363356712e-02
7.632222822974916998e-02
7.645556158178412609e-02
7.648838661507102732e-02
7.652492183565350048e-02
7.656919971350012455e-02
7.663604942903134987e-02
7.666418898262959691e-02
7.671621319196356148e-02
7.677975047061896818e-02
7.690345347898275286e-02
7.692729965604711007e-02
7.697989655611581217e-02
7.715934620883900530e-02
7.717526198238151836e-02
7.722459623597548173e-02
7.733544032874627161e-02
7.744657674733206043e-02
7.747634500534220092e-02
7.755435834399054817e-02
7.757165858974651718e-02
7.767179340629093431e-02
7.769520426361004040e-02
7.786080038185590191e-02
7.789258753643402144e-02
7.798085659301784434e-02
7.799825523827341733e-02
7.807010056059969505e-02
7.818274027095761802e-02
7.822688698794182105e-02
7.833815184628968586e-02
7.839905521478585104e-02
7.850579510655852911e-02
7.855114839540486282e-02
7.858336258311572620e-02
7.866068453389045423e-02
7.871718961884527355e-02
7.880385063689342162e-02
7.884897046765131090e-02
7.890888564832780616e-02
7.894140457022266744e-02
7.898683703292196101e-02
7.911935960473560903e-02
7.914787313167721827e-02
7.922986854663260914e-02
7.930378609414810709e-02
7.940395165026734037e-02
7.947595175780337862e-02
7.951506374344501082e-02
7.952385432545532040e-02
7.961954330676196401e-02
7.971879711494864185e-02
7.976950865307493033e-02
7.984462540721844193e-02
7.989411262681475612e-02
7.993679717181874367e-02
8.000694468602775888e-02
8.006437306906484530e-02
8.010600171984540163e-02
8.018906192081481921e-02
8.026794621199133395e-02
8.030797031414620146e-02
8.035176314242523099e-02
8.051019964549660513e-02
8.058911969440026024e-02
8.067718098255176329e-02
8.071899397625575956e-02
8.077382108415680217e-02
8.086495213146312200e-02
8.090293691256880693e-02
8.093345332736075204e-02
8.102338885307276695e-02
8.107445559987583317e-02
8.114231948447170328e-02
8.119782255130987558e-02
8.129606578562435792e-02
8.143230675950212383e-02
8.149349434503418144e-02
8.152751061519220022e-02
8.161389568170437925e-02
8.164844838386677017e-02
8.170465990652850397e-02
8.183342718946433336e-02
8.184989803825303001e-02
8.196260322882939486e-02
8.202697551861709568e-02
8.208075022211556993e-02
8.215260594029646923e-02
8.222176393563689067e-02
8.231209956248966564e-02
8.232994952849211068e-02
8.238000673176384958e-02
8.243207900931115439e-02
8.262779408102848000e-02
8.273101499276896975e-02
8.275915845265817417e-02
8.279158569167427428e-02
8.290446973690659971e-02
8.296198855217816470e-02
8.305933270943745284e-02
8.309509886127525169e-02
8.312527742214564919e-02
8.324893267570240840e-02
8.328232362942641909e-02
8.331641587819867134e-02
8.343256072208893315e-02
8.347602487558956896e-02
8.357627360923836068e-02
8.365421838734338200e-02
8.370913512727130856e-02
8.376583581796204214e-02
8.381847751120141687e-02
8.388968294876932019e-02
8.396044318347500868e-02
8.405050607318637068e-02
8.411083973025357263e-02
8.415297903682851521e-02
8.423312920518673252e-02
8.431321440445564697e-02
8.436711595399032371e-02
8.449670569720044155e-02
8.457148245284183685e-02
8.462993768870810674e-02
8.467830041736568170e-02
8.471931886830673386e-02
8.482821820846506156e-02
8.491956484843976583e-02
8.496735622300011226e-02
8.503650511572173609e-02
8.506804669399016527e-02
8.513807922991767363e-02
8.517383554805790791e-02
8.528824137328087918e-02
8.534875053483556573e-02
8.544018983251124022e-02
8.559597474899284519e-02
8.561006201581565500e-02
8.569913161192702078e-02
8.577536082186434929e-02
8.579008212184895121e-02
8.587101795678872551e-02
8.594327508390692261e-02
8.599916667896762013e-02
8.603620671574509216e-02
8.607362037819814293e-02
8.623184088242398515e-02
8.625540330713094006e-02
8.634478216608280909e-02
8.645093673732397177e-02
8.656903460440752707e-02
8.664476767842679839e-02
8.673868139368740016e-02
8.681024844861705281e-02
8.685934381124661707e-02
8.691227009606435072e-02
8.707140919384774580e-02
8.708188874283669112e-02
8.729046450046827610e-02
8.733417930368470028e-02
8.739519500175259303e-02
8.740764300377244778e-02
8.747531097308447467e-02
8.760887402048032901e-02
8.765175132174643502e-02
8.773163249771032124e-02
8.779859618760538220e-02
8.787416956104256160e-02
8.792304047347068718e-02
8.793491168958617044e-02
8.807294339097650193e-02
8.809952609419072211e-02
8.819290898200468631e-02
8.825728611906182020e-02
8.839117512459282455e-02
8.844983385501352380e-02
8.847635552225018019e-02
8.849824225743253836e-02
8.864164735871846168e-02
8.871615174844733887e-02
8.873220091677992694e-02
8.886356892479808922e-02
8.894458291624121604e-02
8.895341557251988662e-02
8.909603119144074435e-02
8.915378924120900828e-02
8.916862190572094615e-02
8.933311874670088470e-02
8.941404669377310543e-02
8.945213655975496614e-02
8.949880135188047203e-02
8.957493631225976749e-02
8.961343610458800957e-02
8.968648053216862759e-02
8.975265772735049885e-02
8.993400415227882638e-02
8.996415363774787344e-02
9.003874454302347730e-02
9.009097149872151433e-02
9.013760515173092902e-02
9.026570672448243349e-02
9.034681804065279598e-02
9.040765751764642810e-02
9.047238712148956974e-02
9.050034559318244354e-02
9.059140160248915774e-02
9.065584247063672441e-02
9.075442494832661189e-02
9.086441332863419429e-02
9.089167178221811694e-02
9.105485339748635443e-02
9.110124133186323081e-02
9.114553467552301280e-02
9.121191856487044503e-02
9.130942678839551463e-02
9.134027797329911935e-02
9.141242388048076428e-02
9.145016464216695895e-02
9.150104381763214667e-02
9.161221862600424370e-02
9.165467771230426108e-02
9.186111917296345408e-02
9.190396312468637752e-02
9.193811559397729871e-02
9.198253045926246818e-02
9.216063550772223001e-02
9.220312751262021989e-02
9.224615038489299146e-02
9.235872467741733371e-02
9.246931513120550117e-02
9.248706108420326477e-02
9.254521176770734436e-02
9.264634147100092587e-02
9.269722449694538235e-02
9.276277892960461957e-02
9.285264207172400086e-02
9.295419512107803983e-02
9.298586918829368497e-02
9.310067708642398576e-02
9.313558386612975915e-02
9.322251641203792294e-02
9.326938442276662411e-02
9.329265262646756207e-02
9.334646050898558201e-02
9.347768235847260521e-02
9.357164765548940666e-02
9.359723544335282752e-02
9.364124613107611961e-02
9.373568338516305443e-02
9.385757313858386630e-02
9.394479463380385476e-02
9.400434127652031180e-02
9.404417067324716273e-02
9.417695084217163337e-02
9.424643556569976821e-02
9.430675988572594093e-02
9.438448904286143859e-02
9.445808506207895028e-02
9.455820917788237967e-02
9.467527431807257199e-02
9.471917440390877074e-02
9.484313599010833762e-02
9.486256463809164541e-02
9.491962862279677837e-02
9.493294690360634669e-02
9.509268401419082584e-02
9.515504495370272209e-02
9.516192101964827954e-02
9.527573771474977249e-02
9.533458171615691312e-02
9.546339691523376969e-02
9.555593261328257371e-02
9.565928648653675148e-02
9.571553064643610609e-02
9.578787909027966507e-02
9.585851272049432381e-02
9.591617673436216018e-02
9.595544124378736772e-02
9.607338094642665915e-02
9.615817918175577350e-02
9.621621496540021246e-02
9.632063625193246215e-02
9.644006164144799942e-02
9.651915782151708478e-02
9.656989835373729070e-02
9.662626246285160869e-02
9.670420164017860809e-02
9.680351279157894950e-02
9.692162190087269535e-02
9.696698726468717944e-02
9.698738593591631207e-02
9.704655223007616072e-02
9.719190423972676185e-02
9.725066834854388664e-02
9.728375638152629568e-02
9.735736304975908806e-02
9.752410972767153186e-02
9.764336797374244259e-02
9.772905211278813675e-02
9.779400444780197987e-02
9.784519710748523780e-02
9.788376219279894264e-02
9.797512923553819419e-02
9.808962498181895973e-02
9.816916353936071260e-02
9.818560644030682738e-02
9.824423248941042963e-02
9.831984072627074356e-02
9.833408584467111246e-02
9.852958839860563589e-02
9.855199135110066788e-02
9.867734395394367475e-02
9.878001629406697737e-02
9.889137562291822059e-02
9.893758835484861569e-02
9.900196980265990598e-02
9.907194098992772036e-02
9.909093075851320431e-02
9.918323473571738491e-02
9.926249193663244652e-02
9.929655897357725358e-02
9.941733326920434988e-02
9.948456053177080760e-02
9.966786108616799977e-02
9.972898195061223603e-02
9.974699747508530834e-02
9.985047430401937374e-02
9.987387389205749921e-02
1.000008331079077079e-01
1.000625976022261193e-01
1.001309736727134386e-01
1.002294232081061276e-01
1.002758944872782637e-01
1.003771837652516763e-01
1.005073015296098216e-01
1.005601211630188369e-01
1.006539708461787891e-01
1.006952922739850903e-01
1.009253466480848904e-01
1.009916136724496177e-01
1.010444083728846837e-01
1.011719523607715471e-01
1.012085644419232350e-01
1.012546734387077957e-01
1.013454751285546990e-01
1.014834646769253446e-01
1.016026865487363456e-01
1.016802077614607502e-01
1.017120291759764927e-01
1.018112876381886273e-01
1.018711153701796490e-01
1.020599573206852489e-01
1.021087304531104190e-01
1.021781231115137939e-01
1.022171421680915931e-01
1.023125402292327235e-01
1.024209173905841763e-01
1.024636424845574156e-01
1.025085440312103052e-01
1.025546363700148844e-01
1.026694566291402183e-01
1.027328715317532837e-01
1.028154314656201801e-01
1.028494731050602351e-01
1.030122974822191007e-01
1.030716697167974316e-01
1.031473789176569622e-01
1.032028425983218950e-01
1.033650014667892858e-01
1.035365625043875581e-01
1.036440848113296676e-01
1.037067340101197471e-01
1.037877159552017814e-01
1.038341660152543450e-01
1.038708162735825918e-01
1.039115376962265747e-01
1.040336707283226886e-01
1.042103132990362252e-01
1.042623104431561615e-01
1.043321308329908242e-01
1.043594288056877567e-01
1.045051844571140837e-01
1.045271364811797554e-01
1.045916523183224034e-01
1.047423059475065810e-01
1.047690404167576361e-01
1.048984531538314918e-01
1.049548989757762701e-01
1.050115755288615477e-01
1.051035467434317666e-01
1.051713406574715098e-01
1.053675965572861417e-01
1.054109161497722019e-01
1.054438230909151147e-01
1.055659223887165793e-01
1.056298604148949161e-01
1.057354065532608856e-01
1.058276659278405279e-01
1.058878982386397688e-01
1.060321693631647022e-01
1.060638976968272668e-01
1.061402616142853861e-01
1.062065912433614034e-01
1.062732160713115576e-01
1.063556782794313066e-01
1.064226050501183157e-01
1.064724070440077608e-01
1.066111164605415135e-01
1.066979156521375843e-01
1.067339686112390995e-01
1.069128084866481226e-01
1.069767895832875598e-01
1.070892646103710072e-01
1.072129144048138971e-01
1.072774640863304318e-01
1.073881689770111586e-01
1.074833874184199095e-01
1.075978447764204121e-01
1.076886910702528760e-01
1.077529501292468633e-01
1.078468818607116742e-01
1.080429830653933387e-01
1.081655372678030497e-01
1.082174260118337339e-01
1.082314147626718126e-01
1.082544561082794815e-01
1.082910811367935877e-01
1.084625363621670863e-01
1.085713162206890653e-01
1.086121327122690772e-01
1.086617349695207929e-01
1.087368734771226864e-01
1.088904030330170025e-01
1.090149008973138739e-01
1.090295058805466760e-01
1.091276077040989056e-01
1.092008446624940371e-01
1.092548435586905148e-01
1.093735808594021586e-01
1.094313777262359150e-01
1.095815794432675738e-01
1.096225666461665832e-01
1.096749036439524927e-01
1.097735603961629558e-01
1.098614706048804401e-01
1.099805735367565818e-01
1.100367559260883588e-01
1.101591916533809223e-01
1.103218206915985988e-01
1.103723337804757704e-01
1.104873915260899397e-01
1.105110011146823723e-01
1.107386774214324937e-01
1.107558970826229006e-01
1.108239127103225058e-01
1.109900977494541335e-01
1.110315259173499797e-01
1.111102177522006740e-01
1.112237592321516644e-01
1.112428486946834827e-01
1.112888147500386699e-01
1.114574860238000537e-01
1.114867140984889676e-01
1.115943840466829262e-01
1.116745524637709902e-01
1.117730593720230037e-01
1.118757802728394396e-01
1.119377698930194842e-01
1.120987273886521335e-01
1.121469960685366335e-01
1.122225912267129366e-01
1.123063777305422783e-01
1.123380505007373215e-01
1.124886357181607566e-01
1.125757434795026796e-01
1.126416218442923001e-01
1.128014139039992536e-01
1.128390920798155173e-01
1.129483249591896193e-01
1.129771046897195402e-01
1.130521861663330019e-01
1.131072489713285389e-01
1.131914568469457733e-01
1.134633070353454343e-01
1.134994157170730461e-01
1.136451549519583021e-01
1.136772436712938789e-01
1.138234461905625466e-01
1.138975304673924549e-01
1.139673159254273871e-01
1.140224069032608339e-01
1.141182033581840394e-01
1.141884601822630296e-01
1.142864169862499168e-01
1.143684543592227570e-01
1.144795183360218377e-01
1.145502544880544343e-01
1.146148377469008717e-01
1.147226410456986118e-01
1.147375327890703262e-01
1.149622224669521325e-01
1.150109595405619523e-01
1.151062774392734439e-01
1.153001352141175412e-01
1.153730868994885667e-01
1.153828526999839538e-01
1.154057256275262816e-01
1.155554651082024153e-01
1.156491577634816414e-01
1.157938991124169009e-01
1.158893153122423220e-01
1.159751853572588559e-01
1.160876084905450023e-01
1.160972376857778293e-01
1.162486618924376963e-01
1.163510507575985092e-01
1.163978617684287287e-01
1.165623040339365951e-01
1.165917874854956598e-01
1.166488431348307042e-01
1.167448127199373353e-01
1.169524535312396890e-01
1.171049647320655945e-01
1.171623759864433012e-01
1.171860779180644713e-01
1.172764126884455194e-01
1.173246079184649127e-01
1.174511412127749593e-01
1.175127703518128175e-01
1.176398328232046847e-01
1.177891649664191270e-01
1.178940820394956818e-01
1.179879615996276832e-01
1.180256492190383116e-01
1.182308459187971228e-01
1.182876721357292438e-01
1.183386239490120811e-01
1.184859484660601148e-01
1.185536645687277069e-01
1.185993311570166520e-01
1.186491684750213826e-01
1.187562765541509413e-01
1.188581764204823671e-01
1.189259181475252197e-01
1.191099942113898330e-01
1.191503334479718651e-01
1.192572064107022684e-01
1.193784287092333751e-01
1.195617010463677216e-01
1.196507735364778918e-01
1.197742368294741622e-01
1.198153667938220979e-01
1.199524998188027797e-01
1.199820719789098100e-01
1.200698028339501205e-01
1.201957012211313930e-01
1.202624525725291688e-01
1.203952315698751940e-01
1.204254274356996585e-01
1.204861281572151416e-01
1.205346933432269452e-01
1.207172227297577533e-01
1.207922053247853650e-01
1.208429175457203658e-01
1.210412675979234964e-01
1.211063487831056107e-01
1.212044134407572332e-01
1.213808384070882568e-01
1.214258921829248217e-01
1.215021195416192690e-01
1.215672105496976851e-01
1.216804797187764908e-01
1.217741704408017850e-01
1.218978868872396953e-01
1.220233932657810438e-01
1.220336217397800932e-01
1.220797070137124435e-01
1.221816165672806737e-01
1.222977335017282341e-01
1.224994241828859243e-01
1.225519579963131739e-01
1.225806339122017391e-01
1.226755692710398693e-01
1.227584692241452669e-01
1.228903689228420387e-01
1.229364616565575691e-01
1.229931340006015783e-01
1.231235357235809513e-01
1.231460889738094922e-01
1.232253124094832286e-01
1.234014186860864920e-01
1.235194375408969897e-01
1.235990886826986990e-01
1.237749682845834531e-01
1.238403820020407969e-01
1.239099840972588545e-01
1.240236913328920110e-01
1.242422320736938229e-01
1.242925685151427401e-01
1.244064393758025633e-01
1.244875253826950717e-01
1.246377833223741571e-01
1.247038950429222443e-01
1.247482572632083314e-01
1.249101476538165556e-01
1.249897875043206597e-01
1.250635784665652117e-01
1.251619067910779981e-01
1.252950080085012130e-01
1.253239849739379019e-01
1.254208481165682842e-01
1.255201884033363691e-01
1.256915962036121437e-01
1.257304867186811170e-01
1.258447968468877631e-01
1.258707730125483704e-01
1.260373899336918735e-01
1.261089548222386336e-01
1.262739208133495106e-01
1.263629771524855117e-01
1.264606207517623426e-01
1.266073157868141952e-01
1.267162667485663974e-01
1.267507808641595568e-01
1.269675491024628844e-01
1.270118884907059098e-01
1.270874519889011456e-01
1.271285432570109231e-01
1.273557410449874527e-01
1.274381068459042310e-01
1.275133574007617510e-01
1.277173263613950172e-01
1.278898527865850177e-01
1.279255425992313067e-01
1.279689189693479501e-01
1.280366747968187391e-01
1.281167283593430684e-01
1.282676339888366157e-01
1.283064429200139467e-01
1.284802942266085324e-01
1.285517905057013688e-01
1.286378677707367413e-01
1.287319284843718437e-01
1.288860525869079954e-01
1.289347320814949460e-01
1.291401868449768842e-01
1.291876621840244155e-01
1.294158953453108662e-01
1.294464318910151235e-01
1.295733750765023506e-01
1.296115301108933526e-01
1.297158250281910952e-01
1.299250045565325529e-01
1.299664425717720062e-01
1.300270884905576907e-01
1.301125843269803906e-01
1.301754344328171775e-01
1.302799237029430013e-01
1.303595453904272672e-01
1.303979444049274128e-01
1.304848563796074112e-01
1.307460410131656425e-01
1.308318184153224317e-01
1.309034229474742295e-01
1.310159823358168496e-01
1.310459173056716109e-01
1.311406273089912311e-01
1.312618682645871615e-01
1.314092773435071582e-01
1.314431681715523270e-01
1.315039532493890162e-01
1.316517802987098307e-01
1.317539181868138953e-01
1.318951283956537601e-01
1.320475548667034704e-01
1.321759770784906307e-01
1.322479130507808465e-01
1.322755452858698499e-01
1.324319541802329858e-01
1.325337570785809493e-01
1.326782074629816177e-01
1.327587782554878748e-01
1.328131120796737230e-01
1.329592804736109413e-01
1.330569950093324627e-01
1.331825524625407653e-01
1.332288642511678944e-01
1.333433183158478919e-01
1.334092530874534388e-01
1.334208984446889068e-01
1.335993966724948467e-01
1.336510923520538574e-01
1.337078841207138546e-01
1.337444867842778606e-01
1.339577987720833585e-01
1.340042785823873372e-01
1.341171082091676126e-01
1.342330071129818891e-01
1.343277101077764435e-01
1.344167945556281052e-01
1.345407525622416278e-01
1.346646317864244047e-01
1.346677100977552444e-01
1.349048458735238876e-01
1.349396830314973095e-01
1.350367629114933021e-01
1.350631895055778020e-01
1.351733588835674349e-01
1.353056614317941497e-01
1.353494368225561240e-01
1.355295976332355490e-01
1.356641664119171697e-01
1.358036614728665159e-01
1.359310188888080417e-01
1.359843009191560037e-01
1.360461875915466301e-01
1.360999691026451575e-01
1.362717631604051793e-01
1.363788262397828688e-01
1.364654318195040461e-01
1.366514233647926624e-01
1.367267837002895392e-01
1.369599832272995199e-01
1.370001561539793133e-01
1.371682202541070206e-01
1.372308347174230336e-01
1.373124590042881787e-01
1.374042184715560666e-01
1.374534677732505983e-01
1.375265398962632890e-01
1.376433125465878204e-01
1.377149445929992111e-01
1.377501068787362615e-01
1.378394021991100893e-01
1.380064501417256895e-01
1.381215913725405142e-01
1.381710806442996708e-01
1.382003213143340459e-01
1.383409374371292466e-01
1.383876173809875099e-01
1.385228479368063592e-01
1.386176827610644813e-01
1.387390554748662852e-01
1.388058985719419769e-01
1.389463913134323936e-01
1.391137502289857830e-01
1.391479755129427787e-01
1.393259657815966446e-01
1.393872438081328602e-01
1.394673297087357378e-01
1.396409290818995119e-01
1.396738929978960098e-01
1.397660527026132193e-01
1.398503979169642697e-01
1.398847121639777147e-01
1.399382346052774340e-01
1.400988451207319241e-01
1.401713486417311139e-01
1.402837914943657616e-01
1.404155440310574099e-01
1.405231116574129635e-01
1.405609546557948508e-01
1.407924360043778800e-01
1.408519258167499622e-01
1.409121873679482773e-01
1.410188366951035943e-01
1.410275449141325244e-01
1.413088506002190270e-01
1.413785659580209797e-01
1.414686272275754997e-01
1.415405027506905222e-01
1.416598869425806373e-01
1.417942614039335303e-01
1.419207265072145729e-01
1.419969539107448775e-01
1.420351207976907337e-01
1.422432877218222369e-01
1.423042879946081751e-01
1.423639391836518109e-01
1.425247341394376699e-01
1.426745037500297686e-01
1.427217855787822620e-01
1.427961353398664313e-01
1.428673401452954239e-01
1.429300668411843667e-01
1.431082751069827352e-01
1.431636670306697945e-01
1.433803614202365240e-01
1.435639511218800568e-01
1.436445607423033621e-01
1.438108794436039062e-01
1.438771419977873944e-01
1.439184839193935472e-01
1.439839055480364727e-01
1.440713810556862040e-01
1.441088520195499545e-01
1.443137124363070012e-01
1.443863600511537670e-01
1.445298622847852876e-01
1.446120321784438445e-01
1.447210020213617609e-01
1.448093376078236627e-01
1.449133866777602420e-01
1.449800593048433950e-01
1.450414397975544334e-01
1.451534354355066281e-01
1.453248986638014661e-01
1.454046630895359238e-01
1.455535407135068182e-01
1.456503780478022314e-01
1.457197400475291338e-01
1.457282362532555109e-01
1.458322268412455547e-01
1.460236671140680842e-01
1.461444807115481470e-01
1.461885235023798191e-01
1.463145591869224327e-01
1.463881549908219171e-01
1.464382963353001721e-01
1.465797393510292479e-01
1.468028092425542053e-01
1.468175145344873533e-01
1.469385285191046053e-01
1.470048005081069364e-01
1.471287183903471907e-01
1.472193199856439150e-01
1.473874162873731741e-01
1.474477171700958877e-01
1.475280009517205559e-01
1.475610393719459790e-01
1.477405269873739435e-01
1.478216602599842500e-01
1.478606544211712448e-01
1.479942974352267959e-01
1.480463247528499282e-01
1.481016905284848473e-01
1.484207735730985467e-01
1.484993186406324550e-01
1.486605515210579764e-01
1.486791887175967219e-01
1.488626230009780782e-01
1.488986082157211233e-01
1.490784195530061307e-01
1.493235021839543208e-01
1.493830094802101327e-01
1.494432643598734567e-01
1.494784975274237870e-01
1.496477989844619549e-01
1.496714636026221790e-01
1.497747416795852937e-01
1.498737834436836835e-01
1.499682590157878914e-01
1.499899894059499861e-01
1.500821379995522509e-01
1.502961021392026641e-01
1.503506126699089840e-01
1.505024919035626574e-01
1.506339203050987008e-01
1.506955223727982351e-01
1.507521828450869850e-01
1.509194140917213267e-01
1.509348969033048882e-01
1.511161510528574448e-01
1.511561510208500603e-01
1.512468701904621793e-01
1.513484718159582021e-01
1.514860900584212855e-01
1.515651513680056905e-01
1.516283564601678402e-01
1.517824167174073868e-01
1.518469982430225851e-01
1.520769716577246300e-01
1.521398407402126673e-01
1.522768952708878076e-01
1.524064131503788388e-01
1.524656947905988769e-01
1.525199956991273031e-01
1.526000126023800141e-01
1.526532943096728101e-01
1.527794732087287832e-01
1.528953387361215999e-01
1.529968873584812983e-01
1.531244895878257906e-01
1.532873710509172482e-01
1.534714318762978313e-01
1.534775241409537527e-01
1.535833073683980365e-01
1.537755912769901701e-01
1.539289010191707552e-01
1.539515562938436888e-01
1.540280849259431928e-01
1.541275259309168866e-01
1.541702871038090061e-01
1.543385433751170988e-01
1.544771234908937085e-01
1.547083023819420533e-01
1.547459528404577789e-01
1.548422169903007906e-01
1.549532010216059796e-01
1.550991042335217729e-01
1.553849585047319126e-01
1.554203036849216013e-01
1.555017729244570490e-01
1.555469118956499530e-01
1.556480340291934994e-01
1.557428183316001413e-01
1.559025894519407984e-01
1.560125884978546540e-01
1.560411912900568077e-01
1.561791597158471989e-01
1.562989723461847280e-01
1.564193925488406300e-01
1.564241948724280629e-01
1.565225063001739192e-01
1.566328087133024294e-01
1.567039003598340308e-01
1.567961676067100296e-01
1.569160051463714955e-01
1.569988314959685771e-01
1.570904647908948348e-01
1.572608895107880378e-01
1.573435333236605504e-01
1.575196112134889803e-01
1.575946331770404218e-01
1.577292082830793751e-01
1.577447690216959852e-01
1.578137069332882780e-01
1.580109657867650452e-01
1.581208463455975599e-01
1.581864916341118033e-01
1.583351055959637543e-01
1.584594610111536017e-01
1.586030329926813864e-01
1.587199359496406781e-01
1.588223962846907755e-01
1.588854099307108192e-01
1.590945763930271817e-01
1.591875898002216017e-01
1.592378418982530464e-01
1.593606249848703305e-01
1.594113278891262364e-01
1.595331559594542203e-01
1.595531205401861941e-01
1.596903653736782558e-01
1.598062243839075969e-01
1.599317080374709210e-01
1.600172790123252642e-01
1.601175733585209204e-01
1.603362640980725007e-01
1.605305609851171433e-01
1.605849003339390735e-01
1.606553101604555611e-01
1.608009099367873063e-01
1.608710175764332950e-01
1.610567221410487415e-01
1.611146928338846318e-01
1.612725708362263422e-01
1.614533608390874286e-01
1.615009811065874767e-01
1.615812993215778037e-01
1.615861304202758364e-01
1.617958135565807642e-01
1.618029577837416244e-01
1.620610809358213888e-01
1.621336000729186044e-01
1.621806668967351317e-01
1.622968651749500668e-01
1.623329096536844096e-01
1.624746497293810821e-01
1.625977570653305004e-01
1.626301349845420963e-01
1.628250874829304806e-01
1.628823768813537631e-01
1.629584277510444934e-01
1.630981995487008895e-01
1.632631429186424954e-01
1.633061933198303450e-01
1.634303161185494679e-01
1.635972995383151163e-01
1.637197278560788838e-01
1.638284144289113287e-01
1.638578666252450688e-01
1.639221209027347248e-01
1.639870993977744773e-01
1.641618781934597593e-01
1.641817262495223473e-01
1.643485130152789186e-01
1.645194075468087991e-01
1.646170904183171801e-01
1.647139407756205987e-01
1.647676549698842974e-01
1.648846735218724435e-01
1.649626579547796290e-01
1.651162104287307031e-01
1.652110686578480148e-01
1.652776143881410920e-01
1.654011999268332478e-01
1.655170079326027388e-01
1.655857254489578878e-01
1.657665845753429068e-01
1.659766196925942516e-01
1.660047358745562751e-01
1.662181397381961301e-01
1.663405199811753554e-01
1.665139649706841030e-01
1.666130516728840383e-01
1.667941968586052204e-01
1.668582402477696847e-01
1.669061270102515648e-01
1.669776361372710682e-01
1.670754657193369019e-01
1.671224629410045792e-01
1.672619342199107295e-01
1.673003529100627884e-01
1.674043614233627075e-01
1.675604632807524697e-01
1.676302869454346089e-01
1.677535439905449843e-01
1.679202073046871801e-01
1.680034524470233881e-01
1.680677991766706403e-01
1.681974202417108322e-01
1.683078456859695426e-01
1.684305401611843889e-01
1.685255066195350537e-01
1.687353544173739450e-01
1.688587681767507453e-01
1.690084244457545626e-01
1.690262865445654739e-01
1.691088214649698052e-01
1.691998388351765581e-01
1.693608547016442201e-01
1.694427071344969116e-01
1.695377272788502476e-01
1.696512026462876077e-01
1.697863743172147999e-01
1.699567487112070285e-01
1.700290923317517022e-01
1.701336479262948731e-01
1.702128764984753295e-01
1.704065378965480271e-01
1.704628287017323773e-01
1.706079514835851241e-01
1.707135330176220711e-01
1.708568854103737211e-01
1.709759828657249070e-01
1.711120487984867655e-01
1.711574802845611809e-01
1.714264602497743983e-01
1.715347504310588411e-01
1.716127350286096587e-01
1.718220720087358933e-01
1.719087976808935103e-01
1.719791950837630534e-01
1.720089077297225766e-01
1.721199269275544841e-01
1.721492274366797914e-01
1.723487648417379170e-01
1.724815331944305752e-01
1.726497021224897011e-01
1.727385047311909005e-01
1.727985070697394820e-01
1.728511572340429570e-01
1.730283842017443785e-01
1.731326663597749782e-01
1.733252574216208597e-01
1.734607577166518977e-01
1.735333612853963980e-01
1.736692893562736539e-01
1.738482482619061187e-01
1.739775656946016824e-01
1.740001095257341646e-01
1.741069089379218282e-01
1.741374931733831177e-01
1.742946167346855479e-01
1.744904837909627970e-01
1.745126499876285819e-01
1.747033403486177583e-01
1.748218235240439900e-01
1.750030899606960788e-01
1.750531725374354641e-01
1.751332009550682911e-01
1.753592313356969468e-01
1.754219130133895521e-01
1.756110979238180714e-01
1.757677712824573801e-01
1.757954016610405457e-01
1.758429365234896458e-01
1.758639117184019607e-01
1.760437929579330429e-01
1.761620226774948395e-01
1.762940844172924404e-01
1.763100477615756612e-01
1.765454831537588976e-01
1.766193203866567307e-01
1.767613182890890866e-01
1.768321572109924633e-01
1.769186816363742532e-01
1.770550995266098326e-01
1.771395177302073909e-01
1.772576621533719921e-01
1.773875639630311529e-01
1.775628208351785753e-01
1.776549286043081211e-01
1.777225444892443773e-01
1.779116677181463435e-01
1.779643830304928620e-01
1.781070994296604371e-01
1.783275430865435274e-01
1.783735332531317941e-01
1.785384719597672698e-01
1.786238077031498117e-01
1.787513006626802459e-01
1.789440166750859706e-01
1.789667975222339336e-01
1.791333610322474734e-01
1.791615234761903264e-01
1.793126144756253260e-01
1.793729992587146105e-01
1.794113108779071819e-01
1.795498145505472209e-01
1.795640365847290532e-01
1.799017825150931449e-01
1.800404738040802533e-01
1.801256382698278313e-01
1.802479068920467831e-01
1.803381100366171497e-01
1.804480941015966788e-01
1.805318478480891220e-01
1.806743473918239473e-01
1.808279724920368869e-01
1.809500064430011046e-01
1.810070292993442853e-01
1.811939483159041020e-01
1.812785831842124995e-01
1.813390952101253117e-01
1.814352597321001459e-01
1.816316063271752879e-01
1.816687790165751881e-01
1.818377122633856868e-01
1.819813068449980531e-01
1.820182277869721310e-01
1.821962768689420753e-01
1.823857957529610996e-01
1.825339353961087097e-01
1.826064513598834316e-01
1.828456971842825907e-01
1.829613736707041416e-01
1.830245562340112320e-01
1.832218010770816918e-01
1.832808797074733653e-01
1.835395877276594090e-01
1.835662228465684553e-01
1.836319725234179800e-01
1.838457774779941878e-01
1.839059474272631278e-01
1.839889316406571329e-01
1.841047351561433121e-01
1.842204965957895957e-01
1.843280621593038626e-01
1.845070786058100321e-01
1.846224455357659555e-01
1.846641625811107079e-01
1.849360387921903937e-01
1.850628925890746290e-01
1.852828527744263543e-01
1.854671250149853012e-01
1.855351539758534618e-01
1.856060164873729879e-01
1.856247459821452062e-01
1.858146277286919223e-01
1.858481667037021057e-01
1.859555859655231125e-01
1.860272062305830532e-01
1.861982966802277206e-01
1.862427449701802573e-01
1.864213737198612553e-01
1.865763524699946829e-01
1.867460894696663654e-01
1.868209977655745369e-01
1.868941038245489072e-01
1.870067225905092667e-01
1.870758675472852517e-01
1.872420214372548519e-01
1.874186658456129806e-01
1.875578843185519706e-01
1.876612648607628442e-01
1.877626694624626447e-01
1.879547674336862761e-01
1.880426192970909294e-01
1.881225342226190700e-01
1.882627545491114551e-01
1.884100327044986312e-01
1.884828580973827161e-01
1.886878409210146212e-01
1.887900849613236842e-01
1.889570519013678007e-01
1.891069712866222108e-01
1.891109408976497930e-01
1.893227562066238379e-01
1.893979207648922025e-01
1.894524337059983743e-01
1.895975572584263913e-01
1.897179002664235170e-01
1.897351260808233797e-01
1.899099069339640622e-01
1.899943366100352860e-01
1.901989541134946060e-01
1.903225684536073159e-01
1.904761205111790145e-01
1.905125614947117130e-01
1.907933219183009510e-01
1.908335289170933480e-01
1.909640542437230082e-01
1.910786162692864332e-01
1.912134749859325245e-01
1.913489436597518578e-01
1.914297888839241735e-01
1.914798319316884656e-01
1.915483005403580130e-01
1.917611768496495506e-01
1.919560355419225317e-01
1.920391755403761391e-01
1.921229152282552255e-01
1.923707841849786881e-01
1.925790072347940141e-01
1.926432253928833660e-01
1.928016248847410352e-01
1.929908191499220826e-01
1.930843986202418761e-01
1.931548808173733645e-01
1.935221655853981426e-01
1.935510539183139533e-01
1.936271209592402009e-01
1.938113206584523851e-01
1.938789585229148127e-01
1.940425345466384177e-01
1.941611539808163756e-01
1.943107685484195268e-01
1.943928724668413377e-01
1.944534451108931861e-01
1.945666769235010751e-01
1.947891515135749818e-01
1.948668944828096938e-01
1.951220185226259229e-01
1.951582018399467267e-01
1.953780667483188960e-01
1.954756378364772840e-01
1.955865253144377369e-01
1.956627901292906924e-01
1.958538296304780102e-01
1.960131731827677859e-01
1.960526675323459311e-01
1.961588405790032907e-01
1.963128453603193990e-01
1.964633409697341404e-01
1.965624358522245763e-01
1.966673169296290213e-01
1.969281969536476329e-01
1.970239729954400831e-01
1.971435242362758467e-01
1.972404766251408537e-01
1.972815709346459057e-01
1.975513885590681473e-01
1.977163888796019398e-01
1.978571348448075751e-01
1.979836884726123569e-01
1.981404081223179792e-01
1.982154946365403680e-01
1.983852789204965661e-01
1.984600653104188483e-01
1.985121142303396813e-01
1.987780027873082833e-01
1.987929381304473497e-01
1.990616829768770135e-01
1.992250612040768198e-01
1.992738987156772446e-01
1.993832349429853767e-01
1.995080971840498263e-01
1.995903642472625084e-01
1.996704164142219518e-01
1.999143598178311221e-01
2.000585733817997480e-01
2.001869846713437151e-01
2.002023734481908068e-01
2.002410003016701634e-01
2.004732883680578337e-01
2.007421375142095232e-01
2.007702201563167921e-01
2.009617936015433981e-01
2.011122510589395673e-01
2.011645720505998158e-01
2.011853426944671397e-01
2.014539495741645425e-01
2.015494573688270119e-01
2.016940705942884826e-01
2.018628950893807394e-01
2.019358684874670018e-01
2.020788777698184213e-01
2.021508971962596712e-01
2.022249699203603202e-01
2.024915876238400358e-01
2.026253103618740337e-01
2.026610935042643113e-01
2.030095988327755563e-01
2.031256641760317005e-01
2.031719216229280756e-01
2.033231225784951635e-01
2.034977463627114236e-01
2.035303229341867415e-01
2.037416511387743490e-01
2.038348736373918335e-01
2.039706295485225196e-01
2.040598842259299661e-01
2.042447863811681363e-01
2.043662868382151998e-01
2.044477282195182599e-01
2.045542071617955926e-01
2.046709929157746188e-01
2.048727959398019549e-01
2.052311700189920762e-01
2.053257246289954818e-01
2.054425509478687573e-01
2.057127537329848932e-01
2.058274484117178227e-01
2.058991462022158048e-01
2.060232481038426211e-01
2.060630740903948432e-01
2.061479152175902108e-01
2.062840367042290957e-01
2.066163024410049009e-01
2.067438769198254589e-01
2.068868596435555485e-01
2.070049794435224744e-01
2.071451263758118111e-01
2.074179389545237895e-01
2.075337216022198061e-01
2.075880354758133650e-01
2.076642404948432219e-01
2.077891927664413108e-01
2.079865451937605580e-01
2.080619265786699257e-01
2.082904691612301185e-01
2.084314235669985638e-01
2.084805528372689343e-01
2.085260585877729556e-01
2.087663656158890713e-01
2.089524722515283817e-01
2.090791123757667902e-01
2.091446826362929612e-01
2.093222535828672681e-01
2.094651016635844798e-01
2.097162699717323442e-01
2.099257380853611910e-01
2.100631107721700475e-01
2.102654669589153758e-01
2.103149735494967698e-01
2.104486459069478954e-01
2.105465373094496939e-01
2.107194487992010146e-01
2.108806128700763949e-01
2.109687731793146448e-01
2.110289560873611359e-01
2.111429770810559492e-01
2.112522017998000878e-01
2.114197886124160597e-01
2.116039807104117265e-01
2.117929498027905089e-01
2.119379729711697302e-01
2.121857653571684876e-01
2.123080122608810572e-01
2.125378827154734418e-01
2.127503521078710769e-01
2.128394511928796418e-01
2.128882473718255453e-01
2.130927103173663184e-01
2.133866726056438401e-01
2.135550945982796212e-01
2.136088864883890215e-01
2.136804740239244549e-01
2.137825315998833076e-01
2.138370201975105800e-01
2.140357156930123017e-01
2.142171180871810798e-01
2.144224202817555380e-01
2.144804474702994290e-01
2.146344344940157023e-01
2.148567981006731520e-01
2.149498945117201409e-01
2.150529520718593990e-01
2.151630096497047506e-01
2.154250753295975096e-01
2.155155168601393112e-01
2.158438465058080957e-01
2.158786705606531853e-01
2.159160777247447482e-01
2.160032722140433348e-01
2.161186933859087778e-01
2.162607031013327186e-01
2.164409114318297800e-01
2.165965144366876483e-01
2.167938501459170109e-01
2.172765017129007492e-01
2.173395727142896638e-01
2.173684365810576169e-01
2.174624037689918687e-01
2.176034882053362596e-01
2.178689152561977260e-01
2.179105387824984141e-01
2.180738644949737903e-01
2.181689735688077669e-01
2.183063096491139055e-01
2.184119011418823864e-01
2.185884540841464274e-01
2.187008595644881759e-01
2.189489139911663940e-01
2.191761242470695870e-01
2.193482229161189956e-01
2.195037906976255726e-01
2.196094424065077322e-01
2.197716736064142251e-01
2.198200742181863621e-01
2.201658061199593674e-01
2.203800513531462280e-01
2.204554401044769574e-01
2.207099204572052498e-01
2.208019025821247872e-01
2.208584461464290216e-01
2.210767622536597699e-01
2.212106821938474022e-01
2.212548878871456737e-01
2.214041245303127181e-01
2.217149647391681577e-01
2.218783108574686747e-01
2.221567822917446255e-01
2.222606348572867263e-01
2.223884952453318575e-01
2.224493345313171000e-01
2.225868328882043834e-01
2.227045721348025475e-01
2.229398170824988812e-01
2.230311130344764803e-01
2.232680725878550543e-01
2.234507857128662234e-01
2.237544989718694144e-01
2.238395133712470231e-01
2.238933256328785593e-01
2.240887063568698379e-01
2.242064593796148919e-01
2.242611279375139877e-01
2.245724082298908020e-01
2.246587993489554402e-01
2.248313535822226150e-01
2.248527303556284163e-01
2.249116066304107098e-01
2.249513963912967984e-01
2.252720095695539826e-01
2.253510164575689423e-01
2.256270514234843538e-01
2.257529433304484856e-01
2.258432522801981368e-01
2.260333323956236484e-01
2.262357662609004449e-01
2.264374110359681780e-01
2.266584926300300173e-01
2.267153581175723465e-01
2.267822062328042620e-01
2.269452002088658549e-01
2.271848025785000169e-01
2.273608997552645228e-01
2.275010479073386604e-01
2.277263512129793777e-01
2.279750776015201652e-01
2.281259066710711325e-01
2.283658929282705585e-01
2.285561212247673724e-01
2.287129818361251510e-01
2.290417512267268751e-01
2.292339694625336599e-01
2.292717483939548662e-01
2.295684582250616668e-01
2.296929757533068828e-01
2.297406981462260522e-01
2.298436204734366217e-01
2.299046832825017150e-01
2.300134229428132115e-01
2.302111667997626121e-01
2.302962146718632586e-01
2.304927579071924248e-01
2.306804087831871852e-01
2.309338508656662292e-01
2.310291695983046345e-01
2.311923578293068604e-01
2.314463128520660995e-01
2.316052401675087469e-01
2.317272865866276677e-01
2.318694842596193684e-01
2.319694090970798317e-01
2.321160597523117264e-01
2.322235948461028598e-01
2.324269278358440105e-01
2.326349682711784661e-01
2.327559970987093663e-01
2.330258740495240177e-01
2.330688852441938907e-01
2.332772518202373413e-01
2.333611943313385340e-01
2.337007525165792077e-01
2.337312032754869373e-01
2.339370743413706766e-01
2.342669115570658323e-01
2.343880280404029848e-01
2.344983934293633498e-01
2.347088477196118128e-01
2.347323834168860146e-01
2.350385935927816472e-01
2.352244680663102272e-01
2.353704842138762687e-01
2.354852017504847350e-01
2.357478775380721925e-01
2.359349930781142191e-01
2.362589065358266238e-01
2.365652920927420189e-01
2.366102106027759000e-01
2.367602902361904682e-01
2.368663123812624061e-01
2.370132204057066316e-01
2.370617868105183157e-01
2.374868993403964068e-01
2.376209771295129392e-01
2.377066102966545746e-01
2.378458573041689339e-01
2.380787022814442322e-01
2.380886331789960897e-01
2.383529644255895641e-01
2.385909485845126021e-01
2.389113288702945093e-01
2.390033587995714914e-01
2.390827090059455540e-01
2.392366118315350787e-01
2.395234958744579812e-01
2.397814414932838700e-01
2.399004583395159818e-01
2.401362419381911639e-01
2.402375804081719746e-01
2.404203918532119011e-01
2.407418881666881505e-01
2.408013539894207078e-01
2.409568888222522742e-01
2.409668283408600564e-01
2.415063827910110816e-01
2.415543838645968777e-01
2.417949826160879223e-01
2.418541954586714005e-01
2.419396141977330494e-01
2.421711278931644729e-01
2.424677683374589776e-01
2.425170470521250676e-01
2.428378867860399026e-01
2.430088756586619436e-01
2.432382758966621095e-01
2.434540124944043482e-01
2.436708293672748271e-01
2.438003364337363033e-01
2.438888415820407995e-01
2.441778003364933058e-01
2.442344313983913773e-01
2.444368461310199581e-01
2.445513159922382829e-01
2.448128723971805809e-01
2.449305645683771127e-01
2.450739370721352617e-01
2.451559811064190908e-01
2.454334612964553797e-01
2.455981490880760065e-01
2.456903613329984304e-01
2.458584356047849584e-01
2.459124495765576957e-01
2.460604756080767286e-01
2.462326562277071251e-01
2.465129807103754178e-01
2.467370208365787798e-01
2.469604905981234166e-01
2.470604145781315208e-01
2.472293905744702702e-01
2.473932866742961645e-01
2.475498783482985021e-01
2.477951852109609165e-01
2.478998465466583645e-01
2.479656542320324564e-01
2.480915054663235531e-01
2.482868366287817319e-01
2.485193941693341346e-01
2.486961816812224002e-01
2.489283715838560562e-01
2.489885534280813495e-01
2.491480618192388197e-01
2.493271515588462162e-01
2.497115462909541006e-01
2.498128542745387259e-01
2.500349054445315522e-01
2.503304441477136044e-01
2.504722936016272050e-01
2.506213128607761020e-01
2.509457542101479754e-01
2.511234575069582475e-01
2.512472095616103962e-01
2.513583934803237385e-01
2.517961755215888942e-01
2.518606457571120893e-01
2.520179802857247520e-01
2.522162548935734105e-01
2.522986591908534804e-01
2.524658629833606560e-01
2.527546659822069164e-01
2.527939554550769352e-01
2.532468624674518720e-01
2.533963273115717452e-01
2.535145864083697687e-01
2.535917008792130112e-01
2.537089841080087393e-01
2.539396086514420503e-01
2.541146763817552223e-01
2.543824775367379276e-01
2.546795765802453149e-01
2.548935632624465542e-01
2.552011367278502751e-01
2.552205658697099810e-01
2.553795796787641792e-01
2.555066748022121192e-01
2.557264679250422779e-01
2.558891332792206930e-01
2.560837529521629019e-01
2.563371360982067970e-01
2.566269525721134315e-01
2.566410348854457069e-01
2.569809915913544018e-01
2.570490896569254669e-01
2.571884449908780623e-01
2.572696669083263110e-01
2.574927450806295814e-01
2.576964892166794807e-01
2.579687667573879462e-01
2.583187620930021966e-01
2.584870315457584167e-01
2.585375776117567193e-01
2.591071518540072893e-01
2.591892940189241545e-01
2.593037414542878616e-01
2.595607881091616664e-01
2.596468805555024462e-01
2.600115381024112882e-01
2.603673848950386338e-01
2.604412875169365704e-01
2.606570149659555580e-01
2.607516431283206648e-01
2.609580986137212122e-01
2.610334407877777929e-01
2.611937122133751177e-01
2.612684868325542142e-01
2.615425295184174992e-01
2.616810197711779140e-01
2.617806614942351784e-01
2.619952523371282260e-01
2.624320146619056882e-01
2.625106210952087293e-01
2.625759579050978565e-01
2.628538855138465302e-01
2.631585259599507065e-01
2.632891194962738157e-01
2.635283564134331957e-01
2.637280576108392283e-01
2.640559950767150110e-01
2.641174804551124633e-01
2.642246649095675304e-01
2.645791302656649302e-01
2.649002248217235400e-01
2.649055375180422445e-01
2.649835456712253401e-01
2.652153032624965934e-01
2.656949410500039632e-01
2.658605655358920461e-01
2.659239049050828863e-01
2.660536686844114374e-01
2.664054696494834729e-01
2.666192269901281886e-01
2.668787109963960402e-01
2.671148637686038829e-01
2.672300226749829144e-01
2.675599036005761322e-01
2.677289273974354233e-01
2.679157489978714612e-01
2.680860910796951102e-01
2.682748351325746627e-01
2.685000774188333605e-01
2.688297275440310052e-01
2.689923818625116203e-01
2.691258798266678021e-01
2.693683470162086535e-01
2.699905923600983138e-01
2.700443192600127107e-01
2.701583987704437306e-01
2.703940989861299826e-01
2.706515639043357568e-01
2.707936509074385101e-01
2.710585617486274135e-01
2.713828375026823836e-01
2.713999937905364757e-01
2.719266387862949719e-01
2.721278138707909910e-01
2.723371356608594862e-01
2.726541406440994852e-01
2.728693043773393612e-01
2.729786185992060243e-01
2.733220186677701169e-01
2.735095515640736386e-01
2.737583692193570895e-01
2.739577200223963782e-01
2.741317318727503061e-01
2.743463402246890115e-01
2.744274709079341790e-01
2.746551414465180363e-01
2.750263970852461770e-01
2.751567649742576727e-01
2.753668518369212781e-01
2.754446304106347720e-01
2.756753968922155407e-01
2.760471121961463603e-01
2.762541293636495698e-01
2.763445342943716132e-01
2.766473089519261852e-01
2.767250977366818576e-01
2.770108743792580319e-01
2.770643874880250879e-01
2.772162979106080893e-01
2.774625883032133533e-01
2.778520954689024935e-01
2.780637981314262319e-01
2.784194660104485908e-01
2.785384047685421360e-01
2.786629686054285515e-01
2.788629250573316232e-01
2.792799800268443988e-01
2.795412178386487700e-01
2.797058927046997545e-01
2.799246958680746689e-01
2.799788775294738685e-01
2.800903118635119093e-01
2.803459367094658372e-01
2.808191093459116439e-01
2.811098056336425177e-01
2.812603850413830098e-01
2.814438821901756316e-01
2.818913584520329474e-01
2.819999420915250132e-01
2.822974347776258108e-01
2.824590961646966103e-01
2.825963893164842311e-01
2.826817216480606021e-01
2.829764630344256404e-01
2.831957076844695553e-01
2.835357816515591267e-01
2.837095459591264524e-01
2.838967836142705647e-01
2.842648598783784064e-01
2.845072465368605474e-01
2.846258708004849591e-01
2.850530604112581634e-01
2.851547188998527216e-01
2.852090380151890425e-01
2.858628547905023298e-01
2.860214865026770026e-01
2.863056578676086983e-01
2.865954478671687844e-01
2.868655066939617138e-01
2.870491510948949831e-01
2.871467692799008486e-01
2.873210975834901704e-01
2.874377537567943675e-01
2.878533031481044224e-01
2.881118544963231498e-01
2.884551263849810532e-01
2.885671530766933390e-01
2.887563675770989380e-01
2.893480273285433668e-01
2.895318847076168156e-01
2.895681358154618135e-01
2.899715606892458442e-01
2.902401660764613034e-01
2.906354001764165917e-01
2.908620020350228819e-01
2.910672815424985571e-01
2.911089126619892387e-01
2.915142161693409784e-01
2.915840667804788788e-01
2.919992518943514970e-01
2.922121987966389556e-01
2.923496326346244900e-01
2.927881084525372768e-01
2.929111857618609260e-01
2.933141875246611519e-01
2.934913494384941979e-01
2.936443171555709331e-01
2.940241812398229349e-01
2.941757442703064052e-01
2.943827400796951155e-01
2.948859889748978724e-01
2.949305190118741704e-01
2.953398979509982425e-01
2.954601088638457718e-01
2.957688018981688982e-01
2.961061391919153074e-01
2.962267395521680502e-01
2.963008035361391346e-01
2.966488901515442755e-01
2.967782486451081003e-01
2.972611216511738541e-01
2.975124658839639058e-01
2.977266923357126394e-01
2.979202309962820094e-01
2.984033662553674526e-01
2.986821678170524241e-01
2.988832435014995847e-01
2.992935305273513591e-01
2.993747798422876083e-01
2.996086357338164086e-01
2.998601374282373611e-01
3.001502418204654576e-01
3.003819424185035780e-01
3.009169647360552258e-01
3.011385021713968158e-01
3.014101583667879725e-01
3.015979403382153534e-01
3.018384225151340972e-01
3.026528401869906237e-01
3.028225205412924392e-01
3.030190815618505895e-01
3.032923640646661978e-01
3.035713878118319053e-01
3.037514694994004616e-01
3.038912845936301843e-01
3.041495358484466727e-01
3.042241410473117136e-01
3.045544865259540157e-01
3.048474304204800145e-01
3.053354387010029369e-01
3.056371243194500598e-01
3.058954775658224157e-01
3.061693542175438210e-01
3.063003980588465680e-01
3.065454621252938772e-01
3.066878321948278696e-01
3.071431017957547138e-01
3.072347499122879966e-01
3.074393517087001815e-01
3.078212438963132125e-01
3.080597974893294344e-01
3.082907436838249748e-01
3.085956314654415000e-01
3.089703025033928574e-01
3.092677597674736156e-01
3.096030519032625383e-01
3.100922119871267757e-01
3.103320829010126070e-01
3.105187078894287023e-01
3.106313604958253483e-01
3.109620626641485530e-01
3.110781158045820560e-01
3.112928808345831189e-01
3.115088228767945444e-01
3.120727326793893974e-01
3.122774587563954540e-01
3.124379086128495353e-01
3.127036044208141297e-01
3.131320737311797942e-01
3.136179234297096219e-01
3.137331809809230654e-01
3.139386440195185424e-01
3.142486380321037331e-01
3.144167946187751417e-01
3.147968909739323196e-01
3.154220507665802531e-01
3.157639082547446518e-01
3.161280208917924828e-01
3.163079251227356448e-01
3.165703271122755069e-01
3.167700956629198039e-01
3.173151969348397272e-01
3.176124678291735171e-01
3.177964794427162176e-01
3.179671085827800447e-01
3.180211992919981245e-01
3.187673611773592652e-01
3.189086156656696369e-01
3.191444383167669208e-01
3.194189811428297943e-01
3.198281365154708178e-01
3.200618744585014275e-01
3.202967771687159071e-01
3.206960000772770547e-01
3.210295590969678425e-01
3.211681350611244046e-01
3.212586992889981397e-01
3.216599283412916455e-01
3.218830672489539357e-01
3.222016205643775666e-01
3.224559941685362641e-01
3.227745534267011385e-01
3.229817346551810409e-01
3.233560273161492082e-01
3.238495384054854709e-01
3.243660282410030238e-01
3.244488507656512755e-01
3.247817402388823993e-01
3.252859587433040156e-01
3.255316557654598930e-01
3.258792751035888280e-01
3.263974537543390397e-01
3.264138721593181081e-01
3.270922919581644717e-01
3.273351982828015538e-01
3.273659805057020367e-01
3.278475160996606741e-01
3.282289818250632152e-01
3.285974426111330504e-01
3.288951850353445394e-01
3.290846788730941719e-01
3.294801799068252657e-01
3.297869711517522617e-01
3.301233830684042747e-01
3.303245803074457698e-01
3.309497252973097603e-01
3.310765153931217175e-01
3.313372081947202896e-01
3.317033474866472043e-01
3.320023357423270149e-01
3.324061570593712656e-01
3.332569097504520794e-01
3.333607228739599027e-01
3.335617849202567320e-01
3.339583766578606561e-01
3.344444294193771872e-01
3.348349203305373001e-01
3.352012397581404235e-01
3.354022155402364147e-01
3.358627253554423153e-01
3.360676141260469652e-01
3.362548634831016847e-01
3.369551356662284225e-01
3.372679312688134368e-01
3.374456680530507069e-01
3.377349696338195484e-01
3.383230798296355535e-01
3.383550149535554108e-01
3.391588912927207544e-01
3.393431108471613999e-01
3.398281379053227913e-01
3.401042774421476622e-01
3.406231742206376478e-01
3.410861870118976347e-01
3.412626378492323864e-01
3.416043923377243829e-01
3.421906918606160142e-01
3.426106112480349908e-01
3.429219920994477366e-01
3.430978215749218019e-01
3.433204316303303805e-01
3.435006702747540608e-01
3.437574053266615470e-01
3.444493604428497391e-01
3.446646841083259583e-01
3.450348066346637377e-01
3.453286084916669108e-01
3.461164874742331810e-01
3.463141661168626650e-01
3.466624567633218579e-01
3.471385083029617791e-01
3.476101687159598441e-01
3.480092371042089461e-01
3.484880712801912694e-01
3.491282679291811686e-01
3.495022047882798133e-01
3.502020516115980642e-01
3.504349783428927223e-01
3.506858148153075838e-01
3.510401043959326950e-01
3.517525415582450354e-01
3.520151778074187554e-01
3.523373046159506417e-01
3.526732007868633167e-01
3.530104196096254254e-01
3.534447202088571993e-01
3.537401715845269745e-01
3.537935479250116644e-01
3.545891359459498182e-01
3.547207796655953427e-01
3.550703788817926587e-01
3.554108584316612585e-01
3.559570393062833071e-01
3.561157860546710352e-01
3.567227356973869945e-01
3.573491458258886144e-01
3.578715504772383427e-01
3.579839544059464362e-01
3.583413972205161113e-01
3.584607349723624714e-01
3.592720271740353355e-01
3.596526296014954105e-01
3.598865905395174369e-01
3.601909668726920866e-01
3.603783504572139473e-01
3.607026645130039233e-01
3.613659349352846828e-01
3.617616811085292983e-01
3.623850187557740021e-01
3.626602324869837579e-01
3.629189100224636255e-01
3.631897142928138811e-01
3.638772410677800218e-01
3.642774539933653632e-01
3.647334205885136016e-01
3.650956315548637976e-01
3.658161541593299981e-01
3.660132730728979378e-01
3.664379851174345837e-01
3.670835267257974155e-01
3.672305826146419205e-01
3.675519694544407967e-01
3.679393760019843418e-01
3.682946829763787400e-01
3.687880446444557481e-01
3.693138204850771600e-01
3.700389395135142978e-01
3.711848419546455169e-01
3.714761349649908229e-01
3.718698162797469120e-01
3.721118313548623657e-01
3.730299782262027630e-01
3.734341048952732334e-01
3.736053727388684575e-01
3.741386330423836504e-01
3.745044918194331274e-01
3.746286713970520266e-01
3.752000491862606535e-01
3.757639500265054222e-01
3.764397190556929562e-01
3.766572813939005893e-01
3.772578602195448272e-01
3.776243835468963694e-01
3.777937841169212718e-01
3.782352143491785612e-01
3.787851666773835446e-01
3.799152586312901092e-01
3.801318250805148513e-01
3.806450865881083612e-01
3.810153390492287406e-01
3.813738531235118523e-01
3.826092547970770807e-01
3.829446350212790118e-01
3.831214040093454121e-01
3.838507771605478291e-01
3.841034163078620445e-01
3.844897099062672963e-01
3.849950551546151845e-01
3.853713154996035728e-01
3.858064719451181901e-01
3.865755372789999034e-01
3.869466905226949804e-01
3.879402119649502656e-01
3.882288609368140242e-01
3.886079746599497842e-01
3.889624421349440198e-01
3.895059836758494320e-01
3.904961325152505602e-01
3.906734980601754281e-01
3.909104608953583027e-01
3.916340331429208343e-01
3.918857735172485701e-01
3.926234044709390192e-01
3.932823002173638227e-01
3.937291026579829434e-01
3.944642177590488852e-01
3.949613021440336325e-01
3.955991174812830691e-01
3.962654493230057806e-01
3.964874392434233341e-01
3.970921784374564223e-01
3.973620941489241498e-01
3.980280398483538873e-01
3.991607561015579342e-01
3.992160962534818669e-01
3.996361746208418886e-01
4.002302210527403092e-01
4.003362215542964897e-01
4.013925063172521512e-01
4.018561861393320500e-01
4.024998466687036980e-01
4.028389752022525916e-01
4.032784501360943130e-01
4.042957115361840992e-01
4.045244138245340237e-01
4.051016601845392473e-01
4.053547830169162425e-01
4.057568248833692270e-01
4.078110940421942887e-01
4.081483917480432932e-01
4.082932016114544926e-01
4.094321150400835885e-01
4.095619367049251336e-01
4.101072073254811157e-01
4.105771110467037466e-01
4.113780692468403388e-01
4.124056765919220657e-01
4.133495834059749963e-01
4.137388786432685817e-01
4.140942851932856716e-01
4.151198629909315652e-01
4.157386834217389748e-01
4.163633403130084787e-01
4.174790610115924339e-01
4.184456834255254609e-01
4.191663977482270043e-01
4.197607105928429228e-01
4.200645914666391589e-01
4.202530326499450131e-01
4.209787232612938190e-01
4.218421981535029897e-01
4.235039282065042876e-01
4.239301377107729252e-01
4.246297670732521734e-01
4.256339912304052397e-01
4.259257532479562292e-01
4.264502818742645918e-01
4.277609716292974373e-01
4.281458449510251452e-01
4.296538397642925000e-01
4.297211073618995014e-01
4.308758299052073415e-01
4.313192434326093005e-01
4.324811617852107326e-01
4.330792251427553752e-01
4.332937912820470361e-01
4.345828723469882804e-01
4.349096494030135207e-01
4.371554043006186663e-01
4.380036697782895283e-01
4.380376910069458396e-01
4.391374729812765332e-01
4.396427453285390308e-01
4.402414107742528837e-01
4.409517355534782745e-01
4.418969417578282322e-01
4.426997154235127185e-01
4.432694927884093805e-01
4.440112931401553609e-01
4.444527648169092071e-01
4.454006339122295599e-01
4.467230485041203680e-01
4.478823528249528119e-01
4.482620779041960879e-01
4.499438601667584137e-01
4.504916856100117384e-01
4.519376646302593059e-01
4.529781968239395273e-01
4.535045619576174025e-01
4.547840850789806599e-01
4.556133155844692140e-01
4.561433463146422063e-01
4.568927817068896280e-01
4.576398255992746300e-01
4.584718223450444108e-01
4.593314259174796632e-01
4.597520864813011143e-01
4.610637561916106075e-01
4.627606363611559970e-01
4.639025578680557316e-01
4.642964630802479120e-01
4.656547905249968644e-01
4.673987219411012140e-01
4.677889879375471405e-01
4.687512652455492201e-01
4.707665086977699254e-01
4.722588614562105991e-01
4.736177371426775196e-01
4.749386025630850661e-01
4.769705678373247770e-01
4.776963975775189719e-01
4.780129112048656648e-01
4.788923280795104875e-01
4.809992784864637883e-01
4.843171887052976077e-01
4.854619618548171589e-01
4.862819768132901066e-01
4.867838651046303422e-01
4.890522216016236490e-01
4.894489418958907212e-01
4.904208449879073339e-01
4.906976065299103462e-01
4.910199292357935730e-01
4.941580354335721736e-01
4.949742370277365189e-01
4.958088551841839942e-01
4.976708831689409807e-01
4.985677233178993917e-01
5.007014136011845862e-01
5.017827460710160281e-01
5.043215649293646408e-01
5.051705811944298130e-01
5.077407545417212953e-01
5.085745822429915686e-01
5.092994257345693221e-01
5.097558984476333599e-01
5.104777833234489526e-01
5.136876364776822301e-01
5.170424075578574641e-01
5.187059096228939792e-01
5.200253513561953200e-01
5.227914219307198129e-01
5.230035290024190875e-01
5.254395402192796327e-01
5.276155689496304646e-01
5.298570765042626141e-01
5.303114167213499597e-01
5.323837373407660500e-01
5.347497524762762078e-01
5.362167644169471004e-01
5.384994396486074697e-01
5.421619894626218406e-01
5.444373341182323633e-01
5.469639040407598962e-01
5.485873241228952368e-01
5.502145899808181806e-01
5.526657122264341249e-01
5.557752652532118587e-01
5.579584860684696501e-01
5.592457961984399484e-01
5.615116218542478554e-01
5.638835102285527645e-01
5.690724290892364978e-01
5.724494243858031517e-01
5.727411751136736173e-01
5.747335045515657992e-01
5.766953178972168415e-01
5.807178024911611169e-01
5.845127988179247280e-01
5.897434845638103162e-01
5.973619691076506033e-01
6.063499476164643243e-01
6.075648491555120101e-01
6.112157222806781087e-01
6.125876232635422136e-01
6.162145289421188110e-01
6.185676951850562766e-01
6.227081665025900881e-01
6.289182730431081003e-01
6.380735350625483804e-01
6.409947642810336355e-01
6.446241874164401198e-01
6.449962791221418579e-01
6.565958112023240201e-01
6.726679026619289958e-01
6.835040607853821726e-01
6.867469292136489933e-01
7.003907050164172032e-01
7.156196457623300589e-01
7.218905130498908251e-01
7.453270466982294673e-01
7.757469723322256705e-01
8.186518814271124267e-01
8.371094561493946928e-01
1.000000000000000000e+00
