# sorted relative singular values (reduced_hessian) field=lester2021 eps=1 N=12 n=3311
2.029499741765906657e-03
2.067259310554635937e-03
2.127468128262922833e-03
2.311060144477974053e-03
2.402096690921851248e-03
2.477845997280806768e-03
2.505792939387661584e-03
2.629944499639038421e-03
2.637680489356544755e-03
2.770631363247940369e-03
2.952120135312351085e-03
2.975685516449743696e-03
3.044709179979153586e-03
3.096648724986631948e-03
3.497420384827410605e-03
3.506437476461098275e-03
3.559102042047765195e-03
3.649389347566571722e-03
4.673112165639781504e-03
4.683531956014441548e-03
5.203332436452137201e-03
5.423926145446267798e-03
5.469673172127722215e-03
5.564045261678861841e-03
5.620764551849307886e-03
5.643048934376957218e-03
6.444628646851407495e-03
6.556330027815125173e-03
6.756127887962585198e-03
6.803242542493830383e-03
8.200059686872219686e-03
8.763745067296008912e-03
8.929821322864704702e-03
9.031628385450941876e-03
9.324149859029148488e-03
9.528234176926955734e-03
9.636294883544477274e-03
9.712963599788012464e-03
9.807073992929873224e-03
1.092913744526066364e-02
1.098080215682303504e-02
1.100673584313372269e-02
1.112651555837611099e-02
1.145016696191691018e-02
1.182286548661066507e-02
1.230156683972201230e-02
1.240555742801941266e-02
1.251060252471396413e-02
1.252559612383178679e-02
1.256631171811826118e-02
1.369076026421276425e-02
1.391749138616018254e-02
1.415191119514467091e-02
1.456263905070619494e-02
1.463993953780613928e-02
1.475073123828496598e-02
1.487543237481966582e-02
1.505822025219133616e-02
1.532497872231489144e-02
1.532882012536836494e-02
1.558979014191384446e-02
1.560003262520513918e-02
1.605084465560743801e-02
1.652110653359697978e-02
1.652640737317264547e-02
1.667340681166269364e-02
1.668726975161537521e-02
1.695957006976153356e-02
1.696648044891806845e-02
1.753834782932987488e-02
1.777090735607823879e-02
1.800170192518052090e-02
1.806862864434764099e-02
1.810622538980787011e-02
1.837684900709806585e-02
1.843443864107556160e-02
1.866177151593407732e-02
1.915696577568622508e-02
1.955029061970295357e-02
1.985236153723249700e-02
2.003876564851226477e-02
2.010104366248157901e-02
2.016841829170507722e-02
2.041456620035889472e-02
2.105573960369865397e-02
2.121633262685151261e-02
2.131711762947629749e-02
2.135356965030193316e-02
2.148495868376721143e-02
2.166383301219208107e-02
2.194985488460293385e-02
2.205234145932527534e-02
2.217078612404719054e-02
2.234629116089946466e-02
2.245609757641839691e-02
2.280086196447472791e-02
2.285969705234180277e-02
2.297051043476350252e-02
2.307567928343062097e-02
2.313958359866980993e-02
2.338805376503340708e-02
2.357951934579148937e-02
2.358113811371858118e-02
2.361832613013588322e-02
2.391130209210609939e-02
2.398827785182015143e-02
2.424830259731273682e-02
2.433973244153629645e-02
2.459139979350683999e-02
2.467928734893246046e-02
2.491917068031631807e-02
2.495884218814541436e-02
2.512783946712053920e-02
2.515301440570927999e-02
2.523152090210586604e-02
2.530393968637993304e-02
2.552302099587032413e-02
2.576248044249066643e-02
2.581051006413504628e-02
2.588826716784415477e-02
2.609050183394527253e-02
2.612752028580863153e-02
2.640847196156642304e-02
2.655906271210619479e-02
2.688170857731779148e-02
2.692680237773980786e-02
2.698039862338718828e-02
2.776872568936400096e-02
2.777755066977382128e-02
2.846151157254764655e-02
2.870278798976432996e-02
2.891865697336852906e-02
2.927109056640739282e-02
2.930385130663473031e-02
2.960158279443719093e-02
3.018053148312675737e-02
3.082856492262081236e-02
3.083070087958489011e-02
3.182851154170729391e-02
3.188846825367442489e-02
3.189643844360046110e-02
3.225528213010814271e-02
3.237908420813384591e-02
3.283150723383169295e-02
3.288233782226033380e-02
3.359133954872250277e-02
3.366801812540694272e-02
3.378100349048304002e-02
3.461515365814037820e-02
3.486803351026829950e-02
3.487953489373867705e-02
3.504164573806424487e-02
3.520663116935420639e-02
3.539363206587960164e-02
3.575887803707608614e-02
3.586462755137806435e-02
3.610456333101775411e-02
3.630735047338336241e-02
3.646160961974621167e-02
3.673647184691916645e-02
3.674393196737122530e-02
3.680203511761248603e-02
3.689584486803382246e-02
3.724537085779675016e-02
3.742155623077911275e-02
3.777001188288886535e-02
3.783734604463225709e-02
3.792660599889938200e-02
3.796541400599297289e-02
3.829129423872325300e-02
3.834807213990482078e-02
3.877791009238336362e-02
3.936028072205922934e-02
4.069495749552527741e-02
4.079424043340500877e-02
4.082860122077953263e-02
4.157992698950772198e-02
4.194065423620657596e-02
4.253257268471247882e-02
4.320457832051496222e-02
4.337056558141245965e-02
4.364149455201873223e-02
4.383342121071118896e-02
4.392449026987167021e-02
4.431116545198045265e-02
4.471511851823421757e-02
4.482687060137689056e-02
4.491616342055719524e-02
4.496367957756215034e-02
4.500826261213693169e-02
4.506982384471707598e-02
4.526447374457959888e-02
4.557742465407822741e-02
4.575716240942207663e-02
4.583573395283007529e-02
4.600697740454692125e-02
4.664199866546735879e-02
4.683098931778473251e-02
4.701236758472093075e-02
4.705753420541038123e-02
4.729213125349977787e-02
4.745883262593648261e-02
4.762534663853641020e-02
4.772648702747614435e-02
4.803182679357445584e-02
4.807693902894615706e-02
4.852062094815570714e-02
4.857235524477115235e-02
4.867360468644778976e-02
4.929218203089312522e-02
4.974708451790160746e-02
4.990759547377219413e-02
4.992215802799328944e-02
5.027468434284897841e-02
5.047044000673297365e-02
5.051355430472261737e-02
5.106210347121780541e-02
5.153508507082699142e-02
5.175057466202178519e-02
5.177707618679654872e-02
5.201780342303337357e-02
5.235033398977952807e-02
5.241688934569002645e-02
5.248751401524721222e-02
5.283933486335899016e-02
5.292561723383663180e-02
5.299484057931646425e-02
5.306565168077302663e-02
5.335956023748480298e-02
5.357747250929354582e-02
5.361438158002720250e-02
5.375748974369144034e-02
5.382736300480018415e-02
5.392727165659404187e-02
5.410207288111963664e-02
5.419356990933404949e-02
5.433478032960317033e-02
5.434212472525508375e-02
5.492224274104334780e-02
5.504564564819865863e-02
5.532729978870607607e-02
5.540834196291400532e-02
5.552471658820123251e-02
5.573648456251211608e-02
5.574660609784698462e-02
5.585018396812727048e-02
5.592218385894787147e-02
5.592515594663780010e-02
5.615076142338819992e-02
5.618883380969035002e-02
5.632368497820836734e-02
5.674242855244539252e-02
5.696553599819857705e-02
5.698946276214303386e-02
5.708359211131113636e-02
5.736077739106735379e-02
5.751919128941410109e-02
5.764072896506846483e-02
5.770811201315627359e-02
5.778627280257994658e-02
5.783679984385126094e-02
5.801941448508896731e-02
5.827746082919271764e-02
5.830048531860611283e-02
5.840906040596827858e-02
5.845287476822987049e-02
5.851813782334523012e-02
5.878936546300072424e-02
5.887531328565495659e-02
5.941864544309540669e-02
5.995795601475231718e-02
5.999030607483092636e-02
6.040866630589073610e-02
6.058852397633317233e-02
6.090622810197698911e-02
6.091508268084989963e-02
6.126851752956652408e-02
6.140577270066862464e-02
6.144970278283338333e-02
6.159165426085214806e-02
6.179850091584710575e-02
6.191479457668418174e-02
6.191826671573781582e-02
6.207535892810926714e-02
6.257081733429123438e-02
6.286714210646456025e-02
6.296811725557034667e-02
6.299223881193702357e-02
6.334234784013026420e-02
6.336585589163777621e-02
6.366049054652582473e-02
6.373157398281846520e-02
6.378225969334437584e-02
6.381360666829165307e-02
6.382814459286892395e-02
6.429766854436209933e-02
6.458549124222708049e-02
6.470351863179489571e-02
6.471133823987000599e-02
6.503214097131150562e-02
6.536814581084236797e-02
6.541594716621434991e-02
6.562350823877788342e-02
6.580366107073122584e-02
6.616425123417557508e-02
6.618576109651368167e-02
6.684089922407948636e-02
6.690771745699496120e-02
6.697252274578191500e-02
6.702398867010732342e-02
6.780144232479934363e-02
6.786359927800207636e-02
6.835859286485521102e-02
6.848790444353466955e-02
6.909337759297506931e-02
6.926039171133757666e-02
6.953449516615442527e-02
6.957210980837541525e-02
6.989282879424024708e-02
6.994556055045891840e-02
7.046866601993222179e-02
7.070035729917463485e-02
7.104873049292724507e-02
7.117987111692498925e-02
7.124639162497209410e-02
7.137176454955843075e-02
7.180606000277844903e-02
7.189039397368716944e-02
7.191993900476488510e-02
7.197990529182357600e-02
7.230951786478705123e-02
7.235129842740042894e-02
7.280665944648131993e-02
7.311734939229248831e-02
7.354702843325963690e-02
7.368321252701685864e-02
7.386222460450661553e-02
7.399382381935340480e-02
7.413935062660242936e-02
7.453209164150245702e-02
7.485888001624815824e-02
7.536517773254730601e-02
7.573796570526457328e-02
7.577326482421686826e-02
7.600297334148425898e-02
7.633117114583540253e-02
7.645573254337394153e-02
7.673364774629203022e-02
7.726888880317496489e-02
7.739641593782577156e-02
7.747604001678641550e-02
7.767491919978455894e-02
7.792606677050441244e-02
7.804206962666965230e-02
7.832483779562439408e-02
7.847302681622762843e-02
7.870783663434284538e-02
7.907475527970207752e-02
7.942508710563903063e-02
7.956584394607790767e-02
7.961094418406479412e-02
7.988815409942007228e-02
8.041774523366562732e-02
8.048509140482676405e-02
8.053926047072455796e-02
8.140114492993097417e-02
8.157446525055160602e-02
8.170413500078925473e-02
8.172409562205640299e-02
8.201284469273076305e-02
8.208863745746668161e-02
8.210599639652445270e-02
8.248981639567552759e-02
8.258404241064262741e-02
8.281673736104711026e-02
8.289322355032928413e-02
8.319577066747041449e-02
8.351915547113354654e-02
8.355100339763162076e-02
8.374601737709062854e-02
8.384194185803475752e-02
8.411960793277031834e-02
8.467455746379121129e-02
8.475332427427390014e-02
8.479121493660161935e-02
8.485302550143623834e-02
8.487296683015986554e-02
8.505203175988423903e-02
8.508722644818597636e-02
8.561165307865914453e-02
8.570887595238747825e-02
8.571512029664928034e-02
8.576089954763305157e-02
8.577630607314332134e-02
8.659929146803775624e-02
8.670245830587919311e-02
8.683723241634115630e-02
8.683728595420976692e-02
8.710067015832416437e-02
8.742042175950011373e-02
8.750042091102186448e-02
8.758468208361490370e-02
8.771168500076813312e-02
8.774516335241817899e-02
8.806733164386695845e-02
8.810936986375968172e-02
8.836177655507009010e-02
8.836186333750951916e-02
8.855514602243556854e-02
8.873817975209495612e-02
8.886742358644882100e-02
8.925570375680740021e-02
8.942923761757252954e-02
8.949469623760265835e-02
8.975782487020864120e-02
8.977465743615464788e-02
8.991082903056848985e-02
8.992854535557087692e-02
9.002112694324539144e-02
9.003311090990949450e-02
9.006739482889468407e-02
9.049639386416814812e-02
9.067929222801922318e-02
9.072548854347010916e-02
9.090375138837240854e-02
9.109889583728113249e-02
9.110861222536552340e-02
9.149482446548640180e-02
9.169676660248263222e-02
9.177116537452345568e-02
9.179772765142756030e-02
9.200252454625447440e-02
9.211739819383757411e-02
9.249468591499093728e-02
9.263315938332600252e-02
9.269864883002250366e-02
9.288797833957465611e-02
9.292602208717040679e-02
9.318463945396174286e-02
9.331055559959702816e-02
9.342320638681893274e-02
9.343743363733413021e-02
9.366427578184896574e-02
9.369616423806248484e-02
9.415874696480232287e-02
9.445929825102336586e-02
9.461090135891128683e-02
9.470517080783073804e-02
9.473854319623588316e-02
9.504145765872920593e-02
9.512721293439438397e-02
9.545213178418444910e-02
9.556783578486124919e-02
9.559507631053171250e-02
9.563376832558505292e-02
9.582055092831374965e-02
9.617429773439878371e-02
9.632660140698690032e-02
9.656905156692058290e-02
9.663609602276258814e-02
9.675430305371565676e-02
9.694232511496854443e-02
9.698152727931905193e-02
9.706444133084241033e-02
9.733378859568085628e-02
9.744095545881030496e-02
9.772068123349779423e-02
9.806247928620544230e-02
9.814750288001095058e-02
9.823416643375672275e-02
9.835330039688705561e-02
9.851098525088422542e-02
9.880106220413945040e-02
9.884569215852567758e-02
9.911628862953572594e-02
9.911801787754100090e-02
9.916966148576153439e-02
9.941815988586724662e-02
9.947278018114454057e-02
9.947983259202954065e-02
9.953339001885477821e-02
9.975265752843749667e-02
9.996349193323336713e-02
1.000872168256190797e-01
1.001671007289846593e-01
1.002966711900136476e-01
1.007566808843865236e-01
1.009910349086383524e-01
1.010093312590481796e-01
1.010164116696457420e-01
1.010252418434737232e-01
1.011007084811431783e-01
1.014606132790627641e-01
1.016614869516236364e-01
1.017311560575656637e-01
1.017493768054942571e-01
1.018218803769606329e-01
1.018921084766323398e-01
1.021382794731988120e-01
1.022716443891347610e-01
1.024549664364856061e-01
1.025170862803212180e-01
1.027496104033505664e-01
1.028556262328904763e-01
1.029958061164069766e-01
1.033344878100776326e-01
1.033388666856309562e-01
1.035292480501749657e-01
1.037018448890686673e-01
1.038510537753698088e-01
1.041721318378840272e-01
1.042559635113734645e-01
1.043037843344969406e-01
1.047310796556987778e-01
1.047349349492305293e-01
1.048482513382995029e-01
1.049791924278229011e-01
1.053561196065993105e-01
1.058044709500830932e-01
1.059805047790360749e-01
1.060977544414340168e-01
1.066984518395843046e-01
1.068306528004085293e-01
1.069873635217010038e-01
1.073780676960213454e-01
1.074966265383839881e-01
1.076008667922417616e-01
1.080315859128092582e-01
1.082549435903940871e-01
1.085462737593983901e-01
1.088046415995781446e-01
1.090107114220335155e-01
1.091886265539778328e-01
1.094864298104880063e-01
1.099434830379292238e-01
1.102986495331199912e-01
1.104489183055250012e-01
1.105699598711321618e-01
1.105990211397525902e-01
1.107965893699264653e-01
1.108915875537626605e-01
1.111585890248291963e-01
1.113405682484985698e-01
1.114960717614639357e-01
1.115228768108436214e-01
1.118496490187090298e-01
1.126894026191341824e-01
1.127483748178563783e-01
1.129739692175056737e-01
1.129771332141476514e-01
1.132232189352369717e-01
1.132292148210502780e-01
1.134809427034424445e-01
1.136541727893345538e-01
1.136792458513857240e-01
1.139611585394215559e-01
1.143657875221375936e-01
1.144045130655090003e-01
1.145758728613936600e-01
1.146473739679796655e-01
1.149110169131686288e-01
1.149256132493581967e-01
1.150896546851062907e-01
1.152164077042422408e-01
1.154703657626884178e-01
1.155714733297142222e-01
1.156750666632870295e-01
1.158272409558613880e-01
1.159109716257291367e-01
1.159764259352612237e-01
1.160488745438003483e-01
1.162263863515928530e-01
1.163791205442275128e-01
1.164924588572267689e-01
1.165906101967215114e-01
1.166998729542086943e-01
1.174424920149195750e-01
1.174742225367921694e-01
1.179479605065087700e-01
1.179641161538451805e-01
1.180344412552036676e-01
1.181565506644636915e-01
1.182124392968900567e-01
1.183661506552001474e-01
1.184784699926706292e-01
1.186081059496425366e-01
1.186199665136478121e-01
1.187805424155212869e-01
1.189164694542008405e-01
1.189959913753304566e-01
1.191899002337606095e-01
1.192886288031992092e-01
1.193495724059987356e-01
1.193761436223672173e-01
1.198252875315539284e-01
1.199205451991620236e-01
1.201100648251980513e-01
1.205981980182351393e-01
1.206391449622294942e-01
1.209436306274854905e-01
1.210647839150310184e-01
1.210749462824718820e-01
1.211116804660317681e-01
1.213007459360602308e-01
1.214722547864131308e-01
1.217754045673490604e-01
1.218140786857343921e-01
1.219475722281608415e-01
1.220681830805652873e-01
1.222343803329637296e-01
1.222566528121869500e-01
1.227302705670147015e-01
1.230616649814483821e-01
1.231471890092177418e-01
1.232793441229924486e-01
1.233029487859104434e-01
1.234292801446357363e-01
1.235940012409625782e-01
1.239691122462344142e-01
1.239691773136697428e-01
1.241360201214913028e-01
1.242455456253633711e-01
1.243059148233747885e-01
1.246329040719317688e-01
1.246946660812422308e-01
1.247707617238876937e-01
1.248832986768542846e-01
1.249169691496549717e-01
1.250832510699807221e-01
1.253239045731282530e-01
1.253400238876810069e-01
1.255362215619878763e-01
1.255796491115015456e-01
1.257933714102699441e-01
1.261717983994170289e-01
1.263344583571341939e-01
1.263795403214751090e-01
1.264288778424631221e-01
1.265886739195828115e-01
1.266609098704807868e-01
1.266991343580086138e-01
1.268531251381898317e-01
1.275920524065241313e-01
1.276358948611803212e-01
1.276638642155757120e-01
1.278093060520123503e-01
1.278860892482756861e-01
1.280106392384539882e-01
1.281199370297991802e-01
1.281706497928596644e-01
1.287208929325858175e-01
1.288581508377459051e-01
1.289758806526883628e-01
1.290814687406951489e-01
1.291371257008470941e-01
1.292892720559965791e-01
1.294967541484325357e-01
1.296458373011577514e-01
1.298031377782579154e-01
1.299490638464639025e-01
1.301182019248550426e-01
1.303899916890969846e-01
1.304368525933581047e-01
1.306368480576939051e-01
1.307290858884120055e-01
1.310447745239315120e-01
1.311646309008729638e-01
1.311780576957412014e-01
1.314430560107254509e-01
1.317223097409253585e-01
1.319264828995675431e-01
1.319828020531672308e-01
1.321439794020343450e-01
1.321640027097080172e-01
1.323534944118291701e-01
1.324178696240162489e-01
1.325063546480690913e-01
1.326782253640630405e-01
1.327353836322179848e-01
1.327603365807812630e-01
1.329585508491451240e-01
1.330363318723484789e-01
1.333950618408969169e-01
1.335596128320259424e-01
1.342543409565512269e-01
1.343296949422523034e-01
1.345142293768044894e-01
1.346888842795301855e-01
1.347188558618614418e-01
1.347795008789645088e-01
1.350495871709297413e-01
1.351684381115858535e-01
1.352668547682938094e-01
1.357584801838284949e-01
1.360151338183338554e-01
1.360339993252105695e-01
1.361899651377065090e-01
1.365087372305338331e-01
1.367372491898445341e-01
1.370505000870314016e-01
1.372439614212048464e-01
1.372446611971117614e-01
1.372480889617447297e-01
1.373448445974501664e-01
1.376211236722233722e-01
1.376477141397706994e-01
1.377367747768115380e-01
1.378631550655398663e-01
1.380681852030656021e-01
1.381061929521498755e-01
1.383179262253112218e-01
1.385081408074344822e-01
1.386875289263767852e-01
1.387952021476224762e-01
1.390811641918386909e-01
1.392123644637658642e-01
1.393428502281788550e-01
1.395936448284897102e-01
1.396207351072746017e-01
1.397115537982202005e-01
1.398467904058561806e-01
1.399098854537077774e-01
1.400856568863012852e-01
1.402294081792570812e-01
1.402509044337070243e-01
1.404761386284423819e-01
1.405744079827736248e-01
1.407251720939532436e-01
1.408379680198545703e-01
1.410047714286737364e-01
1.410308973732395388e-01
1.413996131891842034e-01
1.416377368622164790e-01
1.417179646353471656e-01
1.418606814614339628e-01
1.419247016480817691e-01
1.421487368942145058e-01
1.423260041212878191e-01
1.424263327270945956e-01
1.424734459194670899e-01
1.425632790792434323e-01
1.426374197563850532e-01
1.428001787471787631e-01
1.432317059871481557e-01
1.433406731038990300e-01
1.434474997633225501e-01
1.435354256195922329e-01
1.440985935952450170e-01
1.446746826215174475e-01
1.447666637000150636e-01
1.447866135959507417e-01
1.449703377413257832e-01
1.450814304709443781e-01
1.452311431425988564e-01
1.452425763087594468e-01
1.453292049654986984e-01
1.453807357428589520e-01
1.458382988332005692e-01
1.459249923175645336e-01
1.462352465254356804e-01
1.463298178734364907e-01
1.463316162303167356e-01
1.463821810703457849e-01
1.465565274178899091e-01
1.465935168359920604e-01
1.469771031503516179e-01
1.471928482816081407e-01
1.474666979857525428e-01
1.474811761215832351e-01
1.475345159133904238e-01
1.475946187149936861e-01
1.477921773564971897e-01
1.482015138673358490e-01
1.483082059330531333e-01
1.487210424172125123e-01
1.487812482154887705e-01
1.490709840762360627e-01
1.491350931926966605e-01
1.491952810777714966e-01
1.492476837881776264e-01
1.495372184219748157e-01
1.497884368823443890e-01
1.503159497348620643e-01
1.504431948101544458e-01
1.506224301556833844e-01
1.506278444132476690e-01
1.508277310721085063e-01
1.508655116589303069e-01
1.509178067921418953e-01
1.511432189897896072e-01
1.512111041429253788e-01
1.512434890120770148e-01
1.512666996756327764e-01
1.514719594641989464e-01
1.515986410163687736e-01
1.516573824354620070e-01
1.520092524280728385e-01
1.520832284284777403e-01
1.521438194573120350e-01
1.522984631298099911e-01
1.526756753085194429e-01
1.527143648998246228e-01
1.528912084348525713e-01
1.529162804287891586e-01
1.530020924838363383e-01
1.530684940459527688e-01
1.531099880767451682e-01
1.532938675442390986e-01
1.535090304404011785e-01
1.537000144770157839e-01
1.538682270186716716e-01
1.539670192360386158e-01
1.540333267434037257e-01
1.541069340111202723e-01
1.541088362267098166e-01
1.545201239513959157e-01
1.546472606135920747e-01
1.547094306928854801e-01
1.548189487245776597e-01
1.548259144143117050e-01
1.548854108020839837e-01
1.550227097455241509e-01
1.552992335189966600e-01
1.553007358924392289e-01
1.554796705704364623e-01
1.555405600988646608e-01
1.555865679400975643e-01
1.556990561633120329e-01
1.559483117376866401e-01
1.559772925692767820e-01
1.560787901759146667e-01
1.561513441167092509e-01
1.562195286661885452e-01
1.564173127724716172e-01
1.564179503619779199e-01
1.564845060231239149e-01
1.566447232934354561e-01
1.569672182669450966e-01
1.569952432718492996e-01
1.574258407424836692e-01
1.575566781976192599e-01
1.576215813739161864e-01
1.576226400772726688e-01
1.577007911240636551e-01
1.578421243516103245e-01
1.578807027379460770e-01
1.581215679080042458e-01
1.582412412030327897e-01
1.584098926789962170e-01
1.584923640002758871e-01
1.587965704123275590e-01
1.588386697718020824e-01
1.589596555729698990e-01
1.590978457476884822e-01
1.593122109061875236e-01
1.594892144827863567e-01
1.596855202649861971e-01
1.597078670395725986e-01
1.598949664157056916e-01
1.599197766434153345e-01
1.600758650469437105e-01
1.601477559978011500e-01
1.603542940140959550e-01
1.604143035462280709e-01
1.604381810719884005e-01
1.604945967813621865e-01
1.607770762377543350e-01
1.609339434901667087e-01
1.610405459820015983e-01
1.614721774230248597e-01
1.615084492562922636e-01
1.616249729682557867e-01
1.616496902423194271e-01
1.616949066571983507e-01
1.618019163085457623e-01
1.619649558978278614e-01
1.619881885492928386e-01
1.620079643119483603e-01
1.621928797245417997e-01
1.623453769119207746e-01
1.626658583275838454e-01
1.627276201746924722e-01
1.627479589998961640e-01
1.629298873724673302e-01
1.630145296798297394e-01
1.632233191403013040e-01
1.634573841341767642e-01
1.634680754096342892e-01
1.635062383354874138e-01
1.635554959737552938e-01
1.635768611547539497e-01
1.641945447145543302e-01
1.642100237101096205e-01
1.642397307593592148e-01
1.644882005438453587e-01
1.645030452355509265e-01
1.647003432158145320e-01
1.648600153730168383e-01
1.651014368866377813e-01
1.651615979396757472e-01
1.653587442586014478e-01
1.653636970202612133e-01
1.655882423802872982e-01
1.655889202438743102e-01
1.658006275603509660e-01
1.660020735683276627e-01
1.661723976700293370e-01
1.664259292142623581e-01
1.664547558406153926e-01
1.665387730938953648e-01
1.667732378699503804e-01
1.668821394196769448e-01
1.669833816866627962e-01
1.670435929561304433e-01
1.671599323360012657e-01
1.671650714090117118e-01
1.671696302925432809e-01
1.672961411749936678e-01
1.675059520808942493e-01
1.675314326518928532e-01
1.676283525140263853e-01
1.679271205462949945e-01
1.680982337857205577e-01
1.681815069899957882e-01
1.686045280964603710e-01
1.686171030891946421e-01
1.688211919095406188e-01
1.688308792899908262e-01
1.688686493468615768e-01
1.689470788266803913e-01
1.691652640514979822e-01
1.692926201869940916e-01
1.694991303451212072e-01
1.695413380473974052e-01
1.696695941092732363e-01
1.698904300414238178e-01
1.699342591610927822e-01
1.699829668924088266e-01
1.702658253185748982e-01
1.703123772691453319e-01
1.707995306486108922e-01
1.708151802165716604e-01
1.709356761202682484e-01
1.709545081746463302e-01
1.712323402366192626e-01
1.714467568364904937e-01
1.715077421295926607e-01
1.717334471811785002e-01
1.717705605247385192e-01
1.718858748882679810e-01
1.720625221310642106e-01
1.721921467837225495e-01
1.723079867976198276e-01
1.723619371300650349e-01
1.724892251977195867e-01
1.726511499487424217e-01
1.730457889433492935e-01
1.731056451922661221e-01
1.731645929811331530e-01
1.732197168128099263e-01
1.732831012799586345e-01
1.733136371030024880e-01
1.733283962427994984e-01
1.734867954257982570e-01
1.735455528855968654e-01
1.735620164458737680e-01
1.739479340940748020e-01
1.743124474291828374e-01
1.743393903013266411e-01
1.743802200221881427e-01
1.744301348075686098e-01
1.747479842889256008e-01
1.747824987694085175e-01
1.749189078925527385e-01
1.751344534519887197e-01
1.751510943705482937e-01
1.752081518205115540e-01
1.755044772127864472e-01
1.758150698566045278e-01
1.758533916161311439e-01
1.760335973509127017e-01
1.760574178560117276e-01
1.761353898107625160e-01
1.762474113164103906e-01
1.766414108558574669e-01
1.769472648246337709e-01
1.769767719416986684e-01
1.770418016063502742e-01
1.771521453139806579e-01
1.772833905631725770e-01
1.773511683070088107e-01
1.775747111450718951e-01
1.776171961175110892e-01
1.779880487232696762e-01
1.779965193016232461e-01
1.780519361339185924e-01
1.783020011982376918e-01
1.784220122645956974e-01
1.784802211234803870e-01
1.785576167044057305e-01
1.785977666447490231e-01
1.787004094437786295e-01
1.788791167042827202e-01
1.791081786007280574e-01
1.791744844417430260e-01
1.792354139401654556e-01
1.792623972735292170e-01
1.792777037431596554e-01
1.793899662965457720e-01
1.797626791649145350e-01
1.800073611426407649e-01
1.802062464417463483e-01
1.804059409356357779e-01
1.804170783557831059e-01
1.805549537660421644e-01
1.806933738097101227e-01
1.809819006190521162e-01
1.811477217894584268e-01
1.812336478984972743e-01
1.817554490263095512e-01
1.818953861655051296e-01
1.819093512302623339e-01
1.819194794623235356e-01
1.823161511365309906e-01
1.824135677612356010e-01
1.824581047683383750e-01
1.826369827266354218e-01
1.827001995777800536e-01
1.827574400613222183e-01
1.829443715890581024e-01
1.830545045372866664e-01
1.830654304302725133e-01
1.831843746492874403e-01
1.832526181305389468e-01
1.832706898278989582e-01
1.834171544303823398e-01
1.835059041674186042e-01
1.835648956731935622e-01
1.836247309129825644e-01
1.836749052268549232e-01
1.837844546654536226e-01
1.839831160359735041e-01
1.840758261677944985e-01
1.840972662348046573e-01
1.843178117013238859e-01
1.843773558986943062e-01
1.844505327182249799e-01
1.845095534706317764e-01
1.847037617430597467e-01
1.849013899470675071e-01
1.849126840177349740e-01
1.849815280537456530e-01
1.851136987838847836e-01
1.851489923105300583e-01
1.853838546174899349e-01
1.853840260406001417e-01
1.856148899143669206e-01
1.857077128825651291e-01
1.858669664246223041e-01
1.859917458492657827e-01
1.860171220784910262e-01
1.863189772376792064e-01
1.863407033540339375e-01
1.863894643244587424e-01
1.867503745966007933e-01
1.868056325306518273e-01
1.868720618555901047e-01
1.869798386260009826e-01
1.870131338320657199e-01
1.870231596286969777e-01
1.871070552259147535e-01
1.871901955071150203e-01
1.872315396217537065e-01
1.873747419032263106e-01
1.875053240679243893e-01
1.876130695907422818e-01
1.877168925366014818e-01
1.880009096143017422e-01
1.880185770202065509e-01
1.880636142701615499e-01
1.883840477227208543e-01
1.886612484480147123e-01
1.887174708366904929e-01
1.887700361642418723e-01
1.889509516934145539e-01
1.890535955398320311e-01
1.891087261935923136e-01
1.891438203918302252e-01
1.893307306270231860e-01
1.893387321100142018e-01
1.897730690732088443e-01
1.897735137484150847e-01
1.898120041190892171e-01
1.899119699797803540e-01
1.900858097909517153e-01
1.901221887188383475e-01
1.901350586241027651e-01
1.901803663493976670e-01
1.903726242225156629e-01
1.904508703518148771e-01
1.908267536126753705e-01
1.908536547841432618e-01
1.911202576544533960e-01
1.912893285710959568e-01
1.914164790538721295e-01
1.915022332648334547e-01
1.917573425142335419e-01
1.917677286898690769e-01
1.918304766383033266e-01
1.920965316221483199e-01
1.921140363593217271e-01
1.922956323699275549e-01
1.923900272206312545e-01
1.925336233285536436e-01
1.926301018691448097e-01
1.930332585307949211e-01
1.930828910652656882e-01
1.933713190614252952e-01
1.934920267070744382e-01
1.935810714619003448e-01
1.935976295326416741e-01
1.937866062687633451e-01
1.941639752718871681e-01
1.942832811844829866e-01
1.944728915631779853e-01
1.945506122958182427e-01
1.946873234020451426e-01
1.948473794379514679e-01
1.950832528440143709e-01
1.950973177576474371e-01
1.952303345405168589e-01
1.953002821930529820e-01
1.954776827931131444e-01
1.956106036514699831e-01
1.958081060601531143e-01
1.960590051471737538e-01
1.963424323172087149e-01
1.965001042448970003e-01
1.965914498702226731e-01
1.966391764473386650e-01
1.967875031348791659e-01
1.967949239096109526e-01
1.970230190121519676e-01
1.971171844365205150e-01
1.972701183801115199e-01
1.973360025967118569e-01
1.974859227758671287e-01
1.975599986397334196e-01
1.977115896023717290e-01
1.977570241425007369e-01
1.980498692821250351e-01
1.982953594254877328e-01
1.983460971335895551e-01
1.984791388564484949e-01
1.986422241245274223e-01
1.989594092888282706e-01
1.989972987347173594e-01
1.992730250059174535e-01
1.992810680730177086e-01
1.994389057480553396e-01
1.995370772745767574e-01
1.997779737017639778e-01
1.999960338532939252e-01
1.999975584062256284e-01
2.001245870610430799e-01
2.002570412504088571e-01
2.002749341664823435e-01
2.005446500736422222e-01
2.006871906190677013e-01
2.009672928983400886e-01
2.009687110960785006e-01
2.009911441942358046e-01
2.011040543782800505e-01
2.013710602366186042e-01
2.015598105632023240e-01
2.016043842943605058e-01
2.019890197232754314e-01
2.020147570513279034e-01
2.020279491819327866e-01
2.020639473176011613e-01
2.021982494156835397e-01
2.022890459864587209e-01
2.023981226892937191e-01
2.025510289333336267e-01
2.026353711756274933e-01
2.030136006319362973e-01
2.030381853767389833e-01
2.033413396502673498e-01
2.034058300727210333e-01
2.035118858385749907e-01
2.035717259398753809e-01
2.036739166670793466e-01
2.037427759594048760e-01
2.039195849935213911e-01
2.040172835134343721e-01
2.041163682019551950e-01
2.041874493710729710e-01
2.045784612462109575e-01
2.046153378950643642e-01
2.048863361055529020e-01
2.049118060226354510e-01
2.049415479326599232e-01
2.049960538455711523e-01
2.053500319992711265e-01
2.053908051814240798e-01
2.056391778047829411e-01
2.057524133259505117e-01
2.058286287483606369e-01
2.059318076348227722e-01
2.061166664170017981e-01
2.061628315015238411e-01
2.061792027483214107e-01
2.062435219472840142e-01
2.065117095242711143e-01
2.065739095839463912e-01
2.066359080878280574e-01
2.066789372083255583e-01
2.067549159417303439e-01
2.069689120864307563e-01
2.070991412832225986e-01
2.072447774475686122e-01
2.074216756932316108e-01
2.077255362319979648e-01
2.080117809771886705e-01
2.080226851091265261e-01
2.082354083260771205e-01
2.082916577684610915e-01
2.083849490560037154e-01
2.086659689682433261e-01
2.087077850607982898e-01
2.089372894009377535e-01
2.091494225001057639e-01
2.092422905297133540e-01
2.093170053125254226e-01
2.095657946976610952e-01
2.096212733748592238e-01
2.097801407937600338e-01
2.098342755198521203e-01
2.099568599338474673e-01
2.099662803923173504e-01
2.100693912104130701e-01
2.102711963929515260e-01
2.104749995955604580e-01
2.104795574790704615e-01
2.105913070591462766e-01
2.108630497645357649e-01
2.110091911895418948e-01
2.110889943764392984e-01
2.113096003497839936e-01
2.113437617375517052e-01
2.115490596770428777e-01
2.116101116140110538e-01
2.116739915869464694e-01
2.117505459130598067e-01
2.120170705208838380e-01
2.122014617883625776e-01
2.123489024464929598e-01
2.123581458364947327e-01
2.124661098957276728e-01
2.125693398804065215e-01
2.127703238833290600e-01
2.127713810849963250e-01
2.129757965989210744e-01
2.129899933138862111e-01
2.131000292271013896e-01
2.133806735722859060e-01
2.133923478665097906e-01
2.134153592889019013e-01
2.134410864330534563e-01
2.143076139421323523e-01
2.143516046644720896e-01
2.144815336064319067e-01
2.149036408070711390e-01
2.151172482964263388e-01
2.151307343896278201e-01
2.151816244430172775e-01
2.153261632030764594e-01
2.154978689365203148e-01
2.156070668657000255e-01
2.159460458109185022e-01
2.162432003176698592e-01
2.162922954216037752e-01
2.163000776414756854e-01
2.163410000377344600e-01
2.164133376527383468e-01
2.166571541799977574e-01
2.168879072044676837e-01
2.173028739135505483e-01
2.173770881834286850e-01
2.174258634786536137e-01
2.176736249053395078e-01
2.179481436704192587e-01
2.180141993872147244e-01
2.181213379735460756e-01
2.183201632236421719e-01
2.184600899490531656e-01
2.187180363472980005e-01
2.187841155277152616e-01
2.189305077578321546e-01
2.190583360775889554e-01
2.191987126901329130e-01
2.193658676888671499e-01
2.193993049487805991e-01
2.198173862245114130e-01
2.198619972844503001e-01
2.200657556932509862e-01
2.201520843757586721e-01
2.201615821046964405e-01
2.203211222981483475e-01
2.203372438966108571e-01
2.204727475830871863e-01
2.204859907320501078e-01
2.205197684519348555e-01
2.208681383928096376e-01
2.209929520960101923e-01
2.211085937805018498e-01
2.211787265372659461e-01
2.212601037505945722e-01
2.213176894282031237e-01
2.213930716192646642e-01
2.215883438895980273e-01
2.218719223087353976e-01
2.218780348609467878e-01
2.220945964256723637e-01
2.224501247823940098e-01
2.225827905054753308e-01
2.226930667152151599e-01
2.227839497028379079e-01
2.229596175246186807e-01
2.230259183867545625e-01
2.230899809592591931e-01
2.236514039480596572e-01
2.236607732120175773e-01
2.238256855767443432e-01
2.239081613274176430e-01
2.239416214646340886e-01
2.239794778212154391e-01
2.242962126691105396e-01
2.243967509847007991e-01
2.244344461234253352e-01
2.249320864754216776e-01
2.250061841987409106e-01
2.250585541203708184e-01
2.253197797276797476e-01
2.253982206138986921e-01
2.255167355256168515e-01
2.255259841371190788e-01
2.255776775224268282e-01
2.256580967567881069e-01
2.257953841161153830e-01
2.258195009051482405e-01
2.261134295743104650e-01
2.263455190500618941e-01
2.265199735653172786e-01
2.265205314849157436e-01
2.266127559767059374e-01
2.266828238889216085e-01
2.269059516805885246e-01
2.269535731689170943e-01
2.271937259186215530e-01
2.272151970450547454e-01
2.274600579798550515e-01
2.277613673223823909e-01
2.277948006866886421e-01
2.279294124713044101e-01
2.281501653511437688e-01
2.282250203971059599e-01
2.283974704223418750e-01
2.285370384620575845e-01
2.285423748721578663e-01
2.287210306876237276e-01
2.288224914315333813e-01
2.293652535038821494e-01
2.293776979489542678e-01
2.294212642314221451e-01
2.296939733271347872e-01
2.300305608610693220e-01
2.302192412439837688e-01
2.303134429335913780e-01
2.304391204298529561e-01
2.304886451612563059e-01
2.306063132236357283e-01
2.308345588456169328e-01
2.309411813005957659e-01
2.309439726629115286e-01
2.312770190959121119e-01
2.313547144802825251e-01
2.316728351011659026e-01
2.317923553185843866e-01
2.318612328222134644e-01
2.322851524532990874e-01
2.323570283007151127e-01
2.323682360830106874e-01
2.325279569519227429e-01
2.327123598564539986e-01
2.328299312543426203e-01
2.328622855894579846e-01
2.331686079495442210e-01
2.332713412586405466e-01
2.333118868612104324e-01
2.333319199601605887e-01
2.334781143279875959e-01
2.336766211760913370e-01
2.337540537467158452e-01
2.337968164639898927e-01
2.338229274012159631e-01
2.340337056555005235e-01
2.344728840112451085e-01
2.345529114091516598e-01
2.345600169007085456e-01
2.345859442365856307e-01
2.346419813812400390e-01
2.347568909106682589e-01
2.348145543558491921e-01
2.349774737985922402e-01
2.351706772506041709e-01
2.358303830960955250e-01
2.360485163172861833e-01
2.361138326345205152e-01
2.363684357259366320e-01
2.365150858602907968e-01
2.366632863670959375e-01
2.366985327222676794e-01
2.367753070309827623e-01
2.369434843268126145e-01
2.373489645087349109e-01
2.374114128919790623e-01
2.376429103008580457e-01
2.379608535155935123e-01
2.383990628435268821e-01
2.385747206607773396e-01
2.388664908205636039e-01
2.391632996934807132e-01
2.395735776706310882e-01
2.397296365077305202e-01
2.397315696546388208e-01
2.397725705532852691e-01
2.398986588810540777e-01
2.401856832642690898e-01
2.403311037174707676e-01
2.407023385571079310e-01
2.407452051840597851e-01
2.407951042318685619e-01
2.409466614224458070e-01
2.410397258646993501e-01
2.411524322068758774e-01
2.415871751048341010e-01
2.419429975596053550e-01
2.420385412657313495e-01
2.420804792826578289e-01
2.422498403216865603e-01
2.425144757651896965e-01
2.428846808709014538e-01
2.430722669297061267e-01
2.433659396726183533e-01
2.433941679094097643e-01
2.436112974413360555e-01
2.436982466528835323e-01
2.439787680010559734e-01
2.439927375540400234e-01
2.441498351720503002e-01
2.442676776222910129e-01
2.443124290222553896e-01
2.447773483802543615e-01
2.450058887436062649e-01
2.451864478561352756e-01
2.455070481662303961e-01
2.456139658448956986e-01
2.458185965010909468e-01
2.458907083702693563e-01
2.460695443137704830e-01
2.461461064138082411e-01
2.461515382310393851e-01
2.465419111559845333e-01
2.467942427020811957e-01
2.470548957669304324e-01
2.471955387581934727e-01
2.472765462428541117e-01
2.475214535245211511e-01
2.476316151956168277e-01
2.479221187492391953e-01
2.481054744131971357e-01
2.481117948480544289e-01
2.483811164198183596e-01
2.484225958869085427e-01
2.485184253585644709e-01
2.488068212004155288e-01
2.493293085053409353e-01
2.494970865728390330e-01
2.496514348557594687e-01
2.499653377828395806e-01
2.499720661714650016e-01
2.501036888896881472e-01
2.510528000248344882e-01
2.511777156546571854e-01
2.513069662365066681e-01
2.513328181681593332e-01
2.514405609379865569e-01
2.515263427146001152e-01
2.522453638403810428e-01
2.522786412346440521e-01
2.523029192599527404e-01
2.526983614488726437e-01
2.528563654331925648e-01
2.528862175723239347e-01
2.529725448370505614e-01
2.530495478338379844e-01
2.534971910079585333e-01
2.538136356673857952e-01
2.541226931175551429e-01
2.541743711785640625e-01
2.542114412511879418e-01
2.544522846131723748e-01
2.544577172072496896e-01
2.544943732035325201e-01
2.548075389190317397e-01
2.550024380410995661e-01
2.551579317598252072e-01
2.552492553418438948e-01
2.554998610620480837e-01
2.555271912779388255e-01
2.556136351743838464e-01
2.557972946231606426e-01
2.559584943328404028e-01
2.562087175767370217e-01
2.566264257442053554e-01
2.567257779602579726e-01
2.567418316879996332e-01
2.569991899792872236e-01
2.570139417704350171e-01
2.573711993641861762e-01
2.576803454917840353e-01
2.579762717686226448e-01
2.580020909811840957e-01
2.582105593137875021e-01
2.582877455242019726e-01
2.586250331436579231e-01
2.587762408534184932e-01
2.588754508057714010e-01
2.589279064433873123e-01
2.590645942627116671e-01
2.592593256496390497e-01
2.595413490604856488e-01
2.601113044070137992e-01
2.602621938860885664e-01
2.604112520053423752e-01
2.606854404615760457e-01
2.607392540298433814e-01
2.609481688144013600e-01
2.612867937263986251e-01
2.612895207587256352e-01
2.614377527201881546e-01
2.616139842067526367e-01
2.617684086037855851e-01
2.620244069116932639e-01
2.624168926583329564e-01
2.624913678538949857e-01
2.626181287071346904e-01
2.626535915900712337e-01
2.629438686573042361e-01
2.630474001781569759e-01
2.630751889658740073e-01
2.631620040970943375e-01
2.632163136304736528e-01
2.636780462596357566e-01
2.639161507011551500e-01
2.640892515421021103e-01
2.642065111956659607e-01
2.642991329299302361e-01
2.645391057787986888e-01
2.650674522599013039e-01
2.651902091823933327e-01
2.652348008652641309e-01
2.653198745937302427e-01
2.654119054047744952e-01
2.657976789857552369e-01
2.659460643053319084e-01
2.659876134912120271e-01
2.660038894010647859e-01
2.664286785375520883e-01
2.665267025010545909e-01
2.666975336814699227e-01
2.667637325191268838e-01
2.668316240770824410e-01
2.676539791021610437e-01
2.678407559365624802e-01
2.679895932314251272e-01
2.685625597559126443e-01
2.685780947925738293e-01
2.686979658621939104e-01
2.690308161513756957e-01
2.691018822532686428e-01
2.693305674504919422e-01
2.698648150165579573e-01
2.701230151540316982e-01
2.701977031416779584e-01
2.702088464213533436e-01
2.702886619271469559e-01
2.706747548306736029e-01
2.707331677778737622e-01
2.707755962247346826e-01
2.709890461629571035e-01
2.712313648061692728e-01
2.713300432359381231e-01
2.715797337917846277e-01
2.717445699530955383e-01
2.717811045668336312e-01
2.719099063594931920e-01
2.719396871415297734e-01
2.722961731922636797e-01
2.727465806702095708e-01
2.729767630531006462e-01
2.732267232637259347e-01
2.733214645365675821e-01
2.733823349323249441e-01
2.737911224716734204e-01
2.738380906081637756e-01
2.739227643073661733e-01
2.739723745462158688e-01
2.744061773207880361e-01
2.746258449717584593e-01
2.747817369103934815e-01
2.749100444598469584e-01
2.750161607303762690e-01
2.751550282474005682e-01
2.751801149132767632e-01
2.753359923045787250e-01
2.755250685711096992e-01
2.759403177399018525e-01
2.760477959918723467e-01
2.761933186118110117e-01
2.763377582538220634e-01
2.764077843934088508e-01
2.767350319990892205e-01
2.773526242146771015e-01
2.773859480389022636e-01
2.776468120787135008e-01
2.776871536225391512e-01
2.780652669635996777e-01
2.781248743700911463e-01
2.784390832824525930e-01
2.788455486834776620e-01
2.789027913160932459e-01
2.790243845756147367e-01
2.794179145363168693e-01
2.796519108597688152e-01
2.798528610015864615e-01
2.799908828757675106e-01
2.803468942006744902e-01
2.805469018383912605e-01
2.806524718319098888e-01
2.807700837713518749e-01
2.809308794311628499e-01
2.813270153823821951e-01
2.815538784075994894e-01
2.816578198370513486e-01
2.817424148901213621e-01
2.824200352654069879e-01
2.824272026795197066e-01
2.828117646909129590e-01
2.832540614308896032e-01
2.833517387638154195e-01
2.834766918088594267e-01
2.835354067012916257e-01
2.837620371104069283e-01
2.841385063500996844e-01
2.844747071458036958e-01
2.847004229771762374e-01
2.851095235167331321e-01
2.851551558584231594e-01
2.854632474181008073e-01
2.855562105006979046e-01
2.860176891340358019e-01
2.862371988107183518e-01
2.862528880475910809e-01
2.865781819216262072e-01
2.867472410847170528e-01
2.870443096872952182e-01
2.872139500976612636e-01
2.872721262584817525e-01
2.873714379570678212e-01
2.875240904814524434e-01
2.881319458845649772e-01
2.882201352530899263e-01
2.885229938610784362e-01
2.886575073798962610e-01
2.887281112690310847e-01
2.892598788785646358e-01
2.893571713489965225e-01
2.898142718275149576e-01
2.899302071110986811e-01
2.899508090517929348e-01
2.900273463110178973e-01
2.901898229562325238e-01
2.903599289610575007e-01
2.906327056220057714e-01
2.908173646531451162e-01
2.910870313686561017e-01
2.911234108661686082e-01
2.916111609409006156e-01
2.919026304312680176e-01
2.919953817632887638e-01
2.920125537309382624e-01
2.921073808435173946e-01
2.931091060964163275e-01
2.931880790631201661e-01
2.933507703477469253e-01
2.935545035392717050e-01
2.935836695406897623e-01
2.939525924687688141e-01
2.943224696430748466e-01
2.943655268485457777e-01
2.945583571957940405e-01
2.952759759837685349e-01
2.952762418449499937e-01
2.956056821793590639e-01
2.956975568339288429e-01
2.958460115639866550e-01
2.958634026283507024e-01
2.961575653142657916e-01
2.962679505547372583e-01
2.963581407814658841e-01
2.967915213213819237e-01
2.972580467921012715e-01
2.973821311409849399e-01
2.976655882975430267e-01
2.977247884605258021e-01
2.977711894984970131e-01
2.980059820154883909e-01
2.983699084701744164e-01
2.983790381991480167e-01
2.984868213850229712e-01
2.987663981708290617e-01
2.993725240865517390e-01
2.996755502888878708e-01
2.999050564274504116e-01
3.000283402598727944e-01
3.007886914104425657e-01
3.013183056737550047e-01
3.013490070544996291e-01
3.014515169871714306e-01
3.015316817099559787e-01
3.015563659115626516e-01
3.018879625853747029e-01
3.019440333066985005e-01
3.019857150008490310e-01
3.022657277263861575e-01
3.027151469599863587e-01
3.027980837442647566e-01
3.032577960119421934e-01
3.035423906855303500e-01
3.036354196318258869e-01
3.040241624614463123e-01
3.040337929289318453e-01
3.040654546189717200e-01
3.042695731112576851e-01
3.049614826103430043e-01
3.051504634649580550e-01
3.052497554829319282e-01
3.054977423371033618e-01
3.055129267485907074e-01
3.057616739196044042e-01
3.061030952914934877e-01
3.062918532482333811e-01
3.065241444463916998e-01
3.067697812087223919e-01
3.068061006095390564e-01
3.073158705258324797e-01
3.073881134341923671e-01
3.077645392244984235e-01
3.081112203492649693e-01
3.084815469817646094e-01
3.086237859068609590e-01
3.087288493927296540e-01
3.091357849469920649e-01
3.096756545015905138e-01
3.098494092356374185e-01
3.099558839915432240e-01
3.101511060609873915e-01
3.102181086685544820e-01
3.107007799338442622e-01
3.108818244218377602e-01
3.109478503161160479e-01
3.109593789479009329e-01
3.112525364774202385e-01
3.115318389361279028e-01
3.116660555377876451e-01
3.120209252463493343e-01
3.122315685606290026e-01
3.123770585078755602e-01
3.124239969821097085e-01
3.124444919889093897e-01
3.125558223512410749e-01
3.128562339200783859e-01
3.131481126525671455e-01
3.131995076382502741e-01
3.136604302721969217e-01
3.137944257900284750e-01
3.139528835083890690e-01
3.144648636580844037e-01
3.146147877690837480e-01
3.150631477440255512e-01
3.151884136733160702e-01
3.153091589265660244e-01
3.154148866891298697e-01
3.156103581499940525e-01
3.158743803118664872e-01
3.161660675779596752e-01
3.162202141887516804e-01
3.167364176253804064e-01
3.170126261843840276e-01
3.172354388327470187e-01
3.172982872324282000e-01
3.173453152710996594e-01
3.177814259701943755e-01
3.178018859528364826e-01
3.178470660855834962e-01
3.179052754758157628e-01
3.186253342063041227e-01
3.187907103600480796e-01
3.189287169811630407e-01
3.190900164072332235e-01
3.194014959913058505e-01
3.195418895839372553e-01
3.195714058072960939e-01
3.196797559434550462e-01
3.202525184093999444e-01
3.204958038352583305e-01
3.207487533118379974e-01
3.208726098118463987e-01
3.211355914171141190e-01
3.211801765000058539e-01
3.211810464215755223e-01
3.212415531101470711e-01
3.212737736752594997e-01
3.219715674591171473e-01
3.221847607141526404e-01
3.222728859959317904e-01
3.224997975539789508e-01
3.229182347236746464e-01
3.230472243335310578e-01
3.233146459467420297e-01
3.235766961222238391e-01
3.236338903202185535e-01
3.236886312768789131e-01
3.239245726165246309e-01
3.243466501109182332e-01
3.243575367324637027e-01
3.245724525837340724e-01
3.247623445993926827e-01
3.251352125741449051e-01
3.254030157431705428e-01
3.255010005939613649e-01
3.259621384944592082e-01
3.262010429464930472e-01
3.265094153918994269e-01
3.267407437954591987e-01
3.267565564060725403e-01
3.270093262190510441e-01
3.273073974768049288e-01
3.277088949288585185e-01
3.278571594292754576e-01
3.281260868897725724e-01
3.283415956274425840e-01
3.283820213673008803e-01
3.288385750065986879e-01
3.290801668969721150e-01
3.290914193794466369e-01
3.292037476206123858e-01
3.292416568404393229e-01
3.296338809920065782e-01
3.300286159153970611e-01
3.306451293008090264e-01
3.306655913335214136e-01
3.308801955415933138e-01
3.309629422743190497e-01
3.314575624046335878e-01
3.314991395408834474e-01
3.319773885029096427e-01
3.323032241163591527e-01
3.324637450896292257e-01
3.325426953416615872e-01
3.331200675921431875e-01
3.331398225792996937e-01
3.333851084105533547e-01
3.334144685714093281e-01
3.337745263130584283e-01
3.338674731880331703e-01
3.338820385722314765e-01
3.341373944727762391e-01
3.342145975216462839e-01
3.351719256912157885e-01
3.352399044194149247e-01
3.353291796097082611e-01
3.353503120287940620e-01
3.355413665370595155e-01
3.359497419900215887e-01
3.360353125019471809e-01
3.361434987848493372e-01
3.368875120786747890e-01
3.370299015263268916e-01
3.372615001984965999e-01
3.373973234841539659e-01
3.376766859839853696e-01
3.377667311519594873e-01
3.377680420417001894e-01
3.379683047687249142e-01
3.381704095700282520e-01
3.383038881830950362e-01
3.383378790218960486e-01
3.390575257099374129e-01
3.391416128003212349e-01
3.391946732989341018e-01
3.392059316517351264e-01
3.396502012298589501e-01
3.397251154835573272e-01
3.397802561326342397e-01
3.406622138775290409e-01
3.408647417490143217e-01
3.408671983121780991e-01
3.410645816842271527e-01
3.412249525050959909e-01
3.413922230357451237e-01
3.414341245611963171e-01
3.415104401479173157e-01
3.416242104705515259e-01
3.417032652310266205e-01
3.423797250540681070e-01
3.427155508969629283e-01
3.428537325896041654e-01
3.433514458410159009e-01
3.434793399570537087e-01
3.435129884945214429e-01
3.439150787544634769e-01
3.439871777170104838e-01
3.441885100544251896e-01
3.442514082731863434e-01
3.449409901500924414e-01
3.449917736682391878e-01
3.451128186910414897e-01
3.454304471089555961e-01
3.456102795626929680e-01
3.458214615202567788e-01
3.459349190070493130e-01
3.464581591356709067e-01
3.470157161131048329e-01
3.471202614016699051e-01
3.473850130708605599e-01
3.476381693559477126e-01
3.478989343058661587e-01
3.479527454789735352e-01
3.480287643827181809e-01
3.482283869582971647e-01
3.483349057126089998e-01
3.489139698553540558e-01
3.492030225230037255e-01
3.495138458471837573e-01
3.496771388027106742e-01
3.498464565795267878e-01
3.499740477875568079e-01
3.500211246679300614e-01
3.501643024442586682e-01
3.506549435834238615e-01
3.507214652330036264e-01
3.508237306828224100e-01
3.510242015000834548e-01
3.513895416880510880e-01
3.515184043249833246e-01
3.518927368730161431e-01
3.521264592914697400e-01
3.523467825192616032e-01
3.523971914343078105e-01
3.526881550349376115e-01
3.527242115235928455e-01
3.527942523783227369e-01
3.533624723528819289e-01
3.534282083017115661e-01
3.537729794529483884e-01
3.540879890533467633e-01
3.541355058728288263e-01
3.542093304727732539e-01
3.545033073530202694e-01
3.546910457467465361e-01
3.547340808084177843e-01
3.547873525621076385e-01
3.553627158130849284e-01
3.553726928506649174e-01
3.555993856360045724e-01
3.556413000793278156e-01
3.558199178049613054e-01
3.561350540859301028e-01
3.563477210314521804e-01
3.565121232912962235e-01
3.571446627194114209e-01
3.575127154939437002e-01
3.576238816569090040e-01
3.580893382653159152e-01
3.581710567855450056e-01
3.586308796539988686e-01
3.586594805261726915e-01
3.587144246998079100e-01
3.590200548322522445e-01
3.590427317121627770e-01
3.591848780858840073e-01
3.595197406593607092e-01
3.597507339100024515e-01
3.601832967162747479e-01
3.603080803446343516e-01
3.607661058765346263e-01
3.609853450963356747e-01
3.609959945747606702e-01
3.612559626587410477e-01
3.613488306632796632e-01
3.613549537872060013e-01
3.614440637871009776e-01
3.615787596285293115e-01
3.617464644333784896e-01
3.617481386483969996e-01
3.620670794222131672e-01
3.623078948095094787e-01
3.623956813269518795e-01
3.624380186573643581e-01
3.625661435532084309e-01
3.630376078178513821e-01
3.630650518199509680e-01
3.630738760162523504e-01
3.633793701691139244e-01
3.634769459061030217e-01
3.636432988616740691e-01
3.640938482940727083e-01
3.641757622716726428e-01
3.643031450906344948e-01
3.644625863257098253e-01
3.646297354141795344e-01
3.647485460674124713e-01
3.649612658554498568e-01
3.652340987126482807e-01
3.654811823222548495e-01
3.654888366581067749e-01
3.655904491784405241e-01
3.658030545768425346e-01
3.659150164566334906e-01
3.659807653133007044e-01
3.661814063162072697e-01
3.666010760962283288e-01
3.667361756708227283e-01
3.670494613285190666e-01
3.672493749546511532e-01
3.675152226653791709e-01
3.677625950452145798e-01
3.681290889243749032e-01
3.683359444550861617e-01
3.685874547752144847e-01
3.687391261405429388e-01
3.687465209215041728e-01
3.691876348435774169e-01
3.698476586963305168e-01
3.705636123002709614e-01
3.708476698786973835e-01
3.710331747564612481e-01
3.710509769033498717e-01
3.712451017367612294e-01
3.713760970325300503e-01
3.714872691343387712e-01
3.719068138979639282e-01
3.726050111061648962e-01
3.726417869769128033e-01
3.730049046467959206e-01
3.731237308004890507e-01
3.733457889828633580e-01
3.737700591887291868e-01
3.738423380983290634e-01
3.739344666711271747e-01
3.742544318079837340e-01
3.746565569057990763e-01
3.746856825868115082e-01
3.748733712036693144e-01
3.754325421178839051e-01
3.756739021173120530e-01
3.757683228795589137e-01
3.759479115958460627e-01
3.761519756591561459e-01
3.763204508464284559e-01
3.767914872458487108e-01
3.768063840213428661e-01
3.772109857602105598e-01
3.772840529829710188e-01
3.773284382364042733e-01
3.773796125608649410e-01
3.780192101605235333e-01
3.780441109628356333e-01
3.783691583802880065e-01
3.783719813394569309e-01
3.785953470130403176e-01
3.787189072424201886e-01
3.789216306359289854e-01
3.790399795901719937e-01
3.793781991320873126e-01
3.797006670707437914e-01
3.802744933573983244e-01
3.804637946684614747e-01
3.804943683564123158e-01
3.807270280805321039e-01
3.807715061349690733e-01
3.809692031049730643e-01
3.810566889007920843e-01
3.812461462868927953e-01
3.816541675097869790e-01
3.816654225393806832e-01
3.819491032327898550e-01
3.820043269009944509e-01
3.823610161819631648e-01
3.823686976200634247e-01
3.824801659053229108e-01
3.824801812659986977e-01
3.829801277044196928e-01
3.832884481181315639e-01
3.833880270720516070e-01
3.834603042693179864e-01
3.838391344157331408e-01
3.840336419379640764e-01
3.843540399329828383e-01
3.847818386809149227e-01
3.854559143854489611e-01
3.854998351686170222e-01
3.855571611429649548e-01
3.857175154727845445e-01
3.857832292825627007e-01
3.860102184665739067e-01
3.862551096249983718e-01
3.864223517341081049e-01
3.864606036483323459e-01
3.865033800041086653e-01
3.869056157578505406e-01
3.869473692352441985e-01
3.869961367060359980e-01
3.870795420124888420e-01
3.871467729179103867e-01
3.873156388035310371e-01
3.874052688215737228e-01
3.877580383668433606e-01
3.881424076761020858e-01
3.884186102370089655e-01
3.885058951675632866e-01
3.888444223970811131e-01
3.888536745123330474e-01
3.891092815064348120e-01
3.891768095101543201e-01
3.895524244311649453e-01
3.897467865488407068e-01
3.899051595613940990e-01
3.899412580205298684e-01
3.901540606674460676e-01
3.902062721531481815e-01
3.905995980352788277e-01
3.908044317930641220e-01
3.908867798924967052e-01
3.909295980966397965e-01
3.911910887025359940e-01
3.912857965183952347e-01
3.913538681699464394e-01
3.915785461539735279e-01
3.918379313380364604e-01
3.921784432624740302e-01
3.925124305936431579e-01
3.926758682484545182e-01
3.930844160403836329e-01
3.933063392693864624e-01
3.934170314120348788e-01
3.935390253225418689e-01
3.935810130281922059e-01
3.938131461974197500e-01
3.947148535846305983e-01
3.947923023259393704e-01
3.949000556935882145e-01
3.949950452374240140e-01
3.956618804122646882e-01
3.958671268200856241e-01
3.960943232462385000e-01
3.961104240567278612e-01
3.961576772819945802e-01
3.965211684543228365e-01
3.965546863602844030e-01
3.965928505304410767e-01
3.969121175162333426e-01
3.969684714559209571e-01
3.972215842423973964e-01
3.975250712738161440e-01
3.978870488560354302e-01
3.980493752204713465e-01
3.985433117051052632e-01
3.986865673668976151e-01
3.988078416424352679e-01
3.988341868363138309e-01
3.990626052781847122e-01
3.997665422147231862e-01
3.998369997460806125e-01
4.001954405904323830e-01
4.005089141621777649e-01
4.006846243659221152e-01
4.009105693450289443e-01
4.009958897632796004e-01
4.012395160830689589e-01
4.013508851419947399e-01
4.021488381898964404e-01
4.021559436682402566e-01
4.023350725198093780e-01
4.025083495527213562e-01
4.027633083767797051e-01
4.028492588628814208e-01
4.028737201574025817e-01
4.030771477800043079e-01
4.031656228309037915e-01
4.035510577089801432e-01
4.037016901891384291e-01
4.042101560917453762e-01
4.042592942872501038e-01
4.048657508224997592e-01
4.051147864262620857e-01
4.052237843523484595e-01
4.054155492361682378e-01
4.054748871106700903e-01
4.056373668442798119e-01
4.056931948089223527e-01
4.058900455549172559e-01
4.060579616838192463e-01
4.067133651281767959e-01
4.067802688937622313e-01
4.069690723494165940e-01
4.072590546074374984e-01
4.074585132280286737e-01
4.074647979009288767e-01
4.075872203145050054e-01
4.076936553156548237e-01
4.083479736469775023e-01
4.087311140139868182e-01
4.091407180784848441e-01
4.091475429603554925e-01
4.095543424547636313e-01
4.097594601770762623e-01
4.098607768909395821e-01
4.101399676913151104e-01
4.103122881964268442e-01
4.106108045031769960e-01
4.106287680862615863e-01
4.109029621396105836e-01
4.111525470785109548e-01
4.112261802416609102e-01
4.119412633330674089e-01
4.123002471168476513e-01
4.123005500181231575e-01
4.129018029530026057e-01
4.133756317649900924e-01
4.136696958413598191e-01
4.137262774966757317e-01
4.137266442832468472e-01
4.139731831505299442e-01
4.141301436617669252e-01
4.142764271769191486e-01
4.143778627689412297e-01
4.146505399978726025e-01
4.148182900024423025e-01
4.151068220625465099e-01
4.151579929009968084e-01
4.155437712906562275e-01
4.159900440036789493e-01
4.161006902545658637e-01
4.161579281526056051e-01
4.162897248837222341e-01
4.166969776083439547e-01
4.170964340403385817e-01
4.175060244574331780e-01
4.177816967278429328e-01
4.182081212374918477e-01
4.182189396245334922e-01
4.184438048037136260e-01
4.186719839973548907e-01
4.188134781333840428e-01
4.188241918664462049e-01
4.189559676157251222e-01
4.191558769370528070e-01
4.196042953758316041e-01
4.197469793479247646e-01
4.200333516429840541e-01
4.203762411157861978e-01
4.207342233826588673e-01
4.211198059775593250e-01
4.212584604862185667e-01
4.213622667614413952e-01
4.216546136431453817e-01
4.219540888356759778e-01
4.221787306636249348e-01
4.221974177239046222e-01
4.226150081722003793e-01
4.228636338768569924e-01
4.230730216723121995e-01
4.232082074802095417e-01
4.239916079068898336e-01
4.241135519196493897e-01
4.242139057036911631e-01
4.244055666053498932e-01
4.244081583718929407e-01
4.247917246440339745e-01
4.249033304733680350e-01
4.253040396593288919e-01
4.253940725603093664e-01
4.255040306677019823e-01
4.256987901738833457e-01
4.257917279465760485e-01
4.260812565966776710e-01
4.263132212314947878e-01
4.265074611274770611e-01
4.267422437215775965e-01
4.269024995949045609e-01
4.271341671565291320e-01
4.271710873216407744e-01
4.274292730384413597e-01
4.274762294174958011e-01
4.279940594225869477e-01
4.280475332432454039e-01
4.281276423689127641e-01
4.283165471385296796e-01
4.283280943812266539e-01
4.286424071796878232e-01
4.291041326236524345e-01
4.296966923969577357e-01
4.298879422797443617e-01
4.300588286519289594e-01
4.303401461942052419e-01
4.308727026688508044e-01
4.310382170956941761e-01
4.310418437073644804e-01
4.310609950975491378e-01
4.314886480636325738e-01
4.315524044523159630e-01
4.318633303437018900e-01
4.322331514007169972e-01
4.322439222912084489e-01
4.322684382484360821e-01
4.323120276918914207e-01
4.330633902490407250e-01
4.330845503503585880e-01
4.330853920212500152e-01
4.332537377941483303e-01
4.342260208585236869e-01
4.342938636650152673e-01
4.345080407908606945e-01
4.351735684937674264e-01
4.353884260211891011e-01
4.357243799477011903e-01
4.358081037317045880e-01
4.361061253279516214e-01
4.364015014732128828e-01
4.364224474840069368e-01
4.365975136799162271e-01
4.366329402504945945e-01
4.368037008501666763e-01
4.370298221704448927e-01
4.372269978635331955e-01
4.372840316222064705e-01
4.375454326042124142e-01
4.375580202130339713e-01
4.382247650659892302e-01
4.388636831902459901e-01
4.391323892685933261e-01
4.391478045643232297e-01
4.391843452643665602e-01
4.394043146230793839e-01
4.394320503863621830e-01
4.395466809249939932e-01
4.399071642229489543e-01
4.403761139115114909e-01
4.404890221178511811e-01
4.407694409951866676e-01
4.408408938429962953e-01
4.410170228096045308e-01
4.414146759460140790e-01
4.414441443325599623e-01
4.414583052152477038e-01
4.416543111315771597e-01
4.420944157837038979e-01
4.421422032065094321e-01
4.424920407059213523e-01
4.427829996484810016e-01
4.432281695300217539e-01
4.435093083077129017e-01
4.435462473002581008e-01
4.438544166170037553e-01
4.439528142444897352e-01
4.442889069940599289e-01
4.443686595309742082e-01
4.446529136617369815e-01
4.447692494602915603e-01
4.447919700794352171e-01
4.451874894265011595e-01
4.455381387563174256e-01
4.455752521656205500e-01
4.457937472857078642e-01
4.459340162473889313e-01
4.459469576523022449e-01
4.463322181367291863e-01
4.465084594197143986e-01
4.465494967971905260e-01
4.472683885934450876e-01
4.473759502329756055e-01
4.475205060493193110e-01
4.475412465874331058e-01
4.478202228639592275e-01
4.481755789852908678e-01
4.487595256689170808e-01
4.487730016373677744e-01
4.487800268767773160e-01
4.489798369811522916e-01
4.490414991663968514e-01
4.496176413375504444e-01
4.499279738973303577e-01
4.501704295486614327e-01
4.502240380168340828e-01
4.502700888783195410e-01
4.506896121844475300e-01
4.509362286296364486e-01
4.509869465882412887e-01
4.512016460066183843e-01
4.512303031486993854e-01
4.517254205508483555e-01
4.520254290674413644e-01
4.525472569490804897e-01
4.525864844489649319e-01
4.527039862969001183e-01
4.531995315580613637e-01
4.532479428335472460e-01
4.534190639076219331e-01
4.535405217560553592e-01
4.536479429668466845e-01
4.542974523806596610e-01
4.543020611596181313e-01
4.543498218191704408e-01
4.547418582010796517e-01
4.548552423580614068e-01
4.550961706382666283e-01
4.561373134914640248e-01
4.563145841341778031e-01
4.567165523866461574e-01
4.567396308796882742e-01
4.567599561431569533e-01
4.568698856386427254e-01
4.573939511647681089e-01
4.576612340384529354e-01
4.578698596676150645e-01
4.581775351338976399e-01
4.584274454979526681e-01
4.584738070223871031e-01
4.588916111399346520e-01
4.591788669246614774e-01
4.592514974592161736e-01
4.592564476273289786e-01
4.593769108956182179e-01
4.596450222917813355e-01
4.597626536806317943e-01
4.599924016083221101e-01
4.604314545494053168e-01
4.607077387972894345e-01
4.609244022048107348e-01
4.613117736403685165e-01
4.615237976164118794e-01
4.615979881167258103e-01
4.616384219982443970e-01
4.622204824178408056e-01
4.623697755066680237e-01
4.623827193273586933e-01
4.626524350883613468e-01
4.632403926089088131e-01
4.632908559553761130e-01
4.634097109555139760e-01
4.637120943292448172e-01
4.644635908932535640e-01
4.644998554172514171e-01
4.649144269200224944e-01
4.651413389389899566e-01
4.652578020892491617e-01
4.654900722422774528e-01
4.656925872045459824e-01
4.658615658095542900e-01
4.660070450631926264e-01
4.660245854188806991e-01
4.664114611045186432e-01
4.668074468597300797e-01
4.668084408757678938e-01
4.671381496093346963e-01
4.672072195587034793e-01
4.672119778169865900e-01
4.673175696866108675e-01
4.676515925704053944e-01
4.677145226367866448e-01
4.679998941523578759e-01
4.680142321500183056e-01
4.684348545041547851e-01
4.688271398830079484e-01
4.690680782709097940e-01
4.692606872807847385e-01
4.693723902520662850e-01
4.693774219775942447e-01
4.695701433887375931e-01
4.698826618717379944e-01
4.700579056763277697e-01
4.705250710926042190e-01
4.705786154301263569e-01
4.713173043931482287e-01
4.713252546324864234e-01
4.713338260446365280e-01
4.714171209462853507e-01
4.715111139275544039e-01
4.716188261881206212e-01
4.720484748169525568e-01
4.721190487546634285e-01
4.726100015617346051e-01
4.731671895602617139e-01
4.734693765564734758e-01
4.742072276852907220e-01
4.743433811575440417e-01
4.743718126839966964e-01
4.748671582580901163e-01
4.750173821722190604e-01
4.752900062794592206e-01
4.754125787256854307e-01
4.755338830197992084e-01
4.757211836146414963e-01
4.758150928980580119e-01
4.759034601257659536e-01
4.762238361258560593e-01
4.762822703299943727e-01
4.767762897514979947e-01
4.768680970012511566e-01
4.770474953562386933e-01
4.773216299501487070e-01
4.775415147509178282e-01
4.775746631913537210e-01
4.779536731137596361e-01
4.780566005790659045e-01
4.783932420601983426e-01
4.785542715479547127e-01
4.792252049190902641e-01
4.792373413755096623e-01
4.797014667372072050e-01
4.797623074515018904e-01
4.799765088931011725e-01
4.802056464557298843e-01
4.802704787547935061e-01
4.804295703286588504e-01
4.805632714516494541e-01
4.807826837999443215e-01
4.808055433881172624e-01
4.812616726988119265e-01
4.815779805223338039e-01
4.816947312318187180e-01
4.818707053642677374e-01
4.820029889881620733e-01
4.821233949490198456e-01
4.824088857503859296e-01
4.825364900856918826e-01
4.826831713883288355e-01
4.832513490530532807e-01
4.832864062282935524e-01
4.835024399585788335e-01
4.835571213170105631e-01
4.838557981819739395e-01
4.843715382210270759e-01
4.849704257506132765e-01
4.849808647090774749e-01
4.852183327691162451e-01
4.853380072584730365e-01
4.855421452690241724e-01
4.856893795069704423e-01
4.857024269388168780e-01
4.859434152582064459e-01
4.861657471198475577e-01
4.863868704840130230e-01
4.865976367494897481e-01
4.867283515868884303e-01
4.868468196021532024e-01
4.871518779055744597e-01
4.872469643995083199e-01
4.875675774171322474e-01
4.876341630263875127e-01
4.879590383595560077e-01
4.880354325385519165e-01
4.880527255856589863e-01
4.881132811408097072e-01
4.884583539692809451e-01
4.885860122700084740e-01
4.886219038498077483e-01
4.895290768986125807e-01
4.896262444538452274e-01
4.897053065486802748e-01
4.898164933387945119e-01
4.899502041831590993e-01
4.900468434851802391e-01
4.903634421466554483e-01
4.903786933909010104e-01
4.908076011036029418e-01
4.910044481051411558e-01
4.912795288336544441e-01
4.920826371999874049e-01
4.926473208648627367e-01
4.928438990107512074e-01
4.929531734547246136e-01
4.930358769488394355e-01
4.930854119293008875e-01
4.931487910413160924e-01
4.939015440632573695e-01
4.939572429187001346e-01
4.940035426629365567e-01
4.941990732810442322e-01
4.945218943108716236e-01
4.949377870345593733e-01
4.949690328640388159e-01
4.950982863667547362e-01
4.951028953461295568e-01
4.955849771719640917e-01
4.961779255575003988e-01
4.963601081459791953e-01
4.963849911856601516e-01
4.964645983398667806e-01
4.968822307746116884e-01
4.969239686206627371e-01
4.969763962779648603e-01
4.972914611706324983e-01
4.975859103767328318e-01
4.977069847451832119e-01
4.982651347967941291e-01
4.984888014655657895e-01
4.991748004237649972e-01
4.993043417017985486e-01
4.993451186133526787e-01
4.993728822431680037e-01
4.993989894634140447e-01
5.001009866183107055e-01
5.001937800290552349e-01
5.006540350843284859e-01
5.007006277350748435e-01
5.010883668543230085e-01
5.017871437681097335e-01
5.018294747226974550e-01
5.018490776352240168e-01
5.022256418350382612e-01
5.022534707059538306e-01
5.022986812991905303e-01
5.024956123548779408e-01
5.032055385812034265e-01
5.032434387865819536e-01
5.034851541906257832e-01
5.041036964503978757e-01
5.044019449044780945e-01
5.048477344425168489e-01
5.049349688772034606e-01
5.051989312973570456e-01
5.053761847889587377e-01
5.059698935775739370e-01
5.059739412889959764e-01
5.059833924509771208e-01
5.064506664875408903e-01
5.066685420004251039e-01
5.072237932532692728e-01
5.074303256912001681e-01
5.075737694245641141e-01
5.077931272870542800e-01
5.079418386314418221e-01
5.083691610339843292e-01
5.084252818143051300e-01
5.085825633099495535e-01
5.091316556073459676e-01
5.093883957358649184e-01
5.095594878201084033e-01
5.097738433116533185e-01
5.100715023152861960e-01
5.101249484164427361e-01
5.103875447634801388e-01
5.107259705275305484e-01
5.107759705690623209e-01
5.111127864495569328e-01
5.111735606276531785e-01
5.111850679454069679e-01
5.116175691544340154e-01
5.118853088570202159e-01
5.122143634850270244e-01
5.123347350225835317e-01
5.126711470031560802e-01
5.127271534448849533e-01
5.129378265047307428e-01
5.131921352185518925e-01
5.132454716251837468e-01
5.134522769306745227e-01
5.136030608536288344e-01
5.138902662889514028e-01
5.139713680232238513e-01
5.151292862934544470e-01
5.152311774407355438e-01
5.154494940747339493e-01
5.157080745288223911e-01
5.158125830593797145e-01
5.162489322421438542e-01
5.163082953339110936e-01
5.166024515848119947e-01
5.166860623287625742e-01
5.171538259947190408e-01
5.173117615394196012e-01
5.176272373069984445e-01
5.178125837137478316e-01
5.180359643507450595e-01
5.181730236833440584e-01
5.182243729048842118e-01
5.184376388970861615e-01
5.185346360760476614e-01
5.188899343669611808e-01
5.193546557897459337e-01
5.193962784217448503e-01
5.197939691622267544e-01
5.198176512529300020e-01
5.201431906341579259e-01
5.202858765265481189e-01
5.211352249190096542e-01
5.212021585658086487e-01
5.221386367860546551e-01
5.223059681745986227e-01
5.227736965651811341e-01
5.229729083734312445e-01
5.230069465376041560e-01
5.233445462807772008e-01
5.236107407908090483e-01
5.238739164682416627e-01
5.240436177843676990e-01
5.243758956291645346e-01
5.245572024604462369e-01
5.247120476515645393e-01
5.247308583769242363e-01
5.247576636158221008e-01
5.251741564336496193e-01
5.254411441978599218e-01
5.254988543355543218e-01
5.259051084098537165e-01
5.260318337725420346e-01
5.260424466810316169e-01
5.261007341181248576e-01
5.263753623837341689e-01
5.266849278493611619e-01
5.267684594332560089e-01
5.272825489690028400e-01
5.274857340734194766e-01
5.277308801398499227e-01
5.286838932839159622e-01
5.286937693516260417e-01
5.289867255324247619e-01
5.294720503273095957e-01
5.297739815307073163e-01
5.299206659281190390e-01
5.302191050840292519e-01
5.307047213269736607e-01
5.307479440182311103e-01
5.310837868164712816e-01
5.313447558759631928e-01
5.316541280276287917e-01
5.317678182173104506e-01
5.317704918052584828e-01
5.318340622467182532e-01
5.325550037100695855e-01
5.326014676732763187e-01
5.329096318909990471e-01
5.331020083888168282e-01
5.331916770973073039e-01
5.332514174650708760e-01
5.337089183455756558e-01
5.345602481071699552e-01
5.349280295818599207e-01
5.354149643889190013e-01
5.359039308501910570e-01
5.360791315558256498e-01
5.364965666225546270e-01
5.367169821076732683e-01
5.370524435136163621e-01
5.375066557103168607e-01
5.375966836749039857e-01
5.376840340039577004e-01
5.380977298047266988e-01
5.381702217105449604e-01
5.387317120707550977e-01
5.387497569883992199e-01
5.388728845032535464e-01
5.397323696661960879e-01
5.397531009650983203e-01
5.406842470798043365e-01
5.408578815413391805e-01
5.412016097846620299e-01
5.414981447642654988e-01
5.416073297231496220e-01
5.418919914687815309e-01
5.419751428907323421e-01
5.424517423654006132e-01
5.427465223584945209e-01
5.427779186962292668e-01
5.433479419657971654e-01
5.433792745346908148e-01
5.434445997549581797e-01
5.436211594318778317e-01
5.438660529073097161e-01
5.441175090714257534e-01
5.441894501653991023e-01
5.442282845028415528e-01
5.447349153545463230e-01
5.450771745703163473e-01
5.455145933615639375e-01
5.460325063751306773e-01
5.461915330419261361e-01
5.475685610533285175e-01
5.475973215166977104e-01
5.477907054983458535e-01
5.478192150555230011e-01
5.479324372604523763e-01
5.481249790498098351e-01
5.483345728045243561e-01
5.484352230066388278e-01
5.488011473096418014e-01
5.488995821247866225e-01
5.491068604180892043e-01
5.491614635898007801e-01
5.494955427893160049e-01
5.497339453995443437e-01
5.498253213684688445e-01
5.502778167694166722e-01
5.503235167069160383e-01
5.504825529266449413e-01
5.507887989621209623e-01
5.507993015773724466e-01
5.512416644488958850e-01
5.517203107871107015e-01
5.521540949496437367e-01
5.522115929020566805e-01
5.525998779792314908e-01
5.527304549853688798e-01
5.528176921898665386e-01
5.543650610049154492e-01
5.544973140594041672e-01
5.546008267536913783e-01
5.546561702683303618e-01
5.550961206822874194e-01
5.554338636375387717e-01
5.558924198964064756e-01
5.559865645319427285e-01
5.561627120523784384e-01
5.564300442947537340e-01
5.569225164187467936e-01
5.570178436737304173e-01
5.570475298165930012e-01
5.575755469827559097e-01
5.577306046029467668e-01
5.579108990702696946e-01
5.581584374005913451e-01
5.590471040927014190e-01
5.593330052731960711e-01
5.598968207208446790e-01
5.600228934926179125e-01
5.607144499677206850e-01
5.608240915008435579e-01
5.610985089659963343e-01
5.611582580367124873e-01
5.611897853147829185e-01
5.613697285154652938e-01
5.615804227926853853e-01
5.620440613651997985e-01
5.622141439348395942e-01
5.629314994884697665e-01
5.631032086517070434e-01
5.637537671725059152e-01
5.640139569803281905e-01
5.643699700389179785e-01
5.644575871390052901e-01
5.647757364881720310e-01
5.648723417165315563e-01
5.650296260892091471e-01
5.650737535897308872e-01
5.657043386890211467e-01
5.658196726876816296e-01
5.666692562579452863e-01
5.668843828115653904e-01
5.673660392967597721e-01
5.676916815065075061e-01
5.681938151853840324e-01
5.683355152221594153e-01
5.687659008735035382e-01
5.688712808969533796e-01
5.688872320528961524e-01
5.690829497375348156e-01
5.691933134914896053e-01
5.698106637700302013e-01
5.698365258782424059e-01
5.701559343614686082e-01
5.704669826070823957e-01
5.711739216204964054e-01
5.712949521932288999e-01
5.714688345181618834e-01
5.715564485781258197e-01
5.719454271130418599e-01
5.724586648637357555e-01
5.725295046728240411e-01
5.735395346731610999e-01
5.740334802454932772e-01
5.740561520332435608e-01
5.740606239612309203e-01
5.742523897018453338e-01
5.748085410397529849e-01
5.748857368537564350e-01
5.752040523383578075e-01
5.753436117121506488e-01
5.758026492615584413e-01
5.760849569270389825e-01
5.761698208267878041e-01
5.762634546305418493e-01
5.766911895262279986e-01
5.771592508442630054e-01
5.775268278480274464e-01
5.776274019522116276e-01
5.779554661335563059e-01
5.781807601390013263e-01
5.784281220388837186e-01
5.787294765822318388e-01
5.788198607946227758e-01
5.791448986584123437e-01
5.800668648085693935e-01
5.801557309080132008e-01
5.815082114042879891e-01
5.816186982337208100e-01
5.818104725703732161e-01
5.820120004206947861e-01
5.827664892807430386e-01
5.832167646289596608e-01
5.835004141691184643e-01
5.838113281403883859e-01
5.844782803919946756e-01
5.845671269888936816e-01
5.854968779349370989e-01
5.857640918692543774e-01
5.860664568535649543e-01
5.860875640860297997e-01
5.862318970356619197e-01
5.864540039135108795e-01
5.866622634087507171e-01
5.870039592493422331e-01
5.871253740107633678e-01
5.873515705061819192e-01
5.877493668925718451e-01
5.877649714821986393e-01
5.883636806379779483e-01
5.889367158726686036e-01
5.889850854974603145e-01
5.891163108778005864e-01
5.893010321940962415e-01
5.893930535493913103e-01
5.894805752420110290e-01
5.899199530409884318e-01
5.900706702318982977e-01
5.905304137777503959e-01
5.906004984715170769e-01
5.910316656391604306e-01
5.914140725653829200e-01
5.917464130550706969e-01
5.918822566515460348e-01
5.920901549341887060e-01
5.921885112856827282e-01
5.923160571499900273e-01
5.924090466398543864e-01
5.925759720905875438e-01
5.925816835068790089e-01
5.927733416130904764e-01
5.931545856110852499e-01
5.932729124588322911e-01
5.937417640838673627e-01
5.938215864567840674e-01
5.941417241111902614e-01
5.941877766592237320e-01
5.947703262655703593e-01
5.948206498888614080e-01
5.951401216447764764e-01
5.952740547334574028e-01
5.954573131393587904e-01
5.957844800667069229e-01
5.967287476798208701e-01
5.970258019569829600e-01
5.972442749155708608e-01
5.972632495430041377e-01
5.973657732343476967e-01
5.986865609226749152e-01
5.987792941692199333e-01
5.991613023698744156e-01
6.001386756920902288e-01
6.006163613244779320e-01
6.008764026294516336e-01
6.010081709605453737e-01
6.011532939043181534e-01
6.011617755732637791e-01
6.015731718519341520e-01
6.018153895061889580e-01
6.024428734994117240e-01
6.025418107381650401e-01
6.027932984562140994e-01
6.029685059848504114e-01
6.034344417036858754e-01
6.038112954577381508e-01
6.042163747506062998e-01
6.045319780103118879e-01
6.050031343672385153e-01
6.050315600363209700e-01
6.050552083988994800e-01
6.054543510029228859e-01
6.060426930496540798e-01
6.064919045730863267e-01
6.065500856781503858e-01
6.079360695761590883e-01
6.079778499958318205e-01
6.084523345894412572e-01
6.095658323921084865e-01
6.095953802202102034e-01
6.097045593672498764e-01
6.101148066428957462e-01
6.111788955848688198e-01
6.112279505927784573e-01
6.117797970079307257e-01
6.121440934931623445e-01
6.122930132783177548e-01
6.126958868131426872e-01
6.136891236995563048e-01
6.144279045773596293e-01
6.146776648240864782e-01
6.150565726206521644e-01
6.153665798152234689e-01
6.158026333685953091e-01
6.158541222784565949e-01
6.159714393836378532e-01
6.166628967821522478e-01
6.173804519392880330e-01
6.174064766785065661e-01
6.176091320422196773e-01
6.182835582673120722e-01
6.183602408296214881e-01
6.185800043545919280e-01
6.188534517354192799e-01
6.191273971458868264e-01
6.191389900808512703e-01
6.197434321511734456e-01
6.206803761762405003e-01
6.207572329383269638e-01
6.208846429985240833e-01
6.213463976926756338e-01
6.213955180213556195e-01
6.226602717677087728e-01
6.229852818464732822e-01
6.230975367843296642e-01
6.238871436127243486e-01
6.241655188364652052e-01
6.254146161401243909e-01
6.275771563584849888e-01
6.275844715874302482e-01
6.276422175495781630e-01
6.280923994037043157e-01
6.281211995606116316e-01
6.290776415874180794e-01
6.303043914467634234e-01
6.306759091160097919e-01
6.307551734300487212e-01
6.319033541861757142e-01
6.320965307062325067e-01
6.322235451223130465e-01
6.326115788585785493e-01
6.330700252101904013e-01
6.336626262324804859e-01
6.338961410628259907e-01
6.343341841284422244e-01
6.356793170581257479e-01
6.357877883016844756e-01
6.362610813114816244e-01
6.367424073640950422e-01
6.367502129320428139e-01
6.370520440359580538e-01
6.379567367486103091e-01
6.380378919097234869e-01
6.380941892808575933e-01
6.382424908074616487e-01
6.383088493441935185e-01
6.388045267322682852e-01
6.394805289649930780e-01
6.401791109394034951e-01
6.404164380423070790e-01
6.406405471069966939e-01
6.408484770428043431e-01
6.411614997965177087e-01
6.414976811537406176e-01
6.430017438323779588e-01
6.435229175538819124e-01
6.437958406983694815e-01
6.438433925276840775e-01
6.452182122307603684e-01
6.455550138740031585e-01
6.456901860202931553e-01
6.459302675629171597e-01
6.460673951912508928e-01
6.463300971779715187e-01
6.467156315115708543e-01
6.476966787538955828e-01
6.479487761930259326e-01
6.483178479839709629e-01
6.484152316688998052e-01
6.485739895790059162e-01
6.487463639327623044e-01
6.488734493923559166e-01
6.495076617056869672e-01
6.495960863890000159e-01
6.499869073760485838e-01
6.507434089497768914e-01
6.508737552832885020e-01
6.512026062879470167e-01
6.514333862389951602e-01
6.517113766321783741e-01
6.518568886198946588e-01
6.520311820696405025e-01
6.524646058546017535e-01
6.544699746776693194e-01
6.545208721653515971e-01
6.548312479091389360e-01
6.551506287511272841e-01
6.554355499566105747e-01
6.579603386434379475e-01
6.581364474707711576e-01
6.593757237400478255e-01
6.598008549723924920e-01
6.604396094950045759e-01
6.605311481425676368e-01
6.605763150123552530e-01
6.610555555315057452e-01
6.615592037708424300e-01
6.617050243630820949e-01
6.619743290528502522e-01
6.627149118306796538e-01
6.630726555299755187e-01
6.634986496447506932e-01
6.645697563769386029e-01
6.647583397828198404e-01
6.648470244880408941e-01
6.649727540618423083e-01
6.650376387441302439e-01
6.658234026036796704e-01
6.661913688981373483e-01
6.664224010479483651e-01
6.671336765538056213e-01
6.676248019505504061e-01
6.685961762619875293e-01
6.698049150771814286e-01
6.701124095471039377e-01
6.702079025121109312e-01
6.705717694460106015e-01
6.707881430552641300e-01
6.717555178687792949e-01
6.721617657829717096e-01
6.730879607677285881e-01
6.741052730850514152e-01
6.751347735007592332e-01
6.753072683824343780e-01
6.755550568809017831e-01
6.759584368729103510e-01
6.779188779731314396e-01
6.792655448833339049e-01
6.804774521084876460e-01
6.804961118145455012e-01
6.811228302662371004e-01
6.813995184697199115e-01
6.817886747906112266e-01
6.819541925461242160e-01
6.827802536852617399e-01
6.833242245140235260e-01
6.845450789457097063e-01
6.854833020909659735e-01
6.864187372021073319e-01
6.871667677338547664e-01
6.874539839835643873e-01
6.879651544300207089e-01
6.889580157383418113e-01
6.903488055165418746e-01
6.917004020299752920e-01
6.920881837609854648e-01
6.939453698163078332e-01
6.947281708394138500e-01
6.949372275445010461e-01
6.949486776925120068e-01
6.949757663546224373e-01
6.955510983072913378e-01
6.959413732755311832e-01
6.960463429299603710e-01
6.987545530330178112e-01
6.992854183202442675e-01
6.999779534256952429e-01
7.009347640592804574e-01
7.017815788442806069e-01
7.033648415971204271e-01
7.039981040656303479e-01
7.043401450052231283e-01
7.044470936042217524e-01
7.061874624756668828e-01
7.068949468533796132e-01
7.076430093932408738e-01
7.079940057528820718e-01
7.089073342475920025e-01
7.092129946816070341e-01
7.095025212309985507e-01
7.111051554489318249e-01
7.134393762971242836e-01
7.148827910840094280e-01
7.162118253351261732e-01
7.165486982921337455e-01
7.174750490878842868e-01
7.176629086847936545e-01
7.184896377391031264e-01
7.191374079758674487e-01
7.205996565715704349e-01
7.219608879368862864e-01
7.221515496125306965e-01
7.221855312451816999e-01
7.226957527124360237e-01
7.229416873659313403e-01
7.236370440596189280e-01
7.238596099770240322e-01
7.239524139536814840e-01
7.241282581087712389e-01
7.245715529700540447e-01
7.248994399300734415e-01
7.262451862727259400e-01
7.292899287988837687e-01
7.293263756362463601e-01
7.296150576323626735e-01
7.304289031318673686e-01
7.307593952500880397e-01
7.314754529448964648e-01
7.322429581319757075e-01
7.351893954521101504e-01
7.375469134950671801e-01
7.401228575880889338e-01
7.407781118809865228e-01
7.431357021909220650e-01
7.444425616330577755e-01
7.453274566333182305e-01
7.476848293101087117e-01
7.482514715234925839e-01
7.487640443981824490e-01
7.503821918879941544e-01
7.519887465473401589e-01
7.541254873846237050e-01
7.550966384636721429e-01
7.560441346823560949e-01
7.577346852214771333e-01
7.578822208780152669e-01
7.589183443809022211e-01
7.607751072291826233e-01
7.618653711143053009e-01
7.629984607160738008e-01
7.648184994945950166e-01
7.661880630458851593e-01
7.672212498249897372e-01
7.687419059763906937e-01
7.698396370326447968e-01
7.787164856309675143e-01
7.804820237682144057e-01
7.812870244124681118e-01
7.820267568503079803e-01
7.832216522103125911e-01
7.842230080905401302e-01
7.852625242328741262e-01
7.857267632023768877e-01
7.858632258962658934e-01
7.866412513783057614e-01
7.885992987359752293e-01
7.896231019613989544e-01
7.970413110462287731e-01
7.986115889588382144e-01
8.053407595187497270e-01
8.054233614190124957e-01
8.127705286568148724e-01
8.146103687522274761e-01
8.253807126479565381e-01
8.265781130902186691e-01
8.271788893068484638e-01
8.284612033454238356e-01
8.381744624105146313e-01
8.388684189746453690e-01
8.393832799242697540e-01
8.400798520746500797e-01
8.425129104303865635e-01
8.436987140946297092e-01
8.518818123335812897e-01
8.523267805102234806e-01
8.529540734532877755e-01
8.538776289504282913e-01
8.608457505855136027e-01
8.616894728217544541e-01
8.895572403140872275e-01
8.908234489311066540e-01
8.912210699324787377e-01
8.925370987516195731e-01
9.955575692924604203e-01
9.968409119466357104e-01
9.971163283903696772e-01
9.974152957339947889e-01
9.987411876712630754e-01
9.995041092210376066e-01
9.995261630286216281e-01
1.000000000000000000e+00
