# sorted relative singular values (hessian_L_full) field=two_mode eps=1 N=12 n=3456
5.658409012174130505e-04
6.083009950312706898e-04
6.474819811067174507e-04
7.692770895200055177e-04
8.723015789829261868e-04
9.880705646459033483e-04
1.096739746018374033e-03
1.122613215539948256e-03
1.207971180513610311e-03
1.246911952198974253e-03
1.520235090736165098e-03
1.561155318238211442e-03
1.616251087166451763e-03
1.702366928612585126e-03
2.159611049210588378e-03
2.164899212037336117e-03
2.343957476151267098e-03
2.376928818396521065e-03
2.569381001961179405e-03
2.606356841727531203e-03
2.670375501614085777e-03
2.689111490851311525e-03
3.298733270446709605e-03
3.421688405513531161e-03
3.470577742619932425e-03
3.565319287657218311e-03
4.003833998118085623e-03
4.097646193793983392e-03
4.221688430774062605e-03
4.412349192873601077e-03
4.504538874714391836e-03
4.730352144846999146e-03
4.760945434412499830e-03
4.981982987029973629e-03
5.119204122314010078e-03
5.372933371418174738e-03
5.446316670699757542e-03
5.559198442380695881e-03
5.598910511960021597e-03
5.669289160567389345e-03
5.702807147874337616e-03
5.803117223609881477e-03
5.885146758802905879e-03
5.963974918044318875e-03
6.080680186575643589e-03
6.290529181172161040e-03
6.525993787366035984e-03
6.595891215201929621e-03
6.720146409957371628e-03
6.783127625118295576e-03
6.902687210647039107e-03
6.988809763458677694e-03
7.085854566097783171e-03
7.258200667542360172e-03
7.292519029153833772e-03
7.502465715497236808e-03
7.604897111819250259e-03
7.806075037692590361e-03
7.837592786702381187e-03
7.979473643548055939e-03
8.053337326717070754e-03
8.118670859918413960e-03
8.225143175054907066e-03
8.260356580286268638e-03
8.348997041110898035e-03
8.528468184579227757e-03
8.590995353354559730e-03
8.617421281704331845e-03
8.712724618382029426e-03
8.862177509250895521e-03
8.941515739363603901e-03
9.039673009168181644e-03
9.077806552827808600e-03
9.106271116502223650e-03
9.147914037867615339e-03
9.278148364100777257e-03
9.302188993751913521e-03
9.476369042682470517e-03
9.566601886657208689e-03
9.710421345968734894e-03
9.806821389258977770e-03
9.842464314323191160e-03
9.879601146603408240e-03
9.898946135338477018e-03
9.984843569156628268e-03
1.001860255533610147e-02
1.011585431479384255e-02
1.016693684877486258e-02
1.023572344734036653e-02
1.036157850788256042e-02
1.039244261884854012e-02
1.041850161349409422e-02
1.047581245403056416e-02
1.064093145467356546e-02
1.068638619428290658e-02
1.077839653802231505e-02
1.084208892953583865e-02
1.089366427441815742e-02
1.092140422650885942e-02
1.109062675573843637e-02
1.114162895732436799e-02
1.119365779376292093e-02
1.131820953690493466e-02
1.137655052084604428e-02
1.146243399294363113e-02
1.154008666841537661e-02
1.172552162588149684e-02
1.174405316608026842e-02
1.179574713533014692e-02
1.193191804196588185e-02
1.197317863046619239e-02
1.211543414525462388e-02
1.216903329600623612e-02
1.219413173436324771e-02
1.225532641115994852e-02
1.235766250523670159e-02
1.239122880686266588e-02
1.249692947621037359e-02
1.251449626149842703e-02
1.258105058059169265e-02
1.260269015379068304e-02
1.274209418102178158e-02
1.286397435032841929e-02
1.290639293295526950e-02
1.298957178385548757e-02
1.303841867180698631e-02
1.305389709586424543e-02
1.314419186016524063e-02
1.322044865780657059e-02
1.333255077999198450e-02
1.337876052498112103e-02
1.349888924714572232e-02
1.353585649965331240e-02
1.360297125381777772e-02
1.366401316443706208e-02
1.375926348564620628e-02
1.380197038983312259e-02
1.397032468570820300e-02
1.405572165398458889e-02
1.419757366912773565e-02
1.419895399768636261e-02
1.429576460389381590e-02
1.438934724598140910e-02
1.454180719580734985e-02
1.463199753094610554e-02
1.471371267545226735e-02
1.478137935647320760e-02
1.486171441986034424e-02
1.494801767750252551e-02
1.498539698481527946e-02
1.505224961453912290e-02
1.508706141122131278e-02
1.521215316105171793e-02
1.523011112731567120e-02
1.528276812335741495e-02
1.548772357904619826e-02
1.554125232558525513e-02
1.564472927431100752e-02
1.568169499856911578e-02
1.574265474467718973e-02
1.582540406949758602e-02
1.588586180107395829e-02
1.601098800155959997e-02
1.611539037979467862e-02
1.613968952766087206e-02
1.620869974791674939e-02
1.625563586159432111e-02
1.632499488634501714e-02
1.646941797004698727e-02
1.648444020225126386e-02
1.650197808554734746e-02
1.658776198463989340e-02
1.672749983094902471e-02
1.674767222905454087e-02
1.675664213736525673e-02
1.681992258091614956e-02
1.693564712633727556e-02
1.701801169381130657e-02
1.707899560557881238e-02
1.712342246455369338e-02
1.721363946553149116e-02
1.731324487893793826e-02
1.738766329788460352e-02
1.743344752322136329e-02
1.751983148968832768e-02
1.759644192744503829e-02
1.763635910909177110e-02
1.772327465904335181e-02
1.781628241522734135e-02
1.784609529516138077e-02
1.786608540226879843e-02
1.800015801154858722e-02
1.803345015658630590e-02
1.813512303311199531e-02
1.826048433902875689e-02
1.829325977370141118e-02
1.834885349256044559e-02
1.842490506694402161e-02
1.850503144830965840e-02
1.855941506949245270e-02
1.863754977697276369e-02
1.869291420199778800e-02
1.872483138559076152e-02
1.880859148522307997e-02
1.886163220363258966e-02
1.888724463764334532e-02
1.899134641272448576e-02
1.904532504616201008e-02
1.914006415462243121e-02
1.921550678292308426e-02
1.922983213788364079e-02
1.932873113892033881e-02
1.935575096991245733e-02
1.945663852292223855e-02
1.950639714203461494e-02
1.961187716163904568e-02
1.969117688576568770e-02
1.980636582627690392e-02
1.988979827740320130e-02
1.992804398331641039e-02
1.996455385305438354e-02
2.001305237999999320e-02
2.002657932838438834e-02
2.007420522771924051e-02
2.016131113579059872e-02
2.025238003673500431e-02
2.034341314616745430e-02
2.038571284012485538e-02
2.043042668137254325e-02
2.046576898285606266e-02
2.047069167835677619e-02
2.053789792873060224e-02
2.064802264951769509e-02
2.068804233663772488e-02
2.069750381440239526e-02
2.081239135855900840e-02
2.085267478594659760e-02
2.093015019200034077e-02
2.104936891193224385e-02
2.110219413481052159e-02
2.114511045609098958e-02
2.119754301430571558e-02
2.128935090292217655e-02
2.135883385675714854e-02
2.140816555083349670e-02
2.147879885993141461e-02
2.151448942997614966e-02
2.157448762953280419e-02
2.162618352841176594e-02
2.169728963573622563e-02
2.171512659456808006e-02
2.176158131665876377e-02
2.180994379104370454e-02
2.189608830834155126e-02
2.198288305447156088e-02
2.199551937583531930e-02
2.208785388398413693e-02
2.212620801050877925e-02
2.215016082945965234e-02
2.226981941853393640e-02
2.233294669451981254e-02
2.237779162372190503e-02
2.242605422885167107e-02
2.250870464125604570e-02
2.255800349040355812e-02
2.259780161791354047e-02
2.262912718003750462e-02
2.267009711608210937e-02
2.272492388819036604e-02
2.278564122217241819e-02
2.284856618020733934e-02
2.294313209485426483e-02
2.306062145366168450e-02
2.308162581684283440e-02
2.320950803140748100e-02
2.321587825482842801e-02
2.324996087702544539e-02
2.334865004742225567e-02
2.339535611512928021e-02
2.341028798763630098e-02
2.351288660279083481e-02
2.357363527205728546e-02
2.362204385718371519e-02
2.365156594311033228e-02
2.368074908642744947e-02
2.383672706655037138e-02
2.387704968333955596e-02
2.392998806487595456e-02
2.401291589007599134e-02
2.405490741363106380e-02
2.410347171497700600e-02
2.415152865256794956e-02
2.428156143314726123e-02
2.429913797936899753e-02
2.433600497259439874e-02
2.436119165737515163e-02
2.438674376900247520e-02
2.442345649155118134e-02
2.444194127928065591e-02
2.451869322183053423e-02
2.457997596246113206e-02
2.464129938974798581e-02
2.472488036342648798e-02
2.477733690393161062e-02
2.485647352380243938e-02
2.487750363536397197e-02
2.492719809446265408e-02
2.502028385557744303e-02
2.506788374295381913e-02
2.509870499179406994e-02
2.517476438176695711e-02
2.525910304935534770e-02
2.529504185815064851e-02
2.534879876724189379e-02
2.538225411159438297e-02
2.549334674782893079e-02
2.554671129130430679e-02
2.558626913532020819e-02
2.569798796060453888e-02
2.578584648412992134e-02
2.582008920996849144e-02
2.585463414019623443e-02
2.594978474925723269e-02
2.600929173764219074e-02
2.610945164129334709e-02
2.613040724238598414e-02
2.614766333983038066e-02
2.622692621530692964e-02
2.628725020992913816e-02
2.635750279420152192e-02
2.641719226801396772e-02
2.647814080618603183e-02
2.654547226968000453e-02
2.660252135805953044e-02
2.661444658036746236e-02
2.666930849512339635e-02
2.678706130659529172e-02
2.684316319756498148e-02
2.687987996883413333e-02
2.697305068636195180e-02
2.700066044350277888e-02
2.707059527125689480e-02
2.713381883059651223e-02
2.716003314051571721e-02
2.721625764197452280e-02
2.726535182537198621e-02
2.730344532593904916e-02
2.739742478171123055e-02
2.741573358470615618e-02
2.745057494319843097e-02
2.760148642423461765e-02
2.762549486198073029e-02
2.762877509506772231e-02
2.771169234914792195e-02
2.776993390828823988e-02
2.779728457433487329e-02
2.787084006241312764e-02
2.791116426007056450e-02
2.793359361836987576e-02
2.798694167279373868e-02
2.802059457467484874e-02
2.812345635082095022e-02
2.821851592757700783e-02
2.825402988525214237e-02
2.828928204064094787e-02
2.833189388345045898e-02
2.844345484948894096e-02
2.846194902264149659e-02
2.846706701700178060e-02
2.856932919947246033e-02
2.861520280401819508e-02
2.863129643485992984e-02
2.867846062661177226e-02
2.876311304671504490e-02
2.883290656310386058e-02
2.887084140904721055e-02
2.890760787742706686e-02
2.899705655209692048e-02
2.902327025362036114e-02
2.910340786375933964e-02
2.916262423579965915e-02
2.923021150252516284e-02
2.925051155619391718e-02
2.934333640896912357e-02
2.935639453631255433e-02
2.944087823075678886e-02
2.949669633829042972e-02
2.956391234536505028e-02
2.958409621610013848e-02
2.961247017457337843e-02
2.963501767435323259e-02
2.969804410065265271e-02
2.978617837753292502e-02
2.981020711760853578e-02
2.986997832995652580e-02
2.991459193586926482e-02
2.994916278124558004e-02
3.001874804002608796e-02
3.006499291066838664e-02
3.013894110726013376e-02
3.024768869325096532e-02
3.026452612412601842e-02
3.035853490503604910e-02
3.038756449190782929e-02
3.043894308765705131e-02
3.055019529442102103e-02
3.055987589609053187e-02
3.060765547094701153e-02
3.066406889491002027e-02
3.079742649757555989e-02
3.082824801565538231e-02
3.089512843803730868e-02
3.095123638551983830e-02
3.097242907499334064e-02
3.104247405362164230e-02
3.105918877933216624e-02
3.107954373201662901e-02
3.116449025134105516e-02
3.119876813270623314e-02
3.125357309582546539e-02
3.136169569596381629e-02
3.141895133851529270e-02
3.147101025810052771e-02
3.151857170371655248e-02
3.155931803761479609e-02
3.162816366154641567e-02
3.165283302425508927e-02
3.172234981292470363e-02
3.175888497002660876e-02
3.183558606451859091e-02
3.190617376507903086e-02
3.196620420513000826e-02
3.200322165697540994e-02
3.201318239012546779e-02
3.210462039881819413e-02
3.216066444460823764e-02
3.221103559159686075e-02
3.222255452052276425e-02
3.231386499758172326e-02
3.232673513645807628e-02
3.237298853479547017e-02
3.242465587707771268e-02
3.246122857569955222e-02
3.255811356673680296e-02
3.259138033793514133e-02
3.262019220185929935e-02
3.270739703780553564e-02
3.272818346086214109e-02
3.277532670042239415e-02
3.283150919504636278e-02
3.287844876295360763e-02
3.292590165455062251e-02
3.301751362840241871e-02
3.301888643309997678e-02
3.312460585823016196e-02
3.314804047092186762e-02
3.319341379540236003e-02
3.320948133736064539e-02
3.331658689306078031e-02
3.341167073577943486e-02
3.342529106627101232e-02
3.351202225891698749e-02
3.354662266263908066e-02
3.363400760393294581e-02
3.365115722263665315e-02
3.377944873063545156e-02
3.380437636923487588e-02
3.385912446062711023e-02
3.392075145046244411e-02
3.393271334162587666e-02
3.400299263363042168e-02
3.406056559708685316e-02
3.414784590896986077e-02
3.417772273050408149e-02
3.419767006062816167e-02
3.430444472125904892e-02
3.436536317237631755e-02
3.441838827041933391e-02
3.446148474118755634e-02
3.450952137914359980e-02
3.457863223784878037e-02
3.460221327179383716e-02
3.462484045924970472e-02
3.472215448666881449e-02
3.477456998428990476e-02
3.482700507729369344e-02
3.487110596248173267e-02
3.499420851242152075e-02
3.500697552810278640e-02
3.504775894473250580e-02
3.512143032797016701e-02
3.516382713790469627e-02
3.524115641792746612e-02
3.529595976038936433e-02
3.533071378733280282e-02
3.539928257274038703e-02
3.545098338286101908e-02
3.549838484696185570e-02
3.554355933385112964e-02
3.557134556842578288e-02
3.564414517635804830e-02
3.566620458142785027e-02
3.573079668301780421e-02
3.578870840876891002e-02
3.589101918603308794e-02
3.591707854206379474e-02
3.598718290908195505e-02
3.601730065658364371e-02
3.607175838861737677e-02
3.612032693011488216e-02
3.614632204166012830e-02
3.625058363881634299e-02
3.631933630665810930e-02
3.640245165217676632e-02
3.643571666079063048e-02
3.650917071165401401e-02
3.653066505476806891e-02
3.657499312731921776e-02
3.661851347526196010e-02
3.668227472289732616e-02
3.669040312819368127e-02
3.672031385905933504e-02
3.681422022197402416e-02
3.685442554017072381e-02
3.692334230649284288e-02
3.700932623416030437e-02
3.710812603911169127e-02
3.714731625224587663e-02
3.718842156703574403e-02
3.720707702500939545e-02
3.723898346666618814e-02
3.730977392462218184e-02
3.735832463502482964e-02
3.742285419703132027e-02
3.745312500662498906e-02
3.746133297307331633e-02
3.755176225433619341e-02
3.758864011981340181e-02
3.768864697606210540e-02
3.771273294541458571e-02
3.782452361429138737e-02
3.786187525938738974e-02
3.791037752467422278e-02
3.799999252558705631e-02
3.804579194926808322e-02
3.809027576550080146e-02
3.811992077496746678e-02
3.821302771738002702e-02
3.823330703108298451e-02
3.826116569991541705e-02
3.830532617451447297e-02
3.839377785884364597e-02
3.841464574924358111e-02
3.847110906025431876e-02
3.851405935377834322e-02
3.859203645274763422e-02
3.865701698138426790e-02
3.869719184463309841e-02
3.877554136590031370e-02
3.879947271990335372e-02
3.881203634155488968e-02
3.888303629426311664e-02
3.895487773443908480e-02
3.898045649036083887e-02
3.902017088558464714e-02
3.907482171578655072e-02
3.913937388215289054e-02
3.917430179795187289e-02
3.919752959174047785e-02
3.923726097229535831e-02
3.935989281213955054e-02
3.938388191313234310e-02
3.941911345585089738e-02
3.945371115506291632e-02
3.961353551548007362e-02
3.962404650684362567e-02
3.968196638762212791e-02
3.970821516911236110e-02
3.977516833554658321e-02
3.980505564152269499e-02
3.989609341430219724e-02
3.994239576216401105e-02
3.998223411422038159e-02
3.999729125915860856e-02
4.006305016001462938e-02
4.009601484468782590e-02
4.016355451864592890e-02
4.024275460929829101e-02
4.025841720168283483e-02
4.036018956134544006e-02
4.040338597957220113e-02
4.043326729996699065e-02
4.049642288097032167e-02
4.059559140874540589e-02
4.067330303632105126e-02
4.068203979430484729e-02
4.072957887469825372e-02
4.077596935599218930e-02
4.088541614311614475e-02
4.092157210824480529e-02
4.101862235361419806e-02
4.107048763459923008e-02
4.113508977314519338e-02
4.120208569509179602e-02
4.121487908530819394e-02
4.125939984928781584e-02
4.128640623451042269e-02
4.131741114225350592e-02
4.136035203213815625e-02
4.141560001363187721e-02
4.148210171811569924e-02
4.158893233064821227e-02
4.160206318786133228e-02
4.167325752510812192e-02
4.168018243066715089e-02
4.174227676216354238e-02
4.179394239400155420e-02
4.182406219612945508e-02
4.189130417149128371e-02
4.190377741741010964e-02
4.196863928398575361e-02
4.210200221950205490e-02
4.212800961934997507e-02
4.214081919835525186e-02
4.220352317822654437e-02
4.227212254566834609e-02
4.229966940376123086e-02
4.238032116072674299e-02
4.241274934979790551e-02
4.250053843446430224e-02
4.254248105501188398e-02
4.256601051629343296e-02
4.261566834930578807e-02
4.267561308940137632e-02
4.271982751468109824e-02
4.279002647588928121e-02
4.289293827193133013e-02
4.292873213399681087e-02
4.295871910781944025e-02
4.300372603143860079e-02
4.305354078669676454e-02
4.311122326445571834e-02
4.315438565460447129e-02
4.319715354955970532e-02
4.327994019814303955e-02
4.332679277848740934e-02
4.337643843238243174e-02
4.342523667237347534e-02
4.345288502910073236e-02
4.354475351500693842e-02
4.356020598043049141e-02
4.360639557136919420e-02
4.363694840759557714e-02
4.373371472094237516e-02
4.377266998420147742e-02
4.383957327216912725e-02
4.386206606940070557e-02
4.390887253892195030e-02
4.401852781903646539e-02
4.409445252241585983e-02
4.413294779225378217e-02
4.419482419195219780e-02
4.420662792643761246e-02
4.431405813586516279e-02
4.433596821311860947e-02
4.440545642275593036e-02
4.444100410918817162e-02
4.456215291553800723e-02
4.459967865890157590e-02
4.470365972241870794e-02
4.473903053961405391e-02
4.475498044446493684e-02
4.481976967326166406e-02
4.483574710936075181e-02
4.490015647260573589e-02
4.491458953740184307e-02
4.500068526043942557e-02
4.507450754056332998e-02
4.509104759822815667e-02
4.514356832903104744e-02
4.519203098845549910e-02
4.521404419098749849e-02
4.531239423950814138e-02
4.534737276893135299e-02
4.539384268985505871e-02
4.542305299436719818e-02
4.552669355714943078e-02
4.556154893020063906e-02
4.561571423962752087e-02
4.565450459574078856e-02
4.573542661401965026e-02
4.579549021459292102e-02
4.584827337340792452e-02
4.587552274407159097e-02
4.592925452741276199e-02
4.596856583644896160e-02
4.598319093042056022e-02
4.604166774391095507e-02
4.610559407755498301e-02
4.616608364203369369e-02
4.622306754119696187e-02
4.625579089016838147e-02
4.626481314065961081e-02
4.631465300686444381e-02
4.639977774166676588e-02
4.644409118393462432e-02
4.648169103312059514e-02
4.655711524032486032e-02
4.664949807154932654e-02
4.668505894486613128e-02
4.671665816052419234e-02
4.679332836898656561e-02
4.687589023817387290e-02
4.693910304029819819e-02
4.696503380719421750e-02
4.699516753142368025e-02
4.709250711367560932e-02
4.716989050319625454e-02
4.722586786033552975e-02
4.728447751156435869e-02
4.732951725094731305e-02
4.738412596527007831e-02
4.742557503386155698e-02
4.745251646853548833e-02
4.751643286853869663e-02
4.757142236316702633e-02
4.771068792225110350e-02
4.777782082452493306e-02
4.785909770476370201e-02
4.790175531330143066e-02
4.792973996911652906e-02
4.797490514501676767e-02
4.807376746409589008e-02
4.807791233412924553e-02
4.809959345664693853e-02
4.816772789482484662e-02
4.821883690619916535e-02
4.826401100160490620e-02
4.834850482659109466e-02
4.840124062727966386e-02
4.842945724493316617e-02
4.849104090371638559e-02
4.856249297532811565e-02
4.857267095746015811e-02
4.862606971533017797e-02
4.867474545413105758e-02
4.871871546486287313e-02
4.876660777006020658e-02
4.882143216172168954e-02
4.888647231025682049e-02
4.896315644798559380e-02
4.901354711000635578e-02
4.903546068520463208e-02
4.912847607030646629e-02
4.917355243494785783e-02
4.921913300742415676e-02
4.926870633173948549e-02
4.932090649445772940e-02
4.937206521142900595e-02
4.940984713421658903e-02
4.945369524943098866e-02
4.948478752935463881e-02
4.959160577581890605e-02
4.961796748784785133e-02
4.971191264724440784e-02
4.977679172601516544e-02
4.978286611972217168e-02
4.982648613744672383e-02
4.992950301663225815e-02
4.998243838331613981e-02
5.001955742709104924e-02
5.009313324718608906e-02
5.013805380874550993e-02
5.015313616273192610e-02
5.021894359277703085e-02
5.024496998723463476e-02
5.026463747565669549e-02
5.032468710212169988e-02
5.035113334198187268e-02
5.045811887929319006e-02
5.050752175018421997e-02
5.053392371943384725e-02
5.060882018047578590e-02
5.061069955102735773e-02
5.064987630070280633e-02
5.074156607413314590e-02
5.079347480709954510e-02
5.084144006465427662e-02
5.091043552004905631e-02
5.104767740579260055e-02
5.109466522915918907e-02
5.112213910631965147e-02
5.116120311179278568e-02
5.117668546581633643e-02
5.123659831824958766e-02
5.133914771629700252e-02
5.135740200836737962e-02
5.142563864863371192e-02
5.144748605092611116e-02
5.150277458124455365e-02
5.159954923346117550e-02
5.164941403953591387e-02
5.166688421501516859e-02
5.172907066887651173e-02
5.176257459044931314e-02
5.179016938147746468e-02
5.190563131810858877e-02
5.193570215192106626e-02
5.199757097373812476e-02
5.201575699760494637e-02
5.209554822163637439e-02
5.212978936647059275e-02
5.216930784926863268e-02
5.226104799216615970e-02
5.231653890028416243e-02
5.232746253929215774e-02
5.242534486699668844e-02
5.244955137751242807e-02
5.250690626101135045e-02
5.252181646897582240e-02
5.262448265914006218e-02
5.268058636180803639e-02
5.270776200702680103e-02
5.276862238232268854e-02
5.284342685322250543e-02
5.285152026219407800e-02
5.298082373642472309e-02
5.305089818430100412e-02
5.310831500827874890e-02
5.313620156093003255e-02
5.324181071336216847e-02
5.324848253870659298e-02
5.328766648831874397e-02
5.333988591875810786e-02
5.340994566069043326e-02
5.343216312671808521e-02
5.351603506586358888e-02
5.357438304591435885e-02
5.361248820501845341e-02
5.369545778111680517e-02
5.377832860954000899e-02
5.381456457118404674e-02
5.387615671198356382e-02
5.391295559014032401e-02
5.393811164360268195e-02
5.397666853625520539e-02
5.405206061568482157e-02
5.410407941730038112e-02
5.416801560525366654e-02
5.419702680257500876e-02
5.426131010115479297e-02
5.437860818056085288e-02
5.439192418983546107e-02
5.441514295887718566e-02
5.448615706619812371e-02
5.455422313861293254e-02
5.458351296325569119e-02
5.467928977723922335e-02
5.471869457902878153e-02
5.474939482308845834e-02
5.482205634771363661e-02
5.489155876245029736e-02
5.489982944685690286e-02
5.505949835883031801e-02
5.516580500874883330e-02
5.518895969555293740e-02
5.526862242567719824e-02
5.529492796663650761e-02
5.532240479067868089e-02
5.538599029480698738e-02
5.543896076864227723e-02
5.555291766297289907e-02
5.558898491416536247e-02
5.560096402744287014e-02
5.570054702811488845e-02
5.573638279805463031e-02
5.579113179221121405e-02
5.579372810617650585e-02
5.583040653844504458e-02
5.586281627094621949e-02
5.590420743375180967e-02
5.599855403007431009e-02
5.603094615323826050e-02
5.606658216234156750e-02
5.616184339193412700e-02
5.621893769126377199e-02
5.628058276502921620e-02
5.629585351138765431e-02
5.640300428484583406e-02
5.643523518175681125e-02
5.649925456694371989e-02
5.657109780254264420e-02
5.663630119616069186e-02
5.666077434427038012e-02
5.671356636055895767e-02
5.676889366403759657e-02
5.683712443473919185e-02
5.686903026554771673e-02
5.696642755790497226e-02
5.697871422988480539e-02
5.705862822555912012e-02
5.712137445064301849e-02
5.718127311909671634e-02
5.721109314561333148e-02
5.727711216044736875e-02
5.729989639681765112e-02
5.737245677642271308e-02
5.741624200978081433e-02
5.751290361322814598e-02
5.754477478240802024e-02
5.761787305756407157e-02
5.767682764652629773e-02
5.770705376520787744e-02
5.777022362640810843e-02
5.783325570517765940e-02
5.786231517172808758e-02
5.791440478176109602e-02
5.799660780341445859e-02
5.805208530027706343e-02
5.810894818587954841e-02
5.814820854343109857e-02
5.821248098044234931e-02
5.830931073901528261e-02
5.838427907063947070e-02
5.844499224513856339e-02
5.849986205286645397e-02
5.856005176679981994e-02
5.861556449016584042e-02
5.865076221741557377e-02
5.877126309437314539e-02
5.883156742827175267e-02
5.887229278544698491e-02
5.893478865160314134e-02
5.905074883490499943e-02
5.905455023284840455e-02
5.911094710273015473e-02
5.922546552368768147e-02
5.927336294103299763e-02
5.930763364324910525e-02
5.934967201487486438e-02
5.943616760784743019e-02
5.946548981003110107e-02
5.951145099403340466e-02
5.954381420654764751e-02
5.958022610905877592e-02
5.970128273761787785e-02
5.972811925107138209e-02
5.981898863687844931e-02
5.994428564908607648e-02
5.999225315296657229e-02
6.001472631973647776e-02
6.003711233242410572e-02
6.009039138888139231e-02
6.018145774051367886e-02
6.019205572544679417e-02
6.022523758590350718e-02
6.026387444477914607e-02
6.038517335889032056e-02
6.040473467150796888e-02
6.044472778627003190e-02
6.047698812828464915e-02
6.063836028721265176e-02
6.066162755285554181e-02
6.071098531611074378e-02
6.076794949141151730e-02
6.080969860842946190e-02
6.084000797328396187e-02
6.086899091974311282e-02
6.093051003997478759e-02
6.100564441139410404e-02
6.106905568695081277e-02
6.110916824739985598e-02
6.120182227488746990e-02
6.124787973452403000e-02
6.127381690631121536e-02
6.130190630005015462e-02
6.132577103541290292e-02
6.144533801181198407e-02
6.147785516190246158e-02
6.155661731811191278e-02
6.155847352695007629e-02
6.170906993987377437e-02
6.176445537967129723e-02
6.176911931868005190e-02
6.187699955198864427e-02
6.189861519539840290e-02
6.194707532482318646e-02
6.200816567085738057e-02
6.205376398027530327e-02
6.214521898537227890e-02
6.223971630556178469e-02
6.230945595693834077e-02
6.236299592720961904e-02
6.237495247032563694e-02
6.239564958242858200e-02
6.246142742951450721e-02
6.247682415085512031e-02
6.253095040348599642e-02
6.258601897223779742e-02
6.266652907980040099e-02
6.269187053664226905e-02
6.272658252632036524e-02
6.280453724992324238e-02
6.289472975846072123e-02
6.291234698937786529e-02
6.298153802018953418e-02
6.305772460711858707e-02
6.311523654110694215e-02
6.318958784628819769e-02
6.323797219054659580e-02
6.328440474591978671e-02
6.330042732475558986e-02
6.347125292393855645e-02
6.352629196918278820e-02
6.355131955125468968e-02
6.363041458710540221e-02
6.367725012392429218e-02
6.376955916796939183e-02
6.379570289147637463e-02
6.384767803466932790e-02
6.385614020740587593e-02
6.392988559513622382e-02
6.399174506100045734e-02
6.408821171268005989e-02
6.415943114962312233e-02
6.420738712176680962e-02
6.423972350005877074e-02
6.431202747686079468e-02
6.435923016153383136e-02
6.437423378800956331e-02
6.442538400701068591e-02
6.449412992037222014e-02
6.457194694920972977e-02
6.461325351836071096e-02
6.471570569197718226e-02
6.475951312929827119e-02
6.479903337058362522e-02
6.481332556134590528e-02
6.489363461216939022e-02
6.496476782574750475e-02
6.502025853653273235e-02
6.507097350150350956e-02
6.515763802230806201e-02
6.521353376090617548e-02
6.523827352023157944e-02
6.530829956806849523e-02
6.536411604281855414e-02
6.540037299463687115e-02
6.545765538046398324e-02
6.549465113782122760e-02
6.558575894505606907e-02
6.560663273108516269e-02
6.573831398233424828e-02
6.578376548872420793e-02
6.579784370730178134e-02
6.587599836553519050e-02
6.590208181830847778e-02
6.593139297585640102e-02
6.598895726331450995e-02
6.604529628220724702e-02
6.610643456745568525e-02
6.620201843968551159e-02
6.628342276366994135e-02
6.633832263616931679e-02
6.641395343220483916e-02
6.650789323640393658e-02
6.653649841844171131e-02
6.656133501216403292e-02
6.661271072554891814e-02
6.667954065413200793e-02
6.677067128748306879e-02
6.678468190125262660e-02
6.686678240580501420e-02
6.691231564986434288e-02
6.696185591326479780e-02
6.705387243499875971e-02
6.709068044297614164e-02
6.712116431310663489e-02
6.715963544962864906e-02
6.719618546133346304e-02
6.727900959333618647e-02
6.733197332990628614e-02
6.741514317558024161e-02
6.747486299949546906e-02
6.751349437697302946e-02
6.752791907632033075e-02
6.766737553367078994e-02
6.778505267616591334e-02
6.781819001635276678e-02
6.785816618568749070e-02
6.794935596416333545e-02
6.798136368528680251e-02
6.802206409326119751e-02
6.805415568937042692e-02
6.816137052373427707e-02
6.817703416446581344e-02
6.833544305746119818e-02
6.836316451531636307e-02
6.840246137095160051e-02
6.845637782066059385e-02
6.849009784192267025e-02
6.860444526792999764e-02
6.864930943429387034e-02
6.868632850671806123e-02
6.876391912779533655e-02
6.879886628534077897e-02
6.884209321524428771e-02
6.886531651947365440e-02
6.896439041509787315e-02
6.900788171873308008e-02
6.916953742214629330e-02
6.921393223338320744e-02
6.922903348593899275e-02
6.927399554343707799e-02
6.935853741142516959e-02
6.942989784967618094e-02
6.949969124229832262e-02
6.951434264923403439e-02
6.955260595843308635e-02
6.961249041997483178e-02
6.965268719820601195e-02
6.979707111223176774e-02
6.988060071031453047e-02
6.997179341065631886e-02
7.002457206942036549e-02
7.006528644960494101e-02
7.010358774860775410e-02
7.012368079785519237e-02
7.016325102533493840e-02
7.023276943153408669e-02
7.028936926870299473e-02
7.036481432996262442e-02
7.040775582499944618e-02
7.041275442471021939e-02
7.051989717178250294e-02
7.061283511594809714e-02
7.069198596025502712e-02
7.071326018526045976e-02
7.075822184958467653e-02
7.079694387711782388e-02
7.084907457750219684e-02
7.089743863654689171e-02
7.094096086678895741e-02
7.098999801306397905e-02
7.106109348648056989e-02
7.115417392640539795e-02
7.125253044043092232e-02
7.130533015473809744e-02
7.137104276932340619e-02
7.143365949520311120e-02
7.151566398615008535e-02
7.158576187526681511e-02
7.164704124735021828e-02
7.168608416317977239e-02
7.173719056588501175e-02
7.177853938410883039e-02
7.181355153821310233e-02
7.193955542426740124e-02
7.198048612694264714e-02
7.204508147618410296e-02
7.208610717835453596e-02
7.216055499795216710e-02
7.221540977702331499e-02
7.228599091618762018e-02
7.232005024062852783e-02
7.235258228693086657e-02
7.241681772713851051e-02
7.257824789753922201e-02
7.259863239963251780e-02
7.268349825838897604e-02
7.268693137973834817e-02
7.272957869444715562e-02
7.280955173411829406e-02
7.291965823743727648e-02
7.295646512971507014e-02
7.298281682997052877e-02
7.301862486400351182e-02
7.315536883110360100e-02
7.318878365366018879e-02
7.321727512057542298e-02
7.330541748006717817e-02
7.333969458548972309e-02
7.339402334210483325e-02
7.353201069220435815e-02
7.356283160575188829e-02
7.360904442250640334e-02
7.363130702743063416e-02
7.369262706953093323e-02
7.377088956944009845e-02
7.383564453813046269e-02
7.394523849176345975e-02
7.396133397128039355e-02
7.402542153322552720e-02
7.411253171729380307e-02
7.416313004193308966e-02
7.422271120142219514e-02
7.425060700768489064e-02
7.426203006965884090e-02
7.436976581024393185e-02
7.440939476390007190e-02
7.445806007519210901e-02
7.451320153160155557e-02
7.473607484169376980e-02
7.475766341646290780e-02
7.476596024461842904e-02
7.481597901444854426e-02
7.484845127630472550e-02
7.490076909449536191e-02
7.493491711181482495e-02
7.507426326782254411e-02
7.509505291934789883e-02
7.511921283623117229e-02
7.523876669967856368e-02
7.527045893444914149e-02
7.534640138999983139e-02
7.538981818642040422e-02
7.542208772715104648e-02
7.545428163902985486e-02
7.558641018870272676e-02
7.561267104919648652e-02
7.568896949882303327e-02
7.572802196035216538e-02
7.584957891536597829e-02
7.593636408372717028e-02
7.600914403030656352e-02
7.608096423067126080e-02
7.608690254807010112e-02
7.622008496278144529e-02
7.624545171089910922e-02
7.632355587038104627e-02
7.641085799840374726e-02
7.645999851846217721e-02
7.650335857349761792e-02
7.658812472840410834e-02
7.661306394430657252e-02
7.666609156754201904e-02
7.672688127026291993e-02
7.678569394333600862e-02
7.682388588729170686e-02
7.691218475275726774e-02
7.698678847606718612e-02
7.708766630315215529e-02
7.714927808075812410e-02
7.716844387300379748e-02
7.720755639474646825e-02
7.727005904227769728e-02
7.730047071659867930e-02
7.735920279375466113e-02
7.737427103860375355e-02
7.747178824079499482e-02
7.754548182784810895e-02
7.766017489905449600e-02
7.774704571027304945e-02
7.780698192417481729e-02
7.787265499840625993e-02
7.793068584508566765e-02
7.799341183783069231e-02
7.801168165234316498e-02
7.803910323413179584e-02
7.817103083936535746e-02
7.818261509041191104e-02
7.830789927247761018e-02
7.832538689438084401e-02
7.835491796266781661e-02
7.839959071398690249e-02
7.849326243545994009e-02
7.853988558651120444e-02
7.857308930172177130e-02
7.864105293893731974e-02
7.872037974177033270e-02
7.882690688934956835e-02
7.890626975939386833e-02
7.892768163823629668e-02
7.894678056057807813e-02
7.902826540471598327e-02
7.905518374746700605e-02
7.917086304299938981e-02
7.923513001343612805e-02
7.924555945058915640e-02
7.936270401611404679e-02
7.940157243875878290e-02
7.945480580239931701e-02
7.948484570479695532e-02
7.961092140925746241e-02
7.968321166253336529e-02
7.976129321562847041e-02
7.987876930645239348e-02
7.997381904627615112e-02
7.999874853085539583e-02
8.008800002191544809e-02
8.026064920178917206e-02
8.029808779198838176e-02
8.039024075694697902e-02
8.040870922388951292e-02
8.045206907538930696e-02
8.056464657715745048e-02
8.058663953746511566e-02
8.067747666034946752e-02
8.074952638446022957e-02
8.079688016730990352e-02
8.085295963988034518e-02
8.088603911824944481e-02
8.095327429509159567e-02
8.099458815029017544e-02
8.110703344153165351e-02
8.117602319119696097e-02
8.122908735229918131e-02
8.124263542453863396e-02
8.134663338683839617e-02
8.141858536842051797e-02
8.151858638030734516e-02
8.154495203962698613e-02
8.160131734600580000e-02
8.166074221531156863e-02
8.181357924298572615e-02
8.182454393918861535e-02
8.196733202328590484e-02
8.201539958483242132e-02
8.203303039691794973e-02
8.216516037586807375e-02
8.221285538538804227e-02
8.230667476881174671e-02
8.233356448610947009e-02
8.238097043903389038e-02
8.239317230719217511e-02
8.245716630447214035e-02
8.252789704777986624e-02
8.265048556301410332e-02
8.268290852911766575e-02
8.273145308175705592e-02
8.280497984528155386e-02
8.284226217775818302e-02
8.288713204084119379e-02
8.298879528279003159e-02
8.303165703091178185e-02
8.308726175651096058e-02
8.313531781247521235e-02
8.323031338893389919e-02
8.329007279491877636e-02
8.339893056576720698e-02
8.344832976679537884e-02
8.347210736815381671e-02
8.360478428787558591e-02
8.364909539842714514e-02
8.366870212431340437e-02
8.377282024867470367e-02
8.384628734792488880e-02
8.393175766930716097e-02
8.407003431825410544e-02
8.412541077810405110e-02
8.413159311779630500e-02
8.419238669136108744e-02
8.421928824931709801e-02
8.427828136119602798e-02
8.434463571858337450e-02
8.448917265908802154e-02
8.458432851933117558e-02
8.459838671581411396e-02
8.468168950071956746e-02
8.479824971368546405e-02
8.484985475206141547e-02
8.485827296222174521e-02
8.495559570144897710e-02
8.496673324092415824e-02
8.502988489722834720e-02
8.512854130076770443e-02
8.517953372864907335e-02
8.528903217970734696e-02
8.532600960249792088e-02
8.542416025240588684e-02
8.548593321928414646e-02
8.550170225687182823e-02
8.556216741985903096e-02
8.562961918585706989e-02
8.569208309331169393e-02
8.581275806102663106e-02
8.585571297701703741e-02
8.597392357238611837e-02
8.597997045429940643e-02
8.606232299459871948e-02
8.614875932463628150e-02
8.618780764974492969e-02
8.627687979359840997e-02
8.635569228264447506e-02
8.639283934202639237e-02
8.642281556843875445e-02
8.653555941630466930e-02
8.659561058894048313e-02
8.662821921117359880e-02
8.666093935367256973e-02
8.670290463274397952e-02
8.679802170624441315e-02
8.683659061268052259e-02
8.689094701754929151e-02
8.699088973127661051e-02
8.710611909720186730e-02
8.717175603873243694e-02
8.724228902481306891e-02
8.732666621070245272e-02
8.740609635205465189e-02
8.750670918110493857e-02
8.758891102956400943e-02
8.760908379516257893e-02
8.772042996504364476e-02
8.777468023084106230e-02
8.788543645946646221e-02
8.790818967680687213e-02
8.797946738733170013e-02
8.807166204840079227e-02
8.809852581097227242e-02
8.814846456794953045e-02
8.820841476866563002e-02
8.833567614096660137e-02
8.841575452326889961e-02
8.848927160339239983e-02
8.851409722088053600e-02
8.861251497859941317e-02
8.869104633743930821e-02
8.872536188959367909e-02
8.877110962219796064e-02
8.879788932437281124e-02
8.884841109402415171e-02
8.895430582412265641e-02
8.906882095040284664e-02
8.912223806874799981e-02
8.918314806161962982e-02
8.922026083912563965e-02
8.930582221118472941e-02
8.932439965288428707e-02
8.954713166924760381e-02
8.956829427466034277e-02
8.968533339962515838e-02
8.976722722330002235e-02
8.986579973267619370e-02
8.994655989684725850e-02
8.997100900694227077e-02
9.007034761044509230e-02
9.015463065119182218e-02
9.021265637210651445e-02
9.024781008428510443e-02
9.026950249360544964e-02
9.042205075845519135e-02
9.045309725073587270e-02
9.051543889213055361e-02
9.059380787931325951e-02
9.062349801845254182e-02
9.070764648997808877e-02
9.078477550488360526e-02
9.083192584192427421e-02
9.088803233298958784e-02
9.093727817094574006e-02
9.102665718129723804e-02
9.105494899601136727e-02
9.112113181811742901e-02
9.121647974200017273e-02
9.125174496398651136e-02
9.137122873300045078e-02
9.144671099566938077e-02
9.151391248212463470e-02
9.157687972554999500e-02
9.164401686971702932e-02
9.171957373313324724e-02
9.180167234296844614e-02
9.185561514311876841e-02
9.188960316072913859e-02
9.200069111754410889e-02
9.208198920904411833e-02
9.216153065897143837e-02
9.231586359829073440e-02
9.233230043704998558e-02
9.243742609134185384e-02
9.246877788148441524e-02
9.252998614955589007e-02
9.259448609718962109e-02
9.262886676413414899e-02
9.273151684176322851e-02
9.279555237258436950e-02
9.288380124396239390e-02
9.291726953786967613e-02
9.296514089660842806e-02
9.305255701475277641e-02
9.309939648384590871e-02
9.316155159208393266e-02
9.319932021231602803e-02
9.329450274598474757e-02
9.337212101541572662e-02
9.343880258117449877e-02
9.356788311883917908e-02
9.362974986281055734e-02
9.367511705846232051e-02
9.376917328354995862e-02
9.377686472111715354e-02
9.385909120645073711e-02
9.398256039823565944e-02
9.409415598080464460e-02
9.413697132740141138e-02
9.416248264943428981e-02
9.425639930194965044e-02
9.429052485950664697e-02
9.439079240998360376e-02
9.444647236459931261e-02
9.454627615145266839e-02
9.457225122850428101e-02
9.465216956519946490e-02
9.469509476344654952e-02
9.480681147204809978e-02
9.483228737584137313e-02
9.499611066659113812e-02
9.502444568397168390e-02
9.506136918694112203e-02
9.516187246842471026e-02
9.523417217136923019e-02
9.537399520754054338e-02
9.542845754598404395e-02
9.551513802810793208e-02
9.556370740408295927e-02
9.561346748887544766e-02
9.569153530428321786e-02
9.571742712764369498e-02
9.581038514551447338e-02
9.583698724953636228e-02
9.590268887903329043e-02
9.606091492245577568e-02
9.613587143804078194e-02
9.617581985080163320e-02
9.622361809826331103e-02
9.627822609110459062e-02
9.629488174599323824e-02
9.646056366557298478e-02
9.653657800385893883e-02
9.660103411672725515e-02
9.665138588782419549e-02
9.668563638031318908e-02
9.683643822233278797e-02
9.685884480499815097e-02
9.695569267379455791e-02
9.700141677751952796e-02
9.706184581853488647e-02
9.710293374946124545e-02
9.725879155957017907e-02
9.732449159660595817e-02
9.739648567955054570e-02
9.751496818562989388e-02
9.755048231445627438e-02
9.759865196047178004e-02
9.766617293173102121e-02
9.775287755222697439e-02
9.777958403716842384e-02
9.793278386340791009e-02
9.799705495405505729e-02
9.809727833835550637e-02
9.814347606095699672e-02
9.822121745848810814e-02
9.828811978961089768e-02
9.834576713056057684e-02
9.836150549195861459e-02
9.845725117951097116e-02
9.859366775093356128e-02
9.864836985234917699e-02
9.873666005138168056e-02
9.877635097049571045e-02
9.882391777390521492e-02
9.891468197898495296e-02
9.898752542567808288e-02
9.903657268578092143e-02
9.909678935094588803e-02
9.922394731367165099e-02
9.934062649897719421e-02
9.938971019052547651e-02
9.945380178498892942e-02
9.949202742356771934e-02
9.955717024489754707e-02
9.958554370503719388e-02
9.961825415346220458e-02
9.975700196570271017e-02
9.977818693633395963e-02
9.984962261059987521e-02
9.995989710323534283e-02
1.000534350715129306e-01
1.000747992695935479e-01
1.001231721411076220e-01
1.002691328063087944e-01
1.003028062254764374e-01
1.004046587209631997e-01
1.004338515027519280e-01
1.004883525244044534e-01
1.006583502865904117e-01
1.007017816595669607e-01
1.007661488561248514e-01
1.008448497234268326e-01
1.009006358711947438e-01
1.009512838250023609e-01
1.010700480582189115e-01
1.011358217137861143e-01
1.011825441198192649e-01
1.012856117454749710e-01
1.013705038349607540e-01
1.014116245174349062e-01
1.014836179089876472e-01
1.016007000444054259e-01
1.016458610027178300e-01
1.017301008921337457e-01
1.018014109870396255e-01
1.018681542618410513e-01
1.019414884477494315e-01
1.019874316919034962e-01
1.020177022823850616e-01
1.021395585687386309e-01
1.022190623100079493e-01
1.023093738724857593e-01
1.023280349129379180e-01
1.023634468432869787e-01
1.025594019550385011e-01
1.026421992733158040e-01
1.026574043240471024e-01
1.027688831996022567e-01
1.028310564350487372e-01
1.028925191372816045e-01
1.029485999660049722e-01
1.029799961233891226e-01
1.030304813421023258e-01
1.031239896863037769e-01
1.032298221025359647e-01
1.033170865691415558e-01
1.034481909497937807e-01
1.035169127730525690e-01
1.036381462927215558e-01
1.036991645551550850e-01
1.037550720173034680e-01
1.038151167229651589e-01
1.038348000060046045e-01
1.039370414083373717e-01
1.040004473447536104e-01
1.040728843024549960e-01
1.040888231505646966e-01
1.042077738372846202e-01
1.042649321064674228e-01
1.044066123071584196e-01
1.045046407254414528e-01
1.045520000953038403e-01
1.046368961226481625e-01
1.047106315594916459e-01
1.047765061613383231e-01
1.048442725122465391e-01
1.049257036237498941e-01
1.050691465427368992e-01
1.050834069417137806e-01
1.051867939982335381e-01
1.052158847427704796e-01
1.053353585303544449e-01
1.054631557657576268e-01
1.055486465593968026e-01
1.056191925773569268e-01
1.056854918758231704e-01
1.058035393360376580e-01
1.058453215045330187e-01
1.059063332906794164e-01
1.059599761069372620e-01
1.060171837782242221e-01
1.061190011003236844e-01
1.061928215713181523e-01
1.063622762663945370e-01
1.063670437085626613e-01
1.064419132291285069e-01
1.065668919987990959e-01
1.066496028140777458e-01
1.066996683609547775e-01
1.067545514938790380e-01
1.068226324073959094e-01
1.069439918581805427e-01
1.070264802918243774e-01
1.070946749352535143e-01
1.072033253582191509e-01
1.072515155661146191e-01
1.073958486003818713e-01
1.074442573758889602e-01
1.075033475355341300e-01
1.075967252398167540e-01
1.076698791795922400e-01
1.077381267415229993e-01
1.078288535424449940e-01
1.079519856959579305e-01
1.079854222213811193e-01
1.080542983191309925e-01
1.081231012168876876e-01
1.082036983684432491e-01
1.082235848483200508e-01
1.083013483776249924e-01
1.083993485671842227e-01
1.084821399275277681e-01
1.085963796292662153e-01
1.086336241584869300e-01
1.086711697362921780e-01
1.088222812047038995e-01
1.088806387495696582e-01
1.089887920492271373e-01
1.091151472094189639e-01
1.091625876542340751e-01
1.092363414218757989e-01
1.093030347273857283e-01
1.094278756087496418e-01
1.095098095351703105e-01
1.095787208648281164e-01
1.096057897855164387e-01
1.096738426791070004e-01
1.097417408016936741e-01
1.098889686109620206e-01
1.099311649460926604e-01
1.099793110923799472e-01
1.101407466981424860e-01
1.102956099482725882e-01
1.103216483744754450e-01
1.104782303748915312e-01
1.104946796934988817e-01
1.105141820501940458e-01
1.105903612781527906e-01
1.106769637650160953e-01
1.108270446924946029e-01
1.109067071861884607e-01
1.109615848479629518e-01
1.110389386553455593e-01
1.110874713030327865e-01
1.112663219197434911e-01
1.113017779699044252e-01
1.114146199377282626e-01
1.114635408236015063e-01
1.115439730372921046e-01
1.116856611877321687e-01
1.118390109043802677e-01
1.119521783538983822e-01
1.119912490815123812e-01
1.120385450089765866e-01
1.121227524363905825e-01
1.122201606186201683e-01
1.122569802940354411e-01
1.123438055517438638e-01
1.123845906282855411e-01
1.125059859071654705e-01
1.126269118410407194e-01
1.127188602224343944e-01
1.127451173360532050e-01
1.128729893617246571e-01
1.129052742050282720e-01
1.129534847768481065e-01
1.131180880533935729e-01
1.131835171594570977e-01
1.132840627920337628e-01
1.133895003403997404e-01
1.134383090796685228e-01
1.135550511578378441e-01
1.136724798787518836e-01
1.137811559082839985e-01
1.138136424161844962e-01
1.139038070079741727e-01
1.140160577364840166e-01
1.140905052013731213e-01
1.141783918402037440e-01
1.142697651289435179e-01
1.143430806207609840e-01
1.143970224714393885e-01
1.145487636341894072e-01
1.147063030388380672e-01
1.147208323310321271e-01
1.147981810955606696e-01
1.149271419818307938e-01
1.150020946613204975e-01
1.150906129824120078e-01
1.151265971876935523e-01
1.153393421294672955e-01
1.154225124474421438e-01
1.154996200256808020e-01
1.155696040879908154e-01
1.156773211692733311e-01
1.157422597421619986e-01
1.159065545343495873e-01
1.159638146436013789e-01
1.160642755421487093e-01
1.160973598235569976e-01
1.161639729000788490e-01
1.161918260894665295e-01
1.162799993739966065e-01
1.164758685123320481e-01
1.165428497505087840e-01
1.165627169088305770e-01
1.166816928377279600e-01
1.167956342620746907e-01
1.169767371466526318e-01
1.170313313311994591e-01
1.170812278634956877e-01
1.172183589367812168e-01
1.172784543314710215e-01
1.172974481105350936e-01
1.173967423036419017e-01
1.174803846562735288e-01
1.175938665998926408e-01
1.177524385055262746e-01
1.177787065747139539e-01
1.178966226623777563e-01
1.179395228444110044e-01
1.179964091356676126e-01
1.180455754978912281e-01
1.181223419337956854e-01
1.181591703504416280e-01
1.182224810545455945e-01
1.183735089933457690e-01
1.184398426389221964e-01
1.185378370445163837e-01
1.185925315426710758e-01
1.186957659646837165e-01
1.187973808723557234e-01
1.188460308417349787e-01
1.189321065345307626e-01
1.190348580458143735e-01
1.191036004853602004e-01
1.192436112807034876e-01
1.194154622907186436e-01
1.194703421365607421e-01
1.194942432369617835e-01
1.196090313054284510e-01
1.197083564317698579e-01
1.197982477880646240e-01
1.198975679296625380e-01
1.199662041787872974e-01
1.201242821000503141e-01
1.201847202069654258e-01
1.202267840125854637e-01
1.202950827402726602e-01
1.204025890083919442e-01
1.204770824367713822e-01
1.206299708030173362e-01
1.206408994578833660e-01
1.207669331940194601e-01
1.209986357310263577e-01
1.210592529589189087e-01
1.211765739578838652e-01
1.212558835936864282e-01
1.212989915230898857e-01
1.214163890905732429e-01
1.216177992524131862e-01
1.216474958763725939e-01
1.217527621583501252e-01
1.219098467698409155e-01
1.219811167811433866e-01
1.220913042452271974e-01
1.221813927930019972e-01
1.223974720779499314e-01
1.224645480719224466e-01
1.225512167405839181e-01
1.226982098476578353e-01
1.227283750302535364e-01
1.227725634518738035e-01
1.227916322358674622e-01
1.228280056807471293e-01
1.229685659602985509e-01
1.232062714664102637e-01
1.233237627057039709e-01
1.234165827572168556e-01
1.234762867884667825e-01
1.235549432029510730e-01
1.237134791283564933e-01
1.237567522040608353e-01
1.238321639036060601e-01
1.239757528635487549e-01
1.241399987701598401e-01
1.242904292936696103e-01
1.243283859602160590e-01
1.244100419971892607e-01
1.244968860027681756e-01
1.245972537695358151e-01
1.247711771045358353e-01
1.248714840366086098e-01
1.249287056845918426e-01
1.249600047791795537e-01
1.251246165573431379e-01
1.252685208466110811e-01
1.253412302548901347e-01
1.255124378176630529e-01
1.255697509954928348e-01
1.256746722567252950e-01
1.258890206353782959e-01
1.259229236653903738e-01
1.260080255854046649e-01
1.261072050495431196e-01
1.261838613211295479e-01
1.262425795804502093e-01
1.262860206423756237e-01
1.264937632933140488e-01
1.265707515977424757e-01
1.266252243116336718e-01
1.267559508922526390e-01
1.268050453846077397e-01
1.270291899923104706e-01
1.271227242095989141e-01
1.272211515738062848e-01
1.273334655323241638e-01
1.273969360110714932e-01
1.275410056432759454e-01
1.276779086850517719e-01
1.276945356182913605e-01
1.278845367659188215e-01
1.279580279125662745e-01
1.280427820665233918e-01
1.282359515392314242e-01
1.283738902473959276e-01
1.285103389617113234e-01
1.285582998028492463e-01
1.285782850352505668e-01
1.286703259414436751e-01
1.287423753046739727e-01
1.288688948220241548e-01
1.289896830529509431e-01
1.290787466618769641e-01
1.291079539518361630e-01
1.292951965178615881e-01
1.293946885732712992e-01
1.294442404685733072e-01
1.295357476082048820e-01
1.296351451939907473e-01
1.297488553883788254e-01
1.298933331826713500e-01
1.299732623753379335e-01
1.300997439476583029e-01
1.302618066979863154e-01
1.303165481486891486e-01
1.303915767603728293e-01
1.304437221585800499e-01
1.305343404389396889e-01
1.306224139688796915e-01
1.308498759706336334e-01
1.309331208951844128e-01
1.309707677383446511e-01
1.311153438109541047e-01
1.312057607266182979e-01
1.313495155009279103e-01
1.314301701879409257e-01
1.314867131086607521e-01
1.316041407573965150e-01
1.317071433292367200e-01
1.318293978364083463e-01
1.318720102668491934e-01
1.319292748275826266e-01
1.320491269144823954e-01
1.320757448526180544e-01
1.322546996094394467e-01
1.323793913630497976e-01
1.325777880067663672e-01
1.326554198339212898e-01
1.327247491591786732e-01
1.328261086874600039e-01
1.329278581835783291e-01
1.330479383838631402e-01
1.331854563030444027e-01
1.332396345087882017e-01
1.333181033947002658e-01
1.335398666410010371e-01
1.336778823474134847e-01
1.337077144632245473e-01
1.338439178323027334e-01
1.338901737267497449e-01
1.339513600546061167e-01
1.340882875739025648e-01
1.342704415658582673e-01
1.343907514418411775e-01
1.344611446676045319e-01
1.346900001066871355e-01
1.347654441956652183e-01
1.348955818066488177e-01
1.349468699368057412e-01
1.351267993517989985e-01
1.352934966838731101e-01
1.353208634151590040e-01
1.354056976946148849e-01
1.354907925709710748e-01
1.356082596963472109e-01
1.356357632389187939e-01
1.357720446736647990e-01
1.358683846699855757e-01
1.360689628550287855e-01
1.361644744735165113e-01
1.362983368907793591e-01
1.363553033225254618e-01
1.364901123670345107e-01
1.365567649231199110e-01
1.366210069698270135e-01
1.368237356752306233e-01
1.369875685454217673e-01
1.370188875543369433e-01
1.371016681594590947e-01
1.371717405549195412e-01
1.372841375442815925e-01
1.373821008333442339e-01
1.375519319189870138e-01
1.376033827054860825e-01
1.377158696810083516e-01
1.378816819414931394e-01
1.380302856882507923e-01
1.381145517956077207e-01
1.382915698771405855e-01
1.384667611728631065e-01
1.385264103271945935e-01
1.385718145995445683e-01
1.386359244290354953e-01
1.387322990054923322e-01
1.390120184513636559e-01
1.391023653835878338e-01
1.391486375330364678e-01
1.393103710597308753e-01
1.395330163527281064e-01
1.395897660814149344e-01
1.397150025941225893e-01
1.397973831354497321e-01
1.398220876384990152e-01
1.400736034354621573e-01
1.401799220812061653e-01
1.402250468356740221e-01
1.403551844525437187e-01
1.404099059483348844e-01
1.404446505325767924e-01
1.406001294967638982e-01
1.407870497641434404e-01
1.408364524393551920e-01
1.408997786431720189e-01
1.410777579691396000e-01
1.411198607720886289e-01
1.413621459049508033e-01
1.413867477867891687e-01
1.414840478383121158e-01
1.416864860537607462e-01
1.417873746143809011e-01
1.419628259600320408e-01
1.420444716730185353e-01
1.422731501091782369e-01
1.422883115328952841e-01
1.423810445758845189e-01
1.424972386152795201e-01
1.427356758331111697e-01
1.428025170923884757e-01
1.428307053825750295e-01
1.429839489946856668e-01
1.430962156849422406e-01
1.431644670039740053e-01
1.432697558574325403e-01
1.434287375869070236e-01
1.435666545345498646e-01
1.435742560771015308e-01
1.436551432663046024e-01
1.437353638963737856e-01
1.438310002531382470e-01
1.439294802038926513e-01
1.440824539051829001e-01
1.441554551947079321e-01
1.442659499736707041e-01
1.444377328448540887e-01
1.445561530958985041e-01
1.446920052818599645e-01
1.448535009038729171e-01
1.450439783238726132e-01
1.450524493709254847e-01
1.450955289953719529e-01
1.451856086157548575e-01
1.453604290818214240e-01
1.454497662988691320e-01
1.455254857423464165e-01
1.455932264373992757e-01
1.457476213381758978e-01
1.458134516497748001e-01
1.460035330982174251e-01
1.460455080023989882e-01
1.462775352713149568e-01
1.462943414147206134e-01
1.464609319697763035e-01
1.465197568375542492e-01
1.465884389881439986e-01
1.467085709346978850e-01
1.468732916592241367e-01
1.469980269955626084e-01
1.470740834298910615e-01
1.472124482804238466e-01
1.473450787753072533e-01
1.475045248275006216e-01
1.475789566107149064e-01
1.478481748738605939e-01
1.478705909385637507e-01
1.480220755041738723e-01
1.481323814266926608e-01
1.481423616073855032e-01
1.482714929514739322e-01
1.485252851587379186e-01
1.487041485178923483e-01
1.488575452408328892e-01
1.489385099506764787e-01
1.489962399642090762e-01
1.491335820727434924e-01
1.492780859438929131e-01
1.493056529538979160e-01
1.493936643193347624e-01
1.496239147326923757e-01
1.497321138213980607e-01
1.498247544145049348e-01
1.499031145117946662e-01
1.500392893216914991e-01
1.502362013101902483e-01
1.503888319724485667e-01
1.505946149506252330e-01
1.506264174738658479e-01
1.507347668889119641e-01
1.509049509413311341e-01
1.511195972466334581e-01
1.511320051185266189e-01
1.512858476214704317e-01
1.513233521691711714e-01
1.514189200322659801e-01
1.514856881612767492e-01
1.518227353328528706e-01
1.518709496092100764e-01
1.520125668459037516e-01
1.520639838742803840e-01
1.522138412153701825e-01
1.523572555891694047e-01
1.524730060224529504e-01
1.527104693305682270e-01
1.527505127072115720e-01
1.527979010554084693e-01
1.529219263146769092e-01
1.530736133343175709e-01
1.531915260520847477e-01
1.533924021653986502e-01
1.535234494651858406e-01
1.536592215454900823e-01
1.537504366825834246e-01
1.537752212957810283e-01
1.539028279297696700e-01
1.539849112157521127e-01
1.540518438146500357e-01
1.543290883179125883e-01
1.544729568126133323e-01
1.545692228247094735e-01
1.547605305646791163e-01
1.549309058242248349e-01
1.550084375043242202e-01
1.550549408176891963e-01
1.551553888531893854e-01
1.553380943512592816e-01
1.554288294021286265e-01
1.555763020728751778e-01
1.556557599508637257e-01
1.558452587192787897e-01
1.559226537150355252e-01
1.560295651127544259e-01
1.562187303542767747e-01
1.564527044114188414e-01
1.565048944174081691e-01
1.565403638857554014e-01
1.567243523176418962e-01
1.568498920380916317e-01
1.571585996670843421e-01
1.572373379173548635e-01
1.572722795756918146e-01
1.574096756344120218e-01
1.576133875252739291e-01
1.577525749982192915e-01
1.578469089116504853e-01
1.580382804579683331e-01
1.582389233800896022e-01
1.583329697245182688e-01
1.584698375047463859e-01
1.585560179607630737e-01
1.586695135960907443e-01
1.588161954942028109e-01
1.591005763880680435e-01
1.593428200825909302e-01
1.594594804852212389e-01
1.595827028742730358e-01
1.596966178347073440e-01
1.599449216472114133e-01
1.600112364332818837e-01
1.602381900269694015e-01
1.604400530648961709e-01
1.606056648419856292e-01
1.606275353507020942e-01
1.606849954818975468e-01
1.608640684285170264e-01
1.609103243165898034e-01
1.610692645400478851e-01
1.612909882660747973e-01
1.613970880617292269e-01
1.614979307629491601e-01
1.617035902091985000e-01
1.617974711879209271e-01
1.619122712666038466e-01
1.620108054490539684e-01
1.621620750263752242e-01
1.623636443245427274e-01
1.624325571072609276e-01
1.625282808170895321e-01
1.627944461029741940e-01
1.629139024300239602e-01
1.630368342375836943e-01
1.631705492414321224e-01
1.632543920481281385e-01
1.633449383256825316e-01
1.634669814563645129e-01
1.637320532547090757e-01
1.639337608162108884e-01
1.640285936775136566e-01
1.640831222826173996e-01
1.642779294276050517e-01
1.643410860820152808e-01
1.643831344078510448e-01
1.645527624311545201e-01
1.647700217566550052e-01
1.649220613041947336e-01
1.649970372631459348e-01
1.652441495244109104e-01
1.654681454548186381e-01
1.655126657189344708e-01
1.656637600586787495e-01
1.657841286479486143e-01
1.660688867586170570e-01
1.662638769155613538e-01
1.663333394963048550e-01
1.664512212727209117e-01
1.665114993306804070e-01
1.666587705449144585e-01
1.667497462143492926e-01
1.669377840662993051e-01
1.669774560005366504e-01
1.671690837660808338e-01
1.673784536653204758e-01
1.675987497530177783e-01
1.677095709719014227e-01
1.677515624062990984e-01
1.679175857824016516e-01
1.680500467429588141e-01
1.683316096807357387e-01
1.685244890506914783e-01
1.685866046679872776e-01
1.686959469596872874e-01
1.689036326122294318e-01
1.691082855517341554e-01
1.693023786697834265e-01
1.693466898966497491e-01
1.697243237452138731e-01
1.697588867267974255e-01
1.698496498636741514e-01
1.699157724929866164e-01
1.700352716001831133e-01
1.705037378124437120e-01
1.705451952008327221e-01
1.707114845168057060e-01
1.708452649333326578e-01
1.710288959361077055e-01
1.710895700616996695e-01
1.712753908283109749e-01
1.714297375168586657e-01
1.716291692659346058e-01
1.716730370618533841e-01
1.717839016134426466e-01
1.719733015832807244e-01
1.720224499272208774e-01
1.723706098706906942e-01
1.724171536661176507e-01
1.726090707794701584e-01
1.726980810370102870e-01
1.727953088119313918e-01
1.729946851334651925e-01
1.730810043271855114e-01
1.732452845642259709e-01
1.733286462694226815e-01
1.734615576551462313e-01
1.737509518842084710e-01
1.739371865637881209e-01
1.742662731998991243e-01
1.743411052372459136e-01
1.744405563138329840e-01
1.746827140240695964e-01
1.747964764894616163e-01
1.749307845739851708e-01
1.751092125157315271e-01
1.752196629498782021e-01
1.752904961499511804e-01
1.754331991186416917e-01
1.757429291146923034e-01
1.758527622104156807e-01
1.759741682213470659e-01
1.760762509044058177e-01
1.762897863514047703e-01
1.763478795638644125e-01
1.765819108950016370e-01
1.766031538139773427e-01
1.769455039250276140e-01
1.770871186081365845e-01
1.772470619074472120e-01
1.773450415373289124e-01
1.775098156074018663e-01
1.775472890207696330e-01
1.779568095572125197e-01
1.780955038475429963e-01
1.781653331150532538e-01
1.784033075170329552e-01
1.784653268068598642e-01
1.785513551456479053e-01
1.788952402956193455e-01
1.790283003735488321e-01
1.791794206694663216e-01
1.793853616556735087e-01
1.794668345844042945e-01
1.797657202332370585e-01
1.799434971065071442e-01
1.802031916370814002e-01
1.802792294898903636e-01
1.804090533156675058e-01
1.805171706436899948e-01
1.805334802550543905e-01
1.808038395814743904e-01
1.808993353841790719e-01
1.810392924546268545e-01
1.812368034360231084e-01
1.813461788627133697e-01
1.814962697488298193e-01
1.816916561952791331e-01
1.817213700045349212e-01
1.819223452848850453e-01
1.820467822914946243e-01
1.822209880543175786e-01
1.823811954260580181e-01
1.825357857998994859e-01
1.825985285541880943e-01
1.828022558196133740e-01
1.830583489787587226e-01
1.833233167260097385e-01
1.834780414624362643e-01
1.836836640777234353e-01
1.838077690815227982e-01
1.840104782862036770e-01
1.842311177410486389e-01
1.843672570265212640e-01
1.844495469154508738e-01
1.846700660002981997e-01
1.849304315970513868e-01
1.850276701349106157e-01
1.851667184844547620e-01
1.854482314111446373e-01
1.856015626772384020e-01
1.858925797647089095e-01
1.860942762043690801e-01
1.862905406998333346e-01
1.864856012512819405e-01
1.866065357533919500e-01
1.866343837402124617e-01
1.868597322514961578e-01
1.870304985925124452e-01
1.871094302693786515e-01
1.873575289986607884e-01
1.878506142935508216e-01
1.879281474289356269e-01
1.879951561143592964e-01
1.881932898940977816e-01
1.884349141962345653e-01
1.885103015226516354e-01
1.886254595709924431e-01
1.887377436322702773e-01
1.889456841786585628e-01
1.890699429471551785e-01
1.892661244729827719e-01
1.893524639342408500e-01
1.894945629666807962e-01
1.897654105306428585e-01
1.898655851486811541e-01
1.900723548713091904e-01
1.901932106012243773e-01
1.903728101451248600e-01
1.905571439768732056e-01
1.906684408720999702e-01
1.908206466551515823e-01
1.910991044711226328e-01
1.911853744797614996e-01
1.914361230453436868e-01
1.914987689150403349e-01
1.917113460626707622e-01
1.919979225472117357e-01
1.921220620948881630e-01
1.921530587524974132e-01
1.923906353080855891e-01
1.925955094961599168e-01
1.929032911684367968e-01
1.930794677412143723e-01
1.931847151589753120e-01
1.932737758944697015e-01
1.934316781792982942e-01
1.935016356950171601e-01
1.936245155037744081e-01
1.939286298813485410e-01
1.940613415577595313e-01
1.942345140607647791e-01
1.945058822359978234e-01
1.947108473206332901e-01
1.948204663357727129e-01
1.949337755703228481e-01
1.950018237610798288e-01
1.950490808904112305e-01
1.954882676549988263e-01
1.956644737161008785e-01
1.958156109159864822e-01
1.960444962024005255e-01
1.962067274952208062e-01
1.964253191224124284e-01
1.964533289181639719e-01
1.968630545763938866e-01
1.970919290531375212e-01
1.971707391644660357e-01
1.973128869192274648e-01
1.974484833144498630e-01
1.976745628312983893e-01
1.978984674248318587e-01
1.981969820365757640e-01
1.983192387807081458e-01
1.985277349126060020e-01
1.986206582604128079e-01
1.987481538863065944e-01
1.989865992091154057e-01
1.992142239962578221e-01
1.994064486299315098e-01
1.995923273675833665e-01
1.997312599997921323e-01
1.999556612535870193e-01
2.002033684427814431e-01
2.004165182440866000e-01
2.004459261638667777e-01
2.007733324067132730e-01
2.008902949823224149e-01
2.011200281355289277e-01
2.014195363494172553e-01
2.017031650242069596e-01
2.020753715122084737e-01
2.021528190121242019e-01
2.022510379109806189e-01
2.025206722034298967e-01
2.026450206089893125e-01
2.026975951594289227e-01
2.027553492095175436e-01
2.029633791792146147e-01
2.030284944489939014e-01
2.032738053627601571e-01
2.034645637805795604e-01
2.037949301130266289e-01
2.038735522885478102e-01
2.041566585449114957e-01
2.042130105215597125e-01
2.045724921552513342e-01
2.048885378668519053e-01
2.050398108597828450e-01
2.051437966399825563e-01
2.052280404005444314e-01
2.053947832060014911e-01
2.057400341808289790e-01
2.060028825680253473e-01
2.062358443874678371e-01
2.062753627010453228e-01
2.063941592380244550e-01
2.066237480888604705e-01
2.069541362983245703e-01
2.069862538963495313e-01
2.073178881846297894e-01
2.075344814283329176e-01
2.075485411785680800e-01
2.078655056245031219e-01
2.081584975165927387e-01
2.083243208701194005e-01
2.085749318599711133e-01
2.087149766509354964e-01
2.089567674657817620e-01
2.091196032988074660e-01
2.093437944484697055e-01
2.093939048462283015e-01
2.095074304629464534e-01
2.097332386529315029e-01
2.098628919152887018e-01
2.101308943748219082e-01
2.103710388501134620e-01
2.104857024626176631e-01
2.105661380170169850e-01
2.108923474534495912e-01
2.110506755905917353e-01
2.111850172605767573e-01
2.113544410594578038e-01
2.117479810773357229e-01
2.118558860560217638e-01
2.119835095766544886e-01
2.122800521338713831e-01
2.124423576247379541e-01
2.127856096640544370e-01
2.129477965861127642e-01
2.130726128684643783e-01
2.132677512518855178e-01
2.135361842312266112e-01
2.136334658431476574e-01
2.138549142807989190e-01
2.141542751718515936e-01
2.143327253556244760e-01
2.145683949518357725e-01
2.146933868876452489e-01
2.147891121154664740e-01
2.150198821971989749e-01
2.152409248479977555e-01
2.153876812519398831e-01
2.156104800243927866e-01
2.157410488223755196e-01
2.158792837710065693e-01
2.161221089110595683e-01
2.162302101250306863e-01
2.164271044503726649e-01
2.167415437702063241e-01
2.170492071440825455e-01
2.173309147588873280e-01
2.174669293927234404e-01
2.177765402900007363e-01
2.180453535178215052e-01
2.181198604029595811e-01
2.181940710533797900e-01
2.183408867899056527e-01
2.185354235887586039e-01
2.188644464840317216e-01
2.191390233225057604e-01
2.191648294530640639e-01
2.193232611262106169e-01
2.195837136816688739e-01
2.197251605798860863e-01
2.199255012011798460e-01
2.201166048896449623e-01
2.201872486841991439e-01
2.207110981869976896e-01
2.209688821288559035e-01
2.210002497912722796e-01
2.211243670277442119e-01
2.213594867899292551e-01
2.216466856543004293e-01
2.217860426669342189e-01
2.220236368985690212e-01
2.222883255637481958e-01
2.223778018821798153e-01
2.226138888946246897e-01
2.226676538289023288e-01
2.227969295431983521e-01
2.229439037358118270e-01
2.231493678064402908e-01
2.232473538915606126e-01
2.237401320411806782e-01
2.239513167268155913e-01
2.240266764315515802e-01
2.242336366106489343e-01
2.244890450685755601e-01
2.248520541814650886e-01
2.249513112352646282e-01
2.251771126376155008e-01
2.252717130907233023e-01
2.253807527026412405e-01
2.255802318508231263e-01
2.258283242911998667e-01
2.260132164976579594e-01
2.261490900573404905e-01
2.264603885915013048e-01
2.267009464904827798e-01
2.269471962792801445e-01
2.271327141926516024e-01
2.273722388595702248e-01
2.274661008650371852e-01
2.277549341955043549e-01
2.279700655629831874e-01
2.281431924313617465e-01
2.282595134470466192e-01
2.286333365634344306e-01
2.288021589147277712e-01
2.289850091205152260e-01
2.292349783487762083e-01
2.295436626543655989e-01
2.296919670983431083e-01
2.299239169469329824e-01
2.303096843551581396e-01
2.303567472406788663e-01
2.306957938509320016e-01
2.309350653306801449e-01
2.312262480883478521e-01
2.313076310203839858e-01
2.313809879979318584e-01
2.314854270762465027e-01
2.316338398230549933e-01
2.322198258996556741e-01
2.322482311164708602e-01
2.327940616310039401e-01
2.328513996574297362e-01
2.329761497363550815e-01
2.331714445681119796e-01
2.336077116537113030e-01
2.337353844540185355e-01
2.337612688468729272e-01
2.339744392433694697e-01
2.343055214694741983e-01
2.344057650546629845e-01
2.346349020583677614e-01
2.347372605205663709e-01
2.348987211465597691e-01
2.353434685712923469e-01
2.355604175996767191e-01
2.357798436195599756e-01
2.360421696364571054e-01
2.361739074335388877e-01
2.363247290060056238e-01
2.365223337280271398e-01
2.370706658600384709e-01
2.371098212643096281e-01
2.373840975332723036e-01
2.376948382558296824e-01
2.377403353145791931e-01
2.382286939449962115e-01
2.384043962547293949e-01
2.386000825213511201e-01
2.387251492820793020e-01
2.390259492900209948e-01
2.391477622873793563e-01
2.394776003787836838e-01
2.396003672920445082e-01
2.398469369483451907e-01
2.402410868957348955e-01
2.404631814147495383e-01
2.406778573467203142e-01
2.407846956598964916e-01
2.409597547202361190e-01
2.411892361777288607e-01
2.415840175774623122e-01
2.418239101240357847e-01
2.419116196880511382e-01
2.422468133973763038e-01
2.426570227129123680e-01
2.428069343773649191e-01
2.428818550453644975e-01
2.432033975697631412e-01
2.434529348068319443e-01
2.437808421562280559e-01
2.439217958235750938e-01
2.442106529358989697e-01
2.442844942101873584e-01
2.447133597205394251e-01
2.449905761977014540e-01
2.450952294867095593e-01
2.453394280967700347e-01
2.455381204060030353e-01
2.458337791761613100e-01
2.459959708730039551e-01
2.462120422085752602e-01
2.464279840860667536e-01
2.467634616222071087e-01
2.469327850479725306e-01
2.472979910886348165e-01
2.474947227188781518e-01
2.477811146360907324e-01
2.478269593363457424e-01
2.480235425723319731e-01
2.481444477455040099e-01
2.485514726967777976e-01
2.487139891605664732e-01
2.488194568217365898e-01
2.490545870492009983e-01
2.494932550283063544e-01
2.495188451232725479e-01
2.496359108307300290e-01
2.500115479493278947e-01
2.501647092609645129e-01
2.504591454808946516e-01
2.505870659729269034e-01
2.508420677772989493e-01
2.510785743620065347e-01
2.513461326807325258e-01
2.516188818169174946e-01
2.517297365896402628e-01
2.519171654700557150e-01
2.521217132494185109e-01
2.525820520722092399e-01
2.526377652247090433e-01
2.528240202487128108e-01
2.529751028016170022e-01
2.533626925582169731e-01
2.534940121929351586e-01
2.537073840938261493e-01
2.540353557883081037e-01
2.541904185268656913e-01
2.545591290585076383e-01
2.549132513079473972e-01
2.551159629877500223e-01
2.554317214921958401e-01
2.556268031165072063e-01
2.558199930747666606e-01
2.559299151170188469e-01
2.563163601862004093e-01
2.564790653446271107e-01
2.567402785882893501e-01
2.568629255168157766e-01
2.569552073963341510e-01
2.573360412760580807e-01
2.577241132176542049e-01
2.577827008689060340e-01
2.580088581330154396e-01
2.580627386922335620e-01
2.583578527881633669e-01
2.586366628508189325e-01
2.588447682933054383e-01
2.592345865856556797e-01
2.594047789712249363e-01
2.595480103930785654e-01
2.597010515567886868e-01
2.601981519063197301e-01
2.605069515081534504e-01
2.606502108453173649e-01
2.609170554116899687e-01
2.609794783537427443e-01
2.614983013424211356e-01
2.615642781992932320e-01
2.619045442688869296e-01
2.620194781924400362e-01
2.622684099759403087e-01
2.623976885402812265e-01
2.627990681464756895e-01
2.633182688240599534e-01
2.635659900081317453e-01
2.636225831178877210e-01
2.637854050128968231e-01
2.641248004182527032e-01
2.643190396795420116e-01
2.644680183828141407e-01
2.647482836078103308e-01
2.650360010857647497e-01
2.654122081433405445e-01
2.656206356267482582e-01
2.658579882653589466e-01
2.660914864169274252e-01
2.663090596722968995e-01
2.666358514298816651e-01
2.671145363265874928e-01
2.671750267146479341e-01
2.673850123465459916e-01
2.676445040422016364e-01
2.681020850939221933e-01
2.685622371053146829e-01
2.688379825461143513e-01
2.689914454013120904e-01
2.691892639424941502e-01
2.694154080474081003e-01
2.697122614173482202e-01
2.700367087429796364e-01
2.701867495810040820e-01
2.704395370042189661e-01
2.706858384089266267e-01
2.707684613081467462e-01
2.712263551975763187e-01
2.714446705844866248e-01
2.715770190575429455e-01
2.717660920427492077e-01
2.718633032346082778e-01
2.722621866404784652e-01
2.725765432054353399e-01
2.727261492668404119e-01
2.732336350918150858e-01
2.734243595971942442e-01
2.738505497594474480e-01
2.740360554489685296e-01
2.741043490797430704e-01
2.743396888034178582e-01
2.745234933557602619e-01
2.746930723780159900e-01
2.753136706494788144e-01
2.754589717899708079e-01
2.756808626295321751e-01
2.760582290566699903e-01
2.762417734737530051e-01
2.766958720538763572e-01
2.768698330002219432e-01
2.770758143016040509e-01
2.773351217398347113e-01
2.775241688059393308e-01
2.779506217122249545e-01
2.780477272909598896e-01
2.783064674282975104e-01
2.784703946511827288e-01
2.790162149872935649e-01
2.791815806146017986e-01
2.794729522364079455e-01
2.796020821433742309e-01
2.798847672971799261e-01
2.801713046696382992e-01
2.804704566143209621e-01
2.807373664373475908e-01
2.812545787911500672e-01
2.817419300201782772e-01
2.818314081737924304e-01
2.820490159159426691e-01
2.825812772651731253e-01
2.825955951662025845e-01
2.829835038515560175e-01
2.833185410684767036e-01
2.836183466542180343e-01
2.836769087140236789e-01
2.842151749531795502e-01
2.842958063777276667e-01
2.846100116113715606e-01
2.851144888392016519e-01
2.853096383040474304e-01
2.855927165680389734e-01
2.857206090229595929e-01
2.858718241625733403e-01
2.862138228803703388e-01
2.864594146246629003e-01
2.869865288635026213e-01
2.872827859405972517e-01
2.875771582586260089e-01
2.877711557109217111e-01
2.881925208198014565e-01
2.885501016385481066e-01
2.887286039890655243e-01
2.889854607471991077e-01
2.892186357208004766e-01
2.894421605766143157e-01
2.896611612007305436e-01
2.898125217099818962e-01
2.902678829295103347e-01
2.908312048350442103e-01
2.909190818473210705e-01
2.913058474381779450e-01
2.915054209464515433e-01
2.916869869272457616e-01
2.918994164966424165e-01
2.923476535293120793e-01
2.926940180948906511e-01
2.929815404845384497e-01
2.931064262051962244e-01
2.932464779037687319e-01
2.936453768483289761e-01
2.939114092486724283e-01
2.944100750041868109e-01
2.947652855259568216e-01
2.950867861705725459e-01
2.952648145595843099e-01
2.955293809564070173e-01
2.958422279573342251e-01
2.961117170127678389e-01
2.962900091597189256e-01
2.964007376407558625e-01
2.965837470074109694e-01
2.971320471981482858e-01
2.972112116220889111e-01
2.975790978760496364e-01
2.978019703953470043e-01
2.983052701241209470e-01
2.984074834350863847e-01
2.989544790005428387e-01
2.991315324900600259e-01
2.994446061549648763e-01
2.995557599074145649e-01
2.998547575139270949e-01
3.000658067170040022e-01
3.003560655815177283e-01
3.004296068820803689e-01
3.011022082543254319e-01
3.012108097335018941e-01
3.015214045433112777e-01
3.017007734549539966e-01
3.021246046299566612e-01
3.023606097635892498e-01
3.026722741488283575e-01
3.029277355975685260e-01
3.030271536180652037e-01
3.033952553451673695e-01
3.035609296068630947e-01
3.042178557906523029e-01
3.043566648924805884e-01
3.045854355091951460e-01
3.048837686429198834e-01
3.049630491113095587e-01
3.052255491237549356e-01
3.058267863924269969e-01
3.060949911583217831e-01
3.064840528459520930e-01
3.066242309263460530e-01
3.067001768899930703e-01
3.071078101927661730e-01
3.073640222837720204e-01
3.075257789989872537e-01
3.080149874910065866e-01
3.082989251891120608e-01
3.088694365539009778e-01
3.092446886337268941e-01
3.095696019591977488e-01
3.101974819693276708e-01
3.103144725086462996e-01
3.107607341526030797e-01
3.110101079805073776e-01
3.111282228773439851e-01
3.115646630720693144e-01
3.119038891912053191e-01
3.120552659709539545e-01
3.126192704627034358e-01
3.128103421439497045e-01
3.131120675476654625e-01
3.132920730898586803e-01
3.135658574241814156e-01
3.136432486722339208e-01
3.139497540753447558e-01
3.147645169046935365e-01
3.151044867457624687e-01
3.154494579845894542e-01
3.158800906267429376e-01
3.160727611458320485e-01
3.166796555536512403e-01
3.167820938908543216e-01
3.172564277441931591e-01
3.179214742982346964e-01
3.181773373908998725e-01
3.184404052887592207e-01
3.187977591422732071e-01
3.190505825532998219e-01
3.191386551989153220e-01
3.198009920024285635e-01
3.202070763107516260e-01
3.206813648420397400e-01
3.211303972525960670e-01
3.215513148125889731e-01
3.216256010406152166e-01
3.218261284935249877e-01
3.222304939963156478e-01
3.226333456329666949e-01
3.226655641260153251e-01
3.233549187766742716e-01
3.237501746790243939e-01
3.240082252146641029e-01
3.244011864548961288e-01
3.248844099704745192e-01
3.251484841785439173e-01
3.255383071395258621e-01
3.256727686817454948e-01
3.261508594885897949e-01
3.265307428721158090e-01
3.266760278278645901e-01
3.270992370990640774e-01
3.273709010647786188e-01
3.276227411404178946e-01
3.281419865322074414e-01
3.285566674045226621e-01
3.289273700218020569e-01
3.294438798135108648e-01
3.295939312708582869e-01
3.300569030277011873e-01
3.303645722762436066e-01
3.308433243761627618e-01
3.313268072401602260e-01
3.318812050263518776e-01
3.321040025389286887e-01
3.324282406873329543e-01
3.326939458866667310e-01
3.330217341585134383e-01
3.331779647823849277e-01
3.336256480962624393e-01
3.340080226453676082e-01
3.348018177364492365e-01
3.351970101142089931e-01
3.352785364391945300e-01
3.355427242668655441e-01
3.362933484007010754e-01
3.367728689072342907e-01
3.370189210172336303e-01
3.373675627195588667e-01
3.374721875727542120e-01
3.381146597437207912e-01
3.383404497517012999e-01
3.386599336001437366e-01
3.389253788888350605e-01
3.394160148321530568e-01
3.399422616352246740e-01
3.405128243389794473e-01
3.405875213805661939e-01
3.407548950197358817e-01
3.413275707144154403e-01
3.419081602583723400e-01
3.421613420340219869e-01
3.422223700892624287e-01
3.427718876698761519e-01
3.432269113953174133e-01
3.438909117379404523e-01
3.443193482944594819e-01
3.447016362812339585e-01
3.450077585105771893e-01
3.452416105742577290e-01
3.455305030925528431e-01
3.456962575990943365e-01
3.458964834457758930e-01
3.463966996349180927e-01
3.468808699043876009e-01
3.475063764769931729e-01
3.476185639765551616e-01
3.484346918185512454e-01
3.489295103118748576e-01
3.491811234075459236e-01
3.495704589302875420e-01
3.500866933935271041e-01
3.501930301798497069e-01
3.506134688099470376e-01
3.509377121949130429e-01
3.512521612503696211e-01
3.517195585699215421e-01
3.523872320853883022e-01
3.527297680359449683e-01
3.530399534544813589e-01
3.533338639709353024e-01
3.539065204856286506e-01
3.542646505986667971e-01
3.546379721412509789e-01
3.549610161779556683e-01
3.558521870040793900e-01
3.560634524678609192e-01
3.564393652185269268e-01
3.569091882593020681e-01
3.573250508918071611e-01
3.579213674553434754e-01
3.585840793662411485e-01
3.587047546977898960e-01
3.588326342758688114e-01
3.591251417714428351e-01
3.599565488858750273e-01
3.603354565269469290e-01
3.607528535126710012e-01
3.614116360311552811e-01
3.621697414813354610e-01
3.622608739590253979e-01
3.625315910268094299e-01
3.629104280852900599e-01
3.633726615990920950e-01
3.639665957715955136e-01
3.642905558525555976e-01
3.648937785112409404e-01
3.652503989295778353e-01
3.656509241138077293e-01
3.659248117853284299e-01
3.664474608088657548e-01
3.666467464625239869e-01
3.668214110574973819e-01
3.674580345718472807e-01
3.677793490051611269e-01
3.687875544788646320e-01
3.693632283501211422e-01
3.698873171743224941e-01
3.705559214759626130e-01
3.708398009765262460e-01
3.711990581472066064e-01
3.722978176131152006e-01
3.725796795359623270e-01
3.730331488341108170e-01
3.737547459264119465e-01
3.738351873529426883e-01
3.743740627537796017e-01
3.748751444296065105e-01
3.755761926000654727e-01
3.757067517953235902e-01
3.762723710567159596e-01
3.768839837985601959e-01
3.769082126553074952e-01
3.770726062128311185e-01
3.776217183713222458e-01
3.778705937581675056e-01
3.784185241781895526e-01
3.784861764805285134e-01
3.790707575167263088e-01
3.793077356796396571e-01
3.800623874629046606e-01
3.804688647456214712e-01
3.805356494837985881e-01
3.811300346690080221e-01
3.814541526756325407e-01
3.820510911187530168e-01
3.824144581494459683e-01
3.829914103678498383e-01
3.832557321344559065e-01
3.834488621299325106e-01
3.841409389797985074e-01
3.845235970586276530e-01
3.851034290565398810e-01
3.853715794503096426e-01
3.860079194052420948e-01
3.861638953877231661e-01
3.871755493857187980e-01
3.874899946383177363e-01
3.878176299651585612e-01
3.879513277182917164e-01
3.887471091248962951e-01
3.889905612096220544e-01
3.894278490978056451e-01
3.897956293060825805e-01
3.905623869164808748e-01
3.909540938955542999e-01
3.917479521116007946e-01
3.925797012461265112e-01
3.929613483327184520e-01
3.934793444198424472e-01
3.940377991863321938e-01
3.943709846556276433e-01
3.946586175060793900e-01
3.952601926085743678e-01
3.954295472310407900e-01
3.962048576245620346e-01
3.966238998518912817e-01
3.969374240587216773e-01
3.972318815931752400e-01
3.979201424740854143e-01
3.985696037051793539e-01
3.990831759063581119e-01
3.995910468816871175e-01
3.998936824066607887e-01
4.008769050115122967e-01
4.010817556118139726e-01
4.018399046010937559e-01
4.019993004644296097e-01
4.023513471545687725e-01
4.030740194909809837e-01
4.038236326459497816e-01
4.042040098916400703e-01
4.044252405387881999e-01
4.048741661231565758e-01
4.054177813032009414e-01
4.055783388346507201e-01
4.065472624093917631e-01
4.071681130039360164e-01
4.080847245083276120e-01
4.085970919349339869e-01
4.087922439194547342e-01
4.091632161521609468e-01
4.100332038584055816e-01
4.105457296645643184e-01
4.110617977482506902e-01
4.116443722435641495e-01
4.122189910142524671e-01
4.127367301729772953e-01
4.134780884769675424e-01
4.140702252630826252e-01
4.144106763033274521e-01
4.147814983291013280e-01
4.153845004264129503e-01
4.160801251929436839e-01
4.163365634845192509e-01
4.169173557287723653e-01
4.170409193033705608e-01
4.175154195024259884e-01
4.184052022841304730e-01
4.187529251875909964e-01
4.197619762199137350e-01
4.198024476272531058e-01
4.204614355914331747e-01
4.215233787315304514e-01
4.220980418250300237e-01
4.224766058962372006e-01
4.229950782215159966e-01
4.233729449803980138e-01
4.243149519130682279e-01
4.246761035521121053e-01
4.255775837743074885e-01
4.265214410025341962e-01
4.267058672232725280e-01
4.272685511977974970e-01
4.280559490541559486e-01
4.285078583150047637e-01
4.290897617446927659e-01
4.293154535996703269e-01
4.301632713950069853e-01
4.303763870550293968e-01
4.312316959804255445e-01
4.317753846603377132e-01
4.330959581599186925e-01
4.333675727202145334e-01
4.336043181128611534e-01
4.347488901170359910e-01
4.356139122676884745e-01
4.365588005984227249e-01
4.368774848767329466e-01
4.373260233421582543e-01
4.380051241398894568e-01
4.384295137361960415e-01
4.393172030407308526e-01
4.400309990841309582e-01
4.402764344626323156e-01
4.409007306163879036e-01
4.421495549887765053e-01
4.422627057161072628e-01
4.426936975458153900e-01
4.432858779901475144e-01
4.435552438969953548e-01
4.450178700261048781e-01
4.453294079202717026e-01
4.461520619127344323e-01
4.468789675473386902e-01
4.477103580586230813e-01
4.477915475346354590e-01
4.488181881743374957e-01
4.496522511816994916e-01
4.499071043915081058e-01
4.502037348512514248e-01
4.509355875347869635e-01
4.519625022493719557e-01
4.522283691662178362e-01
4.534846656595960535e-01
4.542078726059280980e-01
4.550361208138378744e-01
4.551922138371072291e-01
4.561536255593482969e-01
4.567237984087594849e-01
4.572923986680098585e-01
4.577400231729779612e-01
4.584225709782650537e-01
4.588422050000086072e-01
4.605993792850887614e-01
4.606781147563034362e-01
4.608418811924575031e-01
4.612745239751321336e-01
4.618843376119401434e-01
4.621050388082998395e-01
4.628718507378769553e-01
4.629793000261843705e-01
4.642620970126231650e-01
4.648562071387554728e-01
4.655979341147458150e-01
4.663130528792030494e-01
4.683303121681567927e-01
4.688345049621810978e-01
4.698576526873235459e-01
4.703399770018261150e-01
4.713261399530563334e-01
4.717695239565323218e-01
4.722584648393291507e-01
4.735099008045086100e-01
4.742515937374738866e-01
4.748552723702243461e-01
4.753333651206332888e-01
4.759043693163558797e-01
4.772827788399611193e-01
4.774642656956405995e-01
4.781656355669922087e-01
4.802225222714629482e-01
4.812193358798929066e-01
4.813019515869840226e-01
4.823837147993145780e-01
4.827629921169104832e-01
4.831297123559090134e-01
4.839773669326156713e-01
4.844044038190619683e-01
4.849841445463080603e-01
4.855842275443478795e-01
4.867619228508534013e-01
4.879374529692795392e-01
4.895029210469483139e-01
4.903658426888741761e-01
4.905674062125385260e-01
4.919118560268843088e-01
4.930481870592541283e-01
4.934588114179500606e-01
4.945531941671500453e-01
4.962029790405185770e-01
4.964556347702913097e-01
4.976139648206894250e-01
4.982084263785521716e-01
5.003693013130877665e-01
5.005749289985745865e-01
5.014800589279251319e-01
5.021390294068327487e-01
5.034378176205838162e-01
5.045739949203201791e-01
5.049969716791439245e-01
5.052976194656699782e-01
5.071909706270840701e-01
5.080246732388734587e-01
5.100988848567491463e-01
5.111852156008566128e-01
5.113221712480845449e-01
5.120994961918303723e-01
5.127749513367156897e-01
5.139299205422220851e-01
5.164242430520148419e-01
5.167023006172268840e-01
5.168702322614981970e-01
5.175473545596950276e-01
5.200092946313612519e-01
5.208066521705156937e-01
5.213741362067637608e-01
5.223742759035758798e-01
5.232716794560555718e-01
5.242819610125694085e-01
5.245452755146335910e-01
5.253631972348774548e-01
5.259529774398256086e-01
5.273469633105171139e-01
5.275390562013874129e-01
5.288837695432891950e-01
5.292506212114769237e-01
5.310123109315272316e-01
5.312562422911037974e-01
5.319035264728148027e-01
5.331197460028177515e-01
5.344184826411751965e-01
5.355070864202696734e-01
5.367116022834935718e-01
5.370745998152663958e-01
5.386914114258081199e-01
5.395532932587373542e-01
5.409095021807156511e-01
5.423139529725767849e-01
5.424877112003503310e-01
5.437001342495019207e-01
5.437844324514479188e-01
5.445408851085943303e-01
5.452471415834173607e-01
5.465609811904796889e-01
5.470894150172042059e-01
5.482053921436123023e-01
5.496334013939322416e-01
5.502909002541011008e-01
5.542573023779882035e-01
5.546924346479488177e-01
5.553197787807027108e-01
5.561043782085942633e-01
5.570879481494689367e-01
5.581104423486989985e-01
5.593974152886992401e-01
5.628870559904616266e-01
5.630332040001935212e-01
5.640727330739120360e-01
5.657538425688688477e-01
5.661569785820940170e-01
5.671748022236368092e-01
5.675484233420479141e-01
5.679673368739972528e-01
5.689534935154572093e-01
5.702977438075451655e-01
5.722575334890293020e-01
5.745212268164547886e-01
5.767868888926762638e-01
5.776652802022469446e-01
5.799137876876413467e-01
5.802681892800314323e-01
5.814428866526802908e-01
5.825031635667813346e-01
5.833566005015686784e-01
5.837065873380101744e-01
5.848051535276670432e-01
5.862852494322357000e-01
5.864565951242464159e-01
5.870134679220171403e-01
5.878423232268156218e-01
5.907767901011412581e-01
5.932166485412010415e-01
5.940034196882083561e-01
5.945911678061516215e-01
5.960152346055562766e-01
5.969621494713392984e-01
5.988830354998652128e-01
5.996814451602726637e-01
6.003574313371244919e-01
6.016565062568792754e-01
6.024564609175792063e-01
6.045174235403403262e-01
6.050886978281524442e-01
6.060273507197481146e-01
6.072362315309034475e-01
6.079220856234555104e-01
6.094339626772411478e-01
6.100896681425206358e-01
6.132607129921422429e-01
6.150107911831588225e-01
6.155016261264631972e-01
6.171373440879263095e-01
6.189811154451125841e-01
6.201576507829392737e-01
6.217440173061482556e-01
6.230914905650495328e-01
6.235253308121553317e-01
6.265055306824640624e-01
6.267462998188999546e-01
6.291421371131028506e-01
6.299592695459812486e-01
6.312755663980088583e-01
6.332388608773391603e-01
6.356600274093134884e-01
6.370237617859728640e-01
6.374234038950929992e-01
6.386502082355495213e-01
6.405206059428190102e-01
6.426946012026055755e-01
6.431663293371729928e-01
6.448483652716581194e-01
6.464390062422246119e-01
6.483298800955189511e-01
6.524471484084813921e-01
6.544276639490287373e-01
6.565509482568635535e-01
6.577898773537190769e-01
6.583988546432392175e-01
6.614644922137304928e-01
6.627591299750537068e-01
6.632918739633947292e-01
6.639968960416923194e-01
6.669551473059355251e-01
6.699468946207914888e-01
6.727902275091637296e-01
6.728610980016473953e-01
6.748979585563521510e-01
6.796781932954552019e-01
6.816310149271047614e-01
6.820276027474406755e-01
6.823160423240668404e-01
6.855921329835268363e-01
6.885279773158240468e-01
6.905300757276816581e-01
6.923849221635567375e-01
6.936204512437903480e-01
6.960468507674313354e-01
6.984600638844257192e-01
6.987823974271422101e-01
7.054130843257938599e-01
7.079297379239827270e-01
7.085238454559649179e-01
7.117437957995924602e-01
7.157493849715717005e-01
7.201199910608084842e-01
7.238113710293481162e-01
7.306906214976689462e-01
7.318566779914469356e-01
7.371020180993387294e-01
7.410234299045941331e-01
7.447202147587071996e-01
7.491739993937710507e-01
7.503151126504427060e-01
7.539827059185483238e-01
7.565043171203705841e-01
7.577403498989718766e-01
7.621930089804194175e-01
7.844067549208678658e-01
7.869148640821433949e-01
7.885045841127902300e-01
8.006803305809592208e-01
8.029711627839281052e-01
8.041008653491458213e-01
8.068449168441621522e-01
8.152185987678374213e-01
8.399902505386451779e-01
8.448506240092887865e-01
8.553465749347527458e-01
8.702745428484452983e-01
8.739068009687122052e-01
9.135806848579928197e-01
9.169315951150230903e-01
9.421054249610623099e-01
9.711004325837658824e-01
1.000000000000000000e+00
