# SF-29 N2 candidate (i) i0 field=gauss_ch eps=0.5 N=12: sorted relative singular values of the dense central-FD Jacobian at the oracle state (rows F_i=-q(L_i-S_i); smax=3.951637e+03)
1.477926e-06
2.660397e-06
9.084918e-06
1.133439e-05
1.526772e-05
1.951983e-05
2.369352e-05
2.818053e-05
3.420109e-05
3.928449e-05
4.096869e-05
4.387364e-05
5.701766e-05
6.557448e-05
6.848616e-05
7.351339e-05
7.927755e-05
9.194678e-05
9.342508e-05
9.663139e-05
1.031860e-04
1.084599e-04
1.149354e-04
1.226428e-04
1.231883e-04
1.286056e-04
1.406042e-04
1.431876e-04
1.562023e-04
1.696542e-04
1.889649e-04
1.961664e-04
2.019956e-04
2.067355e-04
2.198981e-04
2.228715e-04
2.306234e-04
2.464515e-04
2.573559e-04
2.726229e-04
2.878757e-04
3.053908e-04
3.071248e-04
3.303701e-04
3.397439e-04
3.542244e-04
3.609850e-04
3.860604e-04
3.864421e-04
3.990247e-04
4.219888e-04
4.299591e-04
4.649314e-04
4.783525e-04
5.082887e-04
5.324168e-04
5.422874e-04
5.696721e-04
6.064827e-04
6.362567e-04
6.602051e-04
7.300923e-04
7.500099e-04
7.913722e-04
8.730283e-04
8.827273e-04
9.182915e-04
9.809574e-04
1.021619e-03
1.039063e-03
1.144998e-03
1.193510e-03
1.519385e-03
1.580907e-03
1.722703e-03
1.760156e-03
1.843666e-03
2.169908e-03
2.250428e-03
2.367947e-03
2.423392e-03
2.476976e-03
2.551914e-03
2.585975e-03
2.702311e-03
2.802222e-03
2.834452e-03
2.931978e-03
2.995940e-03
3.145201e-03
3.186075e-03
3.302503e-03
3.319538e-03
3.358853e-03
3.430501e-03
3.488524e-03
3.538260e-03
3.545347e-03
3.612307e-03
3.666495e-03
3.701372e-03
3.808275e-03
3.966141e-03
4.043737e-03
4.097637e-03
4.139197e-03
4.199914e-03
4.361216e-03
4.410124e-03
4.459575e-03
4.491414e-03
4.552134e-03
4.586875e-03
4.644401e-03
4.769965e-03
4.791783e-03
4.977099e-03
5.035661e-03
5.109754e-03
5.235016e-03
5.357592e-03
5.401563e-03
5.471742e-03
5.557731e-03
5.628861e-03
5.867005e-03
5.901398e-03
5.933759e-03
6.068659e-03
6.158991e-03
6.174900e-03
6.250740e-03
6.324574e-03
6.417636e-03
6.547891e-03
6.645343e-03
6.725340e-03
6.808118e-03
6.858964e-03
6.976004e-03
7.000671e-03
7.070426e-03
7.186051e-03
7.216755e-03
7.358204e-03
7.432143e-03
7.690681e-03
7.720973e-03
7.756466e-03
7.854563e-03
7.892490e-03
8.163285e-03
8.181556e-03
8.281325e-03
8.373795e-03
8.509437e-03
8.577027e-03
8.604080e-03
8.777489e-03
8.807634e-03
8.957563e-03
9.033746e-03
9.143900e-03
9.223815e-03
9.268545e-03
9.426072e-03
9.504155e-03
9.603205e-03
9.670481e-03
9.734264e-03
9.787870e-03
9.918662e-03
9.941927e-03
1.001776e-02
1.020698e-02
1.023892e-02
1.034123e-02
1.038634e-02
1.049083e-02
1.053613e-02
1.057993e-02
1.068789e-02
1.081603e-02
1.091101e-02
1.100452e-02
1.105227e-02
1.112704e-02
1.122548e-02
1.126890e-02
1.135293e-02
1.141566e-02
1.144511e-02
1.152877e-02
1.164222e-02
1.172111e-02
1.181369e-02
1.187401e-02
1.192985e-02
1.202534e-02
1.217008e-02
1.221579e-02
1.232974e-02
1.235061e-02
1.239117e-02
1.252311e-02
1.256093e-02
1.266402e-02
1.275115e-02
1.282566e-02
1.296593e-02
1.306202e-02
1.306963e-02
1.312289e-02
1.327763e-02
1.328512e-02
1.344477e-02
1.347630e-02
1.356884e-02
1.368347e-02
1.385504e-02
1.390247e-02
1.403516e-02
1.405383e-02
1.423312e-02
1.430883e-02
1.431622e-02
1.443250e-02
1.448175e-02
1.453007e-02
1.464577e-02
1.481584e-02
1.488586e-02
1.493867e-02
1.499292e-02
1.511133e-02
1.520890e-02
1.533188e-02
1.547917e-02
1.552757e-02
1.567846e-02
1.574433e-02
1.591071e-02
1.614566e-02
1.615628e-02
1.625450e-02
1.633758e-02
1.642507e-02
1.652942e-02
1.667608e-02
1.669556e-02
1.683253e-02
1.691403e-02
1.702008e-02
1.710403e-02
1.717580e-02
1.727029e-02
1.740002e-02
1.744736e-02
1.753546e-02
1.761448e-02
1.764138e-02
1.778334e-02
1.782832e-02
1.787252e-02
1.792147e-02
1.801416e-02
1.810401e-02
1.822975e-02
1.826727e-02
1.838222e-02
1.848950e-02
1.851277e-02
1.856193e-02
1.862036e-02
1.871368e-02
1.885799e-02
1.891473e-02
1.899212e-02
1.911380e-02
1.915672e-02
1.927548e-02
1.936475e-02
1.942917e-02
1.949847e-02
1.960890e-02
1.971413e-02
1.984094e-02
1.994556e-02
2.000653e-02
2.003351e-02
2.017451e-02
2.020051e-02
2.031417e-02
2.036112e-02
2.044297e-02
2.054855e-02
2.065306e-02
2.075193e-02
2.083132e-02
2.093328e-02
2.097737e-02
2.104107e-02
2.110683e-02
2.128123e-02
2.139453e-02
2.141715e-02
2.157336e-02
2.163133e-02
2.169081e-02
2.182773e-02
2.190630e-02
2.195699e-02
2.209354e-02
2.212988e-02
2.225467e-02
2.232316e-02
2.237806e-02
2.247322e-02
2.255258e-02
2.270950e-02
2.280527e-02
2.290472e-02
2.306788e-02
2.310344e-02
2.314404e-02
2.324069e-02
2.329439e-02
2.344444e-02
2.351924e-02
2.355160e-02
2.366105e-02
2.368357e-02
2.377951e-02
2.385085e-02
2.387709e-02
2.393557e-02
2.404479e-02
2.431139e-02
2.435154e-02
2.439636e-02
2.453808e-02
2.459742e-02
2.474463e-02
2.477864e-02
2.491149e-02
2.502088e-02
2.514888e-02
2.522418e-02
2.533054e-02
2.544632e-02
2.551451e-02
2.557043e-02
2.581950e-02
2.589801e-02
2.600391e-02
2.607025e-02
2.619879e-02
2.625762e-02
2.638893e-02
2.643911e-02
2.649935e-02
2.659302e-02
2.668457e-02
2.674704e-02
2.681563e-02
2.685187e-02
2.705711e-02
2.711673e-02
2.713753e-02
2.729136e-02
2.737534e-02
2.744373e-02
2.753720e-02
2.764053e-02
2.772544e-02
2.784327e-02
2.789426e-02
2.799696e-02
2.808305e-02
2.822616e-02
2.830729e-02
2.834880e-02
2.842842e-02
2.847855e-02
2.857026e-02
2.867335e-02
2.871447e-02
2.874576e-02
2.879569e-02
2.896055e-02
2.906717e-02
2.918332e-02
2.921889e-02
2.927877e-02
2.932723e-02
2.946375e-02
2.953338e-02
2.964680e-02
2.973553e-02
2.986239e-02
2.990991e-02
3.001184e-02
3.018056e-02
3.024609e-02
3.032839e-02
3.035551e-02
3.048701e-02
3.056187e-02
3.063756e-02
3.076910e-02
3.082206e-02
3.100406e-02
3.101955e-02
3.113412e-02
3.119955e-02
3.122097e-02
3.132829e-02
3.144177e-02
3.147416e-02
3.162024e-02
3.168965e-02
3.182722e-02
3.184683e-02
3.196672e-02
3.199004e-02
3.210476e-02
3.224222e-02
3.236345e-02
3.240061e-02
3.246940e-02
3.255598e-02
3.265849e-02
3.280912e-02
3.288345e-02
3.301278e-02
3.305036e-02
3.314596e-02
3.331241e-02
3.337237e-02
3.344621e-02
3.354454e-02
3.364487e-02
3.376365e-02
3.384797e-02
3.394136e-02
3.400528e-02
3.406794e-02
3.412030e-02
3.417690e-02
3.425146e-02
3.427662e-02
3.440739e-02
3.449020e-02
3.459291e-02
3.468380e-02
3.471418e-02
3.489578e-02
3.499661e-02
3.506575e-02
3.519347e-02
3.524414e-02
3.534484e-02
3.550016e-02
3.552625e-02
3.556619e-02
3.564658e-02
3.577849e-02
3.578543e-02
3.600717e-02
3.601175e-02
3.608325e-02
3.622301e-02
3.631358e-02
3.635803e-02
3.645342e-02
3.648843e-02
3.650501e-02
3.658593e-02
3.661309e-02
3.665026e-02
3.686196e-02
3.694581e-02
3.704775e-02
3.714338e-02
3.731790e-02
3.735934e-02
3.751708e-02
3.763531e-02
3.770851e-02
3.778711e-02
3.785350e-02
3.792854e-02
3.806451e-02
3.810247e-02
3.813334e-02
3.823233e-02
3.827787e-02
3.836574e-02
3.847479e-02
3.852832e-02
3.873441e-02
3.877623e-02
3.882548e-02
3.889600e-02
3.902014e-02
3.914158e-02
3.921304e-02
3.922847e-02
3.936512e-02
3.942268e-02
3.951352e-02
3.956509e-02
3.968530e-02
3.971553e-02
3.990588e-02
3.997267e-02
4.000890e-02
4.005347e-02
4.010822e-02
4.014809e-02
4.031599e-02
4.041076e-02
4.050634e-02
4.054792e-02
4.066106e-02
4.070013e-02
4.073761e-02
4.080145e-02
4.091426e-02
4.096881e-02
4.104143e-02
4.120174e-02
4.124454e-02
4.139118e-02
4.146254e-02
4.153650e-02
4.159022e-02
4.167204e-02
4.171117e-02
4.183280e-02
4.188860e-02
4.206157e-02
4.210097e-02
4.222244e-02
4.228054e-02
4.237798e-02
4.245070e-02
4.250707e-02
4.260001e-02
4.280359e-02
4.286400e-02
4.292081e-02
4.293321e-02
4.305542e-02
4.313883e-02
4.321266e-02
4.332275e-02
4.335979e-02
4.351023e-02
4.355055e-02
4.365605e-02
4.373980e-02
4.383841e-02
4.388670e-02
4.393263e-02
4.408777e-02
4.419483e-02
4.422457e-02
4.431324e-02
4.434506e-02
4.444162e-02
4.457156e-02
4.469262e-02
4.478576e-02
4.483615e-02
4.491344e-02
4.503922e-02
4.510911e-02
4.517186e-02
4.519669e-02
4.531715e-02
4.539298e-02
4.543979e-02
4.555219e-02
4.570752e-02
4.571732e-02
4.580239e-02
4.589735e-02
4.592313e-02
4.601722e-02
4.611005e-02
4.623249e-02
4.625831e-02
4.629454e-02
4.648559e-02
4.656216e-02
4.659882e-02
4.670529e-02
4.686275e-02
4.688794e-02
4.689750e-02
4.699614e-02
4.707850e-02
4.710498e-02
4.721887e-02
4.726633e-02
4.740940e-02
4.751476e-02
4.755703e-02
4.764796e-02
4.777147e-02
4.781084e-02
4.790169e-02
4.795973e-02
4.802464e-02
4.811606e-02
4.822949e-02
4.829591e-02
4.838871e-02
4.847403e-02
4.855712e-02
4.864902e-02
4.865285e-02
4.880448e-02
4.883570e-02
4.892147e-02
4.900263e-02
4.918228e-02
4.928640e-02
4.931067e-02
4.931939e-02
4.946758e-02
4.951285e-02
4.958513e-02
4.968761e-02
4.971196e-02
4.988858e-02
4.990553e-02
5.003536e-02
5.023218e-02
5.026032e-02
5.029317e-02
5.042722e-02
5.049430e-02
5.062938e-02
5.071771e-02
5.085367e-02
5.088974e-02
5.097029e-02
5.103602e-02
5.108056e-02
5.114461e-02
5.122542e-02
5.140559e-02
5.148133e-02
5.154119e-02
5.158476e-02
5.165061e-02
5.171934e-02
5.186761e-02
5.193077e-02
5.200240e-02
5.212738e-02
5.221071e-02
5.227783e-02
5.234860e-02
5.238864e-02
5.246130e-02
5.253073e-02
5.259803e-02
5.269597e-02
5.279366e-02
5.287489e-02
5.292394e-02
5.300524e-02
5.311635e-02
5.317922e-02
5.322848e-02
5.330178e-02
5.349159e-02
5.354219e-02
5.361266e-02
5.363946e-02
5.372856e-02
5.378498e-02
5.385896e-02
5.398508e-02
5.402827e-02
5.407967e-02
5.419337e-02
5.428539e-02
5.448357e-02
5.450630e-02
5.463540e-02
5.465858e-02
5.479100e-02
5.483587e-02
5.492254e-02
5.500111e-02
5.511865e-02
5.513677e-02
5.526945e-02
5.538577e-02
5.543489e-02
5.547246e-02
5.552756e-02
5.565350e-02
5.568468e-02
5.573922e-02
5.585112e-02
5.588183e-02
5.597231e-02
5.611698e-02
5.623277e-02
5.626436e-02
5.634951e-02
5.643894e-02
5.653453e-02
5.655627e-02
5.663869e-02
5.670784e-02
5.672943e-02
5.684013e-02
5.693916e-02
5.696348e-02
5.705821e-02
5.718316e-02
5.726378e-02
5.729689e-02
5.733990e-02
5.741254e-02
5.762858e-02
5.766619e-02
5.772431e-02
5.780847e-02
5.788427e-02
5.792599e-02
5.797804e-02
5.804369e-02
5.811216e-02
5.814563e-02
5.823607e-02
5.826796e-02
5.843826e-02
5.852982e-02
5.858263e-02
5.863743e-02
5.869858e-02
5.881836e-02
5.892915e-02
5.897914e-02
5.901331e-02
5.908012e-02
5.917508e-02
5.921559e-02
5.927889e-02
5.937705e-02
5.945416e-02
5.947722e-02
5.953748e-02
5.955707e-02
5.967257e-02
5.983785e-02
5.984987e-02
5.997055e-02
6.008575e-02
6.014256e-02
6.022210e-02
6.028516e-02
6.037655e-02
6.046903e-02
6.062097e-02
6.066661e-02
6.073925e-02
6.079593e-02
6.089484e-02
6.102015e-02
6.107323e-02
6.110899e-02
6.126588e-02
6.134942e-02
6.141923e-02
6.152339e-02
6.158596e-02
6.162086e-02
6.167357e-02
6.172001e-02
6.183705e-02
6.193977e-02
6.195935e-02
6.207801e-02
6.213651e-02
6.215198e-02
6.221554e-02
6.231013e-02
6.248083e-02
6.250140e-02
6.254618e-02
6.261046e-02
6.265632e-02
6.282666e-02
6.288121e-02
6.291454e-02
6.304460e-02
6.309197e-02
6.313845e-02
6.318949e-02
6.323547e-02
6.337866e-02
6.349140e-02
6.353179e-02
6.365104e-02
6.368079e-02
6.370174e-02
6.381852e-02
6.396428e-02
6.401991e-02
6.414650e-02
6.423424e-02
6.429359e-02
6.452196e-02
6.453588e-02
6.459392e-02
6.469663e-02
6.472443e-02
6.480836e-02
6.491371e-02
6.499643e-02
6.506074e-02
6.512621e-02
6.521468e-02
6.531909e-02
6.538181e-02
6.549444e-02
6.554372e-02
6.558213e-02
6.562814e-02
6.573588e-02
6.579855e-02
6.588004e-02
6.594764e-02
6.598691e-02
6.603830e-02
6.616115e-02
6.626104e-02
6.627653e-02
6.631859e-02
6.646164e-02
6.652906e-02
6.659304e-02
6.667517e-02
6.677036e-02
6.688661e-02
6.690053e-02
6.704150e-02
6.712881e-02
6.718016e-02
6.719396e-02
6.728847e-02
6.734867e-02
6.745189e-02
6.750736e-02
6.760344e-02
6.761031e-02
6.767090e-02
6.772198e-02
6.783322e-02
6.793451e-02
6.795821e-02
6.804798e-02
6.817765e-02
6.830079e-02
6.836026e-02
6.841317e-02
6.857166e-02
6.867758e-02
6.872972e-02
6.881002e-02
6.883457e-02
6.892175e-02
6.898790e-02
6.901973e-02
6.914634e-02
6.919481e-02
6.929405e-02
6.940166e-02
6.946145e-02
6.948619e-02
6.963828e-02
6.968304e-02
6.982545e-02
6.987592e-02
6.996683e-02
7.000954e-02
7.003897e-02
7.021010e-02
7.029430e-02
7.034475e-02
7.037389e-02
7.050969e-02
7.053434e-02
7.065085e-02
7.071106e-02
7.080667e-02
7.083869e-02
7.098759e-02
7.114582e-02
7.115948e-02
7.123834e-02
7.133166e-02
7.138681e-02
7.147883e-02
7.153082e-02
7.157257e-02
7.164519e-02
7.174025e-02
7.178146e-02
7.193170e-02
7.199841e-02
7.210388e-02
7.215477e-02
7.220034e-02
7.228879e-02
7.233485e-02
7.241810e-02
7.242434e-02
7.255942e-02
7.270067e-02
7.276994e-02
7.280599e-02
7.286180e-02
7.289244e-02
7.306930e-02
7.312332e-02
7.314478e-02
7.324121e-02
7.334305e-02
7.339994e-02
7.343071e-02
7.350370e-02
7.364425e-02
7.381029e-02
7.391295e-02
7.394745e-02
7.397726e-02
7.413789e-02
7.417203e-02
7.423624e-02
7.434000e-02
7.437545e-02
7.445109e-02
7.455240e-02
7.457916e-02
7.474597e-02
7.483456e-02
7.487232e-02
7.489736e-02
7.498038e-02
7.501375e-02
7.516380e-02
7.531555e-02
7.536041e-02
7.540204e-02
7.544823e-02
7.549610e-02
7.570809e-02
7.574058e-02
7.586049e-02
7.587503e-02
7.600725e-02
7.602306e-02
7.617729e-02
7.625466e-02
7.633778e-02
7.635562e-02
7.645531e-02
7.662289e-02
7.666301e-02
7.668674e-02
7.674340e-02
7.680004e-02
7.684219e-02
7.697933e-02
7.708172e-02
7.710484e-02
7.721728e-02
7.726111e-02
7.735433e-02
7.759155e-02
7.760829e-02
7.772148e-02
7.775870e-02
7.783789e-02
7.788476e-02
7.796505e-02
7.800050e-02
7.812267e-02
7.815840e-02
7.823150e-02
7.827315e-02
7.837585e-02
7.848659e-02
7.857506e-02
7.859985e-02
7.868533e-02
7.878215e-02
7.887033e-02
7.889703e-02
7.896384e-02
7.904895e-02
7.922526e-02
7.928727e-02
7.932806e-02
7.942320e-02
7.954109e-02
7.958988e-02
7.961925e-02
7.969532e-02
7.978223e-02
7.983333e-02
7.988331e-02
7.989624e-02
8.005687e-02
8.014890e-02
8.015753e-02
8.030068e-02
8.030958e-02
8.038446e-02
8.062215e-02
8.065102e-02
8.068841e-02
8.078175e-02
8.082707e-02
8.096150e-02
8.101593e-02
8.109401e-02
8.116296e-02
8.121913e-02
8.131063e-02
8.145409e-02
8.155532e-02
8.159388e-02
8.161185e-02
8.168307e-02
8.185581e-02
8.199872e-02
8.204890e-02
8.211206e-02
8.214703e-02
8.221179e-02
8.225156e-02
8.237771e-02
8.248090e-02
8.257343e-02
8.261911e-02
8.266968e-02
8.272657e-02
8.281782e-02
8.290275e-02
8.299500e-02
8.310059e-02
8.311227e-02
8.324838e-02
8.332746e-02
8.342456e-02
8.350498e-02
8.351117e-02
8.357532e-02
8.373876e-02
8.387356e-02
8.389097e-02
8.396455e-02
8.402443e-02
8.412353e-02
8.414800e-02
8.428113e-02
8.435242e-02
8.440759e-02
8.442005e-02
8.455518e-02
8.460424e-02
8.470723e-02
8.480003e-02
8.490078e-02
8.498552e-02
8.503811e-02
8.510425e-02
8.520031e-02
8.527961e-02
8.533638e-02
8.535891e-02
8.546718e-02
8.548548e-02
8.559521e-02
8.561737e-02
8.570046e-02
8.585587e-02
8.590280e-02
8.595221e-02
8.603192e-02
8.607656e-02
8.615856e-02
8.619574e-02
8.623043e-02
8.631668e-02
8.637009e-02
8.641120e-02
8.658995e-02
8.667453e-02
8.672936e-02
8.679647e-02
8.686156e-02
8.687540e-02
8.703170e-02
8.709884e-02
8.715417e-02
8.722310e-02
8.727091e-02
8.743095e-02
8.752148e-02
8.762462e-02
8.764988e-02
8.778748e-02
8.787360e-02
8.791973e-02
8.797668e-02
8.799752e-02
8.807091e-02
8.808577e-02
8.820078e-02
8.823287e-02
8.828191e-02
8.842327e-02
8.848484e-02
8.850541e-02
8.861919e-02
8.868796e-02
8.873252e-02
8.881834e-02
8.884335e-02
8.895510e-02
8.909346e-02
8.918008e-02
8.920048e-02
8.936171e-02
8.937404e-02
8.949000e-02
8.959668e-02
8.963553e-02
8.976386e-02
8.985402e-02
8.989327e-02
8.995767e-02
9.006249e-02
9.014485e-02
9.021034e-02
9.025596e-02
9.030515e-02
9.042103e-02
9.047482e-02
9.049237e-02
9.052852e-02
9.067486e-02
9.078638e-02
9.087550e-02
9.101425e-02
9.106785e-02
9.112880e-02
9.114932e-02
9.117618e-02
9.128851e-02
9.141736e-02
9.147498e-02
9.150718e-02
9.164427e-02
9.171854e-02
9.182997e-02
9.192064e-02
9.193861e-02
9.198714e-02
9.204241e-02
9.209991e-02
9.216222e-02
9.226716e-02
9.234689e-02
9.246271e-02
9.252526e-02
9.258173e-02
9.267800e-02
9.272499e-02
9.287625e-02
9.294012e-02
9.301878e-02
9.312495e-02
9.326331e-02
9.332898e-02
9.338243e-02
9.342182e-02
9.348570e-02
9.356468e-02
9.362142e-02
9.373203e-02
9.382716e-02
9.384841e-02
9.390796e-02
9.399242e-02
9.408293e-02
9.419201e-02
9.423551e-02
9.436579e-02
9.443956e-02
9.453636e-02
9.459818e-02
9.465837e-02
9.472835e-02
9.476821e-02
9.482529e-02
9.489688e-02
9.497517e-02
9.507206e-02
9.510532e-02
9.516601e-02
9.524599e-02
9.537074e-02
9.537866e-02
9.553760e-02
9.558209e-02
9.564818e-02
9.571066e-02
9.576201e-02
9.583691e-02
9.594169e-02
9.602666e-02
9.604527e-02
9.620576e-02
9.622973e-02
9.633177e-02
9.640163e-02
9.644731e-02
9.647705e-02
9.666115e-02
9.681210e-02
9.692431e-02
9.694652e-02
9.703123e-02
9.708907e-02
9.719695e-02
9.720259e-02
9.737014e-02
9.748026e-02
9.751738e-02
9.755472e-02
9.756005e-02
9.766037e-02
9.772295e-02
9.777603e-02
9.793929e-02
9.798519e-02
9.804179e-02
9.811084e-02
9.828059e-02
9.830150e-02
9.844661e-02
9.847677e-02
9.856304e-02
9.859802e-02
9.861917e-02
9.875254e-02
9.884868e-02
9.887747e-02
9.891882e-02
9.906419e-02
9.914674e-02
9.925463e-02
9.933313e-02
9.940403e-02
9.953130e-02
9.958921e-02
9.967534e-02
9.976160e-02
9.987391e-02
9.988558e-02
9.994174e-02
1.000046e-01
1.001274e-01
1.001834e-01
1.002379e-01
1.003087e-01
1.003844e-01
1.004639e-01
1.005402e-01
1.006035e-01
1.006880e-01
1.008479e-01
1.009404e-01
1.009679e-01
1.010094e-01
1.011216e-01
1.011624e-01
1.012316e-01
1.012930e-01
1.013446e-01
1.014492e-01
1.015680e-01
1.016648e-01
1.017013e-01
1.017625e-01
1.018693e-01
1.019849e-01
1.020480e-01
1.021675e-01
1.022415e-01
1.022931e-01
1.024063e-01
1.024951e-01
1.025452e-01
1.025654e-01
1.027226e-01
1.027475e-01
1.027868e-01
1.029630e-01
1.029988e-01
1.030326e-01
1.031771e-01
1.031907e-01
1.032794e-01
1.033299e-01
1.034389e-01
1.035413e-01
1.035924e-01
1.036578e-01
1.037385e-01
1.038679e-01
1.038960e-01
1.040037e-01
1.040621e-01
1.041302e-01
1.042091e-01
1.042736e-01
1.043200e-01
1.044670e-01
1.045831e-01
1.046044e-01
1.047183e-01
1.047724e-01
1.048112e-01
1.049882e-01
1.050239e-01
1.050505e-01
1.051868e-01
1.052441e-01
1.053045e-01
1.053793e-01
1.055240e-01
1.055795e-01
1.057030e-01
1.057958e-01
1.058788e-01
1.058972e-01
1.060545e-01
1.061271e-01
1.061765e-01
1.062503e-01
1.063276e-01
1.064026e-01
1.064424e-01
1.065717e-01
1.066169e-01
1.067357e-01
1.067817e-01
1.068706e-01
1.070228e-01
1.070603e-01
1.071835e-01
1.072062e-01
1.072654e-01
1.072830e-01
1.074134e-01
1.074448e-01
1.074844e-01
1.076275e-01
1.076484e-01
1.078149e-01
1.078449e-01
1.079592e-01
1.080895e-01
1.081853e-01
1.082149e-01
1.082438e-01
1.083715e-01
1.084156e-01
1.084618e-01
1.085203e-01
1.086606e-01
1.087639e-01
1.088498e-01
1.089162e-01
1.089756e-01
1.090243e-01
1.090799e-01
1.091912e-01
1.093301e-01
1.093925e-01
1.094541e-01
1.095727e-01
1.095882e-01
1.097620e-01
1.098013e-01
1.098940e-01
1.100593e-01
1.100913e-01
1.102099e-01
1.102969e-01
1.103294e-01
1.103769e-01
1.104298e-01
1.106041e-01
1.106884e-01
1.108171e-01
1.108583e-01
1.110379e-01
1.110694e-01
1.111875e-01
1.112568e-01
1.114018e-01
1.114947e-01
1.115675e-01
1.116831e-01
1.117920e-01
1.118158e-01
1.119272e-01
1.119570e-01
1.120043e-01
1.120975e-01
1.121150e-01
1.122681e-01
1.123146e-01
1.124338e-01
1.124610e-01
1.125954e-01
1.126372e-01
1.127380e-01
1.127818e-01
1.128155e-01
1.128911e-01
1.130791e-01
1.131542e-01
1.132321e-01
1.132699e-01
1.133507e-01
1.134975e-01
1.135362e-01
1.136499e-01
1.137266e-01
1.138185e-01
1.138607e-01
1.140009e-01
1.140657e-01
1.141274e-01
1.141448e-01
1.142375e-01
1.143775e-01
1.144210e-01
1.145238e-01
1.145712e-01
1.146930e-01
1.147511e-01
1.148261e-01
1.149004e-01
1.149300e-01
1.150492e-01
1.151261e-01
1.152830e-01
1.153318e-01
1.153919e-01
1.154450e-01
1.156180e-01
1.156339e-01
1.158062e-01
1.158643e-01
1.159542e-01
1.160234e-01
1.160852e-01
1.161590e-01
1.163484e-01
1.164316e-01
1.164389e-01
1.165241e-01
1.165802e-01
1.167195e-01
1.168013e-01
1.168180e-01
1.169025e-01
1.170014e-01
1.170785e-01
1.171527e-01
1.172183e-01
1.173158e-01
1.173632e-01
1.174834e-01
1.175304e-01
1.176231e-01
1.176536e-01
1.178637e-01
1.179094e-01
1.180073e-01
1.180915e-01
1.181530e-01
1.182197e-01
1.183841e-01
1.184670e-01
1.185744e-01
1.187053e-01
1.187698e-01
1.188182e-01
1.188690e-01
1.189321e-01
1.190930e-01
1.191970e-01
1.192243e-01
1.192636e-01
1.193233e-01
1.193991e-01
1.195609e-01
1.195949e-01
1.196752e-01
1.198418e-01
1.199292e-01
1.200367e-01
1.200678e-01
1.201160e-01
1.201382e-01
1.202777e-01
1.203710e-01
1.204796e-01
1.205114e-01
1.206886e-01
1.207556e-01
1.208208e-01
1.209031e-01
1.209876e-01
1.209945e-01
1.211483e-01
1.212667e-01
1.213099e-01
1.213638e-01
1.215451e-01
1.216310e-01
1.216551e-01
1.217381e-01
1.218514e-01
1.218794e-01
1.219497e-01
1.220937e-01
1.221436e-01
1.221974e-01
1.222746e-01
1.224113e-01
1.224715e-01
1.224967e-01
1.225864e-01
1.227740e-01
1.228121e-01
1.229100e-01
1.229878e-01
1.230550e-01
1.230647e-01
1.232480e-01
1.233144e-01
1.233451e-01
1.234682e-01
1.235307e-01
1.236722e-01
1.237648e-01
1.238176e-01
1.238913e-01
1.239603e-01
1.241216e-01
1.242088e-01
1.242742e-01
1.243258e-01
1.244306e-01
1.244582e-01
1.245008e-01
1.246381e-01
1.247074e-01
1.247785e-01
1.249310e-01
1.250630e-01
1.252057e-01
1.252432e-01
1.252692e-01
1.253991e-01
1.254466e-01
1.255677e-01
1.256571e-01
1.257221e-01
1.258839e-01
1.258954e-01
1.259870e-01
1.261171e-01
1.261469e-01
1.263032e-01
1.264506e-01
1.264692e-01
1.265447e-01
1.266107e-01
1.267007e-01
1.267118e-01
1.268478e-01
1.269828e-01
1.270941e-01
1.271899e-01
1.272516e-01
1.274273e-01
1.274721e-01
1.275043e-01
1.275795e-01
1.275905e-01
1.276967e-01
1.278427e-01
1.279197e-01
1.281104e-01
1.281419e-01
1.282397e-01
1.282703e-01
1.283751e-01
1.284786e-01
1.285627e-01
1.285901e-01
1.287552e-01
1.288781e-01
1.289103e-01
1.290595e-01
1.291419e-01
1.291743e-01
1.292528e-01
1.293888e-01
1.293935e-01
1.295581e-01
1.295941e-01
1.296482e-01
1.297414e-01
1.298975e-01
1.299648e-01
1.300596e-01
1.300721e-01
1.301832e-01
1.302383e-01
1.303379e-01
1.304885e-01
1.305533e-01
1.306195e-01
1.307331e-01
1.308063e-01
1.308781e-01
1.309887e-01
1.310287e-01
1.311158e-01
1.312375e-01
1.313416e-01
1.315282e-01
1.315772e-01
1.316073e-01
1.317048e-01
1.317904e-01
1.319038e-01
1.319734e-01
1.319965e-01
1.320441e-01
1.320702e-01
1.322381e-01
1.323804e-01
1.324557e-01
1.326551e-01
1.327888e-01
1.329010e-01
1.329964e-01
1.330541e-01
1.331071e-01
1.331335e-01
1.332725e-01
1.334106e-01
1.335320e-01
1.335770e-01
1.336290e-01
1.337677e-01
1.338016e-01
1.339023e-01
1.341178e-01
1.342309e-01
1.343172e-01
1.344511e-01
1.344887e-01
1.346381e-01
1.347278e-01
1.347353e-01
1.348495e-01
1.349664e-01
1.350474e-01
1.351378e-01
1.352178e-01
1.352350e-01
1.353875e-01
1.354778e-01
1.355282e-01
1.356466e-01
1.357329e-01
1.358197e-01
1.359104e-01
1.359443e-01
1.359817e-01
1.361259e-01
1.362021e-01
1.362757e-01
1.364061e-01
1.364890e-01
1.365809e-01
1.367170e-01
1.368258e-01
1.369258e-01
1.369798e-01
1.370139e-01
1.371795e-01
1.372468e-01
1.372749e-01
1.373999e-01
1.375240e-01
1.377792e-01
1.378112e-01
1.379094e-01
1.379819e-01
1.381114e-01
1.382859e-01
1.383375e-01
1.383826e-01
1.384809e-01
1.386027e-01
1.387400e-01
1.388907e-01
1.390157e-01
1.390251e-01
1.390634e-01
1.391571e-01
1.392466e-01
1.393401e-01
1.395206e-01
1.395723e-01
1.395992e-01
1.397588e-01
1.397964e-01
1.398517e-01
1.399693e-01
1.401506e-01
1.402498e-01
1.403037e-01
1.404926e-01
1.405620e-01
1.406183e-01
1.407661e-01
1.408330e-01
1.408770e-01
1.410311e-01
1.411061e-01
1.412441e-01
1.413161e-01
1.413289e-01
1.414430e-01
1.415440e-01
1.416034e-01
1.417968e-01
1.418161e-01
1.418962e-01
1.419822e-01
1.421189e-01
1.421931e-01
1.423210e-01
1.424262e-01
1.425379e-01
1.426599e-01
1.427417e-01
1.428109e-01
1.428835e-01
1.429461e-01
1.430908e-01
1.431205e-01
1.432175e-01
1.432971e-01
1.433321e-01
1.435051e-01
1.435874e-01
1.436856e-01
1.438074e-01
1.439189e-01
1.439531e-01
1.441910e-01
1.443694e-01
1.445399e-01
1.445589e-01
1.446480e-01
1.447592e-01
1.448567e-01
1.448998e-01
1.449504e-01
1.450905e-01
1.451199e-01
1.451673e-01
1.452829e-01
1.453447e-01
1.455103e-01
1.456560e-01
1.457915e-01
1.459191e-01
1.460008e-01
1.460759e-01
1.461121e-01
1.462490e-01
1.463006e-01
1.463612e-01
1.464792e-01
1.465670e-01
1.467366e-01
1.468309e-01
1.469850e-01
1.470664e-01
1.471717e-01
1.472848e-01
1.473350e-01
1.474396e-01
1.474696e-01
1.475807e-01
1.476290e-01
1.477411e-01
1.477982e-01
1.479044e-01
1.480234e-01
1.481579e-01
1.482740e-01
1.484006e-01
1.484068e-01
1.485039e-01
1.485927e-01
1.487078e-01
1.487800e-01
1.488464e-01
1.490277e-01
1.491370e-01
1.492154e-01
1.492596e-01
1.492822e-01
1.495759e-01
1.496324e-01
1.497045e-01
1.498214e-01
1.498400e-01
1.498840e-01
1.499470e-01
1.501274e-01
1.501912e-01
1.502867e-01
1.503337e-01
1.503739e-01
1.504712e-01
1.506829e-01
1.508025e-01
1.508693e-01
1.509970e-01
1.510531e-01
1.511312e-01
1.511684e-01
1.512791e-01
1.513262e-01
1.515469e-01
1.516029e-01
1.517284e-01
1.517987e-01
1.519316e-01
1.520886e-01
1.521689e-01
1.522261e-01
1.523150e-01
1.523603e-01
1.524943e-01
1.525150e-01
1.526007e-01
1.527096e-01
1.527835e-01
1.528114e-01
1.528961e-01
1.531732e-01
1.532974e-01
1.533115e-01
1.534460e-01
1.534895e-01
1.536123e-01
1.536576e-01
1.538142e-01
1.539063e-01
1.539733e-01
1.541199e-01
1.541968e-01
1.542761e-01
1.543941e-01
1.545590e-01
1.547077e-01
1.547210e-01
1.548936e-01
1.549821e-01
1.551155e-01
1.551775e-01
1.552354e-01
1.553228e-01
1.553579e-01
1.554355e-01
1.555744e-01
1.556340e-01
1.557331e-01
1.557912e-01
1.558995e-01
1.559432e-01
1.560138e-01
1.561914e-01
1.562873e-01
1.563680e-01
1.565156e-01
1.565565e-01
1.567075e-01
1.567898e-01
1.568960e-01
1.569088e-01
1.570411e-01
1.571176e-01
1.572084e-01
1.573319e-01
1.574625e-01
1.575317e-01
1.577261e-01
1.577962e-01
1.579348e-01
1.579536e-01
1.580288e-01
1.582267e-01
1.583161e-01
1.584365e-01
1.584967e-01
1.586506e-01
1.587371e-01
1.588361e-01
1.588920e-01
1.590617e-01
1.591659e-01
1.592976e-01
1.593826e-01
1.594785e-01
1.596115e-01
1.597198e-01
1.598960e-01
1.599256e-01
1.599814e-01
1.601430e-01
1.602681e-01
1.603061e-01
1.604508e-01
1.605324e-01
1.605998e-01
1.607288e-01
1.608662e-01
1.609338e-01
1.610465e-01
1.612156e-01
1.612960e-01
1.613564e-01
1.614630e-01
1.615262e-01
1.616222e-01
1.618674e-01
1.619046e-01
1.620343e-01
1.621264e-01
1.621710e-01
1.623357e-01
1.623565e-01
1.624563e-01
1.625798e-01
1.626631e-01
1.627299e-01
1.629515e-01
1.630164e-01
1.631888e-01
1.632342e-01
1.634090e-01
1.634386e-01
1.636226e-01
1.637466e-01
1.638980e-01
1.640096e-01
1.640685e-01
1.642534e-01
1.643311e-01
1.644379e-01
1.645614e-01
1.645812e-01
1.646761e-01
1.647622e-01
1.648687e-01
1.649700e-01
1.650972e-01
1.652625e-01
1.653644e-01
1.654125e-01
1.655378e-01
1.656078e-01
1.656321e-01
1.658032e-01
1.658678e-01
1.660651e-01
1.661284e-01
1.663109e-01
1.663256e-01
1.664130e-01
1.666420e-01
1.668027e-01
1.668404e-01
1.670575e-01
1.671001e-01
1.672397e-01
1.673532e-01
1.674216e-01
1.674614e-01
1.677677e-01
1.678425e-01
1.678991e-01
1.680021e-01
1.680637e-01
1.682908e-01
1.683083e-01
1.683798e-01
1.685325e-01
1.686799e-01
1.687311e-01
1.688583e-01
1.689188e-01
1.690474e-01
1.692346e-01
1.693264e-01
1.694787e-01
1.695624e-01
1.696868e-01
1.698102e-01
1.699674e-01
1.701132e-01
1.701676e-01
1.702368e-01
1.703044e-01
1.705574e-01
1.705928e-01
1.706796e-01
1.706958e-01
1.708433e-01
1.710017e-01
1.711137e-01
1.711523e-01
1.712596e-01
1.714066e-01
1.715866e-01
1.716672e-01
1.717099e-01
1.719224e-01
1.719500e-01
1.720671e-01
1.721306e-01
1.721974e-01
1.722015e-01
1.724256e-01
1.725002e-01
1.726582e-01
1.727866e-01
1.728422e-01
1.730318e-01
1.730691e-01
1.731803e-01
1.732483e-01
1.734547e-01
1.734737e-01
1.735998e-01
1.737119e-01
1.737952e-01
1.739135e-01
1.739311e-01
1.741512e-01
1.742280e-01
1.743251e-01
1.744645e-01
1.745319e-01
1.746440e-01
1.748462e-01
1.749990e-01
1.750392e-01
1.752003e-01
1.752189e-01
1.753559e-01
1.755532e-01
1.756057e-01
1.757632e-01
1.759244e-01
1.760038e-01
1.761891e-01
1.764016e-01
1.764600e-01
1.764876e-01
1.765957e-01
1.766651e-01
1.767380e-01
1.768741e-01
1.769472e-01
1.770190e-01
1.771614e-01
1.772106e-01
1.773744e-01
1.775771e-01
1.777308e-01
1.778932e-01
1.779841e-01
1.780969e-01
1.781486e-01
1.782638e-01
1.783655e-01
1.784210e-01
1.785607e-01
1.787064e-01
1.787724e-01
1.788774e-01
1.790416e-01
1.791930e-01
1.793558e-01
1.794789e-01
1.796443e-01
1.797558e-01
1.798759e-01
1.800543e-01
1.800977e-01
1.801424e-01
1.802525e-01
1.804293e-01
1.804659e-01
1.806709e-01
1.807019e-01
1.807532e-01
1.808315e-01
1.809258e-01
1.809990e-01
1.810736e-01
1.813700e-01
1.814286e-01
1.816195e-01
1.816358e-01
1.818770e-01
1.819958e-01
1.820276e-01
1.820701e-01
1.822755e-01
1.824491e-01
1.825686e-01
1.826376e-01
1.828076e-01
1.829274e-01
1.830372e-01
1.831947e-01
1.833089e-01
1.835708e-01
1.836463e-01
1.837489e-01
1.838482e-01
1.838636e-01
1.840619e-01
1.842039e-01
1.842338e-01
1.844703e-01
1.845804e-01
1.847778e-01
1.849437e-01
1.850394e-01
1.850674e-01
1.851646e-01
1.853064e-01
1.854454e-01
1.854666e-01
1.856493e-01
1.857209e-01
1.859304e-01
1.859756e-01
1.860275e-01
1.861795e-01
1.863685e-01
1.864159e-01
1.866378e-01
1.867215e-01
1.867515e-01
1.869089e-01
1.870221e-01
1.873426e-01
1.874275e-01
1.875808e-01
1.876308e-01
1.878913e-01
1.879359e-01
1.880161e-01
1.880911e-01
1.881949e-01
1.883324e-01
1.885220e-01
1.886261e-01
1.888535e-01
1.889249e-01
1.890535e-01
1.892730e-01
1.893028e-01
1.893666e-01
1.895101e-01
1.896049e-01
1.897685e-01
1.898487e-01
1.900033e-01
1.901914e-01
1.902495e-01
1.905005e-01
1.906118e-01
1.907398e-01
1.907849e-01
1.909912e-01
1.910158e-01
1.911730e-01
1.914022e-01
1.914866e-01
1.916612e-01
1.917758e-01
1.919260e-01
1.920358e-01
1.921665e-01
1.923245e-01
1.924377e-01
1.925695e-01
1.926624e-01
1.926943e-01
1.927733e-01
1.927909e-01
1.929514e-01
1.930838e-01
1.932573e-01
1.933434e-01
1.936201e-01
1.937779e-01
1.938448e-01
1.941327e-01
1.941630e-01
1.944597e-01
1.945891e-01
1.946702e-01
1.947872e-01
1.948877e-01
1.950383e-01
1.952195e-01
1.953068e-01
1.954050e-01
1.954983e-01
1.956061e-01
1.957966e-01
1.958829e-01
1.960201e-01
1.961266e-01
1.962390e-01
1.964829e-01
1.965893e-01
1.967430e-01
1.968692e-01
1.969275e-01
1.970637e-01
1.971600e-01
1.972751e-01
1.973892e-01
1.975748e-01
1.978481e-01
1.978913e-01
1.980758e-01
1.981640e-01
1.982245e-01
1.983559e-01
1.984523e-01
1.985451e-01
1.986092e-01
1.987904e-01
1.988609e-01
1.991230e-01
1.992593e-01
1.993225e-01
1.994686e-01
1.995850e-01
1.998624e-01
1.999421e-01
2.000361e-01
2.001240e-01
2.002472e-01
2.003905e-01
2.005349e-01
2.007719e-01
2.009808e-01
2.010576e-01
2.011240e-01
2.013285e-01
2.014242e-01
2.014704e-01
2.016663e-01
2.017907e-01
2.018915e-01
2.019639e-01
2.020853e-01
2.023027e-01
2.024566e-01
2.026239e-01
2.029245e-01
2.029573e-01
2.031336e-01
2.032332e-01
2.033572e-01
2.034621e-01
2.035334e-01
2.037763e-01
2.038851e-01
2.039555e-01
2.039897e-01
2.041295e-01
2.042893e-01
2.043597e-01
2.045540e-01
2.046481e-01
2.048299e-01
2.048713e-01
2.050062e-01
2.051693e-01
2.053344e-01
2.053959e-01
2.055763e-01
2.056837e-01
2.059140e-01
2.060027e-01
2.060690e-01
2.060968e-01
2.065206e-01
2.066461e-01
2.066823e-01
2.067868e-01
2.068901e-01
2.069765e-01
2.071493e-01
2.073563e-01
2.076774e-01
2.078097e-01
2.079032e-01
2.079779e-01
2.081397e-01
2.083316e-01
2.083714e-01
2.085388e-01
2.086041e-01
2.087566e-01
2.088616e-01
2.089060e-01
2.090111e-01
2.093106e-01
2.094162e-01
2.095422e-01
2.096930e-01
2.097962e-01
2.098569e-01
2.099558e-01
2.100338e-01
2.102142e-01
2.102990e-01
2.104085e-01
2.106578e-01
2.108622e-01
2.109753e-01
2.111031e-01
2.112901e-01
2.114077e-01
2.115093e-01
2.117209e-01
2.117796e-01
2.119343e-01
2.120775e-01
2.123621e-01
2.124523e-01
2.125262e-01
2.126810e-01
2.128719e-01
2.129615e-01
2.131277e-01
2.133938e-01
2.134374e-01
2.136880e-01
2.138468e-01
2.138798e-01
2.138981e-01
2.140985e-01
2.142218e-01
2.143854e-01
2.146705e-01
2.147671e-01
2.148499e-01
2.149903e-01
2.152643e-01
2.153514e-01
2.154482e-01
2.155592e-01
2.155999e-01
2.157639e-01
2.159701e-01
2.159967e-01
2.161727e-01
2.162425e-01
2.165004e-01
2.166236e-01
2.167622e-01
2.169875e-01
2.172046e-01
2.172628e-01
2.174540e-01
2.176056e-01
2.176569e-01
2.179147e-01
2.179866e-01
2.181760e-01
2.183406e-01
2.185823e-01
2.186214e-01
2.188399e-01
2.188680e-01
2.190542e-01
2.191809e-01
2.193977e-01
2.195047e-01
2.196971e-01
2.197807e-01
2.199371e-01
2.200125e-01
2.203229e-01
2.204432e-01
2.205671e-01
2.207956e-01
2.209296e-01
2.210366e-01
2.212397e-01
2.214371e-01
2.215745e-01
2.217969e-01
2.218693e-01
2.219451e-01
2.220712e-01
2.221645e-01
2.224599e-01
2.225769e-01
2.226278e-01
2.227971e-01
2.229132e-01
2.229932e-01
2.231645e-01
2.234929e-01
2.235735e-01
2.236079e-01
2.239085e-01
2.240164e-01
2.240930e-01
2.242410e-01
2.244180e-01
2.246150e-01
2.249056e-01
2.250121e-01
2.251710e-01
2.252628e-01
2.255433e-01
2.256998e-01
2.258282e-01
2.260027e-01
2.260983e-01
2.263015e-01
2.263662e-01
2.264547e-01
2.265506e-01
2.266504e-01
2.268603e-01
2.269227e-01
2.271239e-01
2.272716e-01
2.273544e-01
2.275749e-01
2.276922e-01
2.279244e-01
2.281537e-01
2.283929e-01
2.284833e-01
2.285350e-01
2.288101e-01
2.288862e-01
2.289983e-01
2.292106e-01
2.293213e-01
2.294255e-01
2.294933e-01
2.296981e-01
2.297530e-01
2.301845e-01
2.302375e-01
2.303046e-01
2.304988e-01
2.307667e-01
2.308181e-01
2.311816e-01
2.313759e-01
2.313846e-01
2.315897e-01
2.317258e-01
2.318892e-01
2.322099e-01
2.322861e-01
2.324451e-01
2.327086e-01
2.328374e-01
2.330513e-01
2.332440e-01
2.333389e-01
2.334703e-01
2.335799e-01
2.338143e-01
2.339365e-01
2.339941e-01
2.342595e-01
2.343778e-01
2.345376e-01
2.347015e-01
2.348439e-01
2.349135e-01
2.350887e-01
2.354138e-01
2.354507e-01
2.356132e-01
2.358066e-01
2.360511e-01
2.363621e-01
2.364361e-01
2.365976e-01
2.366456e-01
2.367828e-01
2.368564e-01
2.369323e-01
2.371380e-01
2.371639e-01
2.373101e-01
2.375873e-01
2.376151e-01
2.377426e-01
2.378230e-01
2.380699e-01
2.382488e-01
2.383525e-01
2.385483e-01
2.387101e-01
2.388798e-01
2.389298e-01
2.390441e-01
2.392961e-01
2.396121e-01
2.397071e-01
2.400441e-01
2.402387e-01
2.403312e-01
2.403456e-01
2.405217e-01
2.406878e-01
2.408141e-01
2.410909e-01
2.412676e-01
2.414482e-01
2.414670e-01
2.415764e-01
2.416646e-01
2.419468e-01
2.421005e-01
2.423032e-01
2.423852e-01
2.426725e-01
2.427386e-01
2.429535e-01
2.432772e-01
2.433696e-01
2.434478e-01
2.436413e-01
2.439684e-01
2.440534e-01
2.443196e-01
2.443627e-01
2.445788e-01
2.447111e-01
2.448782e-01
2.449998e-01
2.451257e-01
2.454560e-01
2.457948e-01
2.460324e-01
2.462890e-01
2.463426e-01
2.464427e-01
2.466498e-01
2.467380e-01
2.470796e-01
2.471215e-01
2.471854e-01
2.476545e-01
2.477794e-01
2.479621e-01
2.480909e-01
2.484364e-01
2.486713e-01
2.488801e-01
2.490954e-01
2.492651e-01
2.493991e-01
2.495533e-01
2.497347e-01
2.500356e-01
2.501911e-01
2.502364e-01
2.505216e-01
2.506564e-01
2.508372e-01
2.511555e-01
2.511885e-01
2.515141e-01
2.517824e-01
2.520487e-01
2.521925e-01
2.524129e-01
2.525695e-01
2.526307e-01
2.528364e-01
2.530180e-01
2.532519e-01
2.534526e-01
2.536131e-01
2.538136e-01
2.538722e-01
2.543270e-01
2.546044e-01
2.546697e-01
2.549083e-01
2.550975e-01
2.553108e-01
2.554742e-01
2.557534e-01
2.558322e-01
2.559484e-01
2.561997e-01
2.563524e-01
2.566223e-01
2.567237e-01
2.570410e-01
2.572339e-01
2.573010e-01
2.574201e-01
2.578319e-01
2.579047e-01
2.582351e-01
2.583042e-01
2.586104e-01
2.588970e-01
2.590885e-01
2.592332e-01
2.594294e-01
2.596255e-01
2.597589e-01
2.601402e-01
2.604492e-01
2.606083e-01
2.607350e-01
2.607912e-01
2.609342e-01
2.613681e-01
2.616025e-01
2.617277e-01
2.621214e-01
2.622110e-01
2.627114e-01
2.627651e-01
2.629294e-01
2.630472e-01
2.635454e-01
2.636994e-01
2.637472e-01
2.639157e-01
2.642339e-01
2.644067e-01
2.645865e-01
2.646935e-01
2.647664e-01
2.651156e-01
2.654614e-01
2.656268e-01
2.658444e-01
2.660984e-01
2.663824e-01
2.667376e-01
2.668910e-01
2.672995e-01
2.674313e-01
2.677134e-01
2.678509e-01
2.679116e-01
2.681892e-01
2.682694e-01
2.685064e-01
2.687334e-01
2.690212e-01
2.692163e-01
2.693698e-01
2.695047e-01
2.695551e-01
2.696479e-01
2.699712e-01
2.701771e-01
2.702851e-01
2.706304e-01
2.708445e-01
2.710388e-01
2.712706e-01
2.713897e-01
2.717832e-01
2.718484e-01
2.719623e-01
2.722741e-01
2.724337e-01
2.725000e-01
2.728895e-01
2.733062e-01
2.734566e-01
2.736842e-01
2.739342e-01
2.742744e-01
2.746301e-01
2.750424e-01
2.751148e-01
2.754429e-01
2.755531e-01
2.757657e-01
2.758747e-01
2.759693e-01
2.765192e-01
2.765966e-01
2.768484e-01
2.771623e-01
2.772082e-01
2.772174e-01
2.775320e-01
2.775845e-01
2.777501e-01
2.778641e-01
2.781694e-01
2.782357e-01
2.783645e-01
2.785895e-01
2.788842e-01
2.789459e-01
2.792259e-01
2.792522e-01
2.794998e-01
2.798826e-01
2.799339e-01
2.803701e-01
2.804422e-01
2.806915e-01
2.807885e-01
2.811535e-01
2.813046e-01
2.815430e-01
2.816431e-01
2.821150e-01
2.824358e-01
2.827058e-01
2.828320e-01
2.831459e-01
2.833720e-01
2.834654e-01
2.836317e-01
2.839146e-01
2.841717e-01
2.844749e-01
2.847013e-01
2.852369e-01
2.853396e-01
2.854536e-01
2.856312e-01
2.859929e-01
2.863677e-01
2.865138e-01
2.869647e-01
2.869980e-01
2.872394e-01
2.872965e-01
2.875394e-01
2.876595e-01
2.878461e-01
2.881256e-01
2.885385e-01
2.885716e-01
2.889073e-01
2.893096e-01
2.896388e-01
2.897751e-01
2.899888e-01
2.901847e-01
2.905009e-01
2.908701e-01
2.910179e-01
2.913633e-01
2.916252e-01
2.918204e-01
2.919917e-01
2.926946e-01
2.929577e-01
2.932034e-01
2.932545e-01
2.933131e-01
2.934555e-01
2.936430e-01
2.938769e-01
2.943517e-01
2.945148e-01
2.949175e-01
2.951279e-01
2.956354e-01
2.958171e-01
2.959268e-01
2.960654e-01
2.962996e-01
2.965522e-01
2.971588e-01
2.974465e-01
2.975256e-01
2.977644e-01
2.978709e-01
2.979440e-01
2.983242e-01
2.985356e-01
2.987548e-01
2.991544e-01
2.996731e-01
2.998177e-01
3.003158e-01
3.006618e-01
3.007907e-01
3.009267e-01
3.015194e-01
3.017466e-01
3.018416e-01
3.021627e-01
3.022770e-01
3.025217e-01
3.025959e-01
3.029425e-01
3.031055e-01
3.036030e-01
3.038135e-01
3.039784e-01
3.041335e-01
3.044480e-01
3.048483e-01
3.050127e-01
3.051643e-01
3.056626e-01
3.059202e-01
3.061334e-01
3.063548e-01
3.068143e-01
3.070129e-01
3.073181e-01
3.074735e-01
3.077828e-01
3.080307e-01
3.081886e-01
3.087594e-01
3.089956e-01
3.092762e-01
3.094364e-01
3.096054e-01
3.097912e-01
3.099985e-01
3.107047e-01
3.108655e-01
3.110134e-01
3.110887e-01
3.114636e-01
3.119475e-01
3.120758e-01
3.124089e-01
3.125330e-01
3.127552e-01
3.131125e-01
3.135191e-01
3.139056e-01
3.140287e-01
3.145226e-01
3.147216e-01
3.151124e-01
3.153057e-01
3.155479e-01
3.156132e-01
3.162035e-01
3.164664e-01
3.169499e-01
3.171242e-01
3.174564e-01
3.175591e-01
3.180298e-01
3.182236e-01
3.184925e-01
3.187499e-01
3.190495e-01
3.196045e-01
3.198729e-01
3.203140e-01
3.204831e-01
3.205965e-01
3.208981e-01
3.211490e-01
3.212746e-01
3.215589e-01
3.220339e-01
3.221887e-01
3.227038e-01
3.229683e-01
3.235643e-01
3.237469e-01
3.238863e-01
3.242772e-01
3.244889e-01
3.245903e-01
3.250597e-01
3.256797e-01
3.258774e-01
3.259802e-01
3.261265e-01
3.263002e-01
3.266864e-01
3.270287e-01
3.274117e-01
3.277098e-01
3.278734e-01
3.282695e-01
3.286230e-01
3.288547e-01
3.290265e-01
3.291144e-01
3.296504e-01
3.299138e-01
3.304156e-01
3.304970e-01
3.306156e-01
3.310046e-01
3.312756e-01
3.314920e-01
3.316263e-01
3.318764e-01
3.320771e-01
3.327892e-01
3.331671e-01
3.332960e-01
3.336912e-01
3.338716e-01
3.340655e-01
3.346665e-01
3.347288e-01
3.349283e-01
3.350723e-01
3.352732e-01
3.358311e-01
3.359873e-01
3.363642e-01
3.367717e-01
3.368742e-01
3.372948e-01
3.377430e-01
3.382650e-01
3.386892e-01
3.390469e-01
3.396427e-01
3.399447e-01
3.402845e-01
3.404446e-01
3.407090e-01
3.408559e-01
3.409647e-01
3.412475e-01
3.413344e-01
3.416715e-01
3.422615e-01
3.424880e-01
3.427064e-01
3.429581e-01
3.430763e-01
3.432986e-01
3.440776e-01
3.443598e-01
3.445747e-01
3.452854e-01
3.455633e-01
3.456862e-01
3.461522e-01
3.465457e-01
3.465689e-01
3.469797e-01
3.474062e-01
3.479376e-01
3.481043e-01
3.483619e-01
3.486080e-01
3.488232e-01
3.491291e-01
3.498393e-01
3.498568e-01
3.504140e-01
3.507360e-01
3.510006e-01
3.511635e-01
3.516747e-01
3.518564e-01
3.522224e-01
3.524795e-01
3.531887e-01
3.533488e-01
3.535868e-01
3.537522e-01
3.537994e-01
3.541759e-01
3.544431e-01
3.549594e-01
3.551571e-01
3.553916e-01
3.556328e-01
3.561556e-01
3.564295e-01
3.568569e-01
3.577028e-01
3.577571e-01
3.579148e-01
3.581642e-01
3.584855e-01
3.588924e-01
3.593459e-01
3.594440e-01
3.600588e-01
3.604011e-01
3.608159e-01
3.608673e-01
3.620922e-01
3.621530e-01
3.623709e-01
3.634912e-01
3.637260e-01
3.641415e-01
3.645143e-01
3.647600e-01
3.649595e-01
3.653152e-01
3.656123e-01
3.658704e-01
3.664653e-01
3.668583e-01
3.677408e-01
3.683439e-01
3.689925e-01
3.693248e-01
3.698151e-01
3.703356e-01
3.708702e-01
3.709113e-01
3.711211e-01
3.722737e-01
3.725110e-01
3.727876e-01
3.729388e-01
3.733675e-01
3.741691e-01
3.746822e-01
3.751489e-01
3.754748e-01
3.761721e-01
3.766292e-01
3.771148e-01
3.771873e-01
3.776202e-01
3.776940e-01
3.780514e-01
3.783398e-01
3.786975e-01
3.796982e-01
3.799532e-01
3.801086e-01
3.805516e-01
3.806320e-01
3.807882e-01
3.810791e-01
3.821180e-01
3.822737e-01
3.826007e-01
3.833281e-01
3.840153e-01
3.843190e-01
3.851162e-01
3.856663e-01
3.861547e-01
3.864656e-01
3.870078e-01
3.880429e-01
3.883491e-01
3.887785e-01
3.889566e-01
3.892287e-01
3.895576e-01
3.896903e-01
3.899093e-01
3.900957e-01
3.904909e-01
3.913771e-01
3.918552e-01
3.924941e-01
3.925973e-01
3.930856e-01
3.937102e-01
3.944823e-01
3.949612e-01
3.950572e-01
3.952495e-01
3.959742e-01
3.967720e-01
3.973433e-01
3.979396e-01
3.980691e-01
3.985571e-01
3.988773e-01
3.990494e-01
3.998212e-01
4.000992e-01
4.009519e-01
4.010413e-01
4.016530e-01
4.019784e-01
4.020087e-01
4.025826e-01
4.029958e-01
4.035902e-01
4.039729e-01
4.040477e-01
4.042970e-01
4.050140e-01
4.054456e-01
4.055212e-01
4.058429e-01
4.063457e-01
4.064923e-01
4.066990e-01
4.084200e-01
4.088059e-01
4.097493e-01
4.103559e-01
4.105646e-01
4.108762e-01
4.110376e-01
4.112355e-01
4.121585e-01
4.123944e-01
4.127281e-01
4.137163e-01
4.137700e-01
4.139748e-01
4.144440e-01
4.145833e-01
4.154993e-01
4.160617e-01
4.174352e-01
4.178823e-01
4.184317e-01
4.186409e-01
4.190756e-01
4.195721e-01
4.207732e-01
4.208965e-01
4.212024e-01
4.214931e-01
4.217663e-01
4.226719e-01
4.238362e-01
4.243185e-01
4.254864e-01
4.261298e-01
4.266798e-01
4.278930e-01
4.282536e-01
4.283239e-01
4.287151e-01
4.289188e-01
4.302258e-01
4.305302e-01
4.312397e-01
4.326718e-01
4.329502e-01
4.333727e-01
4.335508e-01
4.351308e-01
4.357258e-01
4.370224e-01
4.372563e-01
4.376434e-01
4.385952e-01
4.390110e-01
4.399144e-01
4.410576e-01
4.418658e-01
4.425482e-01
4.427244e-01
4.427561e-01
4.437095e-01
4.441601e-01
4.447619e-01
4.448453e-01
4.457792e-01
4.462682e-01
4.466471e-01
4.469628e-01
4.476393e-01
4.485059e-01
4.493477e-01
4.497761e-01
4.499799e-01
4.529626e-01
4.530197e-01
4.533159e-01
4.536963e-01
4.540762e-01
4.547904e-01
4.549944e-01
4.551739e-01
4.554436e-01
4.557837e-01
4.572592e-01
4.575091e-01
4.580578e-01
4.585848e-01
4.591485e-01
4.599033e-01
4.607493e-01
4.619773e-01
4.627176e-01
4.630906e-01
4.638083e-01
4.641126e-01
4.647778e-01
4.650146e-01
4.661066e-01
4.664688e-01
4.674398e-01
4.676829e-01
4.681031e-01
4.682348e-01
4.683058e-01
4.698415e-01
4.707840e-01
4.726245e-01
4.735214e-01
4.739324e-01
4.767785e-01
4.775126e-01
4.782053e-01
4.790991e-01
4.800233e-01
4.803181e-01
4.809152e-01
4.813489e-01
4.818699e-01
4.830620e-01
4.836066e-01
4.841247e-01
4.846694e-01
4.862237e-01
4.872776e-01
4.879967e-01
4.895251e-01
4.911743e-01
4.924637e-01
4.943545e-01
4.946385e-01
4.952974e-01
4.967680e-01
4.974825e-01
4.994625e-01
5.002058e-01
5.029177e-01
5.041735e-01
5.052483e-01
5.056034e-01
5.080752e-01
5.083158e-01
5.094304e-01
5.104451e-01
5.118202e-01
5.156518e-01
5.156821e-01
5.161256e-01
5.165372e-01
5.170876e-01
5.183716e-01
5.191856e-01
5.199327e-01
5.204323e-01
5.207686e-01
5.209398e-01
5.219330e-01
5.225880e-01
5.227679e-01
5.251828e-01
5.269988e-01
5.271989e-01
5.294263e-01
5.304137e-01
5.307945e-01
5.325323e-01
5.327327e-01
5.362113e-01
5.367456e-01
5.374806e-01
5.376650e-01
5.391254e-01
5.414461e-01
5.417877e-01
5.421913e-01
5.429085e-01
5.431165e-01
5.445927e-01
5.474224e-01
5.491509e-01
5.495644e-01
5.502726e-01
5.504491e-01
5.532493e-01
5.542426e-01
5.544113e-01
5.558381e-01
5.582980e-01
5.626827e-01
5.629129e-01
5.661184e-01
5.688331e-01
5.703611e-01
5.704091e-01
5.723947e-01
5.744062e-01
5.748711e-01
5.751858e-01
5.757748e-01
5.761418e-01
5.761698e-01
5.764815e-01
5.776710e-01
5.794002e-01
5.799097e-01
5.807288e-01
5.817783e-01
5.850035e-01
5.873712e-01
5.876977e-01
5.885776e-01
5.900214e-01
5.911656e-01
5.916705e-01
5.927065e-01
5.954531e-01
5.968044e-01
5.985363e-01
5.999564e-01
6.014107e-01
6.018458e-01
6.050570e-01
6.061572e-01
6.135466e-01
6.150169e-01
6.191526e-01
6.206483e-01
6.268926e-01
6.282079e-01
6.329298e-01
6.339526e-01
6.349420e-01
6.355959e-01
6.375484e-01
6.387426e-01
6.439706e-01
6.440610e-01
6.441465e-01
6.444464e-01
6.455822e-01
6.517792e-01
6.558237e-01
6.563368e-01
6.584139e-01
6.622380e-01
6.786315e-01
6.832196e-01
6.861788e-01
6.887583e-01
6.904623e-01
6.911890e-01
6.999568e-01
7.010766e-01
7.029611e-01
7.037204e-01
7.040494e-01
7.138488e-01
7.172607e-01
7.182686e-01
7.203504e-01
7.256401e-01
7.265440e-01
7.311964e-01
7.319276e-01
7.377005e-01
7.489517e-01
7.508617e-01
7.511495e-01
7.517856e-01
7.652552e-01
7.729918e-01
7.782177e-01
7.843848e-01
7.912409e-01
8.037519e-01
8.092448e-01
8.103548e-01
8.180302e-01
8.188028e-01
8.326780e-01
8.433549e-01
8.492022e-01
8.711486e-01
8.825764e-01
8.878834e-01
9.000703e-01
9.582162e-01
9.735419e-01
1.000000e+00
