# SF-29 N2 candidate (i) i1 field=lester2021 eps=1 N=12: sorted relative singular values of the dense central-FD Jacobian at the converged state (rows F_i=-q(L_i-S_i); outlet rows (2q/h)(vperp_in-c_perp); smax=3.068877e+03)
5.290510e-04
6.302352e-04
6.452241e-04
6.476270e-04
7.123872e-04
7.164324e-04
7.509111e-04
7.955101e-04
8.718024e-04
8.734666e-04
9.839922e-04
1.116840e-03
1.144362e-03
1.171072e-03
1.179131e-03
1.236478e-03
1.264980e-03
1.284215e-03
1.413272e-03
1.750753e-03
1.918628e-03
1.926217e-03
1.978575e-03
2.047444e-03
2.304151e-03
2.351457e-03
2.681542e-03
2.796557e-03
3.140684e-03
3.168229e-03
3.248942e-03
3.250479e-03
3.786288e-03
3.836638e-03
4.099656e-03
4.375148e-03
4.672196e-03
4.702364e-03
5.068811e-03
5.099555e-03
5.239567e-03
5.268187e-03
5.506647e-03
5.568400e-03
5.630488e-03
5.659027e-03
5.703010e-03
5.790925e-03
5.804010e-03
5.804764e-03
5.911316e-03
5.941003e-03
6.085325e-03
6.126408e-03
6.322421e-03
6.437003e-03
6.500597e-03
6.582875e-03
6.661930e-03
6.792717e-03
6.845277e-03
7.054207e-03
7.155599e-03
7.292858e-03
7.319935e-03
7.358824e-03
7.618823e-03
7.686638e-03
7.689116e-03
7.790095e-03
7.918469e-03
7.956405e-03
7.964275e-03
8.063798e-03
8.130893e-03
8.200280e-03
8.408169e-03
8.561061e-03
8.626066e-03
8.659589e-03
8.778227e-03
8.867942e-03
9.055365e-03
9.070043e-03
9.250637e-03
9.252118e-03
9.493980e-03
9.580019e-03
9.749791e-03
9.850158e-03
9.874927e-03
1.013007e-02
1.021165e-02
1.023020e-02
1.042916e-02
1.051605e-02
1.057391e-02
1.059108e-02
1.085786e-02
1.099167e-02
1.101842e-02
1.106426e-02
1.107970e-02
1.158968e-02
1.171069e-02
1.185114e-02
1.186431e-02
1.188869e-02
1.192447e-02
1.213773e-02
1.224507e-02
1.242345e-02
1.248425e-02
1.272752e-02
1.273948e-02
1.317450e-02
1.326608e-02
1.342625e-02
1.343630e-02
1.347272e-02
1.361702e-02
1.365292e-02
1.374891e-02
1.385941e-02
1.395964e-02
1.413876e-02
1.417782e-02
1.417811e-02
1.436820e-02
1.469439e-02
1.471233e-02
1.506357e-02
1.508724e-02
1.528672e-02
1.537856e-02
1.549363e-02
1.553967e-02
1.562783e-02
1.568060e-02
1.593065e-02
1.600406e-02
1.621941e-02
1.623470e-02
1.623608e-02
1.641272e-02
1.643879e-02
1.671102e-02
1.678661e-02
1.684930e-02
1.694639e-02
1.697770e-02
1.702998e-02
1.707288e-02
1.716534e-02
1.730539e-02
1.735983e-02
1.751024e-02
1.772687e-02
1.777255e-02
1.778963e-02
1.792229e-02
1.800726e-02
1.807892e-02
1.813030e-02
1.820860e-02
1.840455e-02
1.850632e-02
1.861586e-02
1.871559e-02
1.882380e-02
1.899126e-02
1.901987e-02
1.907969e-02
1.928265e-02
1.943288e-02
1.959158e-02
1.974272e-02
1.979295e-02
1.984308e-02
1.988033e-02
2.007596e-02
2.014933e-02
2.030622e-02
2.038557e-02
2.038616e-02
2.058233e-02
2.079067e-02
2.090985e-02
2.092080e-02
2.109047e-02
2.112325e-02
2.118290e-02
2.119274e-02
2.135156e-02
2.140686e-02
2.153640e-02
2.169242e-02
2.204381e-02
2.213937e-02
2.231291e-02
2.240066e-02
2.243547e-02
2.271506e-02
2.271955e-02
2.284425e-02
2.285226e-02
2.309680e-02
2.321355e-02
2.329884e-02
2.348661e-02
2.355487e-02
2.362272e-02
2.364706e-02
2.369644e-02
2.383046e-02
2.386645e-02
2.397747e-02
2.438571e-02
2.469172e-02
2.483008e-02
2.510916e-02
2.512475e-02
2.524971e-02
2.550781e-02
2.553512e-02
2.557138e-02
2.581070e-02
2.616417e-02
2.619536e-02
2.629574e-02
2.642162e-02
2.654652e-02
2.687704e-02
2.702217e-02
2.714821e-02
2.716310e-02
2.727813e-02
2.728917e-02
2.764523e-02
2.765159e-02
2.769670e-02
2.782517e-02
2.795186e-02
2.796377e-02
2.841868e-02
2.853281e-02
2.854970e-02
2.868373e-02
2.885975e-02
2.886537e-02
2.910110e-02
2.911607e-02
2.940021e-02
2.952699e-02
2.953363e-02
2.992764e-02
3.006387e-02
3.020266e-02
3.031036e-02
3.053826e-02
3.053896e-02
3.056137e-02
3.059099e-02
3.071841e-02
3.089935e-02
3.104464e-02
3.108944e-02
3.129495e-02
3.156545e-02
3.164208e-02
3.164965e-02
3.177496e-02
3.190086e-02
3.201627e-02
3.202871e-02
3.204057e-02
3.228117e-02
3.229591e-02
3.231081e-02
3.244845e-02
3.247932e-02
3.264352e-02
3.273545e-02
3.287631e-02
3.295605e-02
3.309890e-02
3.317997e-02
3.324490e-02
3.333318e-02
3.334399e-02
3.340319e-02
3.340438e-02
3.348473e-02
3.357965e-02
3.383250e-02
3.387852e-02
3.410593e-02
3.411335e-02
3.417099e-02
3.421960e-02
3.433461e-02
3.448401e-02
3.454610e-02
3.460391e-02
3.463322e-02
3.488548e-02
3.490193e-02
3.492852e-02
3.499457e-02
3.512983e-02
3.537237e-02
3.543996e-02
3.554538e-02
3.569021e-02
3.570064e-02
3.582290e-02
3.587595e-02
3.616848e-02
3.624382e-02
3.630777e-02
3.651487e-02
3.656656e-02
3.671176e-02
3.677062e-02
3.698004e-02
3.702445e-02
3.711659e-02
3.715774e-02
3.752192e-02
3.752571e-02
3.765034e-02
3.768194e-02
3.792878e-02
3.808325e-02
3.821038e-02
3.829947e-02
3.864350e-02
3.881244e-02
3.882405e-02
3.886423e-02
3.916575e-02
3.922409e-02
3.942083e-02
3.945380e-02
3.948941e-02
3.966991e-02
4.001497e-02
4.002794e-02
4.005904e-02
4.018108e-02
4.021409e-02
4.028234e-02
4.045600e-02
4.059861e-02
4.062884e-02
4.073758e-02
4.079549e-02
4.081754e-02
4.105746e-02
4.112320e-02
4.119320e-02
4.146611e-02
4.147785e-02
4.171198e-02
4.184374e-02
4.201987e-02
4.208079e-02
4.211251e-02
4.226797e-02
4.229440e-02
4.238764e-02
4.253784e-02
4.273208e-02
4.277069e-02
4.304356e-02
4.325398e-02
4.333139e-02
4.345056e-02
4.353776e-02
4.369794e-02
4.371695e-02
4.374107e-02
4.382979e-02
4.408552e-02
4.410506e-02
4.430149e-02
4.437237e-02
4.453131e-02
4.459204e-02
4.474450e-02
4.479578e-02
4.501991e-02
4.510518e-02
4.537187e-02
4.549221e-02
4.568072e-02
4.586616e-02
4.596848e-02
4.598761e-02
4.601242e-02
4.605219e-02
4.634440e-02
4.636720e-02
4.644263e-02
4.662533e-02
4.668484e-02
4.692091e-02
4.699943e-02
4.712219e-02
4.721777e-02
4.724471e-02
4.733985e-02
4.749067e-02
4.750591e-02
4.760072e-02
4.794715e-02
4.799657e-02
4.805641e-02
4.810908e-02
4.821817e-02
4.852040e-02
4.868964e-02
4.884947e-02
4.889857e-02
4.893602e-02
4.899866e-02
4.923149e-02
4.939047e-02
4.947511e-02
4.951322e-02
4.953919e-02
4.963128e-02
4.963758e-02
4.969202e-02
4.969446e-02
4.990681e-02
5.003746e-02
5.012567e-02
5.024600e-02
5.031249e-02
5.031738e-02
5.039942e-02
5.061597e-02
5.064236e-02
5.071784e-02
5.079925e-02
5.083225e-02
5.096026e-02
5.126202e-02
5.138917e-02
5.159154e-02
5.170792e-02
5.174000e-02
5.176867e-02
5.179399e-02
5.199883e-02
5.216289e-02
5.219927e-02
5.224687e-02
5.233580e-02
5.243536e-02
5.252469e-02
5.256212e-02
5.257437e-02
5.265248e-02
5.271499e-02
5.294819e-02
5.295968e-02
5.298067e-02
5.319509e-02
5.322575e-02
5.336685e-02
5.341673e-02
5.342249e-02
5.365068e-02
5.381508e-02
5.386565e-02
5.399860e-02
5.405685e-02
5.415859e-02
5.428572e-02
5.432025e-02
5.442686e-02
5.449373e-02
5.461060e-02
5.471369e-02
5.472724e-02
5.473932e-02
5.480950e-02
5.505047e-02
5.509162e-02
5.518632e-02
5.534743e-02
5.539020e-02
5.543989e-02
5.546993e-02
5.575005e-02
5.593115e-02
5.597116e-02
5.600941e-02
5.601453e-02
5.603103e-02
5.620723e-02
5.640646e-02
5.650841e-02
5.656991e-02
5.658944e-02
5.664880e-02
5.673975e-02
5.688730e-02
5.700839e-02
5.706803e-02
5.718327e-02
5.720312e-02
5.734653e-02
5.745264e-02
5.759628e-02
5.769126e-02
5.770609e-02
5.786157e-02
5.786881e-02
5.797934e-02
5.808568e-02
5.817868e-02
5.848427e-02
5.857506e-02
5.861738e-02
5.863694e-02
5.890085e-02
5.901428e-02
5.908963e-02
5.909534e-02
5.940350e-02
5.944525e-02
5.946585e-02
5.961562e-02
5.964580e-02
5.986534e-02
5.994320e-02
5.999070e-02
6.001244e-02
6.018571e-02
6.025744e-02
6.026788e-02
6.057303e-02
6.069762e-02
6.091995e-02
6.094082e-02
6.101935e-02
6.104432e-02
6.118087e-02
6.129906e-02
6.136072e-02
6.150812e-02
6.154938e-02
6.164568e-02
6.167647e-02
6.178554e-02
6.195024e-02
6.198002e-02
6.206427e-02
6.207214e-02
6.241589e-02
6.241965e-02
6.248054e-02
6.265001e-02
6.282533e-02
6.290949e-02
6.305165e-02
6.318557e-02
6.321842e-02
6.323833e-02
6.338235e-02
6.339166e-02
6.339791e-02
6.357670e-02
6.369800e-02
6.371335e-02
6.379197e-02
6.380489e-02
6.402638e-02
6.409221e-02
6.428662e-02
6.433366e-02
6.448670e-02
6.460400e-02
6.488206e-02
6.489572e-02
6.496909e-02
6.523229e-02
6.528448e-02
6.535026e-02
6.542786e-02
6.543576e-02
6.548183e-02
6.556876e-02
6.558836e-02
6.560409e-02
6.570795e-02
6.587627e-02
6.590840e-02
6.600397e-02
6.608797e-02
6.610280e-02
6.649377e-02
6.652786e-02
6.656990e-02
6.658011e-02
6.668791e-02
6.678371e-02
6.684319e-02
6.684657e-02
6.686277e-02
6.694390e-02
6.709784e-02
6.726113e-02
6.741925e-02
6.746558e-02
6.746822e-02
6.755423e-02
6.770059e-02
6.779369e-02
6.786770e-02
6.791027e-02
6.807365e-02
6.823533e-02
6.834994e-02
6.839450e-02
6.846916e-02
6.851378e-02
6.859795e-02
6.864014e-02
6.872737e-02
6.878629e-02
6.879630e-02
6.884469e-02
6.891112e-02
6.896280e-02
6.922527e-02
6.928520e-02
6.954567e-02
6.955295e-02
6.958509e-02
6.967350e-02
6.982961e-02
6.990310e-02
7.002081e-02
7.002357e-02
7.018123e-02
7.034026e-02
7.036094e-02
7.044755e-02
7.050240e-02
7.062020e-02
7.063838e-02
7.069658e-02
7.085106e-02
7.086556e-02
7.104194e-02
7.108308e-02
7.112008e-02
7.124512e-02
7.139953e-02
7.153226e-02
7.157156e-02
7.160299e-02
7.175840e-02
7.197168e-02
7.198907e-02
7.211065e-02
7.217617e-02
7.219495e-02
7.231801e-02
7.241797e-02
7.248252e-02
7.268642e-02
7.269223e-02
7.270552e-02
7.295428e-02
7.303209e-02
7.308265e-02
7.308855e-02
7.314862e-02
7.342969e-02
7.343548e-02
7.351589e-02
7.358128e-02
7.366248e-02
7.380127e-02
7.381049e-02
7.381911e-02
7.383344e-02
7.385316e-02
7.397270e-02
7.397604e-02
7.400687e-02
7.433847e-02
7.438031e-02
7.452011e-02
7.458552e-02
7.465726e-02
7.468924e-02
7.472733e-02
7.487943e-02
7.503799e-02
7.538412e-02
7.540157e-02
7.546000e-02
7.547588e-02
7.548273e-02
7.566290e-02
7.570896e-02
7.571050e-02
7.578500e-02
7.587786e-02
7.591212e-02
7.624947e-02
7.633150e-02
7.634731e-02
7.649846e-02
7.652051e-02
7.657847e-02
7.691587e-02
7.691765e-02
7.694124e-02
7.695226e-02
7.700646e-02
7.702185e-02
7.711901e-02
7.723379e-02
7.756969e-02
7.775121e-02
7.775510e-02
7.784268e-02
7.806755e-02
7.811305e-02
7.827684e-02
7.832206e-02
7.836031e-02
7.840884e-02
7.843622e-02
7.856476e-02
7.861018e-02
7.864270e-02
7.873716e-02
7.883729e-02
7.897191e-02
7.904849e-02
7.908660e-02
7.909302e-02
7.918588e-02
7.918919e-02
7.931881e-02
7.932303e-02
7.933880e-02
7.952436e-02
7.958834e-02
7.964530e-02
7.966604e-02
7.986058e-02
8.000058e-02
8.005787e-02
8.014026e-02
8.033745e-02
8.035556e-02
8.067394e-02
8.076235e-02
8.077142e-02
8.085347e-02
8.085586e-02
8.090809e-02
8.111410e-02
8.116049e-02
8.119594e-02
8.120765e-02
8.123647e-02
8.132551e-02
8.141228e-02
8.141837e-02
8.155187e-02
8.160180e-02
8.167311e-02
8.176577e-02
8.179451e-02
8.185147e-02
8.213044e-02
8.224499e-02
8.241519e-02
8.243912e-02
8.249659e-02
8.254802e-02
8.255515e-02
8.262628e-02
8.286323e-02
8.286426e-02
8.303269e-02
8.307101e-02
8.319672e-02
8.319699e-02
8.335992e-02
8.339510e-02
8.343391e-02
8.348560e-02
8.367374e-02
8.368605e-02
8.374355e-02
8.378024e-02
8.381764e-02
8.401893e-02
8.403430e-02
8.414933e-02
8.420397e-02
8.425339e-02
8.432964e-02
8.435652e-02
8.436702e-02
8.442157e-02
8.462735e-02
8.464344e-02
8.473517e-02
8.473669e-02
8.487984e-02
8.498401e-02
8.507643e-02
8.510143e-02
8.521255e-02
8.533139e-02
8.541969e-02
8.543530e-02
8.552924e-02
8.563689e-02
8.574847e-02
8.580895e-02
8.592355e-02
8.601861e-02
8.616259e-02
8.620004e-02
8.622774e-02
8.634882e-02
8.640921e-02
8.650832e-02
8.656810e-02
8.675599e-02
8.685704e-02
8.690452e-02
8.690828e-02
8.691438e-02
8.702270e-02
8.705930e-02
8.726112e-02
8.726758e-02
8.728097e-02
8.738069e-02
8.738612e-02
8.747929e-02
8.756849e-02
8.761488e-02
8.779904e-02
8.781842e-02
8.785966e-02
8.801656e-02
8.803050e-02
8.814881e-02
8.823373e-02
8.828718e-02
8.843522e-02
8.845294e-02
8.850768e-02
8.870770e-02
8.871359e-02
8.877273e-02
8.886696e-02
8.890876e-02
8.894510e-02
8.896241e-02
8.921633e-02
8.928528e-02
8.930929e-02
8.931225e-02
8.936687e-02
8.943036e-02
8.956761e-02
8.959137e-02
8.961027e-02
8.972687e-02
8.979574e-02
8.987780e-02
8.988368e-02
9.003527e-02
9.009908e-02
9.015804e-02
9.016513e-02
9.020311e-02
9.038207e-02
9.043986e-02
9.044454e-02
9.068249e-02
9.072692e-02
9.074402e-02
9.089300e-02
9.090185e-02
9.105235e-02
9.107635e-02
9.110761e-02
9.137572e-02
9.137669e-02
9.152899e-02
9.165815e-02
9.179384e-02
9.179539e-02
9.194258e-02
9.199102e-02
9.206769e-02
9.213204e-02
9.218074e-02
9.230706e-02
9.231717e-02
9.232503e-02
9.239406e-02
9.253222e-02
9.256782e-02
9.257568e-02
9.264220e-02
9.276009e-02
9.300962e-02
9.306255e-02
9.317817e-02
9.318745e-02
9.320390e-02
9.325449e-02
9.357626e-02
9.368972e-02
9.371154e-02
9.378130e-02
9.381816e-02
9.386301e-02
9.388700e-02
9.399300e-02
9.403947e-02
9.427587e-02
9.428940e-02
9.442271e-02
9.454201e-02
9.470558e-02
9.472228e-02
9.479001e-02
9.489634e-02
9.489934e-02
9.497486e-02
9.498988e-02
9.527267e-02
9.533885e-02
9.536733e-02
9.545182e-02
9.549419e-02
9.549517e-02
9.571259e-02
9.571295e-02
9.583566e-02
9.601488e-02
9.614584e-02
9.622801e-02
9.631954e-02
9.636269e-02
9.649839e-02
9.652996e-02
9.655214e-02
9.667995e-02
9.674548e-02
9.682136e-02
9.696608e-02
9.698625e-02
9.710863e-02
9.718860e-02
9.725149e-02
9.748179e-02
9.754497e-02
9.770377e-02
9.771397e-02
9.779534e-02
9.789473e-02
9.799782e-02
9.808114e-02
9.808157e-02
9.811075e-02
9.811732e-02
9.821913e-02
9.841172e-02
9.842464e-02
9.863956e-02
9.872010e-02
9.872815e-02
9.887398e-02
9.898740e-02
9.912667e-02
9.919343e-02
9.950318e-02
9.953831e-02
9.954514e-02
9.979623e-02
9.987006e-02
9.994272e-02
9.995092e-02
1.002655e-01
1.004011e-01
1.004339e-01
1.006367e-01
1.007197e-01
1.007874e-01
1.008537e-01
1.008897e-01
1.009336e-01
1.011530e-01
1.011748e-01
1.012172e-01
1.012228e-01
1.013278e-01
1.013655e-01
1.013960e-01
1.014833e-01
1.017313e-01
1.017538e-01
1.017594e-01
1.017940e-01
1.018739e-01
1.020325e-01
1.022829e-01
1.023228e-01
1.023631e-01
1.023969e-01
1.024773e-01
1.029177e-01
1.029263e-01
1.029374e-01
1.029490e-01
1.030258e-01
1.030514e-01
1.032990e-01
1.033221e-01
1.033749e-01
1.034276e-01
1.036509e-01
1.037891e-01
1.039109e-01
1.039465e-01
1.040485e-01
1.041387e-01
1.041520e-01
1.042438e-01
1.042640e-01
1.044306e-01
1.045736e-01
1.046859e-01
1.048664e-01
1.049158e-01
1.050072e-01
1.050736e-01
1.051153e-01
1.051696e-01
1.051989e-01
1.053521e-01
1.053591e-01
1.054391e-01
1.056271e-01
1.056828e-01
1.057689e-01
1.058906e-01
1.058948e-01
1.061179e-01
1.063919e-01
1.065780e-01
1.066207e-01
1.067062e-01
1.067506e-01
1.068131e-01
1.068134e-01
1.068721e-01
1.069350e-01
1.070778e-01
1.073486e-01
1.074221e-01
1.075121e-01
1.075684e-01
1.076778e-01
1.077810e-01
1.078534e-01
1.079122e-01
1.080091e-01
1.081122e-01
1.081572e-01
1.082020e-01
1.084412e-01
1.084715e-01
1.085490e-01
1.085692e-01
1.087837e-01
1.088510e-01
1.090144e-01
1.091456e-01
1.091766e-01
1.093115e-01
1.093970e-01
1.094060e-01
1.094060e-01
1.095708e-01
1.095926e-01
1.097900e-01
1.099706e-01
1.100398e-01
1.101319e-01
1.101383e-01
1.104161e-01
1.107002e-01
1.108670e-01
1.108915e-01
1.110382e-01
1.111016e-01
1.111437e-01
1.113185e-01
1.113556e-01
1.114667e-01
1.115420e-01
1.116770e-01
1.117537e-01
1.118796e-01
1.120105e-01
1.121093e-01
1.121245e-01
1.122584e-01
1.123422e-01
1.124641e-01
1.126003e-01
1.126121e-01
1.128702e-01
1.130445e-01
1.130720e-01
1.131158e-01
1.131945e-01
1.133169e-01
1.133183e-01
1.135562e-01
1.135786e-01
1.138707e-01
1.139516e-01
1.139856e-01
1.140293e-01
1.143268e-01
1.143595e-01
1.143744e-01
1.144221e-01
1.145377e-01
1.146941e-01
1.146993e-01
1.148583e-01
1.149178e-01
1.149839e-01
1.149992e-01
1.150071e-01
1.151769e-01
1.153123e-01
1.155105e-01
1.155247e-01
1.156587e-01
1.156665e-01
1.156777e-01
1.157316e-01
1.158689e-01
1.159336e-01
1.160417e-01
1.161615e-01
1.162530e-01
1.163630e-01
1.165815e-01
1.167093e-01
1.167362e-01
1.168349e-01
1.170573e-01
1.171761e-01
1.171776e-01
1.172668e-01
1.173914e-01
1.174130e-01
1.177426e-01
1.178575e-01
1.178646e-01
1.181171e-01
1.182112e-01
1.184005e-01
1.184741e-01
1.185828e-01
1.185920e-01
1.186535e-01
1.189014e-01
1.189820e-01
1.190933e-01
1.191250e-01
1.192302e-01
1.193051e-01
1.193776e-01
1.195913e-01
1.199531e-01
1.200329e-01
1.202140e-01
1.203122e-01
1.203492e-01
1.204599e-01
1.204849e-01
1.206236e-01
1.206886e-01
1.207591e-01
1.208658e-01
1.209155e-01
1.210444e-01
1.210706e-01
1.211351e-01
1.214460e-01
1.214514e-01
1.215841e-01
1.217580e-01
1.217719e-01
1.219657e-01
1.220371e-01
1.220458e-01
1.223599e-01
1.225511e-01
1.225581e-01
1.228806e-01
1.229322e-01
1.230208e-01
1.230315e-01
1.232060e-01
1.232403e-01
1.233593e-01
1.233661e-01
1.234260e-01
1.236157e-01
1.238376e-01
1.240465e-01
1.240567e-01
1.242326e-01
1.243261e-01
1.243318e-01
1.244343e-01
1.245330e-01
1.245547e-01
1.246140e-01
1.247419e-01
1.248940e-01
1.250309e-01
1.250541e-01
1.252208e-01
1.252824e-01
1.255333e-01
1.255592e-01
1.258149e-01
1.258922e-01
1.260117e-01
1.260690e-01
1.260790e-01
1.264088e-01
1.264605e-01
1.266024e-01
1.266483e-01
1.268547e-01
1.269044e-01
1.270795e-01
1.273435e-01
1.273967e-01
1.274666e-01
1.274840e-01
1.275555e-01
1.276270e-01
1.279283e-01
1.279728e-01
1.280247e-01
1.281808e-01
1.282150e-01
1.282878e-01
1.284191e-01
1.285487e-01
1.288160e-01
1.290040e-01
1.292277e-01
1.292843e-01
1.293312e-01
1.293537e-01
1.294137e-01
1.294216e-01
1.296737e-01
1.297492e-01
1.298197e-01
1.300249e-01
1.300611e-01
1.303709e-01
1.304552e-01
1.306267e-01
1.306274e-01
1.307918e-01
1.308189e-01
1.308249e-01
1.308651e-01
1.310048e-01
1.310799e-01
1.311205e-01
1.313002e-01
1.313418e-01
1.314427e-01
1.315822e-01
1.316692e-01
1.317651e-01
1.319230e-01
1.320002e-01
1.320987e-01
1.321477e-01
1.322939e-01
1.325787e-01
1.326676e-01
1.326818e-01
1.329576e-01
1.330870e-01
1.331202e-01
1.332891e-01
1.334588e-01
1.336133e-01
1.339071e-01
1.339303e-01
1.340430e-01
1.340932e-01
1.343157e-01
1.344986e-01
1.347044e-01
1.349752e-01
1.349885e-01
1.350096e-01
1.352206e-01
1.353273e-01
1.353787e-01
1.354122e-01
1.355706e-01
1.355978e-01
1.356246e-01
1.357784e-01
1.360087e-01
1.361352e-01
1.361647e-01
1.362126e-01
1.364276e-01
1.365445e-01
1.365846e-01
1.365974e-01
1.366321e-01
1.366837e-01
1.370018e-01
1.370484e-01
1.373458e-01
1.373724e-01
1.375093e-01
1.376776e-01
1.377279e-01
1.378494e-01
1.378687e-01
1.379318e-01
1.383470e-01
1.384097e-01
1.386705e-01
1.386951e-01
1.388307e-01
1.388577e-01
1.389180e-01
1.391419e-01
1.392245e-01
1.392416e-01
1.394488e-01
1.394965e-01
1.395442e-01
1.396449e-01
1.396880e-01
1.398820e-01
1.399768e-01
1.400162e-01
1.400424e-01
1.401750e-01
1.403860e-01
1.404508e-01
1.405314e-01
1.407084e-01
1.407154e-01
1.409380e-01
1.410808e-01
1.412044e-01
1.412547e-01
1.416123e-01
1.416301e-01
1.416885e-01
1.417336e-01
1.418281e-01
1.421924e-01
1.422189e-01
1.422209e-01
1.422826e-01
1.423946e-01
1.425381e-01
1.426575e-01
1.427177e-01
1.428163e-01
1.429395e-01
1.430805e-01
1.431608e-01
1.432009e-01
1.433481e-01
1.434084e-01
1.435347e-01
1.436330e-01
1.436669e-01
1.436697e-01
1.438483e-01
1.439408e-01
1.440531e-01
1.441905e-01
1.442963e-01
1.445393e-01
1.446812e-01
1.447380e-01
1.447835e-01
1.448269e-01
1.448991e-01
1.451490e-01
1.452134e-01
1.452564e-01
1.453606e-01
1.455086e-01
1.455576e-01
1.456187e-01
1.456946e-01
1.457549e-01
1.457833e-01
1.459756e-01
1.461445e-01
1.462159e-01
1.462667e-01
1.465627e-01
1.465959e-01
1.467086e-01
1.467553e-01
1.469254e-01
1.470699e-01
1.473496e-01
1.475485e-01
1.476010e-01
1.476738e-01
1.476785e-01
1.478319e-01
1.478807e-01
1.480527e-01
1.482135e-01
1.482350e-01
1.482627e-01
1.485673e-01
1.486309e-01
1.486850e-01
1.487168e-01
1.487368e-01
1.488919e-01
1.489241e-01
1.490826e-01
1.491879e-01
1.492448e-01
1.494586e-01
1.494754e-01
1.495992e-01
1.497492e-01
1.497884e-01
1.498037e-01
1.499118e-01
1.499850e-01
1.499923e-01
1.501197e-01
1.502469e-01
1.503175e-01
1.504280e-01
1.504871e-01
1.505604e-01
1.506542e-01
1.506651e-01
1.507640e-01
1.509792e-01
1.510234e-01
1.512106e-01
1.513180e-01
1.514614e-01
1.515529e-01
1.516964e-01
1.518417e-01
1.519039e-01
1.521487e-01
1.521759e-01
1.522799e-01
1.523834e-01
1.525273e-01
1.525561e-01
1.525714e-01
1.527272e-01
1.528286e-01
1.529404e-01
1.530027e-01
1.531812e-01
1.533606e-01
1.534551e-01
1.534861e-01
1.537417e-01
1.538237e-01
1.539097e-01
1.540882e-01
1.542096e-01
1.543837e-01
1.544723e-01
1.545032e-01
1.546309e-01
1.547946e-01
1.548581e-01
1.549425e-01
1.550497e-01
1.550862e-01
1.551054e-01
1.553306e-01
1.553341e-01
1.553866e-01
1.555139e-01
1.556077e-01
1.559920e-01
1.560103e-01
1.560507e-01
1.561923e-01
1.563075e-01
1.563497e-01
1.566937e-01
1.567122e-01
1.567651e-01
1.568687e-01
1.569838e-01
1.571402e-01
1.572708e-01
1.576137e-01
1.576148e-01
1.578547e-01
1.580225e-01
1.581753e-01
1.583359e-01
1.583391e-01
1.583540e-01
1.584134e-01
1.587094e-01
1.587717e-01
1.587785e-01
1.588051e-01
1.588357e-01
1.589490e-01
1.592394e-01
1.593652e-01
1.593939e-01
1.596444e-01
1.596799e-01
1.598172e-01
1.598246e-01
1.598570e-01
1.600860e-01
1.602004e-01
1.603170e-01
1.603423e-01
1.603585e-01
1.604314e-01
1.607022e-01
1.608109e-01
1.608832e-01
1.610958e-01
1.611724e-01
1.613377e-01
1.614739e-01
1.615102e-01
1.616812e-01
1.617712e-01
1.617818e-01
1.618224e-01
1.621382e-01
1.623025e-01
1.623433e-01
1.623674e-01
1.624253e-01
1.625031e-01
1.626935e-01
1.628449e-01
1.628873e-01
1.629483e-01
1.629714e-01
1.632574e-01
1.632705e-01
1.633060e-01
1.635919e-01
1.637010e-01
1.637686e-01
1.639184e-01
1.640345e-01
1.641415e-01
1.642902e-01
1.643738e-01
1.643743e-01
1.645045e-01
1.647073e-01
1.649435e-01
1.650686e-01
1.651262e-01
1.653677e-01
1.654101e-01
1.654835e-01
1.655386e-01
1.657259e-01
1.657635e-01
1.658768e-01
1.659895e-01
1.660419e-01
1.661195e-01
1.662155e-01
1.662197e-01
1.665994e-01
1.666557e-01
1.666864e-01
1.667511e-01
1.668262e-01
1.669920e-01
1.670652e-01
1.670942e-01
1.671822e-01
1.673162e-01
1.674123e-01
1.674443e-01
1.677084e-01
1.677828e-01
1.677867e-01
1.682204e-01
1.682966e-01
1.683480e-01
1.683841e-01
1.686609e-01
1.686789e-01
1.688584e-01
1.689659e-01
1.691113e-01
1.691418e-01
1.692651e-01
1.693283e-01
1.695098e-01
1.695633e-01
1.696138e-01
1.698413e-01
1.698609e-01
1.699772e-01
1.701453e-01
1.703014e-01
1.704269e-01
1.707019e-01
1.707105e-01
1.708643e-01
1.709346e-01
1.709410e-01
1.710155e-01
1.711162e-01
1.713242e-01
1.714170e-01
1.714265e-01
1.716338e-01
1.718214e-01
1.719793e-01
1.720203e-01
1.720692e-01
1.722694e-01
1.723268e-01
1.724774e-01
1.724951e-01
1.725997e-01
1.726250e-01
1.726378e-01
1.726642e-01
1.727653e-01
1.728908e-01
1.730042e-01
1.731324e-01
1.731707e-01
1.733817e-01
1.736253e-01
1.737527e-01
1.737580e-01
1.737661e-01
1.737681e-01
1.737954e-01
1.739718e-01
1.741678e-01
1.741847e-01
1.742257e-01
1.744459e-01
1.747042e-01
1.747463e-01
1.747643e-01
1.748198e-01
1.748691e-01
1.750374e-01
1.750907e-01
1.752648e-01
1.752786e-01
1.753550e-01
1.754283e-01
1.755375e-01
1.758070e-01
1.759497e-01
1.760072e-01
1.761635e-01
1.761810e-01
1.766162e-01
1.767479e-01
1.767938e-01
1.768526e-01
1.770658e-01
1.771563e-01
1.773198e-01
1.773569e-01
1.774778e-01
1.775514e-01
1.775756e-01
1.775840e-01
1.777273e-01
1.778174e-01
1.780391e-01
1.781584e-01
1.782044e-01
1.782887e-01
1.783377e-01
1.783879e-01
1.783917e-01
1.784789e-01
1.786554e-01
1.786574e-01
1.789246e-01
1.789613e-01
1.793793e-01
1.794422e-01
1.794551e-01
1.795475e-01
1.796144e-01
1.796399e-01
1.796819e-01
1.797413e-01
1.797907e-01
1.800048e-01
1.801606e-01
1.801879e-01
1.804394e-01
1.804562e-01
1.805813e-01
1.806431e-01
1.807177e-01
1.809776e-01
1.810634e-01
1.810986e-01
1.813632e-01
1.814738e-01
1.815503e-01
1.815587e-01
1.817223e-01
1.817857e-01
1.819097e-01
1.819462e-01
1.820079e-01
1.820936e-01
1.822318e-01
1.823428e-01
1.824165e-01
1.824210e-01
1.824451e-01
1.825070e-01
1.827536e-01
1.828494e-01
1.831440e-01
1.831808e-01
1.832242e-01
1.832878e-01
1.835039e-01
1.835508e-01
1.835573e-01
1.837905e-01
1.838426e-01
1.839891e-01
1.840219e-01
1.842350e-01
1.843299e-01
1.845265e-01
1.845665e-01
1.846179e-01
1.848191e-01
1.848547e-01
1.849457e-01
1.851321e-01
1.852292e-01
1.855380e-01
1.855407e-01
1.856203e-01
1.857638e-01
1.857907e-01
1.861371e-01
1.861692e-01
1.861876e-01
1.862028e-01
1.862903e-01
1.864219e-01
1.864470e-01
1.866135e-01
1.866431e-01
1.867509e-01
1.867626e-01
1.867850e-01
1.870658e-01
1.872151e-01
1.872844e-01
1.873378e-01
1.875047e-01
1.875473e-01
1.876534e-01
1.877246e-01
1.878992e-01
1.880508e-01
1.882231e-01
1.883027e-01
1.883984e-01
1.885246e-01
1.885763e-01
1.886198e-01
1.886588e-01
1.888662e-01
1.890796e-01
1.890874e-01
1.891200e-01
1.891875e-01
1.892332e-01
1.894362e-01
1.894577e-01
1.895609e-01
1.897750e-01
1.898212e-01
1.898731e-01
1.898931e-01
1.899558e-01
1.900190e-01
1.903036e-01
1.903742e-01
1.904933e-01
1.905454e-01
1.905837e-01
1.906896e-01
1.907548e-01
1.908274e-01
1.908844e-01
1.910320e-01
1.912217e-01
1.912437e-01
1.914814e-01
1.914823e-01
1.915405e-01
1.916714e-01
1.917307e-01
1.918433e-01
1.919041e-01
1.921454e-01
1.923309e-01
1.923633e-01
1.924066e-01
1.926408e-01
1.929509e-01
1.931305e-01
1.931479e-01
1.933616e-01
1.933994e-01
1.934473e-01
1.935765e-01
1.937374e-01
1.938243e-01
1.939000e-01
1.941113e-01
1.942354e-01
1.943237e-01
1.945041e-01
1.945104e-01
1.946261e-01
1.948346e-01
1.949445e-01
1.952018e-01
1.952104e-01
1.953322e-01
1.955413e-01
1.957362e-01
1.957896e-01
1.958338e-01
1.959169e-01
1.960658e-01
1.962258e-01
1.962556e-01
1.962665e-01
1.963204e-01
1.963312e-01
1.965129e-01
1.966617e-01
1.967715e-01
1.970522e-01
1.971031e-01
1.971906e-01
1.972691e-01
1.974452e-01
1.974827e-01
1.977128e-01
1.977646e-01
1.979211e-01
1.980084e-01
1.981002e-01
1.982453e-01
1.983341e-01
1.983674e-01
1.986018e-01
1.986462e-01
1.986463e-01
1.986928e-01
1.987657e-01
1.988662e-01
1.992498e-01
1.992943e-01
1.993415e-01
1.994603e-01
1.994989e-01
1.997193e-01
1.997612e-01
1.998835e-01
1.999034e-01
1.999490e-01
2.000520e-01
2.002447e-01
2.003453e-01
2.004056e-01
2.005599e-01
2.006477e-01
2.007441e-01
2.007571e-01
2.009531e-01
2.010649e-01
2.012848e-01
2.013756e-01
2.014253e-01
2.017100e-01
2.017695e-01
2.017702e-01
2.019417e-01
2.020271e-01
2.022092e-01
2.023490e-01
2.024988e-01
2.025363e-01
2.026699e-01
2.028703e-01
2.030519e-01
2.031493e-01
2.034603e-01
2.034722e-01
2.035799e-01
2.035903e-01
2.036540e-01
2.037422e-01
2.038192e-01
2.040081e-01
2.041482e-01
2.044088e-01
2.045605e-01
2.047666e-01
2.048971e-01
2.050171e-01
2.050921e-01
2.051528e-01
2.052548e-01
2.053306e-01
2.055265e-01
2.055992e-01
2.056958e-01
2.057996e-01
2.059769e-01
2.059994e-01
2.062412e-01
2.062855e-01
2.064473e-01
2.065206e-01
2.066590e-01
2.066921e-01
2.067276e-01
2.071987e-01
2.072665e-01
2.073382e-01
2.075488e-01
2.076011e-01
2.076574e-01
2.078523e-01
2.079473e-01
2.079478e-01
2.080516e-01
2.082490e-01
2.083209e-01
2.083912e-01
2.086111e-01
2.086629e-01
2.087980e-01
2.088671e-01
2.091224e-01
2.092562e-01
2.093116e-01
2.094069e-01
2.095352e-01
2.096069e-01
2.099294e-01
2.099510e-01
2.099963e-01
2.103822e-01
2.104029e-01
2.105774e-01
2.106024e-01
2.106343e-01
2.107888e-01
2.108084e-01
2.109760e-01
2.113222e-01
2.114706e-01
2.115413e-01
2.115730e-01
2.116718e-01
2.116889e-01
2.117475e-01
2.119211e-01
2.119774e-01
2.120662e-01
2.121636e-01
2.122178e-01
2.122207e-01
2.124841e-01
2.126252e-01
2.128007e-01
2.129391e-01
2.129839e-01
2.131891e-01
2.132823e-01
2.134542e-01
2.136647e-01
2.138649e-01
2.139583e-01
2.140211e-01
2.141892e-01
2.144663e-01
2.145529e-01
2.147707e-01
2.148922e-01
2.149601e-01
2.150392e-01
2.151312e-01
2.152569e-01
2.152681e-01
2.152692e-01
2.153720e-01
2.158210e-01
2.158418e-01
2.159610e-01
2.160979e-01
2.161082e-01
2.161300e-01
2.164427e-01
2.166215e-01
2.167063e-01
2.168744e-01
2.169262e-01
2.170059e-01
2.170657e-01
2.173711e-01
2.174398e-01
2.177256e-01
2.179039e-01
2.179333e-01
2.181593e-01
2.183027e-01
2.183646e-01
2.188169e-01
2.188693e-01
2.189879e-01
2.191163e-01
2.193205e-01
2.194501e-01
2.196570e-01
2.196650e-01
2.197088e-01
2.198047e-01
2.201320e-01
2.202581e-01
2.204927e-01
2.205295e-01
2.206866e-01
2.207825e-01
2.208261e-01
2.208653e-01
2.209532e-01
2.211855e-01
2.213120e-01
2.214664e-01
2.214729e-01
2.215007e-01
2.218297e-01
2.221296e-01
2.222527e-01
2.222957e-01
2.223411e-01
2.224669e-01
2.226482e-01
2.226616e-01
2.229797e-01
2.231516e-01
2.231818e-01
2.232937e-01
2.233573e-01
2.233984e-01
2.236188e-01
2.236239e-01
2.238768e-01
2.240664e-01
2.241829e-01
2.242556e-01
2.244520e-01
2.246138e-01
2.248481e-01
2.249081e-01
2.249333e-01
2.249494e-01
2.250188e-01
2.251027e-01
2.251452e-01
2.254771e-01
2.256329e-01
2.258850e-01
2.260514e-01
2.261343e-01
2.262318e-01
2.262934e-01
2.265411e-01
2.267211e-01
2.269055e-01
2.269895e-01
2.271080e-01
2.271284e-01
2.273449e-01
2.274743e-01
2.275645e-01
2.279416e-01
2.279716e-01
2.281703e-01
2.285312e-01
2.286402e-01
2.287721e-01
2.287851e-01
2.289019e-01
2.289454e-01
2.290344e-01
2.291628e-01
2.292432e-01
2.292898e-01
2.296608e-01
2.297763e-01
2.298827e-01
2.301739e-01
2.302878e-01
2.303641e-01
2.304827e-01
2.308149e-01
2.308335e-01
2.308419e-01
2.310208e-01
2.311392e-01
2.313771e-01
2.314682e-01
2.314967e-01
2.316655e-01
2.320192e-01
2.322102e-01
2.324431e-01
2.324480e-01
2.325931e-01
2.327048e-01
2.327908e-01
2.328643e-01
2.328864e-01
2.329113e-01
2.332675e-01
2.333024e-01
2.333060e-01
2.335847e-01
2.336670e-01
2.336744e-01
2.338174e-01
2.341145e-01
2.342716e-01
2.343506e-01
2.343914e-01
2.345145e-01
2.345240e-01
2.347871e-01
2.348153e-01
2.349239e-01
2.351933e-01
2.355047e-01
2.357957e-01
2.357987e-01
2.359045e-01
2.360443e-01
2.360762e-01
2.362226e-01
2.362247e-01
2.363172e-01
2.366358e-01
2.366776e-01
2.367778e-01
2.369101e-01
2.371466e-01
2.372890e-01
2.374375e-01
2.378119e-01
2.378203e-01
2.378329e-01
2.379612e-01
2.382259e-01
2.387189e-01
2.387382e-01
2.388835e-01
2.389127e-01
2.389333e-01
2.390628e-01
2.393389e-01
2.396089e-01
2.396249e-01
2.397950e-01
2.398951e-01
2.399049e-01
2.403930e-01
2.404062e-01
2.407397e-01
2.407864e-01
2.409269e-01
2.410889e-01
2.411676e-01
2.412591e-01
2.413082e-01
2.414090e-01
2.416003e-01
2.418388e-01
2.419780e-01
2.420239e-01
2.421903e-01
2.423537e-01
2.423887e-01
2.425241e-01
2.426524e-01
2.427883e-01
2.430188e-01
2.431453e-01
2.432889e-01
2.433014e-01
2.433923e-01
2.437966e-01
2.439198e-01
2.440821e-01
2.442543e-01
2.443207e-01
2.444412e-01
2.447055e-01
2.447960e-01
2.448323e-01
2.449539e-01
2.449719e-01
2.450219e-01
2.453454e-01
2.454308e-01
2.457682e-01
2.457756e-01
2.460473e-01
2.461523e-01
2.462610e-01
2.463791e-01
2.464048e-01
2.466158e-01
2.467760e-01
2.468303e-01
2.468849e-01
2.472119e-01
2.472953e-01
2.473356e-01
2.475538e-01
2.477532e-01
2.477692e-01
2.478641e-01
2.480958e-01
2.481133e-01
2.482176e-01
2.483251e-01
2.487844e-01
2.488845e-01
2.490229e-01
2.491566e-01
2.492550e-01
2.493103e-01
2.493752e-01
2.496221e-01
2.496238e-01
2.497551e-01
2.501451e-01
2.502048e-01
2.502105e-01
2.505760e-01
2.505997e-01
2.508119e-01
2.509269e-01
2.509938e-01
2.511474e-01
2.514431e-01
2.515746e-01
2.516376e-01
2.516618e-01
2.516969e-01
2.518662e-01
2.519014e-01
2.521819e-01
2.523011e-01
2.526220e-01
2.526951e-01
2.527084e-01
2.531339e-01
2.532675e-01
2.532695e-01
2.533890e-01
2.534968e-01
2.535757e-01
2.537341e-01
2.540321e-01
2.545052e-01
2.545252e-01
2.546554e-01
2.547219e-01
2.549633e-01
2.550853e-01
2.552735e-01
2.552758e-01
2.555724e-01
2.556253e-01
2.556832e-01
2.558291e-01
2.559246e-01
2.559327e-01
2.560157e-01
2.561961e-01
2.563040e-01
2.563098e-01
2.565003e-01
2.566696e-01
2.567072e-01
2.568389e-01
2.569602e-01
2.569995e-01
2.571907e-01
2.572255e-01
2.573220e-01
2.573755e-01
2.573855e-01
2.575825e-01
2.576778e-01
2.577604e-01
2.579092e-01
2.579520e-01
2.579933e-01
2.580996e-01
2.581458e-01
2.582280e-01
2.583852e-01
2.584201e-01
2.584262e-01
2.586357e-01
2.590635e-01
2.590829e-01
2.590925e-01
2.591355e-01
2.592182e-01
2.594834e-01
2.595531e-01
2.595571e-01
2.596975e-01
2.598085e-01
2.600990e-01
2.601550e-01
2.602532e-01
2.605774e-01
2.605989e-01
2.606533e-01
2.606615e-01
2.608117e-01
2.608610e-01
2.610196e-01
2.610988e-01
2.612687e-01
2.614072e-01
2.614196e-01
2.616118e-01
2.616465e-01
2.617800e-01
2.618910e-01
2.620215e-01
2.620816e-01
2.621495e-01
2.623685e-01
2.624033e-01
2.626088e-01
2.627430e-01
2.627476e-01
2.627795e-01
2.628711e-01
2.630480e-01
2.632104e-01
2.634717e-01
2.635368e-01
2.636889e-01
2.638168e-01
2.641940e-01
2.642042e-01
2.643071e-01
2.643621e-01
2.643960e-01
2.645863e-01
2.646119e-01
2.647317e-01
2.649590e-01
2.651230e-01
2.651373e-01
2.653613e-01
2.655372e-01
2.656177e-01
2.656866e-01
2.657493e-01
2.662008e-01
2.662218e-01
2.662325e-01
2.665481e-01
2.666472e-01
2.667131e-01
2.667407e-01
2.668618e-01
2.669318e-01
2.669870e-01
2.669918e-01
2.673325e-01
2.673641e-01
2.674142e-01
2.675537e-01
2.675895e-01
2.676057e-01
2.678069e-01
2.680310e-01
2.681622e-01
2.681820e-01
2.681931e-01
2.684212e-01
2.684933e-01
2.686208e-01
2.688345e-01
2.688786e-01
2.689291e-01
2.689929e-01
2.691075e-01
2.691711e-01
2.694628e-01
2.695532e-01
2.698364e-01
2.698787e-01
2.699519e-01
2.700570e-01
2.703378e-01
2.707864e-01
2.708585e-01
2.708843e-01
2.711532e-01
2.711950e-01
2.713237e-01
2.713380e-01
2.713592e-01
2.718693e-01
2.719355e-01
2.720287e-01
2.720555e-01
2.722354e-01
2.723434e-01
2.723818e-01
2.726329e-01
2.727234e-01
2.727429e-01
2.730568e-01
2.730887e-01
2.731081e-01
2.731796e-01
2.732826e-01
2.733719e-01
2.734577e-01
2.736239e-01
2.738767e-01
2.739356e-01
2.740995e-01
2.741819e-01
2.745083e-01
2.746296e-01
2.746441e-01
2.748545e-01
2.749517e-01
2.749778e-01
2.750490e-01
2.751339e-01
2.753291e-01
2.753437e-01
2.754715e-01
2.756432e-01
2.757215e-01
2.758167e-01
2.760487e-01
2.761007e-01
2.761683e-01
2.762905e-01
2.764821e-01
2.765613e-01
2.767605e-01
2.771093e-01
2.772086e-01
2.772459e-01
2.772848e-01
2.772881e-01
2.774095e-01
2.778637e-01
2.778738e-01
2.781153e-01
2.781223e-01
2.783092e-01
2.784760e-01
2.785857e-01
2.786715e-01
2.786837e-01
2.789856e-01
2.790062e-01
2.791971e-01
2.792307e-01
2.792592e-01
2.795763e-01
2.796780e-01
2.796952e-01
2.798604e-01
2.799081e-01
2.799184e-01
2.803226e-01
2.804288e-01
2.805188e-01
2.808172e-01
2.810807e-01
2.810961e-01
2.811074e-01
2.811245e-01
2.811668e-01
2.812632e-01
2.814029e-01
2.816076e-01
2.819976e-01
2.820404e-01
2.821170e-01
2.824768e-01
2.824808e-01
2.825115e-01
2.825410e-01
2.827511e-01
2.828598e-01
2.829075e-01
2.829081e-01
2.830306e-01
2.830683e-01
2.830979e-01
2.831373e-01
2.832819e-01
2.835309e-01
2.836157e-01
2.838590e-01
2.840580e-01
2.841136e-01
2.843025e-01
2.844783e-01
2.844785e-01
2.846474e-01
2.848274e-01
2.848641e-01
2.853365e-01
2.854354e-01
2.856319e-01
2.856491e-01
2.858537e-01
2.859072e-01
2.859450e-01
2.859885e-01
2.861818e-01
2.863097e-01
2.863365e-01
2.865463e-01
2.866101e-01
2.866333e-01
2.869574e-01
2.869807e-01
2.870354e-01
2.872055e-01
2.874644e-01
2.876582e-01
2.879144e-01
2.879884e-01
2.881227e-01
2.882524e-01
2.883152e-01
2.883221e-01
2.884930e-01
2.885212e-01
2.885809e-01
2.885872e-01
2.891990e-01
2.892443e-01
2.895840e-01
2.895896e-01
2.897077e-01
2.898843e-01
2.902164e-01
2.903649e-01
2.905678e-01
2.910014e-01
2.910290e-01
2.910593e-01
2.911654e-01
2.912056e-01
2.914258e-01
2.915628e-01
2.917688e-01
2.917925e-01
2.920004e-01
2.920888e-01
2.921644e-01
2.922740e-01
2.923190e-01
2.924772e-01
2.926606e-01
2.928473e-01
2.929596e-01
2.929735e-01
2.931484e-01
2.931743e-01
2.932811e-01
2.936039e-01
2.936699e-01
2.937013e-01
2.939079e-01
2.940224e-01
2.944764e-01
2.948390e-01
2.949246e-01
2.950098e-01
2.952513e-01
2.953598e-01
2.953991e-01
2.958555e-01
2.958778e-01
2.959158e-01
2.961523e-01
2.963987e-01
2.968495e-01
2.970601e-01
2.971524e-01
2.974721e-01
2.974909e-01
2.976409e-01
2.978179e-01
2.980210e-01
2.980541e-01
2.982835e-01
2.983004e-01
2.983005e-01
2.984593e-01
2.985788e-01
2.986077e-01
2.989710e-01
2.992466e-01
2.994864e-01
2.996060e-01
2.997293e-01
2.997652e-01
2.998655e-01
3.000913e-01
3.002045e-01
3.005046e-01
3.007055e-01
3.010453e-01
3.012933e-01
3.014340e-01
3.014362e-01
3.017691e-01
3.021082e-01
3.021655e-01
3.022466e-01
3.022632e-01
3.025608e-01
3.025611e-01
3.025766e-01
3.030913e-01
3.033492e-01
3.034204e-01
3.036313e-01
3.038801e-01
3.041171e-01
3.042803e-01
3.045536e-01
3.048948e-01
3.049543e-01
3.050543e-01
3.051679e-01
3.056083e-01
3.057080e-01
3.057473e-01
3.057996e-01
3.060311e-01
3.064359e-01
3.065396e-01
3.069560e-01
3.071843e-01
3.072307e-01
3.072476e-01
3.072505e-01
3.073458e-01
3.073553e-01
3.076255e-01
3.076720e-01
3.079723e-01
3.080000e-01
3.081942e-01
3.084470e-01
3.087537e-01
3.087556e-01
3.091936e-01
3.092641e-01
3.093432e-01
3.093745e-01
3.093847e-01
3.096622e-01
3.097882e-01
3.099079e-01
3.100236e-01
3.103460e-01
3.105673e-01
3.106568e-01
3.107354e-01
3.108918e-01
3.112234e-01
3.116263e-01
3.116950e-01
3.118568e-01
3.119917e-01
3.121568e-01
3.123614e-01
3.124308e-01
3.125205e-01
3.126577e-01
3.128122e-01
3.129783e-01
3.132396e-01
3.132525e-01
3.134020e-01
3.135402e-01
3.136578e-01
3.137686e-01
3.141587e-01
3.143231e-01
3.143452e-01
3.146020e-01
3.148213e-01
3.149257e-01
3.151853e-01
3.154251e-01
3.154743e-01
3.154933e-01
3.157087e-01
3.160123e-01
3.160318e-01
3.160827e-01
3.163938e-01
3.165375e-01
3.166531e-01
3.169303e-01
3.171245e-01
3.172203e-01
3.172353e-01
3.174718e-01
3.176585e-01
3.176986e-01
3.178205e-01
3.178952e-01
3.181026e-01
3.181947e-01
3.182869e-01
3.182975e-01
3.184980e-01
3.187264e-01
3.190041e-01
3.193752e-01
3.193795e-01
3.196017e-01
3.196552e-01
3.200765e-01
3.201687e-01
3.202584e-01
3.202611e-01
3.208014e-01
3.209844e-01
3.209867e-01
3.213338e-01
3.213790e-01
3.218635e-01
3.218869e-01
3.219046e-01
3.221780e-01
3.222471e-01
3.223448e-01
3.225166e-01
3.227481e-01
3.229202e-01
3.230761e-01
3.234209e-01
3.236558e-01
3.236964e-01
3.240834e-01
3.241766e-01
3.245466e-01
3.248431e-01
3.249151e-01
3.249914e-01
3.253513e-01
3.255578e-01
3.255900e-01
3.256510e-01
3.256678e-01
3.259082e-01
3.262115e-01
3.265925e-01
3.266181e-01
3.268751e-01
3.269405e-01
3.269744e-01
3.271296e-01
3.272504e-01
3.275003e-01
3.277897e-01
3.279196e-01
3.279220e-01
3.284270e-01
3.284640e-01
3.287228e-01
3.288083e-01
3.291487e-01
3.295864e-01
3.296031e-01
3.297451e-01
3.298441e-01
3.300371e-01
3.301071e-01
3.302978e-01
3.303272e-01
3.303889e-01
3.308407e-01
3.312100e-01
3.313301e-01
3.313920e-01
3.316316e-01
3.317347e-01
3.319861e-01
3.321795e-01
3.325454e-01
3.325532e-01
3.327730e-01
3.329469e-01
3.329552e-01
3.333416e-01
3.335822e-01
3.336004e-01
3.340119e-01
3.340293e-01
3.342273e-01
3.343182e-01
3.345308e-01
3.352006e-01
3.352053e-01
3.352381e-01
3.354738e-01
3.357773e-01
3.359155e-01
3.361295e-01
3.363276e-01
3.368047e-01
3.369465e-01
3.371576e-01
3.377327e-01
3.380224e-01
3.380586e-01
3.381032e-01
3.381496e-01
3.384515e-01
3.386423e-01
3.390653e-01
3.393464e-01
3.394703e-01
3.395765e-01
3.396826e-01
3.399810e-01
3.403704e-01
3.405264e-01
3.405540e-01
3.408145e-01
3.408899e-01
3.418327e-01
3.418928e-01
3.419286e-01
3.422638e-01
3.425280e-01
3.427007e-01
3.429360e-01
3.434189e-01
3.436669e-01
3.436851e-01
3.438358e-01
3.439974e-01
3.441775e-01
3.444134e-01
3.446849e-01
3.450995e-01
3.452224e-01
3.452396e-01
3.454554e-01
3.460128e-01
3.460639e-01
3.462754e-01
3.463561e-01
3.468490e-01
3.468749e-01
3.471487e-01
3.473703e-01
3.474752e-01
3.479102e-01
3.480086e-01
3.480612e-01
3.483675e-01
3.484932e-01
3.486147e-01
3.489433e-01
3.489697e-01
3.494034e-01
3.498042e-01
3.501056e-01
3.501472e-01
3.502657e-01
3.506106e-01
3.506754e-01
3.507288e-01
3.510036e-01
3.512413e-01
3.512750e-01
3.513699e-01
3.517459e-01
3.521227e-01
3.524297e-01
3.526958e-01
3.528688e-01
3.530728e-01
3.534736e-01
3.538945e-01
3.539138e-01
3.544659e-01
3.544812e-01
3.547211e-01
3.548651e-01
3.549108e-01
3.551691e-01
3.551768e-01
3.554165e-01
3.558133e-01
3.559195e-01
3.559588e-01
3.563188e-01
3.567366e-01
3.568913e-01
3.569849e-01
3.571663e-01
3.573228e-01
3.586313e-01
3.588056e-01
3.594619e-01
3.594775e-01
3.599069e-01
3.600632e-01
3.601709e-01
3.603194e-01
3.604647e-01
3.604771e-01
3.611433e-01
3.614623e-01
3.615367e-01
3.616203e-01
3.618215e-01
3.620200e-01
3.621781e-01
3.624141e-01
3.625583e-01
3.629736e-01
3.631936e-01
3.635655e-01
3.638272e-01
3.639379e-01
3.643996e-01
3.646096e-01
3.646984e-01
3.650579e-01
3.651870e-01
3.653743e-01
3.658163e-01
3.661151e-01
3.667550e-01
3.669005e-01
3.673902e-01
3.679396e-01
3.680611e-01
3.681278e-01
3.681323e-01
3.682992e-01
3.688481e-01
3.694615e-01
3.695207e-01
3.703915e-01
3.705562e-01
3.707079e-01
3.709688e-01
3.710619e-01
3.711477e-01
3.712746e-01
3.715192e-01
3.719303e-01
3.721108e-01
3.723151e-01
3.727542e-01
3.728798e-01
3.731946e-01
3.732220e-01
3.735276e-01
3.736158e-01
3.736989e-01
3.740127e-01
3.740563e-01
3.743637e-01
3.748359e-01
3.754149e-01
3.755821e-01
3.762888e-01
3.766014e-01
3.768841e-01
3.772630e-01
3.776726e-01
3.779583e-01
3.780721e-01
3.786644e-01
3.787510e-01
3.788242e-01
3.791040e-01
3.792083e-01
3.796930e-01
3.801453e-01
3.805397e-01
3.809138e-01
3.814022e-01
3.814402e-01
3.818820e-01
3.823516e-01
3.827855e-01
3.831822e-01
3.833568e-01
3.834906e-01
3.840053e-01
3.840361e-01
3.843048e-01
3.844591e-01
3.848413e-01
3.848835e-01
3.849947e-01
3.850556e-01
3.855436e-01
3.864825e-01
3.864950e-01
3.868943e-01
3.870032e-01
3.874519e-01
3.878235e-01
3.882536e-01
3.882621e-01
3.883997e-01
3.886850e-01
3.888710e-01
3.888968e-01
3.889892e-01
3.894547e-01
3.895283e-01
3.895574e-01
3.899948e-01
3.905374e-01
3.906743e-01
3.907525e-01
3.920470e-01
3.923296e-01
3.931545e-01
3.935169e-01
3.939406e-01
3.944973e-01
3.945008e-01
3.945719e-01
3.946197e-01
3.950068e-01
3.950116e-01
3.960739e-01
3.962237e-01
3.967247e-01
3.967393e-01
3.974755e-01
3.975920e-01
3.982784e-01
3.983005e-01
3.991820e-01
3.992362e-01
3.999098e-01
4.000238e-01
4.010717e-01
4.012542e-01
4.013883e-01
4.014438e-01
4.024530e-01
4.025433e-01
4.030318e-01
4.031737e-01
4.036756e-01
4.042437e-01
4.059823e-01
4.061962e-01
4.062259e-01
4.063135e-01
4.064177e-01
4.064728e-01
4.070483e-01
4.071087e-01
4.072331e-01
4.072482e-01
4.093312e-01
4.094126e-01
4.099787e-01
4.099991e-01
4.108407e-01
4.109002e-01
4.119332e-01
4.121919e-01
4.122753e-01
4.123187e-01
4.133499e-01
4.133587e-01
4.134535e-01
4.137627e-01
4.150243e-01
4.158002e-01
4.161123e-01
4.161465e-01
4.162526e-01
4.167342e-01
4.178894e-01
4.179584e-01
4.188662e-01
4.190272e-01
4.194771e-01
4.195049e-01
4.204399e-01
4.209656e-01
4.214408e-01
4.214961e-01
4.216325e-01
4.216393e-01
4.217387e-01
4.226513e-01
4.236909e-01
4.239804e-01
4.244332e-01
4.250134e-01
4.252455e-01
4.255262e-01
4.256794e-01
4.257622e-01
4.258932e-01
4.261265e-01
4.263238e-01
4.266449e-01
4.267515e-01
4.273464e-01
4.285866e-01
4.286053e-01
4.291613e-01
4.292013e-01
4.300353e-01
4.301966e-01
4.303481e-01
4.305465e-01
4.305635e-01
4.306392e-01
4.320260e-01
4.320636e-01
4.321026e-01
4.322613e-01
4.324656e-01
4.325110e-01
4.333566e-01
4.338056e-01
4.342893e-01
4.343748e-01
4.344106e-01
4.358733e-01
4.364661e-01
4.365141e-01
4.365332e-01
4.366719e-01
4.404224e-01
4.406209e-01
4.444332e-01
4.445239e-01
4.461896e-01
4.462182e-01
4.462309e-01
4.462353e-01
4.471055e-01
4.471405e-01
4.495951e-01
4.496196e-01
4.509108e-01
4.509252e-01
4.522937e-01
4.522959e-01
4.542828e-01
4.543798e-01
4.617689e-01
4.618075e-01
4.665671e-01
4.666582e-01
4.674993e-01
4.675005e-01
4.723471e-01
4.724333e-01
4.790630e-01
4.790636e-01
4.824250e-01
4.824597e-01
4.824895e-01
4.825149e-01
4.856834e-01
4.857043e-01
4.864896e-01
4.865052e-01
4.873246e-01
4.873271e-01
4.900592e-01
4.901115e-01
4.921462e-01
4.921580e-01
4.938906e-01
4.939295e-01
4.940371e-01
4.940440e-01
4.953056e-01
4.954238e-01
4.980641e-01
4.980705e-01
4.988341e-01
4.988363e-01
4.992520e-01
4.993466e-01
4.996169e-01
4.996171e-01
5.001078e-01
5.001225e-01
5.038425e-01
5.038517e-01
5.040530e-01
5.041086e-01
5.051786e-01
5.052623e-01
5.058091e-01
5.058262e-01
5.074864e-01
5.074955e-01
5.075321e-01
5.075366e-01
5.121880e-01
5.122773e-01
5.125742e-01
5.126349e-01
5.149989e-01
5.150547e-01
5.153963e-01
5.154319e-01
5.172935e-01
5.173735e-01
5.177976e-01
5.178569e-01
5.180564e-01
5.180718e-01
5.193213e-01
5.193316e-01
5.193589e-01
5.193780e-01
5.218177e-01
5.218554e-01
5.245356e-01
5.245409e-01
5.282225e-01
5.282886e-01
5.300977e-01
5.301093e-01
5.324142e-01
5.324826e-01
5.355943e-01
5.355994e-01
5.391972e-01
5.392020e-01
5.408802e-01
5.408946e-01
5.409068e-01
5.409184e-01
5.446944e-01
5.447097e-01
5.472498e-01
5.472745e-01
5.488317e-01
5.488546e-01
5.521303e-01
5.521406e-01
5.725136e-01
5.725221e-01
5.762107e-01
5.762207e-01
5.792186e-01
5.792191e-01
5.844533e-01
5.844544e-01
5.873393e-01
5.873395e-01
5.924525e-01
5.924536e-01
6.063577e-01
6.063629e-01
6.080999e-01
6.081294e-01
6.092724e-01
6.093276e-01
6.095887e-01
6.095977e-01
6.102034e-01
6.102848e-01
6.107322e-01
6.107485e-01
6.134168e-01
6.134324e-01
6.158678e-01
6.159053e-01
6.167281e-01
6.167282e-01
6.196822e-01
6.197228e-01
6.221451e-01
6.221453e-01
6.230728e-01
6.231022e-01
6.241117e-01
6.241119e-01
6.258627e-01
6.258922e-01
6.285930e-01
6.285934e-01
6.300044e-01
6.300047e-01
6.363512e-01
6.363750e-01
6.387193e-01
6.387400e-01
6.480058e-01
6.480075e-01
6.546080e-01
6.546096e-01
6.625436e-01
6.625447e-01
6.632687e-01
6.632714e-01
6.660039e-01
6.660076e-01
6.668498e-01
6.668524e-01
6.685692e-01
6.685720e-01
6.698760e-01
6.698762e-01
7.222906e-01
7.222908e-01
7.242220e-01
7.242220e-01
7.262798e-01
7.262799e-01
7.271557e-01
7.271560e-01
7.613418e-01
7.613419e-01
7.655667e-01
7.655669e-01
7.980210e-01
7.980210e-01
7.988960e-01
7.988962e-01
7.991986e-01
7.991988e-01
8.002696e-01
8.002697e-01
8.457362e-01
8.457367e-01
8.467806e-01
8.467810e-01
8.605634e-01
8.605636e-01
8.627333e-01
8.627334e-01
9.561285e-01
9.561285e-01
9.567061e-01
9.567062e-01
9.993241e-01
9.993241e-01
1.000000e+00
1.000000e+00
