# sorted relative singular values (kkt) field=generic3d eps=0.25 N=12 n=3601
1.610491705575212542e-03
2.123041723752531855e-03
2.127324501397155881e-03
2.181363393534296695e-03
2.189453980841429837e-03
2.317820516250885740e-03
2.346098269573243956e-03
2.401503959678769323e-03
2.444583717802409264e-03
2.596525923860707255e-03
2.597373068954311054e-03
2.691314746456568638e-03
2.695556911048373021e-03
3.119361940082623907e-03
3.173173949907153856e-03
3.272303132117920614e-03
3.289859751130290791e-03
3.620338145552307908e-03
3.629687616315301242e-03
3.774307392792312314e-03
3.794826947009358360e-03
4.823519562237209984e-03
5.004461399658559698e-03
5.136974437154133086e-03
5.158622193372711801e-03
5.243827138455160047e-03
5.246822882172730643e-03
5.516991605504939326e-03
5.524801140690499372e-03
5.604454698532216478e-03
5.622737872634824691e-03
5.651585771824715887e-03
5.664344863578260093e-03
6.238409647817555991e-03
6.470005493515985050e-03
8.598998366816081040e-03
8.606693201552582245e-03
8.916748677766688641e-03
8.922191529464053653e-03
9.166351036244368283e-03
9.169328326794729325e-03
9.182225333187700109e-03
9.189921453281143723e-03
9.593590912366212892e-03
9.770902087524834315e-03
1.160793449030844172e-02
1.176096272650284554e-02
1.186839191544924316e-02
1.205076424811692658e-02
1.230609359576563533e-02
1.259763990654377309e-02
1.260821411647095221e-02
1.271682400729625545e-02
1.279689496065074088e-02
1.304561646095517627e-02
1.321432034783225594e-02
1.334047186215709356e-02
1.344997347341422844e-02
1.371247503175057440e-02
1.389684498125287951e-02
1.396615204276178968e-02
1.411311872411690101e-02
1.411707637482789712e-02
1.414878379210553552e-02
1.424379913237491628e-02
1.426611100081548629e-02
1.431110070471761607e-02
1.541606588115216302e-02
1.544606230487852866e-02
1.554383058447657978e-02
1.556088480839292951e-02
1.624280856278141269e-02
1.640583908581900313e-02
1.664744617846759811e-02
1.670403692936468440e-02
1.680733013042568988e-02
1.711510962905414199e-02
1.715639749569254288e-02
1.748018922518203289e-02
1.779390556992826306e-02
1.786648208634736279e-02
1.821567864285116717e-02
1.831606309695246737e-02
1.868544628028151466e-02
1.891686171440148945e-02
1.903600632981932231e-02
1.940557354346453614e-02
1.948626866240875041e-02
1.965339728602924496e-02
1.982536715781970868e-02
1.988028058244081797e-02
1.989970093399475240e-02
2.007057219998264683e-02
2.036991076956026769e-02
2.048108985680007973e-02
2.076435423413903678e-02
2.086770978599312293e-02
2.099827134132479026e-02
2.116475632890768219e-02
2.120716751658460048e-02
2.137992522693245995e-02
2.141577408374120695e-02
2.155372635204150233e-02
2.158997131252802723e-02
2.181294843187543339e-02
2.208517083806514972e-02
2.219845450351881980e-02
2.222468478864788807e-02
2.248614147854169701e-02
2.255102080111307319e-02
2.262935570110747446e-02
2.286403983317999988e-02
2.292540407653028203e-02
2.301405859621909189e-02
2.330422032385408293e-02
2.333393540930977367e-02
2.342014384025060958e-02
2.344211173550203933e-02
2.371049252086527073e-02
2.387346461889795421e-02
2.403645212120594787e-02
2.413193486185915074e-02
2.428596040763763772e-02
2.433307123543692121e-02
2.436258429548109061e-02
2.458482587483563908e-02
2.472823724679421714e-02
2.486917513270392802e-02
2.497544518335070504e-02
2.530716912615241926e-02
2.535424032475053213e-02
2.550229612055837994e-02
2.559815534429623826e-02
2.561735352182869033e-02
2.615619794679718835e-02
2.625429851470747686e-02
2.627027183557816351e-02
2.654479365749368852e-02
2.656553230352348000e-02
2.685004438657385278e-02
2.693304318438743614e-02
2.705679161673151326e-02
2.763416216273838211e-02
2.809560193584124260e-02
2.830532566236972081e-02
2.837720285342907114e-02
2.852969253236792638e-02
2.867989399630287151e-02
2.870830739207798701e-02
2.883220360044565223e-02
2.886694404260511243e-02
3.175376399855925347e-02
3.241829294708709064e-02
3.247268201735319104e-02
3.256632014012303400e-02
3.268966340286167532e-02
3.329923555708397265e-02
3.336200671788475819e-02
3.344898309493030131e-02
3.405078126435492902e-02
3.421133313854819030e-02
3.538893075350414003e-02
3.557292654577959984e-02
3.569359914471841727e-02
3.571137954720001589e-02
3.575166423817442707e-02
3.617626167864120001e-02
3.630370283954917343e-02
3.638783015804589183e-02
3.640158084792802923e-02
3.654960500735657258e-02
3.676346886993704655e-02
3.687819488652662597e-02
3.704266197430479413e-02
3.712083905828005709e-02
3.722339461487529644e-02
3.729307414600520343e-02
3.741450673172158625e-02
3.752772108493452469e-02
3.807212883335353570e-02
3.819563649949015566e-02
3.832457355776447416e-02
3.860803627828467144e-02
3.875764628285710556e-02
3.876830728100162660e-02
3.905175468806548061e-02
3.917966588239277931e-02
3.945540247221563518e-02
3.948211886704833251e-02
4.034045726753020256e-02
4.054784679947045362e-02
4.092291641206490665e-02
4.101930662998992672e-02
4.129589649359945852e-02
4.147151902505876592e-02
4.170256643306467781e-02
4.185728333642897703e-02
4.193420329072626573e-02
4.213323322068748822e-02
4.225538280184590323e-02
4.241224662658788641e-02
4.256492771396934438e-02
4.270239840307876733e-02
4.313265172573133716e-02
4.323437894813117466e-02
4.354577848844664451e-02
4.369484824869729334e-02
4.400231651970745728e-02
4.414014099098232530e-02
4.427700096940289515e-02
4.438570463754543116e-02
4.443293612394212666e-02
4.445615307877753136e-02
4.449427838491696457e-02
4.468921862601252931e-02
4.492662913380568446e-02
4.502313746073524636e-02
4.513119437803047446e-02
4.514890965775413684e-02
4.525629343670931753e-02
4.535977126932778936e-02
4.536750911489251942e-02
4.575190069233488199e-02
4.589389930569851006e-02
4.624907109212608031e-02
4.630014859306434000e-02
4.653757906232660474e-02
4.686679439286087906e-02
4.700321259557433545e-02
4.707016190903825364e-02
4.726339438827136669e-02
4.744725034305726646e-02
4.753890009603359279e-02
4.781857571310135085e-02
4.826121631242245857e-02
4.834325198071833668e-02
4.840649123335108439e-02
4.841399095953070192e-02
4.848237546905521944e-02
4.868569418336791965e-02
4.875561533242250833e-02
4.882166462484203301e-02
4.892239757029571978e-02
4.903315762072101708e-02
4.909478073082654964e-02
4.926772908656357891e-02
4.969063855492963921e-02
4.975721432893946694e-02
5.033494423285111291e-02
5.079438508233424798e-02
5.095332113378814309e-02
5.118344595448005852e-02
5.133560694177514289e-02
5.155141352231776275e-02
5.176048532778380201e-02
5.180140498021773565e-02
5.218919285620716997e-02
5.251415501126040913e-02
5.254877382696557242e-02
5.268090871851481560e-02
5.308184630014855382e-02
5.315787826547081069e-02
5.336896825298419189e-02
5.355532061270103922e-02
5.360960289396510259e-02
5.391918535808837287e-02
5.399454788863967264e-02
5.410233854096554995e-02
5.416333408903015179e-02
5.426504135156094005e-02
5.450465885597922944e-02
5.461968337276119217e-02
5.488336131403260404e-02
5.504307510269146331e-02
5.545453313322057376e-02
5.560608097436513242e-02
5.602135460876883633e-02
5.609164189188970556e-02
5.614944821106720996e-02
5.620925615780670431e-02
5.634572507407777792e-02
5.649828444761658547e-02
5.678097270382189560e-02
5.689356043085763703e-02
5.699018286565456226e-02
5.704242294788731960e-02
5.727473329836854643e-02
5.734690296186647357e-02
5.755827125912910125e-02
5.762671128631003531e-02
5.781530306399988023e-02
5.786264020799217200e-02
5.821760653641229466e-02
5.831068292201169179e-02
5.843517423246013393e-02
5.870051039091281342e-02
5.873030441064470974e-02
5.892003749032448390e-02
5.906719284374015860e-02
5.937009499292501130e-02
5.956307859203919391e-02
5.965605094275764492e-02
5.989929558111166397e-02
5.998948185813084144e-02
6.012765179298270452e-02
6.048973482543391206e-02
6.064507561399470892e-02
6.079222089053686051e-02
6.089598035892689748e-02
6.100502041666266279e-02
6.103908050384113798e-02
6.127883614000862594e-02
6.137525594041753907e-02
6.192278823565010998e-02
6.215526581632020015e-02
6.224812849790781893e-02
6.241213537034265291e-02
6.251676444809900479e-02
6.261926398203598865e-02
6.269484138424839814e-02
6.290691535542761170e-02
6.313453974985409889e-02
6.315366226545149342e-02
6.331022821365009379e-02
6.350392883709833625e-02
6.368923426481438999e-02
6.383045591442884636e-02
6.393309664197488473e-02
6.396239062762068550e-02
6.404099769343350734e-02
6.418363398062436331e-02
6.419642035765958654e-02
6.429159030944170405e-02
6.445619527401996729e-02
6.474160067951260922e-02
6.488233060837596267e-02
6.497840468013282855e-02
6.512282248132096607e-02
6.531161360239257085e-02
6.544932349580598330e-02
6.563106885771610721e-02
6.586271723549312618e-02
6.594290279586720316e-02
6.606808908468099484e-02
6.608045562630936176e-02
6.627484719456561146e-02
6.637547483429570572e-02
6.669935089706972853e-02
6.681453610457825654e-02
6.732947196014442415e-02
6.753378587422301238e-02
6.767721118642244793e-02
6.781779941575320769e-02
6.798290535430465131e-02
6.810078450475752498e-02
6.816587342067896571e-02
6.837114204788002914e-02
6.849105765145727109e-02
6.855473192216252065e-02
6.871847343502025807e-02
6.875349316008806666e-02
6.921529515542815258e-02
6.932486879212647335e-02
6.955937784470163365e-02
6.990154634753369123e-02
7.030988231832926982e-02
7.058260563362134254e-02
7.059377512932746290e-02
7.120732850829149252e-02
7.148540806209170706e-02
7.154781737632016914e-02
7.170584233235453853e-02
7.175987112084168673e-02
7.199308718120235595e-02
7.205936387909092633e-02
7.208620088425170269e-02
7.227807600095255414e-02
7.239633658167568542e-02
7.260259996926780868e-02
7.304734978006323376e-02
7.347115030816982195e-02
7.363888942303911667e-02
7.374249656318000723e-02
7.379042223202056383e-02
7.389395021301177480e-02
7.417378940570132362e-02
7.420959967384990752e-02
7.430084024938075904e-02
7.440545407602988659e-02
7.447653644835845743e-02
7.454196673077184698e-02
7.478034280241795118e-02
7.492182739989756979e-02
7.504498554941380073e-02
7.516819142209826832e-02
7.542791215209410094e-02
7.544434377114704604e-02
7.559898108643496595e-02
7.562522891392055302e-02
7.572686077406887151e-02
7.591933867348717169e-02
7.598233275776952733e-02
7.632747509977383382e-02
7.677681032228207691e-02
7.678521142798314103e-02
7.710436166445203132e-02
7.738699240505331201e-02
7.741600339017498666e-02
7.750688119296418599e-02
7.782743002830783130e-02
7.813051469020679263e-02
7.829154841293181621e-02
7.838669096355750654e-02
7.879766440257729432e-02
7.888942766140681628e-02
7.904155665318148005e-02
7.912698255130085068e-02
7.919598985251473378e-02
7.932704441296371811e-02
7.939627398918688850e-02
7.984476990635168414e-02
7.995653839231488258e-02
8.016981229085815008e-02
8.040188257134876781e-02
8.052173995725692146e-02
8.081936839839799769e-02
8.093533938154565122e-02
8.112804944762493087e-02
8.119285802079292957e-02
8.145556397783179636e-02
8.153382991527811929e-02
8.169126756159743319e-02
8.184592074255979399e-02
8.199437140345329500e-02
8.235906732303766020e-02
8.254567045172088446e-02
8.282135661931956661e-02
8.289364618281670760e-02
8.298662401650391818e-02
8.323939012988663955e-02
8.335745902062229040e-02
8.356927659509497119e-02
8.375172941896633083e-02
8.393908201670519098e-02
8.410383334211883610e-02
8.434921770563072463e-02
8.461395164307872196e-02
8.467175457518981430e-02
8.487277979833571240e-02
8.509439115288458533e-02
8.537224535594767350e-02
8.544815910426531436e-02
8.579364645572187809e-02
8.581317649683188609e-02
8.656112571112004050e-02
8.684560126503852728e-02
8.694687393150907218e-02
8.726494695891925946e-02
8.767036591153949676e-02
8.832115586125377504e-02
8.843810658151268767e-02
8.854236947418286929e-02
8.861903778989957403e-02
8.866694318062046110e-02
8.874880860945336125e-02
8.899538285750137334e-02
8.916535167782753402e-02
8.927609836679552269e-02
8.937786317422972970e-02
8.970581779710073977e-02
8.986004766588902293e-02
9.000384351268926608e-02
9.017236668033011548e-02
9.027230127331567489e-02
9.032042591949296373e-02
9.050557243422115150e-02
9.062866865178186015e-02
9.065294425777903342e-02
9.092527273662757981e-02
9.098562225918149782e-02
9.121753240628308057e-02
9.134159199710809030e-02
9.161181830200829102e-02
9.165125213723582243e-02
9.179255678682048114e-02
9.204141705842208698e-02
9.221770806922284514e-02
9.243599143279247754e-02
9.245158355237624581e-02
9.266675859814126059e-02
9.293937802510125745e-02
9.302467927451016361e-02
9.337830166400071241e-02
9.349582035610283504e-02
9.373880594012805323e-02
9.395049632072820234e-02
9.404721744214106227e-02
9.406625736783896796e-02
9.414105296766808739e-02
9.427113084017377242e-02
9.441475638881841048e-02
9.443809128170255196e-02
9.454475839097062351e-02
9.471433570467417684e-02
9.480809379265850434e-02
9.497798757199898967e-02
9.508602500198713725e-02
9.529332422652304901e-02
9.545637955820840403e-02
9.589234743543108286e-02
9.595316117155283653e-02
9.596024538071863674e-02
9.612291071334289061e-02
9.631591417275715827e-02
9.640777425139944457e-02
9.671966346600982534e-02
9.679909242084515364e-02
9.698674966218123750e-02
9.699438589001230238e-02
9.701779450237250912e-02
9.716524462420565722e-02
9.737282544329912970e-02
9.750468806379487818e-02
9.779679071275476643e-02
9.826649729667898125e-02
9.856870543090349990e-02
9.886738430095447228e-02
9.901544285579787219e-02
9.921829418409230938e-02
9.924110098445103334e-02
9.928959921541810618e-02
9.938043821739513117e-02
9.944936744842261533e-02
9.957334884075771941e-02
9.964102582926713525e-02
9.979591168542131796e-02
9.985679340634487366e-02
1.000554073970297136e-01
1.001226664828872015e-01
1.003310768418541610e-01
1.006975070917278808e-01
1.010114487540632738e-01
1.011078707976106328e-01
1.012987033514006346e-01
1.014009831519689098e-01
1.015895766281786489e-01
1.016362359221949230e-01
1.016455172470186186e-01
1.018376914299937153e-01
1.020660664594447709e-01
1.022252242243384679e-01
1.023107909728909332e-01
1.024348711561485076e-01
1.025028411711721155e-01
1.026019112015637696e-01
1.027845413510334038e-01
1.029318607378302691e-01
1.031104760763963263e-01
1.031554535238252551e-01
1.031958236951341090e-01
1.034080718992039377e-01
1.035494889501251264e-01
1.037182888174815465e-01
1.037490608966756822e-01
1.038645332755496892e-01
1.039549158373727494e-01
1.044230444364835919e-01
1.045736572427775624e-01
1.050211054698311358e-01
1.051291377606413946e-01
1.053162841827555429e-01
1.053941692464478858e-01
1.054552213945098155e-01
1.056510537451734594e-01
1.057391294986942121e-01
1.059459085415578455e-01
1.060510600547103360e-01
1.063423267116247323e-01
1.063441965329609135e-01
1.064592501147632042e-01
1.065808603111981501e-01
1.067781350666165419e-01
1.069052937367188372e-01
1.070970736373968307e-01
1.071473224561919901e-01
1.071888543999371529e-01
1.073447302502082007e-01
1.074131777682215544e-01
1.075475285489932847e-01
1.075914263799480491e-01
1.077481494506337123e-01
1.078255111741889677e-01
1.078852054234805957e-01
1.080210390021992539e-01
1.081538061866838679e-01
1.083538479784806052e-01
1.085166610816499927e-01
1.087559522802145351e-01
1.089045381813332353e-01
1.089977997553066430e-01
1.090708913630258764e-01
1.091244168800156594e-01
1.091441083126678813e-01
1.093423695041271793e-01
1.094667570756464453e-01
1.094990196490399775e-01
1.097533491845758963e-01
1.097638481367628760e-01
1.100073749669249201e-01
1.102014983938881532e-01
1.103385738341132599e-01
1.105401597698956323e-01
1.105725402040318162e-01
1.107978848306968578e-01
1.108194837387214554e-01
1.110788814795316687e-01
1.111025256174139053e-01
1.111492400865154578e-01
1.112317433846313763e-01
1.112744236601122400e-01
1.113377123726248391e-01
1.115822995849457822e-01
1.117238367097241197e-01
1.117558004630515994e-01
1.118599831120009741e-01
1.119514166503055436e-01
1.121464154971140714e-01
1.122944956686835749e-01
1.124023467764452971e-01
1.125392809845843223e-01
1.126466406145728016e-01
1.128595344011656398e-01
1.130143794969347137e-01
1.131144009331174483e-01
1.131409319568783683e-01
1.133155205697488482e-01
1.134685447759481852e-01
1.138186679484949615e-01
1.140428672176256319e-01
1.142217408683051799e-01
1.143050871257533518e-01
1.143768374457859310e-01
1.144215448675319213e-01
1.145513866971295119e-01
1.146931888448280284e-01
1.148831749400507363e-01
1.149562914166946948e-01
1.150963709812807684e-01
1.152430286177924812e-01
1.152935950623510952e-01
1.153572232892260685e-01
1.155195239840734883e-01
1.157023238328836467e-01
1.158286882674331025e-01
1.161375028834588929e-01
1.162138060104270509e-01
1.162839135889699588e-01
1.164421478015051359e-01
1.165858041824941876e-01
1.167193323470724076e-01
1.167267002902286216e-01
1.167874439961891775e-01
1.170090306935108321e-01
1.171628319129504048e-01
1.171810232119030876e-01
1.172308429288849568e-01
1.172829781542139155e-01
1.174600810984478966e-01
1.174791635570025944e-01
1.176350527140206381e-01
1.177094799688650079e-01
1.178606763428719229e-01
1.179397527801296086e-01
1.179609097784761196e-01
1.181286533969567315e-01
1.182860135194058054e-01
1.186121522118494392e-01
1.187125686383327799e-01
1.188168772023852349e-01
1.188668371230233445e-01
1.190100615049860255e-01
1.191189345286240153e-01
1.192597678928391108e-01
1.193434269629871786e-01
1.194641332488095425e-01
1.196587174424337957e-01
1.198329849190278434e-01
1.198934641732928852e-01
1.199880386784197145e-01
1.200450411234470910e-01
1.201756222283135722e-01
1.202752556777461207e-01
1.204016764644047222e-01
1.204423602846647068e-01
1.206428970532258671e-01
1.208373160609524100e-01
1.209748977065903397e-01
1.211347055995763422e-01
1.212025396067296090e-01
1.212868629509788743e-01
1.213681826718069900e-01
1.214441922751195307e-01
1.216196873128717049e-01
1.216815233309018890e-01
1.218143050459378485e-01
1.218983443681687789e-01
1.219555023920082526e-01
1.221363725069806033e-01
1.221989372841542215e-01
1.223231846943452078e-01
1.224259470285335438e-01
1.225432823412049149e-01
1.226533987543142051e-01
1.226964676817626776e-01
1.229105698023134491e-01
1.230940656447256365e-01
1.231081178046794788e-01
1.231540408404564746e-01
1.233582562642355912e-01
1.234959349012245133e-01
1.236260491102226383e-01
1.238752835455412260e-01
1.238956676965285580e-01
1.239904012275148681e-01
1.241392039849185114e-01
1.242316154853217725e-01
1.243816917487266249e-01
1.244091800021704941e-01
1.246023369950593346e-01
1.246783092256326664e-01
1.248851761060907339e-01
1.249062228131651436e-01
1.249941178652085039e-01
1.252970110189062791e-01
1.255719370985606820e-01
1.256642428484587293e-01
1.256882927428397967e-01
1.257793476975170299e-01
1.258506814540708840e-01
1.260124960926085613e-01
1.261505589339209921e-01
1.263525508341810655e-01
1.264388191412709195e-01
1.266301083682119244e-01
1.267287313035458940e-01
1.268715191476856297e-01
1.270738805327769616e-01
1.271797646648734070e-01
1.273739096526627645e-01
1.274488319864300057e-01
1.276612086903195220e-01
1.276689398588680413e-01
1.277861542497802927e-01
1.280098366067086990e-01
1.280118498197527210e-01
1.280965038799611044e-01
1.284100168748706638e-01
1.286583352331949204e-01
1.287851794198217326e-01
1.288392308818538945e-01
1.288516270547920006e-01
1.289991054283715632e-01
1.291037908972927917e-01
1.292240873309198346e-01
1.293316740479175941e-01
1.294515797175779526e-01
1.295243962679030469e-01
1.296247753869518571e-01
1.297019651591058420e-01
1.297530987958146476e-01
1.299204188853992636e-01
1.300770949338617144e-01
1.302521563421578654e-01
1.303007558339126515e-01
1.303314582623824602e-01
1.304857003414774397e-01
1.306190186847280277e-01
1.308272474198270419e-01
1.308691646019705113e-01
1.309158117849692771e-01
1.311081173757642493e-01
1.312797389168492701e-01
1.313187058998185608e-01
1.313978327128081103e-01
1.315011602565107074e-01
1.315980509835665280e-01
1.316745741044024198e-01
1.318087240482574696e-01
1.318983515899712078e-01
1.320780295506170932e-01
1.321293009102848526e-01
1.321613977944071094e-01
1.322413080730954205e-01
1.323836026648981257e-01
1.325378715707971056e-01
1.326089914114383927e-01
1.327761458691629204e-01
1.328426186611782744e-01
1.329828784792491669e-01
1.329843684439033780e-01
1.330870150612675218e-01
1.333034431309720880e-01
1.333639524384561126e-01
1.336099796104353865e-01
1.336265636616672803e-01
1.338345492248023960e-01
1.340353200286535096e-01
1.341036904848398326e-01
1.342075425099628905e-01
1.343570916145097327e-01
1.344832200953420542e-01
1.346579516934279797e-01
1.347250260417784395e-01
1.348508553087928719e-01
1.348611928553828387e-01
1.350507856459359779e-01
1.351187866724638531e-01
1.351912067004657492e-01
1.352914485683097967e-01
1.355258965040413988e-01
1.356062996165124379e-01
1.356601848543810551e-01
1.356702481719872511e-01
1.357540093232295353e-01
1.358952436339276593e-01
1.360665200616250625e-01
1.360958518193817746e-01
1.362781337806628634e-01
1.362949817196543734e-01
1.365315491893041577e-01
1.366561408360766894e-01
1.368029610648582584e-01
1.369526984796879676e-01
1.370627139302682540e-01
1.371577978202527248e-01
1.372969264035277248e-01
1.373849055113391116e-01
1.374534426546543675e-01
1.375689088016185113e-01
1.377411184743474737e-01
1.378734724489402708e-01
1.380052899180935211e-01
1.381349170349820688e-01
1.383382851461472940e-01
1.383993151290170420e-01
1.384557735316398197e-01
1.384984363349676950e-01
1.386205453777078211e-01
1.387508804482798230e-01
1.387927896104955150e-01
1.389300276675743129e-01
1.391709258644751035e-01
1.391981302226982520e-01
1.394855227498350003e-01
1.395319282176717413e-01
1.396622067804570433e-01
1.396714143178622025e-01
1.397348358022188763e-01
1.398231651559245226e-01
1.399530720165965136e-01
1.400376894216802115e-01
1.400580107555032539e-01
1.402059146699733971e-01
1.403153507973631808e-01
1.403636059593497964e-01
1.405868713996411834e-01
1.406709585231200321e-01
1.407589263154573056e-01
1.408694820930283254e-01
1.409325779909879894e-01
1.410162662772789510e-01
1.411094220824950785e-01
1.412124136524065543e-01
1.413868628091505264e-01
1.414033282475438691e-01
1.416217898783577733e-01
1.416578921980588823e-01
1.416649558685064147e-01
1.418470520448239236e-01
1.418755228216052322e-01
1.419381162361071091e-01
1.421529731776780547e-01
1.422748932497992502e-01
1.423480435426293378e-01
1.423911057961736448e-01
1.424548744441078152e-01
1.427001575504340813e-01
1.427925093883435914e-01
1.427958675813179312e-01
1.428659093849125039e-01
1.429395078478040149e-01
1.431510095815075878e-01
1.432713589666232690e-01
1.433527008917871159e-01
1.436603239409678934e-01
1.437702034100064030e-01
1.438338135332879741e-01
1.439624070557658231e-01
1.440390897136204773e-01
1.442375583371515169e-01
1.443418862263396996e-01
1.443559125705925206e-01
1.444879867949345198e-01
1.444997824125031360e-01
1.445486457943555292e-01
1.447586070469866204e-01
1.448833848878756936e-01
1.450152204310347082e-01
1.450966241254762756e-01
1.452930657800845793e-01
1.453447002587051895e-01
1.454309384517266379e-01
1.455460660200301737e-01
1.456189211603645672e-01
1.456690747576697420e-01
1.458673840767157059e-01
1.459901047654096895e-01
1.462223334558714338e-01
1.464063016587482946e-01
1.464286151631521704e-01
1.465137868284018818e-01
1.465774457980936196e-01
1.467503761200172896e-01
1.467720661820592354e-01
1.468866798391018913e-01
1.471376246076470384e-01
1.471733728534235230e-01
1.472852818514184536e-01
1.474058942074830403e-01
1.476139173619231970e-01
1.477396339435871342e-01
1.477664999257104761e-01
1.479019183798450376e-01
1.479990091230274363e-01
1.480944370250034392e-01
1.481160421217753154e-01
1.481872124755422016e-01
1.484617750713101980e-01
1.486922880205469866e-01
1.488106576219394017e-01
1.488406641048085621e-01
1.488691904032964086e-01
1.490160506687835951e-01
1.491187530836921571e-01
1.492379191443320430e-01
1.492683591576706714e-01
1.493901352643131897e-01
1.494600663211007319e-01
1.495787264337423705e-01
1.496661379866393859e-01
1.498084348792632081e-01
1.498919836071269940e-01
1.500137917791840581e-01
1.500312476401972073e-01
1.501700109480717527e-01
1.502475547924119192e-01
1.502980895874267420e-01
1.504821010755626742e-01
1.506116662710970389e-01
1.506285800281429166e-01
1.508449137596189760e-01
1.509446420723638826e-01
1.510289459983349680e-01
1.511872181397651838e-01
1.512669877138163033e-01
1.513247187838699936e-01
1.514914736151203589e-01
1.515597743836962219e-01
1.517311737534056681e-01
1.517875501149055228e-01
1.518752994493630382e-01
1.519863509639415855e-01
1.520184668055927224e-01
1.522399089285116636e-01
1.523996454513353027e-01
1.524550883828149628e-01
1.525406888446785014e-01
1.525556259694051953e-01
1.527162918528778002e-01
1.527735685059459225e-01
1.528925138358204483e-01
1.530867853114960264e-01
1.531414898021357940e-01
1.531676367247653270e-01
1.531719697884122433e-01
1.533284484099650957e-01
1.535382945830968127e-01
1.536500249863229639e-01
1.537426328299275058e-01
1.538664507823250538e-01
1.539664671016012787e-01
1.540724665714207631e-01
1.541644095080874355e-01
1.541973683807228990e-01
1.543310819427365643e-01
1.544100986440839485e-01
1.546087180602035427e-01
1.546341278076357739e-01
1.547925400588093803e-01
1.548863639002373838e-01
1.549271451876920447e-01
1.550292726914734021e-01
1.551269471495565211e-01
1.552514268107585138e-01
1.552517832991967828e-01
1.553990430697111402e-01
1.556191205388002818e-01
1.557332805759804040e-01
1.559380623865638527e-01
1.560069308544909938e-01
1.560198944769364549e-01
1.560467768013327483e-01
1.561881410409917681e-01
1.562474884517106588e-01
1.563933333685312288e-01
1.564407532875018436e-01
1.565731203698375318e-01
1.567845095018035317e-01
1.568912222978033899e-01
1.569168028885611632e-01
1.571320695039425952e-01
1.571831252219500208e-01
1.572788368583320773e-01
1.574318532579779273e-01
1.574717926389739009e-01
1.576601142138557565e-01
1.577486073137970013e-01
1.578122216181803428e-01
1.578388579640093436e-01
1.579060835785685013e-01
1.579752338488484564e-01
1.581638615401565473e-01
1.581884251584352308e-01
1.582890806968291209e-01
1.582953449461217688e-01
1.584457806516250677e-01
1.586494806107580924e-01
1.587450440532801876e-01
1.588018157879969028e-01
1.589046546491068024e-01
1.590112917661589687e-01
1.591591543656656338e-01
1.592822117564323681e-01
1.593439786642498746e-01
1.594544066031306495e-01
1.595614268842173999e-01
1.596697706144769580e-01
1.598294649577397253e-01
1.598493780005204312e-01
1.600281520228581944e-01
1.601092578594581206e-01
1.601897094678388922e-01
1.602851207042400861e-01
1.603820137853111671e-01
1.604863322560916294e-01
1.605658328578756233e-01
1.606273627447785679e-01
1.607380540098784782e-01
1.608300045508893328e-01
1.610236109558220163e-01
1.610782291789979448e-01
1.611691933363196827e-01
1.612160308388103647e-01
1.613782505636902342e-01
1.614714351126349812e-01
1.615616186063681958e-01
1.615678443090813876e-01
1.616848435916770077e-01
1.617246011674868811e-01
1.618881589035022772e-01
1.620780197919159948e-01
1.622065711972150159e-01
1.622266739927017976e-01
1.623798531759081676e-01
1.623923843124890076e-01
1.624226754722609412e-01
1.625413148557581788e-01
1.626328429119164587e-01
1.627717403167958654e-01
1.628213061285883889e-01
1.629205778874875110e-01
1.630200274178394415e-01
1.632042514023521740e-01
1.633479453119923985e-01
1.633513460998432809e-01
1.636248819983288916e-01
1.636302991194467094e-01
1.637402860931448378e-01
1.637960361441333501e-01
1.639525252942770350e-01
1.641619476992320081e-01
1.643010847835931210e-01
1.644178093008551167e-01
1.644220748446352243e-01
1.644957315334434067e-01
1.646115333854604734e-01
1.648266944199622275e-01
1.649068843972581189e-01
1.651158853807862259e-01
1.651491828898351277e-01
1.652310514004521058e-01
1.652601831689651246e-01
1.653511538177548645e-01
1.654594815772891248e-01
1.655449245986238271e-01
1.655505984372153683e-01
1.656117568634950799e-01
1.657447853353940792e-01
1.658284199047002638e-01
1.659730309029088524e-01
1.660046295827160012e-01
1.661662325048082200e-01
1.662452029402680109e-01
1.663527638304285183e-01
1.663849181851231596e-01
1.665390413314979945e-01
1.666751422724488674e-01
1.667281358985261142e-01
1.669041330220464303e-01
1.669487204372121225e-01
1.670030417765746011e-01
1.671219575571622207e-01
1.671596811011311356e-01
1.672572079380159893e-01
1.675055445322304049e-01
1.676747124578630566e-01
1.677519074983783720e-01
1.678245101775837356e-01
1.679374441228669024e-01
1.680603256895092934e-01
1.681897288224194209e-01
1.682941718138206144e-01
1.684852559460665311e-01
1.685141997964195726e-01
1.685356222383367908e-01
1.686849261633682484e-01
1.688610385995722163e-01
1.689999514863894936e-01
1.690376375205414894e-01
1.691701241256221011e-01
1.692051925334827900e-01
1.693402788683985027e-01
1.694073834053434202e-01
1.695333029360991672e-01
1.696667842833678164e-01
1.698056099784175377e-01
1.698451040196748973e-01
1.698618491042969969e-01
1.699117692754064934e-01
1.700974379705200434e-01
1.702200780094850485e-01
1.703756367514194237e-01
1.705921075425510802e-01
1.706405757601840156e-01
1.708186739779439522e-01
1.709428151832396714e-01
1.710627192731848101e-01
1.711272304022504742e-01
1.712045513866291280e-01
1.712858529427394583e-01
1.713591802582931090e-01
1.715376183696055157e-01
1.715503316734434403e-01
1.715830575835905480e-01
1.716614314978752442e-01
1.719058872815601990e-01
1.720306197714617513e-01
1.720636532547190900e-01
1.721057710786587369e-01
1.722745161096759237e-01
1.724298378497745587e-01
1.725047119922340777e-01
1.727735060566207292e-01
1.728922614161731430e-01
1.729372449368494213e-01
1.730544860483626823e-01
1.731284833032506187e-01
1.732634033320804567e-01
1.734252378917234827e-01
1.735369760292625740e-01
1.736081764102045677e-01
1.737208211891805854e-01
1.737813138063822316e-01
1.739037601600627592e-01
1.740965431082533155e-01
1.742480726079527475e-01
1.744031562097549670e-01
1.744656079527306114e-01
1.745890357579406305e-01
1.746512424181275724e-01
1.747397558636089587e-01
1.748675743281988826e-01
1.750040399761151888e-01
1.750915343704332328e-01
1.751768515670256987e-01
1.752915802022914638e-01
1.755153147110131984e-01
1.756037115533727322e-01
1.756109277661433710e-01
1.756393091572653331e-01
1.758773317394150548e-01
1.759758107484628575e-01
1.760090468830737831e-01
1.761102758906844534e-01
1.763173075531688228e-01
1.764241159725762065e-01
1.764968449559442265e-01
1.766993655896947901e-01
1.768312151272545263e-01
1.770548826723871150e-01
1.770760849001750958e-01
1.771877753127510946e-01
1.773774754050125857e-01
1.775558536041517421e-01
1.776474193131328538e-01
1.777326679346039884e-01
1.778329253599163773e-01
1.779657590632504616e-01
1.780656952879600130e-01
1.782073997746006222e-01
1.783178949357741294e-01
1.784245099831908710e-01
1.786349076624390020e-01
1.787607499541885303e-01
1.789329910059568318e-01
1.789613683041217651e-01
1.789757271246075754e-01
1.792011321787850275e-01
1.792877886069355331e-01
1.794938118511568148e-01
1.795078303184850232e-01
1.797821961817623881e-01
1.799179180096112107e-01
1.799697342783068421e-01
1.800784638969526452e-01
1.801156182323842003e-01
1.802467646292958969e-01
1.803065613685478907e-01
1.803907789866630307e-01
1.804721673609417654e-01
1.806262906464418116e-01
1.808153371025648937e-01
1.809094031978568107e-01
1.809544021802620140e-01
1.810937168943037023e-01
1.812485406304105706e-01
1.813470596310650385e-01
1.815140619637749253e-01
1.817725529292450182e-01
1.820639266212769891e-01
1.820775599615441775e-01
1.821179417499060593e-01
1.822097500798278424e-01
1.823380987551007637e-01
1.824348286781019290e-01
1.824557586563174683e-01
1.825822577383317824e-01
1.826403083071591882e-01
1.828783044042259776e-01
1.831223971612746249e-01
1.831888378396410721e-01
1.833592289035553824e-01
1.834305432261996993e-01
1.834511519565880100e-01
1.834774250533494355e-01
1.836623773338732779e-01
1.838686339382276658e-01
1.839807611030279955e-01
1.841425815178575620e-01
1.843089632480922058e-01
1.843373825106763564e-01
1.843458833917880069e-01
1.844881053940063687e-01
1.845598239894652715e-01
1.847331619353096421e-01
1.848559786230049851e-01
1.849835736331106595e-01
1.851754591698682451e-01
1.852827505584495882e-01
1.854399554579719278e-01
1.856045018621593212e-01
1.857138333174269684e-01
1.857611991633248971e-01
1.858671662347159970e-01
1.860253233722946875e-01
1.860494676207741782e-01
1.861549478025665005e-01
1.862586600070608445e-01
1.865918123041607479e-01
1.866393359343032909e-01
1.866432758059622110e-01
1.867273215415189147e-01
1.869661561445594422e-01
1.870388898869397298e-01
1.871662468003660318e-01
1.872946258021925270e-01
1.874737573034110094e-01
1.875067706200860274e-01
1.876243600894388908e-01
1.876457044575354227e-01
1.877835308836179329e-01
1.879362413337659354e-01
1.882090290423659718e-01
1.882486541258889257e-01
1.882503142452733313e-01
1.883913919733829490e-01
1.885090859511101280e-01
1.888178984717607534e-01
1.888510763257215119e-01
1.890096714097559694e-01
1.890547150078156768e-01
1.891028915441929636e-01
1.893872179198946015e-01
1.894758221414028776e-01
1.895104043995403387e-01
1.895908160143866816e-01
1.897523395248627287e-01
1.898900821201662537e-01
1.900397783491794557e-01
1.901958357489345608e-01
1.905155569560572637e-01
1.905710509528163732e-01
1.906668420340850434e-01
1.907547166159453966e-01
1.908489103510055407e-01
1.908732763099277308e-01
1.910589790021186840e-01
1.912622204451016605e-01
1.913058332634404446e-01
1.914145751047101329e-01
1.915989659610220497e-01
1.916464404447510983e-01
1.916537602739312451e-01
1.917309203298353804e-01
1.919355055035015523e-01
1.919809682338652623e-01
1.920449487215034889e-01
1.922135369279691919e-01
1.922637443868489560e-01
1.922998404430463493e-01
1.923400799463234889e-01
1.925521538742097916e-01
1.927593424864177674e-01
1.928323574230173532e-01
1.929875989508789969e-01
1.929974756107298850e-01
1.930291474023020371e-01
1.930895131103790019e-01
1.932502326955601868e-01
1.933271775287628280e-01
1.934788303350721272e-01
1.935916252182435238e-01
1.936221778756057610e-01
1.938055074048045112e-01
1.939024972135964808e-01
1.939269113087603025e-01
1.941598550587875782e-01
1.943025520145611196e-01
1.944382578467471756e-01
1.945034653648926026e-01
1.945359713079911346e-01
1.945794939998707340e-01
1.946426576639032346e-01
1.946592231805849005e-01
1.947940462387075800e-01
1.950532376280269264e-01
1.951232024440404111e-01
1.952515673756470838e-01
1.952879487233803724e-01
1.956180784915950710e-01
1.957121777417970276e-01
1.957841165535986749e-01
1.959489938193283987e-01
1.960553816477093869e-01
1.960907190396166122e-01
1.963527287617648776e-01
1.965128469284577462e-01
1.966218713742205471e-01
1.966750745016428714e-01
1.967333133563523850e-01
1.969741705623542782e-01
1.969951093618601823e-01
1.970741324309097930e-01
1.971459971018103829e-01
1.973450035000154645e-01
1.973818555630265370e-01
1.977951895054479159e-01
1.978330994825523159e-01
1.980629309104190716e-01
1.981139016696124300e-01
1.982298556961636371e-01
1.984375455510407060e-01
1.986704073914805635e-01
1.987612899461257410e-01
1.988607542343865942e-01
1.990441669106966793e-01
1.990608465456115417e-01
1.991091482143156066e-01
1.993007327741716794e-01
1.993638217699122417e-01
1.995513544434902031e-01
1.996897705364394926e-01
1.998456361609190213e-01
2.000100666690810269e-01
2.000904290134213059e-01
2.001601474721204088e-01
2.002036281869030709e-01
2.003733679022928205e-01
2.006838595191823837e-01
2.008196020817134830e-01
2.009874542480794835e-01
2.010534304686062146e-01
2.011859760424035692e-01
2.013569075806918296e-01
2.015848100120560260e-01
2.016011735245401282e-01
2.017563440486476734e-01
2.020616079950836586e-01
2.020661779059688967e-01
2.021462704707565339e-01
2.022391715857798922e-01
2.022976911703706637e-01
2.023446761166252661e-01
2.024573863130937346e-01
2.026786402144678534e-01
2.026972541495364322e-01
2.028884491051627936e-01
2.029859313134200482e-01
2.030714852786524305e-01
2.031615503519333676e-01
2.032697140116181134e-01
2.035397450939921138e-01
2.036018276845652508e-01
2.037528147853225335e-01
2.038163713542742728e-01
2.039627257960316131e-01
2.041468910267654757e-01
2.042398285565612537e-01
2.043444483231143527e-01
2.045219142798955503e-01
2.045806230420300631e-01
2.048811012194088066e-01
2.050194531346572202e-01
2.051154394438903239e-01
2.052953186402841634e-01
2.053698471933169956e-01
2.056107202034254122e-01
2.056275654881420389e-01
2.058690922167602799e-01
2.059129247897655557e-01
2.060475274481058106e-01
2.061822961346375660e-01
2.062147020900635674e-01
2.063962299668213318e-01
2.065026258951133120e-01
2.067685167840640770e-01
2.070510747335597979e-01
2.071467478481253677e-01
2.071763818551067560e-01
2.072953142099604740e-01
2.075227852464815725e-01
2.075545698654163718e-01
2.077010783896431068e-01
2.078052413865312253e-01
2.079506441546254969e-01
2.080032550758999788e-01
2.081216346313746468e-01
2.082896388383061181e-01
2.084011668752515367e-01
2.084608741398015497e-01
2.086828382487273537e-01
2.088199013203980992e-01
2.089237597723078432e-01
2.090611804574091515e-01
2.091312795390421753e-01
2.093528132374556650e-01
2.093645064399931588e-01
2.094762487975009579e-01
2.096507718737964099e-01
2.098151007284940195e-01
2.099445721604049075e-01
2.100279199183161805e-01
2.101338763791971709e-01
2.102552009251361376e-01
2.104173279057379442e-01
2.104876794479609570e-01
2.106485727751290227e-01
2.106807028774910495e-01
2.108257016129478356e-01
2.110938542344937829e-01
2.112665716166648999e-01
2.114983277332547484e-01
2.115319670978477173e-01
2.117840365124256663e-01
2.118663807595437265e-01
2.120543113830907767e-01
2.121982523002831633e-01
2.124504839150153923e-01
2.126663865185893232e-01
2.127797520205250703e-01
2.128143286094382192e-01
2.129540033182357739e-01
2.130807269671114168e-01
2.131622313421981108e-01
2.133095915624534933e-01
2.135473222934738402e-01
2.136060587386142684e-01
2.136305545472291512e-01
2.137924199366758593e-01
2.139458853333108257e-01
2.140394102443592683e-01
2.141346775569634153e-01
2.143621974432728949e-01
2.145117445990399052e-01
2.148071631716809426e-01
2.148447212732746414e-01
2.148665886454307061e-01
2.150898778727312333e-01
2.153419443059979843e-01
2.154385001252204501e-01
2.156164346809957555e-01
2.157181603608058773e-01
2.158813268020700893e-01
2.159703342702657403e-01
2.160346296134250665e-01
2.160878202072557541e-01
2.161166788855535537e-01
2.165444226030746599e-01
2.166165984753241902e-01
2.167624288601684157e-01
2.169249273843293080e-01
2.169311190437914483e-01
2.173833970002761740e-01
2.174025378882997461e-01
2.175605629447527334e-01
2.177036731706258332e-01
2.178741060587869871e-01
2.180628269494005456e-01
2.181179858415682737e-01
2.182585739434287075e-01
2.185414553788365410e-01
2.186490522032016048e-01
2.187727839707092892e-01
2.188045134608736786e-01
2.189367267977984366e-01
2.191952871973357198e-01
2.194880170302028477e-01
2.196355038464384013e-01
2.196728542478097179e-01
2.199026460907115010e-01
2.201435859311433318e-01
2.203338225684468854e-01
2.204862197339330643e-01
2.207352120368534232e-01
2.209778488753858516e-01
2.210282329280365277e-01
2.211999030981847969e-01
2.213535388783703095e-01
2.214768351676477121e-01
2.215925483742659241e-01
2.216604576889482370e-01
2.218906322369715578e-01
2.222797579608036256e-01
2.223443244527559259e-01
2.227032036216767263e-01
2.228547300738526749e-01
2.229257036271288239e-01
2.231972709920903020e-01
2.232088140147646116e-01
2.235587319250265936e-01
2.236670354937801974e-01
2.237134262492360137e-01
2.240343736246261652e-01
2.241851405366768468e-01
2.242674858170191354e-01
2.243786717441862422e-01
2.244811160766522207e-01
2.246042763936377251e-01
2.246916015090104635e-01
2.247362468398393376e-01
2.248820960281437131e-01
2.251084569263636925e-01
2.255182767508306374e-01
2.256599730622370070e-01
2.257198379271652955e-01
2.257843492707375388e-01
2.260276218720803365e-01
2.261528533818417397e-01
2.262230068528741922e-01
2.263336317319931956e-01
2.265721279811981348e-01
2.266724812012973211e-01
2.267569657849640152e-01
2.269504529382956326e-01
2.269607828171077979e-01
2.271692711857035973e-01
2.272435418651756189e-01
2.273987637209436696e-01
2.277785257436605870e-01
2.278523472687663531e-01
2.280100706027028967e-01
2.281099271521393190e-01
2.283200376511045349e-01
2.284492455575372338e-01
2.285114395390212549e-01
2.286330271409327264e-01
2.289167047537688515e-01
2.290437095346113949e-01
2.291040995465192798e-01
2.293714354794966770e-01
2.295298316792148963e-01
2.296421722530677667e-01
2.298731019866348257e-01
2.300622788121571838e-01
2.301225852677694084e-01
2.302948516101752108e-01
2.304168028335139840e-01
2.305656325704125431e-01
2.307918174456369265e-01
2.309202953362279875e-01
2.311968291759632366e-01
2.313191798689524237e-01
2.313719923652431953e-01
2.316998556326574643e-01
2.317472348302150320e-01
2.318608297189421741e-01
2.320095282644877854e-01
2.321711670582829734e-01
2.324023957201964141e-01
2.325175229399528143e-01
2.327972470875104283e-01
2.329282822320951074e-01
2.330462542050722730e-01
2.331454209612381923e-01
2.333328071722530483e-01
2.334547524027439647e-01
2.335869506375659876e-01
2.336974795576034492e-01
2.339268960546637688e-01
2.340194053167063692e-01
2.342640819473250369e-01
2.343301035127271226e-01
2.345155041735222379e-01
2.346249209786823442e-01
2.348824725478897146e-01
2.350012888459919735e-01
2.351981325066212214e-01
2.353117810469524951e-01
2.354850728395089243e-01
2.356556206378282725e-01
2.360082465549219188e-01
2.360325279431887968e-01
2.361888788442338682e-01
2.363202265173373340e-01
2.364462187474283550e-01
2.367255746988956577e-01
2.367994082054127036e-01
2.370082199403279188e-01
2.370869928222249234e-01
2.372916301291211061e-01
2.373638231999036230e-01
2.374563194305518155e-01
2.376263245828243442e-01
2.378837693209707171e-01
2.380968685422287512e-01
2.381430498174265387e-01
2.383797099966770694e-01
2.383934935431403779e-01
2.384819028544245822e-01
2.386631500780229675e-01
2.387740280050912323e-01
2.390354471874317488e-01
2.393689902837099204e-01
2.395250305867629992e-01
2.396829393086183091e-01
2.396992781237348435e-01
2.399077918003312548e-01
2.401813788569264196e-01
2.402248390409382206e-01
2.405872292178057315e-01
2.406708817136071210e-01
2.411709298611380003e-01
2.412328873603059587e-01
2.415587583742633271e-01
2.417183345798131211e-01
2.417949333756732044e-01
2.419712113295391653e-01
2.420762273983315949e-01
2.423082157912006818e-01
2.423207900195789022e-01
2.423618334042311195e-01
2.424937846211264458e-01
2.426372038008708376e-01
2.431490705234114480e-01
2.432139073026581000e-01
2.433591885528324505e-01
2.435034669009130681e-01
2.437447457949719343e-01
2.438931906314317777e-01
2.439484219499012119e-01
2.439753996788766865e-01
2.442764974853947058e-01
2.445605716073316893e-01
2.448285201136154443e-01
2.448881699730006134e-01
2.451055273327107098e-01
2.452021157242817995e-01
2.452955025758798147e-01
2.454352326947077945e-01
2.457358037337373791e-01
2.457958221047482350e-01
2.458986482267827012e-01
2.460878867655506841e-01
2.462662609798585145e-01
2.465240094212522992e-01
2.466730473674248747e-01
2.467775667403077355e-01
2.468647707710158179e-01
2.472842673758066934e-01
2.473625214412612794e-01
2.475654820028725667e-01
2.477155483259909086e-01
2.479429085091906237e-01
2.480751302828381466e-01
2.482211780281860236e-01
2.483721685224427045e-01
2.486441697569265752e-01
2.488382969418700130e-01
2.489088398092165755e-01
2.490947519383923114e-01
2.491875941538469474e-01
2.492877846792792840e-01
2.494280166320219927e-01
2.498629056762154688e-01
2.499477865271894084e-01
2.503032272063298591e-01
2.503240611385627035e-01
2.505120634334014329e-01
2.506063831967871303e-01
2.507018526271203029e-01
2.509451036549376624e-01
2.510902959526754574e-01
2.511044840606301842e-01
2.512888070559596843e-01
2.514289445241599252e-01
2.515728873835623158e-01
2.516749954695537972e-01
2.521879439597280448e-01
2.523010961272529884e-01
2.524133989067728345e-01
2.524915150476047532e-01
2.526944524351665833e-01
2.529065621558594379e-01
2.530286649381074948e-01
2.532239659797525522e-01
2.536218109775308927e-01
2.536966436735491603e-01
2.541361840591233046e-01
2.542670937455625557e-01
2.544215467137987408e-01
2.544886241878669408e-01
2.545692872781867844e-01
2.548793900759985798e-01
2.549382837767711907e-01
2.551680316279168470e-01
2.552864066615325167e-01
2.553313706122165017e-01
2.555020737641418016e-01
2.558709132363525818e-01
2.559753817062082049e-01
2.560279345558975073e-01
2.564199388950315073e-01
2.565782678575980191e-01
2.566906124729975147e-01
2.568881288276025354e-01
2.571144117421970687e-01
2.573093782006962704e-01
2.574630562181560722e-01
2.575540579871786750e-01
2.576834753081023166e-01
2.579279967234063831e-01
2.581247112580778991e-01
2.582309155263791678e-01
2.582750947733121194e-01
2.585169851536788244e-01
2.587112553545341531e-01
2.590841540976625001e-01
2.592392386716966257e-01
2.594155708809722793e-01
2.595550631698481658e-01
2.597232958042673956e-01
2.598478672191436023e-01
2.600224740853453453e-01
2.600713040246067642e-01
2.602308962231379419e-01
2.604106417180031552e-01
2.604904959653940866e-01
2.607790487058500584e-01
2.608480490697966947e-01
2.610025730395965637e-01
2.611239341488914567e-01
2.612966509667296044e-01
2.614005094010412034e-01
2.616742525594453750e-01
2.618709374412138691e-01
2.619883731549663697e-01
2.621159461926457213e-01
2.625293838764826138e-01
2.626310858753707622e-01
2.628704693868846864e-01
2.630564473355391231e-01
2.631827912317992180e-01
2.633358427145960912e-01
2.635651474018662621e-01
2.635935184696615585e-01
2.639077059605177134e-01
2.640591500440302997e-01
2.641590564238551209e-01
2.644658075267801722e-01
2.648163473602710982e-01
2.648908772580674809e-01
2.650562727235435401e-01
2.651952926571940483e-01
2.653927022037795291e-01
2.655881274084391785e-01
2.658053331004202047e-01
2.659285237731765505e-01
2.660078893106807563e-01
2.662436445295816023e-01
2.663964351237313455e-01
2.665858565219025311e-01
2.667023418290497827e-01
2.668095062844197396e-01
2.670822087892799068e-01
2.672384238823128921e-01
2.673355549202056092e-01
2.674655920804609455e-01
2.676953463175056336e-01
2.681903409676118510e-01
2.683554319622383777e-01
2.686799379162833623e-01
2.689089965034274776e-01
2.689272775459801701e-01
2.690182427482579741e-01
2.693487159644568085e-01
2.695125551559128252e-01
2.696263071421010626e-01
2.697792396670870563e-01
2.699691608481427085e-01
2.701837584174083817e-01
2.703124766537050028e-01
2.704064001855417398e-01
2.706393065545912302e-01
2.708190595072443307e-01
2.710049826551638730e-01
2.713213706579624684e-01
2.713810334316293926e-01
2.716058453943346329e-01
2.716529143596873030e-01
2.720484115085574084e-01
2.721273222806726566e-01
2.723868599121876399e-01
2.725171561380683727e-01
2.728465704720529073e-01
2.730404095428080047e-01
2.730935907961619669e-01
2.732461481498871803e-01
2.734209178280660457e-01
2.736341787875830600e-01
2.738155349719156306e-01
2.739670099143939885e-01
2.740543794759604523e-01
2.742881845158714471e-01
2.744018750889327674e-01
2.744357606072624911e-01
2.746769842799362538e-01
2.749643963338435082e-01
2.750698082630229080e-01
2.753572692539731359e-01
2.754285654002373573e-01
2.754977469679200652e-01
2.759531231553805641e-01
2.761315496208798792e-01
2.762407177359585964e-01
2.764470666442260249e-01
2.767917990680915930e-01
2.768491462637351908e-01
2.770051318843408938e-01
2.771143708686275020e-01
2.774449792677245452e-01
2.775389913918727136e-01
2.776171978580888600e-01
2.780856353282754601e-01
2.782585006086006896e-01
2.783927215839087088e-01
2.784912470721765398e-01
2.786383780676118804e-01
2.788753137828675066e-01
2.790164707299279123e-01
2.791185967458107431e-01
2.793805862493227155e-01
2.796854748815985059e-01
2.798094034812311226e-01
2.801797353561511494e-01
2.804684471407953850e-01
2.805690202877474393e-01
2.806335883486587579e-01
2.807631490218793213e-01
2.812321808429402159e-01
2.812791973561575287e-01
2.816639904266364791e-01
2.817698730225250414e-01
2.819726882676074076e-01
2.820324520056683992e-01
2.821785380508025631e-01
2.823675791521711442e-01
2.826325302318885013e-01
2.829133064913946227e-01
2.830461772731492354e-01
2.834304552634013818e-01
2.835020820533494246e-01
2.836435020366911419e-01
2.836959930121644713e-01
2.837629565588651870e-01
2.838962892752589506e-01
2.841358137863335132e-01
2.842897207846393770e-01
2.846397184280226034e-01
2.847495074710489349e-01
2.850039344856798995e-01
2.852637549978158660e-01
2.852824148960343975e-01
2.854528039773269188e-01
2.855717615470787507e-01
2.858322178959146198e-01
2.860926027201540767e-01
2.862094795841343409e-01
2.866259468175357261e-01
2.868079988034533123e-01
2.868939179088096925e-01
2.871835365238883386e-01
2.872016986679278294e-01
2.874724311874253257e-01
2.876070504295971109e-01
2.877098319291639950e-01
2.879402288838737167e-01
2.880124644972985593e-01
2.883137865686677404e-01
2.885178918928986147e-01
2.888533596704597195e-01
2.888945282768204947e-01
2.890851928428878614e-01
2.892399857276781172e-01
2.892967914368743121e-01
2.897071854225041210e-01
2.901035328883406761e-01
2.901293922653216950e-01
2.904225173912852176e-01
2.907622226033840795e-01
2.909446382424610289e-01
2.911571827651636690e-01
2.912432530320887003e-01
2.913851310441369358e-01
2.914927773442513859e-01
2.917394683760755059e-01
2.919111571310265552e-01
2.921928773104245924e-01
2.925432854873700195e-01
2.926347877345395476e-01
2.928335414359297117e-01
2.932198421665426213e-01
2.933913764526373535e-01
2.934554166178627854e-01
2.937523048655595881e-01
2.938556162633943480e-01
2.939364817057151247e-01
2.940390364890773656e-01
2.945289151030233143e-01
2.945955468722200599e-01
2.947662250155494434e-01
2.947867525839019121e-01
2.950035355186452768e-01
2.951539482453525154e-01
2.952940703835703617e-01
2.956135033781454591e-01
2.957591581648902901e-01
2.960499359662839836e-01
2.961262288458466618e-01
2.962024291793151076e-01
2.963139329997554472e-01
2.965565949605238338e-01
2.968785207606054466e-01
2.972190814212000709e-01
2.974050901014932413e-01
2.976328910711348308e-01
2.977601400549471644e-01
2.982562770570473809e-01
2.982931818941042534e-01
2.984809463509117133e-01
2.986211874043376846e-01
2.987657707881286040e-01
2.989648137531378258e-01
2.991748925194854247e-01
2.994121250624064978e-01
2.996118132947045432e-01
2.997447123180668194e-01
2.999122426737937386e-01
3.001780141895852849e-01
3.004291674022663283e-01
3.006126968581930292e-01
3.006511577844804828e-01
3.010521739689541731e-01
3.011802893905485834e-01
3.014318553685503277e-01
3.015434347910993518e-01
3.016675781204687934e-01
3.019463987437377983e-01
3.020400542911078068e-01
3.023228323926454575e-01
3.026553701315837785e-01
3.027490092886596096e-01
3.028365183506406821e-01
3.029585078792913500e-01
3.029943717818662230e-01
3.032839069714636238e-01
3.033837102893513493e-01
3.037446995629270452e-01
3.038414474167995261e-01
3.039403673495667535e-01
3.041790786412161829e-01
3.043738328827134132e-01
3.047677805535472517e-01
3.049120353301733588e-01
3.050495978700125121e-01
3.053267516493835543e-01
3.056149039049291805e-01
3.057891621693797912e-01
3.058875180903360413e-01
3.059905487441467731e-01
3.063248910895074451e-01
3.064248086423877471e-01
3.064439012415950403e-01
3.066400214336142960e-01
3.068484424325397253e-01
3.071143690600076637e-01
3.073313409837354349e-01
3.076564096315284602e-01
3.078247869061565001e-01
3.079694029952187995e-01
3.081404697083481858e-01
3.083639562093964392e-01
3.084617137440328616e-01
3.086431877274273261e-01
3.089101871865259086e-01
3.090516585923359094e-01
3.094489317028999431e-01
3.096160926353254683e-01
3.098971230844363434e-01
3.100113725952775567e-01
3.102902516590937410e-01
3.104289260766767145e-01
3.104806104814514245e-01
3.109063607141240304e-01
3.109888943906470304e-01
3.113609167986379211e-01
3.115337320126176923e-01
3.116594838100384401e-01
3.118649307861438569e-01
3.122003151072084148e-01
3.122586641868230206e-01
3.123284137730871213e-01
3.126932851738601915e-01
3.127763180735987358e-01
3.131064697947176234e-01
3.133379151465622847e-01
3.133636351674362053e-01
3.136621467245896411e-01
3.138787710811772880e-01
3.141009121441337704e-01
3.141455751877827440e-01
3.141848508332925616e-01
3.143843554406208218e-01
3.146316443437057186e-01
3.147816029699620488e-01
3.150603299141758185e-01
3.152018887427894267e-01
3.153191183861994151e-01
3.155917789971148246e-01
3.157490351389361516e-01
3.159520719296331492e-01
3.161264578415827198e-01
3.163483880611102639e-01
3.165587054199792139e-01
3.166520884704065453e-01
3.168691767956758887e-01
3.169554644798846521e-01
3.174213896249226674e-01
3.174983191117782821e-01
3.175849069440317973e-01
3.177722351363035380e-01
3.178634756771512304e-01
3.180464339394018514e-01
3.181390829271400489e-01
3.184686191444853209e-01
3.187181149931266888e-01
3.190095264812991549e-01
3.192160520322218642e-01
3.193414047314721005e-01
3.194654021835347524e-01
3.195997833723211445e-01
3.197036620981942301e-01
3.199706680904951250e-01
3.200972649095187861e-01
3.203894072270019322e-01
3.205070475201378111e-01
3.207360245147276578e-01
3.209757331763263277e-01
3.210955808430590586e-01
3.211272098570173705e-01
3.213871141527633868e-01
3.215215977460951224e-01
3.217332505264585141e-01
3.218391414863608357e-01
3.222246162744037967e-01
3.223370432714959266e-01
3.224448878043102429e-01
3.225678703089338573e-01
3.226764789523359767e-01
3.228415357089957083e-01
3.229799408457287857e-01
3.232015652552265306e-01
3.233893072457724727e-01
3.234395269227426928e-01
3.235076289337260880e-01
3.237560573646325324e-01
3.240342432637127179e-01
3.241990068074266929e-01
3.242213134475392944e-01
3.245137965946474634e-01
3.246661930453584310e-01
3.247997879929471199e-01
3.249669874867279207e-01
3.252838896510500954e-01
3.254679719913419200e-01
3.254736435720950172e-01
3.256285779158841209e-01
3.256881995576506594e-01
3.258634826226102787e-01
3.260597758072757424e-01
3.261546809316406836e-01
3.263262627799719540e-01
3.263574031778586626e-01
3.265255739965190473e-01
3.267506913675858882e-01
3.272781455663487105e-01
3.273068412320979670e-01
3.275179173429030310e-01
3.277586111394943935e-01
3.278133166308739854e-01
3.278716054366809241e-01
3.280215092750764505e-01
3.281198722245980415e-01
3.284247984054320946e-01
3.287995630064817765e-01
3.288804446591168107e-01
3.289934755983050518e-01
3.290774654928229070e-01
3.293773075817505447e-01
3.295600541301290098e-01
3.296460589219957216e-01
3.298055202376424799e-01
3.301584429733560588e-01
3.302034063762279703e-01
3.302965178552441095e-01
3.305115249902467744e-01
3.306341462790391983e-01
3.310215041027088634e-01
3.310827128233280181e-01
3.311899855228713219e-01
3.314002532205589380e-01
3.315535471843416016e-01
3.315737875289306302e-01
3.316528305596297965e-01
3.319744003636920793e-01
3.320226359015469586e-01
3.322993376396514709e-01
3.323838945363509767e-01
3.325503785336832441e-01
3.326682197425165355e-01
3.327815851715012485e-01
3.331423475278421642e-01
3.333473367002000032e-01
3.335387125006565867e-01
3.336888046012684850e-01
3.337888645340018057e-01
3.339274537364897433e-01
3.340437104940946478e-01
3.341114615067929949e-01
3.344072285790194998e-01
3.344866529124913557e-01
3.346630667809860626e-01
3.347987876144082331e-01
3.348917579192228766e-01
3.352259739332156263e-01
3.353918420620069507e-01
3.355102590067891577e-01
3.355396799373694394e-01
3.356931244190806685e-01
3.359955760968917904e-01
3.360614661418702687e-01
3.362323462072917546e-01
3.365027849973057372e-01
3.365800036373904902e-01
3.367450660101009574e-01
3.369546597985383363e-01
3.372190780841018976e-01
3.372852949647602849e-01
3.374940689091314172e-01
3.376031696939149063e-01
3.377721186948544618e-01
3.378794713871859923e-01
3.382004968079641571e-01
3.383284167048175028e-01
3.384360974182453741e-01
3.384957431221152779e-01
3.385475945307506174e-01
3.388008155427469359e-01
3.388620295697543638e-01
3.392845844602785932e-01
3.394668057127678829e-01
3.395953180795322490e-01
3.397042064158983798e-01
3.397462201884560162e-01
3.398321888982397954e-01
3.401042329201747205e-01
3.402407080461872790e-01
3.403289565761433155e-01
3.405240365143391013e-01
3.406881740513944545e-01
3.408524996743052538e-01
3.409698294485663528e-01
3.410927133892333041e-01
3.414299858920280539e-01
3.417283125937258803e-01
3.419083131270085896e-01
3.420663931614846831e-01
3.420759276969014828e-01
3.423259752570169123e-01
3.425199915625502523e-01
3.426760615851739966e-01
3.427824225995693697e-01
3.429982286624469467e-01
3.432149412357812235e-01
3.433860863609339842e-01
3.435999983869044150e-01
3.438553520055479540e-01
3.439943885152289549e-01
3.440962338395174847e-01
3.442208883785707330e-01
3.444549100613339410e-01
3.448098514237732393e-01
3.448217167679872297e-01
3.450123640925142898e-01
3.451403401446058172e-01
3.453029146516883308e-01
3.455540111644771484e-01
3.456756479402310345e-01
3.458999535495463351e-01
3.460364658379725955e-01
3.461976848683254726e-01
3.463277457089919964e-01
3.465060853747552461e-01
3.466526647711573594e-01
3.468333537041983217e-01
3.471232768440631333e-01
3.473717404967771594e-01
3.474355042263121418e-01
3.475607768123784025e-01
3.476643363666869213e-01
3.480780148348830982e-01
3.481064417431657398e-01
3.481871281899100445e-01
3.482494296390847288e-01
3.483549407243618501e-01
3.485147694426157239e-01
3.488997995046324019e-01
3.490337017992657942e-01
3.491374242204007827e-01
3.493333812395517657e-01
3.494595384255340109e-01
3.496564570137681849e-01
3.498193126338746128e-01
3.499592897919861501e-01
3.503609613843234882e-01
3.504311847924393986e-01
3.504694363002632818e-01
3.506680484224026784e-01
3.508154143514943257e-01
3.511032314265577492e-01
3.512302138806703278e-01
3.513134234167140657e-01
3.514079792938889502e-01
3.515652260894480685e-01
3.518569408393192877e-01
3.519923310033948871e-01
3.522011108398135359e-01
3.522435580368961094e-01
3.523202654121589950e-01
3.525553768601367710e-01
3.527611384785513393e-01
3.532558420206872718e-01
3.532719503167848218e-01
3.534283277401917278e-01
3.535216253607801895e-01
3.537942689101757909e-01
3.538080512499071073e-01
3.539552354138741364e-01
3.542656328130305843e-01
3.545689247657364818e-01
3.547748335084680571e-01
3.549217397399173080e-01
3.550899117200972954e-01
3.552086672242725229e-01
3.552244497729551975e-01
3.553584828854976507e-01
3.556527292717663324e-01
3.557900692325122738e-01
3.558228492963380618e-01
3.560287978658756014e-01
3.563460378187396360e-01
3.564488136964097387e-01
3.565304864830847742e-01
3.567182671858736276e-01
3.567322352415276399e-01
3.569285598936948745e-01
3.570495585865944288e-01
3.572879803280669675e-01
3.574879194305267127e-01
3.575554445019410443e-01
3.575771988681166191e-01
3.576950999411230292e-01
3.580187396052457172e-01
3.581658402559662613e-01
3.582757296580463824e-01
3.583508926969518060e-01
3.585525115457207090e-01
3.588078197644036238e-01
3.589627573722474763e-01
3.593450428235597793e-01
3.594537179381289138e-01
3.594719595546006508e-01
3.598261536490486301e-01
3.600098313532198446e-01
3.601791028051540278e-01
3.603526610180959322e-01
3.606070608787483311e-01
3.607398222821436296e-01
3.608218193841685739e-01
3.609422986242186715e-01
3.611688504205460282e-01
3.613133964039450530e-01
3.613587728389050513e-01
3.615190706170720580e-01
3.615964283867544315e-01
3.618907227763781265e-01
3.620890423883246223e-01
3.621678887489135357e-01
3.623625385719198566e-01
3.625629954659038701e-01
3.626017287070342765e-01
3.627622460521197634e-01
3.628941608425340082e-01
3.631062002468742889e-01
3.633426314426822512e-01
3.636211880904198224e-01
3.636976275787809354e-01
3.637229932783040964e-01
3.638617582503093084e-01
3.641800571778732176e-01
3.642800528715494091e-01
3.645268123492197976e-01
3.645416556116046758e-01
3.647978691449397792e-01
3.651545255457312456e-01
3.653028308033662852e-01
3.655566323075268298e-01
3.656590500595843229e-01
3.657447994778453837e-01
3.659077364775286667e-01
3.661079316034555053e-01
3.663077412248731957e-01
3.663466925616311598e-01
3.666766159027634031e-01
3.668341204372199127e-01
3.668983729529117777e-01
3.671329292102069597e-01
3.672407197843641780e-01
3.674672739598942028e-01
3.676086705812359745e-01
3.677479122889744101e-01
3.678639958119880315e-01
3.679615843230954475e-01
3.681850132969786693e-01
3.682908225825490267e-01
3.683276361990845404e-01
3.685786073464150658e-01
3.688754763078219701e-01
3.690147658355648064e-01
3.691706642687668793e-01
3.693567905089808479e-01
3.694694714198680785e-01
3.696173484459511771e-01
3.698147427422905364e-01
3.701435171898809773e-01
3.702897603192097375e-01
3.704171155413641947e-01
3.705792303627309381e-01
3.707646088042365617e-01
3.708940637070075041e-01
3.709864069604655312e-01
3.710495721905484046e-01
3.714405940010009344e-01
3.715716013870248857e-01
3.716172043462478425e-01
3.718672758793785116e-01
3.721609427517568180e-01
3.722417046126557105e-01
3.725050185990491092e-01
3.728636965861706343e-01
3.729357093729119277e-01
3.730435499527011700e-01
3.730830308244612037e-01
3.733107044215141501e-01
3.734630929983946968e-01
3.735292037584905800e-01
3.738578107506093096e-01
3.740412271695752189e-01
3.742669851477790077e-01
3.743353588185423519e-01
3.745088695321078243e-01
3.745965625881882421e-01
3.749319760301024762e-01
3.751240389321973123e-01
3.754332407685524453e-01
3.754976714721021125e-01
3.757006532405358645e-01
3.758308170637666423e-01
3.758757047996930667e-01
3.761328168757083201e-01
3.762941987356116513e-01
3.764996367514759634e-01
3.767834203241267610e-01
3.768949985940339698e-01
3.769868982819934433e-01
3.772196515889871260e-01
3.774510075696548284e-01
3.775664173157225467e-01
3.778052331580341594e-01
3.780267492411574226e-01
3.783200962108561605e-01
3.783779378294683804e-01
3.784951087899361410e-01
3.786454208516598086e-01
3.788249012223521284e-01
3.790954738895738751e-01
3.792466406978236004e-01
3.794697392846638762e-01
3.797012539319541413e-01
3.797995822003585875e-01
3.800276501443814459e-01
3.800940155442650292e-01
3.801835872772885150e-01
3.804967736277241053e-01
3.806673285141070062e-01
3.807353231923439330e-01
3.809986958698596271e-01
3.811573214760499706e-01
3.813775862804066885e-01
3.814931585002985792e-01
3.815573427397919715e-01
3.817246509667586718e-01
3.821159064725423438e-01
3.823130657290056411e-01
3.824479039942970671e-01
3.825633221446456678e-01
3.826446007570953323e-01
3.828258875783696058e-01
3.828987105034967198e-01
3.830589257569091965e-01
3.831759117513403035e-01
3.833837367649232108e-01
3.835282499333973472e-01
3.835971119928363593e-01
3.841547844370128972e-01
3.842781043415227082e-01
3.844566479254532543e-01
3.846722619906692842e-01
3.847725158764497277e-01
3.850325929589663021e-01
3.850594603259310800e-01
3.854111718209782267e-01
3.855003874885962190e-01
3.858147882160790632e-01
3.860061426699060161e-01
3.861307658815066324e-01
3.862072711642875467e-01
3.865768635051468616e-01
3.866075852027282544e-01
3.867153359750551966e-01
3.868701830197471270e-01
3.869582274105205499e-01
3.871112391732554614e-01
3.873829964461809605e-01
3.874588737488092183e-01
3.877121967587172646e-01
3.878771903128792053e-01
3.879270439931288839e-01
3.880260093254477849e-01
3.882411332415554028e-01
3.884189792703197641e-01
3.888440476043236171e-01
3.889790580900145955e-01
3.891160138616045483e-01
3.892486527993189172e-01
3.893220028011376566e-01
3.894119454958554494e-01
3.895004197869935125e-01
3.895613912804315460e-01
3.897974476338049721e-01
3.900829581006179936e-01
3.905397646273910950e-01
3.906905965264635960e-01
3.907265440628168163e-01
3.909306663240537105e-01
3.911289453755563139e-01
3.912105830702768405e-01
3.912749211470500921e-01
3.916660838844178705e-01
3.919659905319762827e-01
3.921021114779608685e-01
3.921160037042943913e-01
3.923511791918806169e-01
3.925213761020271419e-01
3.927307319238474981e-01
3.929264090138481769e-01
3.931435605571207970e-01
3.932060087493105538e-01
3.932492120086498733e-01
3.935641164671165870e-01
3.937588607774869520e-01
3.938690432735775793e-01
3.939261621937595326e-01
3.940389913439829583e-01
3.942610804769548505e-01
3.943020763532230633e-01
3.946583559927004936e-01
3.949558569419283072e-01
3.951492373018105630e-01
3.954060737603584119e-01
3.956427563390730873e-01
3.956511555394486845e-01
3.958631854152999119e-01
3.961124396207664766e-01
3.961997060189940134e-01
3.963391779161466455e-01
3.963978424253941091e-01
3.964723380664686991e-01
3.967572853894256180e-01
3.969787059531669215e-01
3.973040107426666356e-01
3.973745152902307121e-01
3.974908667839890386e-01
3.977870196705881600e-01
3.979557939490923624e-01
3.981335440441181595e-01
3.982225528860163233e-01
3.984481025838652601e-01
3.986527921413466347e-01
3.989688338285335423e-01
3.990350628615352835e-01
3.991529029023757058e-01
3.993668109056299764e-01
3.995329888231433646e-01
3.996849863530498870e-01
3.999308214481888668e-01
3.999833511419714771e-01
4.000894927649896182e-01
4.003938837702060716e-01
4.007391170253097878e-01
4.008126396831272475e-01
4.009731352231007961e-01
4.011914239997546594e-01
4.014640869548539159e-01
4.015565705303374422e-01
4.018654145373177777e-01
4.019589179513500254e-01
4.021803368588987015e-01
4.022763077612725446e-01
4.023496324027076576e-01
4.026906862417511390e-01
4.027088126869950435e-01
4.030428979488762664e-01
4.030792974749992097e-01
4.032777196041071877e-01
4.033682087301263541e-01
4.036325074301981841e-01
4.038646756450293696e-01
4.040444688811448692e-01
4.042821001261157066e-01
4.045411159884961250e-01
4.046764208409356356e-01
4.046931921750430705e-01
4.049618391384733895e-01
4.049867184303337364e-01
4.052156993379895100e-01
4.055234610938850404e-01
4.055676012852781898e-01
4.057889109138143602e-01
4.059898687138472906e-01
4.061858125095191840e-01
4.065103255233916690e-01
4.066510870522097032e-01
4.067237644092799864e-01
4.070216232571104986e-01
4.072394066284814040e-01
4.072491465796044818e-01
4.075178727867891926e-01
4.076711959417698150e-01
4.079810154572325320e-01
4.080194888282918098e-01
4.081000284187719651e-01
4.084519899700407852e-01
4.085717854474572031e-01
4.086906041027463798e-01
4.088025973435933103e-01
4.089204073195366052e-01
4.089763051001664707e-01
4.093896670035845897e-01
4.094227339282998646e-01
4.095713615053450662e-01
4.097793190626998205e-01
4.100742844938960463e-01
4.104287189639052036e-01
4.105668520605338934e-01
4.106830699268428364e-01
4.109059758536228180e-01
4.109635198527714639e-01
4.111666833864329740e-01
4.113608996131436490e-01
4.116475948302023569e-01
4.120198136413454892e-01
4.120471557731784085e-01
4.122746785992788543e-01
4.123788875967440704e-01
4.125370229153290658e-01
4.127912825053581813e-01
4.128821161424087727e-01
4.131746717330586072e-01
4.132272260617015913e-01
4.134231322919222906e-01
4.136340480238822614e-01
4.137775180205366388e-01
4.138694921709759056e-01
4.140677672346084193e-01
4.142716802787996255e-01
4.144809371256096275e-01
4.146603861745036812e-01
4.148428823553723666e-01
4.151643212738245214e-01
4.155365336917255514e-01
4.155899344300425513e-01
4.156334426824219164e-01
4.158871243714835075e-01
4.159428440483055045e-01
4.160996688185801817e-01
4.165218138278637405e-01
4.166565767521452357e-01
4.169638368259483974e-01
4.170887898142008887e-01
4.171700952794776263e-01
4.172942683124541974e-01
4.175383065281031980e-01
4.176753796111358774e-01
4.178198405263896520e-01
4.180097923753549050e-01
4.180380365169836798e-01
4.181213334595664244e-01
4.182543885707730724e-01
4.184070112867682711e-01
4.187165746277018430e-01
4.190009816889915251e-01
4.192196092378640548e-01
4.192681031856931861e-01
4.195780205358194404e-01
4.197378857806808305e-01
4.199531778629777556e-01
4.201830628699664838e-01
4.202894729837054477e-01
4.203817254156880789e-01
4.204849906077151589e-01
4.207563758018597611e-01
4.210983895861747373e-01
4.213004543803280377e-01
4.213758683918608083e-01
4.214380446998615137e-01
4.216730624304949049e-01
4.219561617964893152e-01
4.220896984875292524e-01
4.222587445016700580e-01
4.224670684488708305e-01
4.224872162470886816e-01
4.227620068974821121e-01
4.229218045419433913e-01
4.230691902628747059e-01
4.231861808255271695e-01
4.235284004649391698e-01
4.237137638905145165e-01
4.238328204853677450e-01
4.240128764272553252e-01
4.242663321015074374e-01
4.243734569092005859e-01
4.244045486678724721e-01
4.248071628904624419e-01
4.249575418264229243e-01
4.252502468918167300e-01
4.255380129639766418e-01
4.257613152825392988e-01
4.259005551720059790e-01
4.260562047722624701e-01
4.260919438084870836e-01
4.262170059459328142e-01
4.263526215244037854e-01
4.266262301473160989e-01
4.267869425390894422e-01
4.271351952421783560e-01
4.272462242679776478e-01
4.274892911934725648e-01
4.276048933000638486e-01
4.277246344105696818e-01
4.278027601705493010e-01
4.281785085514138722e-01
4.282463911856765892e-01
4.284792300220897077e-01
4.285926690270384087e-01
4.289790859544179713e-01
4.290052705862564819e-01
4.291830893546346726e-01
4.293494188784285348e-01
4.294269971644275041e-01
4.297156591377259693e-01
4.297529863016552598e-01
4.299771684058243393e-01
4.303893132310652181e-01
4.305992885970059136e-01
4.307605422007433349e-01
4.309886093695654008e-01
4.311382836045665190e-01
4.312498291869462652e-01
4.316151120218420512e-01
4.319011219065241880e-01
4.321514798743340546e-01
4.322872153508078297e-01
4.324240767975401911e-01
4.324918086842178266e-01
4.326815621674889312e-01
4.330124680166385631e-01
4.330961428919338219e-01
4.332353374416181291e-01
4.334752671987717187e-01
4.335470420145016712e-01
4.337401360919937443e-01
4.339131173542317144e-01
4.341853838745666772e-01
4.342510365415038209e-01
4.345321191690240670e-01
4.346301810565715851e-01
4.347260751993518024e-01
4.347813330069448812e-01
4.350275054220064663e-01
4.355277223001049469e-01
4.357229563198341538e-01
4.358692613353294942e-01
4.359418212893467759e-01
4.361682914795693145e-01
4.362533174591707308e-01
4.364956957573102869e-01
4.367644542640043981e-01
4.367974757080507753e-01
4.369620789390138982e-01
4.375000649261249208e-01
4.375526277683319254e-01
4.378138644267432489e-01
4.380486707655537604e-01
4.381320051362336820e-01
4.384014138115306380e-01
4.385085454423400253e-01
4.389813695997308307e-01
4.392310058922493932e-01
4.393919295720135065e-01
4.394679915620865462e-01
4.395212021696900395e-01
4.399620971492544941e-01
4.401438702235569433e-01
4.402392338398110061e-01
4.403819300416635940e-01
4.405014590608088976e-01
4.408367508903647258e-01
4.409370055630986163e-01
4.410824569043208521e-01
4.413469827755913122e-01
4.415082687376617465e-01
4.416816157720484526e-01
4.421428750311046096e-01
4.423397654537898904e-01
4.424609408819107359e-01
4.426669281801570710e-01
4.427751718292590732e-01
4.429501240601725343e-01
4.430987818499736441e-01
4.433969395037761219e-01
4.434909998206461035e-01
4.437316457683516124e-01
4.438884868059737587e-01
4.440358390717342729e-01
4.443233487048264263e-01
4.446196351070922370e-01
4.447188037533954530e-01
4.448982577555654072e-01
4.451601061299316209e-01
4.453463153830298227e-01
4.456801270964881323e-01
4.458299329352114482e-01
4.458867519869956220e-01
4.459511397807585653e-01
4.461802715750254889e-01
4.465671086001734014e-01
4.466397243494197311e-01
4.468130768750899762e-01
4.469761615682456557e-01
4.472064960983964665e-01
4.473624158116420446e-01
4.477164657470158460e-01
4.478249371746974572e-01
4.479335014686100513e-01
4.480126367504950746e-01
4.486245509355698546e-01
4.487149216929137707e-01
4.489241622019910505e-01
4.490349973227472646e-01
4.491316374826817559e-01
4.492909375884001633e-01
4.494653482568750080e-01
4.496448255394404070e-01
4.499721108868568464e-01
4.501417314141336612e-01
4.502601398286981693e-01
4.503752393834310475e-01
4.508169363989145140e-01
4.508553167704792974e-01
4.511431829154698425e-01
4.512576554436217857e-01
4.514920303789783373e-01
4.516258916475075491e-01
4.518832307877914123e-01
4.521817538792878288e-01
4.522310558017000881e-01
4.523405753103393878e-01
4.525794428203945841e-01
4.527014308356377970e-01
4.527664256571036772e-01
4.530171382945125114e-01
4.532018364284750023e-01
4.534532195212026551e-01
4.535780163423316913e-01
4.540343637307556746e-01
4.540848601086330816e-01
4.545181841526757527e-01
4.546632775416464267e-01
4.549531811287164662e-01
4.550343832778468989e-01
4.551848543384556800e-01
4.553073960163903644e-01
4.554575302078943677e-01
4.558007416393259348e-01
4.559028636824755676e-01
4.560582328175736833e-01
4.562909180033672962e-01
4.563590566648018099e-01
4.566873567169679737e-01
4.569274872343543348e-01
4.570610589475216923e-01
4.573480191124838501e-01
4.573927058958719427e-01
4.575581133061946137e-01
4.578029438929805961e-01
4.580496556750588422e-01
4.580837724617333739e-01
4.585600376505427622e-01
4.587240540529162747e-01
4.589871015663617437e-01
4.590882733125746795e-01
4.592776996789441069e-01
4.594679325302067352e-01
4.598361098476601017e-01
4.600588777774020643e-01
4.602183662279892840e-01
4.603375635609889827e-01
4.605396517571834214e-01
4.607934108189922773e-01
4.608911959565713534e-01
4.611388234127357100e-01
4.614404580939324152e-01
4.616214605789014103e-01
4.618952889307368359e-01
4.619683273486204222e-01
4.622279789841851061e-01
4.625263768342885440e-01
4.625881840781980725e-01
4.628765149553317193e-01
4.629808610389392620e-01
4.631196819542073295e-01
4.634094410625064220e-01
4.638191031956232502e-01
4.638965621598163946e-01
4.640834280501401898e-01
4.642080401580316873e-01
4.645041911806176427e-01
4.646827303235679940e-01
4.648146297876752375e-01
4.651072311710096052e-01
4.651986328217754263e-01
4.654027105450341817e-01
4.655891353722187431e-01
4.658386267481330334e-01
4.660708667538429606e-01
4.664003740545289989e-01
4.665304650618544158e-01
4.665836369475971912e-01
4.669445070503014383e-01
4.670400368047881723e-01
4.673707413366974817e-01
4.676488681033325046e-01
4.680097975964249146e-01
4.680202338953464714e-01
4.680969167232626460e-01
4.682902896429073647e-01
4.686523091517748041e-01
4.689375145189205174e-01
4.690018146768914487e-01
4.692356262244202214e-01
4.692865433063461156e-01
4.694195266618937379e-01
4.696802012292293216e-01
4.701422531181799758e-01
4.703348500102748075e-01
4.706314322142936546e-01
4.708590437052391220e-01
4.711873111359440869e-01
4.712575847287991393e-01
4.714275014099425509e-01
4.717538606987193850e-01
4.719884882084791622e-01
4.721953248330918451e-01
4.723579432798555855e-01
4.724534309083247563e-01
4.727582384454613318e-01
4.729076707602345442e-01
4.732809314144533208e-01
4.734159315066924778e-01
4.734816519403809987e-01
4.738794021608465634e-01
4.741617234856471685e-01
4.743043082562089507e-01
4.744164799286534895e-01
4.747109331311473723e-01
4.751100401334766299e-01
4.753197614109594960e-01
4.755648419422517370e-01
4.756735738369600730e-01
4.758802713231855552e-01
4.760033223142298153e-01
4.761223084139993289e-01
4.764593207002655872e-01
4.768380086070078683e-01
4.768978195410178977e-01
4.772059491456664415e-01
4.772612707852459391e-01
4.775238601497892033e-01
4.778792298032532027e-01
4.780721198857663667e-01
4.783844478003521083e-01
4.784184048830991687e-01
4.787746254326179507e-01
4.789053518271282894e-01
4.791197269490077293e-01
4.793415765675451135e-01
4.794689131186427034e-01
4.795589299002134265e-01
4.798071552965321729e-01
4.800667423393142896e-01
4.802665870358719391e-01
4.804752214599848359e-01
4.808982227630599904e-01
4.810666431963299128e-01
4.811794984635265338e-01
4.814672140387840638e-01
4.817240899625872541e-01
4.819362592629006237e-01
4.823535443930176414e-01
4.825347930061438251e-01
4.826993930580272263e-01
4.827643515632114579e-01
4.829898390420830356e-01
4.831833118672677618e-01
4.838310988430478132e-01
4.840706387256702437e-01
4.842232543082106155e-01
4.843216336805442612e-01
4.845047257542701713e-01
4.848358672522823931e-01
4.850079222960070324e-01
4.852364709713986590e-01
4.856103113657667114e-01
4.857456967267864134e-01
4.859113731835884020e-01
4.860713536499333687e-01
4.862592548012553695e-01
4.865064969182352206e-01
4.866833344150874319e-01
4.868783197745243374e-01
4.869265609801111117e-01
4.872393199630880578e-01
4.873393809277205557e-01
4.878423961765268602e-01
4.879255592442938716e-01
4.880192017594222054e-01
4.883134820525377728e-01
4.884931943953881861e-01
4.886162052291734281e-01
4.891547375967556510e-01
4.892023502161623738e-01
4.893276098998289303e-01
4.895763201459360503e-01
4.898083931578783856e-01
4.900722405062964415e-01
4.904075434182389448e-01
4.905539941618794475e-01
4.906386959520593338e-01
4.909278053757862303e-01
4.910855345038686037e-01
4.913025470121745175e-01
4.913723040439717527e-01
4.917067336727050098e-01
4.918933993531964255e-01
4.923230962870822069e-01
4.925996219974644874e-01
4.926208689162501764e-01
4.928737034093379488e-01
4.931870123799229622e-01
4.935616725858864573e-01
4.938555374265776732e-01
4.939815532841102530e-01
4.940567681869680872e-01
4.945498083005459566e-01
4.945981050518040711e-01
4.948308082393519380e-01
4.950155745311563549e-01
4.953441194933462799e-01
4.955609163985169596e-01
4.958208069100640270e-01
4.960150594376004363e-01
4.962817000179158833e-01
4.966594544761148700e-01
4.968038715234994740e-01
4.970732844726448718e-01
4.974215649229797309e-01
4.976793760348434126e-01
4.980065956916812087e-01
4.981286839930390564e-01
4.985048765064939436e-01
4.986980076116188654e-01
4.991414537250672412e-01
4.993207403353656093e-01
4.995513351018068815e-01
4.996800628423401225e-01
4.998916852887729800e-01
5.000287708527650921e-01
5.004642924562816564e-01
5.009841353315868107e-01
5.010930466094847269e-01
5.012985323750224209e-01
5.015215803300880903e-01
5.019905351692269813e-01
5.022130443150553125e-01
5.025274116271982727e-01
5.026590857788288957e-01
5.027733953368382913e-01
5.031892869390307554e-01
5.032075588247894027e-01
5.036995954244471996e-01
5.037745687444658005e-01
5.039323942240413468e-01
5.044572658367688645e-01
5.046757390086570316e-01
5.049677221940651606e-01
5.051562571854952832e-01
5.056386351386276123e-01
5.057197918111515644e-01
5.059589518335572134e-01
5.062058132496835006e-01
5.064070040395650674e-01
5.065739939726564556e-01
5.066930062684169567e-01
5.070155373050632130e-01
5.073211169715500235e-01
5.076578769138485603e-01
5.076821297979134950e-01
5.081415498083097226e-01
5.082526650545805547e-01
5.082910460618852433e-01
5.086848131555379293e-01
5.091133039378407110e-01
5.092903837110076548e-01
5.095861573058149130e-01
5.098014505314931721e-01
5.100966365491726995e-01
5.102973724679564782e-01
5.108463616310409128e-01
5.111423341087050209e-01
5.112124324813116516e-01
5.114347975291260173e-01
5.116650086241091300e-01
5.119724738672163378e-01
5.122086571255710652e-01
5.128059979179502292e-01
5.129603558214469450e-01
5.131481014047096778e-01
5.132421804741240656e-01
5.135739764726355849e-01
5.140051398481656486e-01
5.142650865378767255e-01
5.146101700287251113e-01
5.148912680240598227e-01
5.152311027880132066e-01
5.152985573005853803e-01
5.159000560462371210e-01
5.159072869144210038e-01
5.162350691113348766e-01
5.165010762995342342e-01
5.165578164436810393e-01
5.169123198527374452e-01
5.171538313329762104e-01
5.175180087091765246e-01
5.177364271132034457e-01
5.178978802558980021e-01
5.181234518258150956e-01
5.185416392160970833e-01
5.189618670979262438e-01
5.191991001291290653e-01
5.192218108618629202e-01
5.196749647772309633e-01
5.199028307360074042e-01
5.203429497385029245e-01
5.206237134329018135e-01
5.207768002763888404e-01
5.212105722840710831e-01
5.215642718966335689e-01
5.219813906933510328e-01
5.220745784937294021e-01
5.222670709256774790e-01
5.224028348161556812e-01
5.228023639335854789e-01
5.230233538072547317e-01
5.231422929253456422e-01
5.234884945665426725e-01
5.236876525496135804e-01
5.243372245980235657e-01
5.247229677622340382e-01
5.249547479786870197e-01
5.251903040203094175e-01
5.255437696903864087e-01
5.257455278721031577e-01
5.258913937062733579e-01
5.264164446333353675e-01
5.267474175721232887e-01
5.271627121343180900e-01
5.273015405809553524e-01
5.274753747278027038e-01
5.276630852417960593e-01
5.282247391098890965e-01
5.283698383431177925e-01
5.285305445359159693e-01
5.287093836540130987e-01
5.291042672232751931e-01
5.297448424657743571e-01
5.299480461293184508e-01
5.300571363086159504e-01
5.303210396390535264e-01
5.308538237996159870e-01
5.313830358071697235e-01
5.315088118213826540e-01
5.318674606207582922e-01
5.322113143374399558e-01
5.325832299475408149e-01
5.330544108638234357e-01
5.332576109969341394e-01
5.335494302113106269e-01
5.338860921823505024e-01
5.340607873793499216e-01
5.343677770536003901e-01
5.348536346982526446e-01
5.350263861372331897e-01
5.352693687834865210e-01
5.357162254466770746e-01
5.358942213097352969e-01
5.363453973929216412e-01
5.365481195215584531e-01
5.368927203011304439e-01
5.374709849094514436e-01
5.377934947997905502e-01
5.378478401893082017e-01
5.383083013401837036e-01
5.384518625801318903e-01
5.386894325192836952e-01
5.391092397074916942e-01
5.392345741040004414e-01
5.398617701001500180e-01
5.399438814521673180e-01
5.403273744538242829e-01
5.407074752358150826e-01
5.409600464621903138e-01
5.413974942531230017e-01
5.418493635784569218e-01
5.423064438157683131e-01
5.424114545463042392e-01
5.427050396477650640e-01
5.427723388366205715e-01
5.431202247545714457e-01
5.434116438717506714e-01
5.439451188453335861e-01
5.442620840528524795e-01
5.446714297435734098e-01
5.451619058570905674e-01
5.455182940015148585e-01
5.460608657028961366e-01
5.461382901448165184e-01
5.463332265391381837e-01
5.463983143166706302e-01
5.467962368706045240e-01
5.472941844359059393e-01
5.476754030859584121e-01
5.479346120788646246e-01
5.480994767584881355e-01
5.484315161860182641e-01
5.487469364621375689e-01
5.491203260282603305e-01
5.496157629404059275e-01
5.499660427451753542e-01
5.504629836663282871e-01
5.506016743089733323e-01
5.508418514379211928e-01
5.512385975910046865e-01
5.513554934108518824e-01
5.517736375729164200e-01
5.520153523553014141e-01
5.527562446226307324e-01
5.529396603717345871e-01
5.530709943420081265e-01
5.537738694873385326e-01
5.539360990714318200e-01
5.545868570579435275e-01
5.546672173314177723e-01
5.548349705684524347e-01
5.552778104272274584e-01
5.553779007614373375e-01
5.556382420097455421e-01
5.562308132717102005e-01
5.564249680345505489e-01
5.566060169140493175e-01
5.570011257368345792e-01
5.572474005048809742e-01
5.573517072681108964e-01
5.582617526906803462e-01
5.587340945443268758e-01
5.592976013211570230e-01
5.594602407260366173e-01
5.596474500719867962e-01
5.601911075278789287e-01
5.605663516085058751e-01
5.608293522802867415e-01
5.612722378365039289e-01
5.616994437976026155e-01
5.621644024013664476e-01
5.624255631694387025e-01
5.629376242858729062e-01
5.638102159090147003e-01
5.642598781972362199e-01
5.645314303449273652e-01
5.646591501039444072e-01
5.648816361027301225e-01
5.652023589529092673e-01
5.653753705672910357e-01
5.661585601658979394e-01
5.662361124199426499e-01
5.666713299004911830e-01
5.669275877960454624e-01
5.671988395434568453e-01
5.681957382030176085e-01
5.684308067671314246e-01
5.685999580128926478e-01
5.689596157645816499e-01
5.693697157395793962e-01
5.698772143809336388e-01
5.702966412117494999e-01
5.708418829410683015e-01
5.716871769875777609e-01
5.719860499334585846e-01
5.720632781040386750e-01
5.723374114833679194e-01
5.728664269530233666e-01
5.729968049368034944e-01
5.733981062163046039e-01
5.738592666927802011e-01
5.739727047999504395e-01
5.743909727135624310e-01
5.747568992621544526e-01
5.748371676710433142e-01
5.749082726866381332e-01
5.754906155910310961e-01
5.759215179970161858e-01
5.765405362091423624e-01
5.768296274810870150e-01
5.771978971603384245e-01
5.776134650321753661e-01
5.780365118608502550e-01
5.786885209420581377e-01
5.790407649952088454e-01
5.795306043555759068e-01
5.797869413031839780e-01
5.800901597328534942e-01
5.807872665255734423e-01
5.812218170432582598e-01
5.816863821309586902e-01
5.818169021218256853e-01
5.825950423463298611e-01
5.834512824737074776e-01
5.835278532027767806e-01
5.838964476484237442e-01
5.843103887545343378e-01
5.855706156941555829e-01
5.857444292511716499e-01
5.864728018457833203e-01
5.865083133872319721e-01
5.868159635074798874e-01
5.870538020746870478e-01
5.873466978813077777e-01
5.881923560207013013e-01
5.885838783007629749e-01
5.886717977759081677e-01
5.895989567415003130e-01
5.896549581635286419e-01
5.900334351442574343e-01
5.909097237554825632e-01
5.911322883104751513e-01
5.919898562711394252e-01
5.920930779891402373e-01
5.926423572554184727e-01
5.927378811098514833e-01
5.934378532087588587e-01
5.940851036690636411e-01
5.945038716516692912e-01
5.949916418931580075e-01
5.952375804999626707e-01
5.961151185109885287e-01
5.962924278553809465e-01
5.970638970683416202e-01
5.971985683204266149e-01
5.973021482480186384e-01
5.979629276634265134e-01
5.985981562244619969e-01
5.992527313049217375e-01
5.996183520949293078e-01
5.999244896694846396e-01
6.001694996610095201e-01
6.005419870556043538e-01
6.010967341504204198e-01
6.018536157019888089e-01
6.022907787500307863e-01
6.029021869222114249e-01
6.034469762514291791e-01
6.038184092374851986e-01
6.040453431341635815e-01
6.048603560428549297e-01
6.050195292152966697e-01
6.055403053529780921e-01
6.065761252814522164e-01
6.069293201554722961e-01
6.074157262675202729e-01
6.080240516845555332e-01
6.085786606548256872e-01
6.091516392592066786e-01
6.098284729753689071e-01
6.108704283348884712e-01
6.108941869585521323e-01
6.111816864910555314e-01
6.121982820720327512e-01
6.124737451886120843e-01
6.126412382881476493e-01
6.136114973601045630e-01
6.140863516306210856e-01
6.146230729295395490e-01
6.150994261532114482e-01
6.156090548078048119e-01
6.160026664471736080e-01
6.166039192455882167e-01
6.168047195714025932e-01
6.180312619546421971e-01
6.185319424159323454e-01
6.188413074321439389e-01
6.194513094013870402e-01
6.195021825313258290e-01
6.204102101926739499e-01
6.208611001024108011e-01
6.211864216187455989e-01
6.226573440423304184e-01
6.227989451592675918e-01
6.230042832981497192e-01
6.230602897894187420e-01
6.239681988341034824e-01
6.246610046875885613e-01
6.251443614941234461e-01
6.258961860772891406e-01
6.262585883759173022e-01
6.273416952399917257e-01
6.274422901949362474e-01
6.279620810939250397e-01
6.282817526193378299e-01
6.296940989933573762e-01
6.302884039572006492e-01
6.304390191424856793e-01
6.316239699170044242e-01
6.319602488840970755e-01
6.325689275733605843e-01
6.330116383093373766e-01
6.342169239782345924e-01
6.346886199319961008e-01
6.356348606508108734e-01
6.364357530466793200e-01
6.367424135185064671e-01
6.371416518824187802e-01
6.376471650043624706e-01
6.378051416235664961e-01
6.385781255275637669e-01
6.395939666549330660e-01
6.399577157854848819e-01
6.402362001072848807e-01
6.416334824400005132e-01
6.418838500473647013e-01
6.430863662895506261e-01
6.437373671706694278e-01
6.445366963863136123e-01
6.451376209732848643e-01
6.453110223317767291e-01
6.460436991309899124e-01
6.471164360605349275e-01
6.476718834631522981e-01
6.478609874855073558e-01
6.482436969609581823e-01
6.490858193770184803e-01
6.497783957117764242e-01
6.501196182520926348e-01
6.510988682928311455e-01
6.513690972009330560e-01
6.527267724036082130e-01
6.541360579508853634e-01
6.542374991239986448e-01
6.550722377972871824e-01
6.556596692064902143e-01
6.565653876526184041e-01
6.568626530495643712e-01
6.577494177020509758e-01
6.584050489793670247e-01
6.592972040271979361e-01
6.603329918863892756e-01
6.611493127311394158e-01
6.623182393666982026e-01
6.634542903894521393e-01
6.639213376556709623e-01
6.645867321180995990e-01
6.653690188265729555e-01
6.667987768344767474e-01
6.672247783008670163e-01
6.675659766965390540e-01
6.684709400882239416e-01
6.693974812365530713e-01
6.700938195529976271e-01
6.707191421112579377e-01
6.710454289195498800e-01
6.717128487131792669e-01
6.720427269573103768e-01
6.737288000868364435e-01
6.739661213537230244e-01
6.752940227897507031e-01
6.756705663321015409e-01
6.780502481206042154e-01
6.785237042362254334e-01
6.790861493188548037e-01
6.800864946538582867e-01
6.803009083463775752e-01
6.813486517660900521e-01
6.825141195339833322e-01
6.830853591756588239e-01
6.844592597615000162e-01
6.852415714460869944e-01
6.863799289732346320e-01
6.870618326470988579e-01
6.875404312342821012e-01
6.889847853442779835e-01
6.896773270551731505e-01
6.907362556728199321e-01
6.922403393179572539e-01
6.927226369405092843e-01
6.944489555350952248e-01
6.948384152641777778e-01
6.968949979299106090e-01
6.971879209033045033e-01
7.002130284070563482e-01
7.011911601749376555e-01
7.019311750508049341e-01
7.029586218666004083e-01
7.050413299067006534e-01
7.063020938594309905e-01
7.070607398409860522e-01
7.077420901370297113e-01
7.088476020312980408e-01
7.107976281744590175e-01
7.115891706711030551e-01
7.125185388889963001e-01
7.136584018548043362e-01
7.171289709231096765e-01
7.185942146839311429e-01
7.201664512356541481e-01
7.226319889576587885e-01
7.236035905530272538e-01
7.248835551687702328e-01
7.253730502528151769e-01
7.278027763365839675e-01
7.284230050547541024e-01
7.290418273780377989e-01
7.295464137857499143e-01
7.303162505845303132e-01
7.318103632832575478e-01
7.334925800535271323e-01
7.346217463625455135e-01
7.378757675445692943e-01
7.401918039030123131e-01
7.406436564063586525e-01
7.433534426883698920e-01
7.439735905886792899e-01
7.460886152378003455e-01
7.466838712003840417e-01
7.505914786200335032e-01
7.508574787343437196e-01
7.529825080973918672e-01
7.539567597542968791e-01
7.566686165698881528e-01
7.569607741690659308e-01
7.588032438346659081e-01
7.627021977976430334e-01
7.645930927729630566e-01
7.656996982205365176e-01
7.705099585580107435e-01
7.727151848643494247e-01
7.769318066294725877e-01
7.799373944958533089e-01
7.823273758250622878e-01
7.852021115043672506e-01
7.880270938463991293e-01
7.884507900981538864e-01
7.934852160428642609e-01
8.004611895164684965e-01
8.021342670493079030e-01
8.032992359960633433e-01
8.039423185222679402e-01
8.088957218733759946e-01
8.127193095388037802e-01
8.141659207201862314e-01
8.156240684414586273e-01
8.172757639188679146e-01
8.279622514764741759e-01
8.383667600291895283e-01
8.425326608713071819e-01
8.440904964567093050e-01
8.466857293776354210e-01
8.484073791067878734e-01
8.563504828619060705e-01
8.682620324415935009e-01
8.785444516178171348e-01
8.967993000567174855e-01
9.415738030056630681e-01
1.000000000000000000e+00
