# SF-29 N2 candidate (i) i0 field=lester_brk eps=0.25 N=12: sorted relative singular values of the dense central-FD Jacobian at the oracle state (rows F_i=-q(L_i-S_i); smax=1.539284e+03)
2.770827e-06
2.899638e-06
4.226016e-06
7.304983e-06
7.475534e-06
7.864952e-06
1.009741e-05
1.313406e-05
1.315998e-05
1.499422e-05
1.505559e-05
1.678112e-05
1.695012e-05
1.769142e-05
2.091766e-05
2.703375e-05
2.779779e-05
2.968744e-05
3.041666e-05
3.280475e-05
3.377139e-05
3.696498e-05
3.832761e-05
4.120826e-05
4.613451e-05
5.726752e-05
6.753586e-05
6.827079e-05
7.216352e-05
7.960557e-05
8.078740e-05
1.085065e-04
1.195498e-04
1.397807e-04
1.401231e-04
1.720389e-04
2.881525e-04
3.200900e-04
3.562083e-04
3.587210e-04
3.623518e-04
3.777952e-04
4.127949e-04
4.132675e-04
5.442079e-04
6.559698e-04
8.235500e-04
8.313536e-04
9.183330e-04
9.278663e-04
1.032685e-03
1.109655e-03
1.110942e-03
1.190939e-03
1.198798e-03
1.230626e-03
1.314299e-03
1.347625e-03
1.377668e-03
1.407595e-03
1.434400e-03
1.443905e-03
1.451795e-03
1.476172e-03
1.485619e-03
1.526266e-03
1.527189e-03
1.547552e-03
1.616530e-03
1.682183e-03
1.725080e-03
1.815010e-03
3.978578e-03
3.978690e-03
4.733567e-03
4.734015e-03
5.010262e-03
5.011103e-03
5.111560e-03
5.151923e-03
5.222097e-03
5.224065e-03
5.864694e-03
5.864760e-03
8.773056e-03
8.774332e-03
8.845644e-03
8.873328e-03
8.876972e-03
8.885072e-03
9.096105e-03
9.177879e-03
9.183623e-03
9.184735e-03
9.195387e-03
9.228187e-03
9.261744e-03
9.269321e-03
9.269885e-03
9.282031e-03
9.360941e-03
9.378494e-03
9.380531e-03
9.484938e-03
9.570789e-03
9.571250e-03
9.643002e-03
9.672850e-03
9.861574e-03
9.873978e-03
1.014728e-02
1.014924e-02
1.050173e-02
1.051523e-02
1.051742e-02
1.054323e-02
1.063988e-02
1.064181e-02
1.191704e-02
1.192266e-02
1.340975e-02
1.364998e-02
1.418492e-02
1.419867e-02
1.442123e-02
1.442146e-02
1.443950e-02
1.443964e-02
1.462505e-02
1.463780e-02
1.517269e-02
1.545498e-02
1.547453e-02
1.547725e-02
1.577987e-02
1.578200e-02
1.754254e-02
1.755694e-02
1.755712e-02
1.774887e-02
1.775136e-02
1.785798e-02
1.785819e-02
1.790893e-02
1.790955e-02
1.791797e-02
1.983297e-02
2.007642e-02
2.008717e-02
2.012003e-02
2.013367e-02
2.018720e-02
2.022011e-02
2.024367e-02
2.027543e-02
2.028795e-02
2.220191e-02
2.220378e-02
2.445999e-02
2.446020e-02
2.446370e-02
2.446424e-02
2.509209e-02
2.530226e-02
2.588384e-02
2.596522e-02
2.625889e-02
2.626297e-02
2.663044e-02
2.667687e-02
2.668509e-02
2.711368e-02
2.827207e-02
2.829666e-02
2.896729e-02
2.903280e-02
2.922900e-02
2.924984e-02
2.928073e-02
2.928907e-02
2.935824e-02
2.937932e-02
2.941036e-02
2.941900e-02
2.942164e-02
2.942390e-02
2.946024e-02
2.947234e-02
2.948994e-02
2.956113e-02
2.957827e-02
2.964945e-02
2.967155e-02
2.969973e-02
2.970070e-02
2.975862e-02
3.008377e-02
3.020253e-02
3.033326e-02
3.050069e-02
3.052238e-02
3.061331e-02
3.080400e-02
3.083312e-02
3.084705e-02
3.110799e-02
3.113175e-02
3.135406e-02
3.135899e-02
3.153892e-02
3.159418e-02
3.170328e-02
3.202494e-02
3.203262e-02
3.212735e-02
3.234308e-02
3.237662e-02
3.255510e-02
3.256104e-02
3.312466e-02
3.451756e-02
3.451927e-02
3.475583e-02
3.476188e-02
3.482695e-02
3.504089e-02
3.504511e-02
3.521379e-02
3.526474e-02
3.528280e-02
3.549805e-02
3.574959e-02
3.825221e-02
3.825490e-02
3.869857e-02
3.870101e-02
4.047551e-02
4.049441e-02
4.056636e-02
4.059705e-02
4.085283e-02
4.091166e-02
4.094609e-02
4.098655e-02
4.566793e-02
4.566860e-02
4.571545e-02
4.577293e-02
4.579317e-02
4.597026e-02
4.597351e-02
4.598656e-02
4.600693e-02
4.618880e-02
4.952024e-02
4.952146e-02
4.963636e-02
4.967958e-02
5.036639e-02
5.046849e-02
5.058080e-02
5.060326e-02
5.064552e-02
5.070973e-02
5.077068e-02
5.079824e-02
5.083735e-02
5.088691e-02
5.160058e-02
5.168789e-02
5.186587e-02
5.187409e-02
5.221654e-02
5.223882e-02
5.253244e-02
5.264058e-02
5.264468e-02
5.266239e-02
5.270143e-02
5.285073e-02
5.292421e-02
5.321516e-02
5.324080e-02
5.357828e-02
5.358933e-02
5.373030e-02
5.380942e-02
5.387247e-02
5.391237e-02
5.394797e-02
5.504678e-02
5.506400e-02
5.525472e-02
5.537512e-02
5.540029e-02
5.559133e-02
5.918271e-02
5.928555e-02
5.929484e-02
5.946080e-02
5.965949e-02
5.966038e-02
5.970027e-02
5.982382e-02
5.985017e-02
5.985282e-02
5.986325e-02
5.986718e-02
5.989772e-02
5.989904e-02
5.997734e-02
6.002263e-02
6.002434e-02
6.007060e-02
6.007070e-02
6.015218e-02
6.017838e-02
6.017996e-02
6.019296e-02
6.021633e-02
6.042077e-02
6.043864e-02
6.049203e-02
6.053075e-02
6.079686e-02
6.080441e-02
6.082918e-02
6.086329e-02
6.108381e-02
6.126844e-02
6.132665e-02
6.133422e-02
6.504024e-02
6.507073e-02
6.514313e-02
6.523878e-02
6.542534e-02
6.547432e-02
6.547444e-02
6.563642e-02
6.682440e-02
6.689966e-02
6.702494e-02
6.702666e-02
6.707642e-02
6.712446e-02
6.726052e-02
6.726117e-02
7.091940e-02
7.096474e-02
7.104721e-02
7.118546e-02
7.121243e-02
7.136994e-02
7.142186e-02
7.149087e-02
7.231000e-02
7.232092e-02
7.232532e-02
7.234074e-02
7.242194e-02
7.245424e-02
7.274164e-02
7.274291e-02
7.283498e-02
7.284914e-02
7.391954e-02
7.483934e-02
7.484812e-02
7.520998e-02
7.521252e-02
7.552120e-02
7.555253e-02
7.586645e-02
7.614397e-02
7.614846e-02
7.774078e-02
7.775663e-02
7.795329e-02
7.795577e-02
7.797311e-02
7.800232e-02
7.816336e-02
7.816506e-02
7.828232e-02
7.832976e-02
7.836534e-02
7.845383e-02
7.973699e-02
7.984127e-02
8.075056e-02
8.078540e-02
8.107557e-02
8.116382e-02
8.128826e-02
8.129687e-02
8.132189e-02
8.139420e-02
8.152202e-02
8.165292e-02
8.188397e-02
8.192795e-02
8.248460e-02
8.253907e-02
8.273430e-02
8.281470e-02
8.296122e-02
8.324382e-02
8.475157e-02
8.475357e-02
8.631815e-02
8.631818e-02
8.837077e-02
8.837194e-02
9.070940e-02
9.070985e-02
9.204465e-02
9.225129e-02
9.262677e-02
9.265563e-02
9.276197e-02
9.284627e-02
9.371926e-02
9.373060e-02
9.398149e-02
9.398208e-02
9.502950e-02
9.531447e-02
9.625865e-02
9.629607e-02
9.655638e-02
9.655704e-02
9.661652e-02
9.674431e-02
9.696304e-02
9.817975e-02
9.827930e-02
9.833793e-02
9.858036e-02
9.859175e-02
9.862226e-02
9.862828e-02
9.877695e-02
9.879021e-02
9.880927e-02
9.887441e-02
9.932172e-02
9.935220e-02
9.935854e-02
9.941504e-02
9.944728e-02
9.947252e-02
9.947578e-02
9.951382e-02
9.957553e-02
9.972651e-02
9.978939e-02
9.996168e-02
9.996281e-02
1.001382e-01
1.001660e-01
1.002122e-01
1.002468e-01
1.002773e-01
1.004657e-01
1.005207e-01
1.013844e-01
1.014783e-01
1.014929e-01
1.016271e-01
1.017035e-01
1.018248e-01
1.019094e-01
1.019705e-01
1.021083e-01
1.021558e-01
1.022632e-01
1.022798e-01
1.035836e-01
1.037021e-01
1.038713e-01
1.042280e-01
1.042825e-01
1.045132e-01
1.045230e-01
1.053346e-01
1.053776e-01
1.054610e-01
1.055872e-01
1.057456e-01
1.059010e-01
1.059595e-01
1.060524e-01
1.065361e-01
1.065796e-01
1.075441e-01
1.076464e-01
1.077764e-01
1.094757e-01
1.095199e-01
1.097076e-01
1.098879e-01
1.100313e-01
1.102535e-01
1.102859e-01
1.104792e-01
1.119927e-01
1.121792e-01
1.122438e-01
1.122470e-01
1.122917e-01
1.123189e-01
1.124898e-01
1.125608e-01
1.125748e-01
1.126215e-01
1.129193e-01
1.130754e-01
1.156332e-01
1.156956e-01
1.157225e-01
1.161602e-01
1.161999e-01
1.162650e-01
1.162816e-01
1.163309e-01
1.165477e-01
1.165877e-01
1.166143e-01
1.167068e-01
1.167370e-01
1.169307e-01
1.169714e-01
1.170511e-01
1.172021e-01
1.172152e-01
1.172857e-01
1.174114e-01
1.175947e-01
1.176476e-01
1.176619e-01
1.177598e-01
1.177942e-01
1.178481e-01
1.179970e-01
1.180385e-01
1.181495e-01
1.182951e-01
1.183340e-01
1.185691e-01
1.186409e-01
1.186682e-01
1.189989e-01
1.190442e-01
1.193129e-01
1.195149e-01
1.195289e-01
1.199069e-01
1.201146e-01
1.202469e-01
1.203929e-01
1.204674e-01
1.205657e-01
1.206422e-01
1.206888e-01
1.207866e-01
1.209188e-01
1.211928e-01
1.212369e-01
1.214269e-01
1.214577e-01
1.214594e-01
1.214974e-01
1.215931e-01
1.221682e-01
1.224091e-01
1.224695e-01
1.225319e-01
1.230447e-01
1.230542e-01
1.235588e-01
1.243099e-01
1.279201e-01
1.285974e-01
1.287026e-01
1.288219e-01
1.289403e-01
1.291305e-01
1.301164e-01
1.301465e-01
1.307240e-01
1.308526e-01
1.312352e-01
1.312766e-01
1.330415e-01
1.331078e-01
1.363219e-01
1.363666e-01
1.371062e-01
1.375011e-01
1.375311e-01
1.375776e-01
1.376279e-01
1.377184e-01
1.377587e-01
1.379306e-01
1.380357e-01
1.385743e-01
1.385752e-01
1.394991e-01
1.396089e-01
1.403311e-01
1.405291e-01
1.407652e-01
1.412292e-01
1.413363e-01
1.413530e-01
1.413685e-01
1.418305e-01
1.419125e-01
1.420986e-01
1.426786e-01
1.427815e-01
1.429854e-01
1.434089e-01
1.437678e-01
1.439003e-01
1.440394e-01
1.443772e-01
1.445160e-01
1.447010e-01
1.447374e-01
1.447391e-01
1.447950e-01
1.448686e-01
1.451295e-01
1.451713e-01
1.452642e-01
1.453416e-01
1.454326e-01
1.455328e-01
1.455726e-01
1.456286e-01
1.456800e-01
1.457941e-01
1.458216e-01
1.458813e-01
1.458817e-01
1.458922e-01
1.459696e-01
1.459998e-01
1.460799e-01
1.461184e-01
1.461423e-01
1.461919e-01
1.462712e-01
1.463216e-01
1.464206e-01
1.467002e-01
1.467187e-01
1.468096e-01
1.468438e-01
1.470866e-01
1.477965e-01
1.478635e-01
1.480212e-01
1.482265e-01
1.482718e-01
1.483384e-01
1.483859e-01
1.485553e-01
1.488128e-01
1.490011e-01
1.491398e-01
1.493618e-01
1.495943e-01
1.499042e-01
1.501057e-01
1.507049e-01
1.507591e-01
1.507835e-01
1.508838e-01
1.509833e-01
1.514430e-01
1.514462e-01
1.515629e-01
1.516300e-01
1.519440e-01
1.523330e-01
1.534738e-01
1.537250e-01
1.537276e-01
1.540106e-01
1.541424e-01
1.541581e-01
1.543405e-01
1.544067e-01
1.550064e-01
1.552091e-01
1.556229e-01
1.557869e-01
1.558798e-01
1.558930e-01
1.562740e-01
1.595795e-01
1.597666e-01
1.598001e-01
1.607673e-01
1.608103e-01
1.608870e-01
1.614379e-01
1.614478e-01
1.616036e-01
1.619612e-01
1.623054e-01
1.624325e-01
1.626678e-01
1.627379e-01
1.629076e-01
1.629868e-01
1.632243e-01
1.634786e-01
1.638554e-01
1.639032e-01
1.639641e-01
1.643133e-01
1.643140e-01
1.649046e-01
1.649730e-01
1.650971e-01
1.651984e-01
1.652103e-01
1.653446e-01
1.655501e-01
1.655635e-01
1.657808e-01
1.658363e-01
1.659254e-01
1.659579e-01
1.661776e-01
1.665063e-01
1.665756e-01
1.665852e-01
1.666200e-01
1.669488e-01
1.670272e-01
1.670978e-01
1.671726e-01
1.672344e-01
1.674659e-01
1.675144e-01
1.676501e-01
1.677405e-01
1.678391e-01
1.680211e-01
1.680585e-01
1.680982e-01
1.682909e-01
1.683983e-01
1.684170e-01
1.684174e-01
1.684253e-01
1.685740e-01
1.687657e-01
1.688148e-01
1.689040e-01
1.696298e-01
1.696819e-01
1.696873e-01
1.697856e-01
1.698932e-01
1.700571e-01
1.703386e-01
1.703997e-01
1.704930e-01
1.705107e-01
1.709914e-01
1.710279e-01
1.716115e-01
1.720599e-01
1.722687e-01
1.723863e-01
1.726220e-01
1.727923e-01
1.728164e-01
1.740891e-01
1.742521e-01
1.744355e-01
1.746593e-01
1.747566e-01
1.750668e-01
1.773616e-01
1.774807e-01
1.776006e-01
1.777306e-01
1.780137e-01
1.781428e-01
1.784990e-01
1.785594e-01
1.787784e-01
1.791355e-01
1.793815e-01
1.795308e-01
1.799545e-01
1.801841e-01
1.805137e-01
1.805590e-01
1.806352e-01
1.810322e-01
1.811483e-01
1.811722e-01
1.814877e-01
1.815129e-01
1.817861e-01
1.819906e-01
1.820243e-01
1.821505e-01
1.821859e-01
1.822162e-01
1.825653e-01
1.826573e-01
1.828606e-01
1.829614e-01
1.834733e-01
1.840873e-01
1.841457e-01
1.842761e-01
1.843659e-01
1.849904e-01
1.854363e-01
1.854657e-01
1.860810e-01
1.864756e-01
1.865305e-01
1.867240e-01
1.867661e-01
1.870279e-01
1.870352e-01
1.870354e-01
1.872783e-01
1.874757e-01
1.876627e-01
1.876726e-01
1.876824e-01
1.878322e-01
1.884954e-01
1.885201e-01
1.886829e-01
1.887263e-01
1.890670e-01
1.890915e-01
1.891301e-01
1.893144e-01
1.894490e-01
1.895901e-01
1.900513e-01
1.901546e-01
1.902242e-01
1.908982e-01
1.909453e-01
1.915802e-01
1.916452e-01
1.916985e-01
1.921867e-01
1.922051e-01
1.922356e-01
1.923224e-01
1.926122e-01
1.926580e-01
1.926909e-01
1.927752e-01
1.927783e-01
1.928152e-01
1.932276e-01
1.933687e-01
1.940025e-01
1.946615e-01
1.947598e-01
1.950419e-01
1.953265e-01
1.956809e-01
1.957124e-01
1.958732e-01
1.959507e-01
1.960406e-01
1.962194e-01
1.963044e-01
1.963601e-01
1.964723e-01
1.966740e-01
1.967189e-01
1.968526e-01
1.968870e-01
1.969064e-01
1.969659e-01
1.971096e-01
1.972303e-01
1.972426e-01
1.972708e-01
1.973062e-01
1.974279e-01
1.976120e-01
1.978705e-01
1.978953e-01
1.979348e-01
1.980398e-01
1.980958e-01
1.984579e-01
1.985268e-01
1.985590e-01
1.986160e-01
1.988251e-01
1.988288e-01
1.993642e-01
1.996120e-01
1.996520e-01
1.997722e-01
1.999810e-01
2.003445e-01
2.005243e-01
2.006260e-01
2.006409e-01
2.009420e-01
2.009489e-01
2.011439e-01
2.011654e-01
2.011761e-01
2.013780e-01
2.016974e-01
2.017718e-01
2.019192e-01
2.021728e-01
2.024081e-01
2.025572e-01
2.025633e-01
2.029975e-01
2.030107e-01
2.030989e-01
2.038075e-01
2.041083e-01
2.042792e-01
2.044319e-01
2.047045e-01
2.048979e-01
2.054714e-01
2.054886e-01
2.057343e-01
2.058026e-01
2.059309e-01
2.059722e-01
2.065077e-01
2.068467e-01
2.070258e-01
2.074134e-01
2.077821e-01
2.082058e-01
2.082447e-01
2.084606e-01
2.085490e-01
2.086980e-01
2.088338e-01
2.088774e-01
2.096179e-01
2.097374e-01
2.099262e-01
2.104681e-01
2.105145e-01
2.106441e-01
2.106837e-01
2.109405e-01
2.112688e-01
2.113477e-01
2.114226e-01
2.114327e-01
2.117455e-01
2.117519e-01
2.119130e-01
2.119798e-01
2.125943e-01
2.127185e-01
2.127311e-01
2.127696e-01
2.130104e-01
2.132094e-01
2.134803e-01
2.134968e-01
2.137309e-01
2.142544e-01
2.145504e-01
2.146867e-01
2.149578e-01
2.149594e-01
2.153960e-01
2.154750e-01
2.167917e-01
2.170418e-01
2.171015e-01
2.171388e-01
2.180368e-01
2.180750e-01
2.183394e-01
2.184129e-01
2.194293e-01
2.195285e-01
2.199689e-01
2.204965e-01
2.210353e-01
2.214219e-01
2.215675e-01
2.216853e-01
2.221306e-01
2.226847e-01
2.227324e-01
2.229223e-01
2.231724e-01
2.232856e-01
2.236409e-01
2.240797e-01
2.243393e-01
2.247456e-01
2.258082e-01
2.262861e-01
2.265129e-01
2.266453e-01
2.267453e-01
2.271730e-01
2.274281e-01
2.283939e-01
2.289823e-01
2.290465e-01
2.290532e-01
2.292822e-01
2.294078e-01
2.296204e-01
2.299441e-01
2.312203e-01
2.312858e-01
2.312902e-01
2.313923e-01
2.315061e-01
2.318864e-01
2.321944e-01
2.322259e-01
2.336293e-01
2.337486e-01
2.338476e-01
2.339264e-01
2.339782e-01
2.341423e-01
2.344057e-01
2.345138e-01
2.351985e-01
2.352574e-01
2.355048e-01
2.355419e-01
2.355717e-01
2.356221e-01
2.358880e-01
2.363386e-01
2.363464e-01
2.365860e-01
2.365864e-01
2.368746e-01
2.370234e-01
2.372418e-01
2.375852e-01
2.382071e-01
2.387750e-01
2.387905e-01
2.391504e-01
2.394590e-01
2.395907e-01
2.398130e-01
2.401123e-01
2.401179e-01
2.409385e-01
2.411550e-01
2.419409e-01
2.421896e-01
2.422890e-01
2.424592e-01
2.424696e-01
2.427368e-01
2.430194e-01
2.431532e-01
2.447198e-01
2.452237e-01
2.453040e-01
2.453770e-01
2.457913e-01
2.459739e-01
2.460383e-01
2.461129e-01
2.464491e-01
2.465001e-01
2.470737e-01
2.475812e-01
2.475917e-01
2.476893e-01
2.478119e-01
2.480372e-01
2.480389e-01
2.483184e-01
2.484529e-01
2.484990e-01
2.485683e-01
2.490216e-01
2.490253e-01
2.491599e-01
2.493472e-01
2.495613e-01
2.500442e-01
2.501635e-01
2.502485e-01
2.503509e-01
2.506378e-01
2.506400e-01
2.507464e-01
2.511339e-01
2.511755e-01
2.518409e-01
2.518454e-01
2.520475e-01
2.521482e-01
2.523061e-01
2.523169e-01
2.524014e-01
2.526513e-01
2.526842e-01
2.528676e-01
2.528753e-01
2.531563e-01
2.533272e-01
2.533833e-01
2.534345e-01
2.539452e-01
2.542467e-01
2.544126e-01
2.546473e-01
2.547211e-01
2.551044e-01
2.554307e-01
2.556926e-01
2.557087e-01
2.559187e-01
2.560839e-01
2.564129e-01
2.565696e-01
2.567034e-01
2.569751e-01
2.570226e-01
2.571225e-01
2.572734e-01
2.574559e-01
2.578316e-01
2.579797e-01
2.581056e-01
2.582136e-01
2.583540e-01
2.584942e-01
2.592806e-01
2.595001e-01
2.596317e-01
2.597251e-01
2.599394e-01
2.604817e-01
2.609741e-01
2.610630e-01
2.612813e-01
2.614437e-01
2.614869e-01
2.615407e-01
2.619148e-01
2.623080e-01
2.629505e-01
2.630237e-01
2.634696e-01
2.636417e-01
2.640146e-01
2.641740e-01
2.645243e-01
2.645412e-01
2.646026e-01
2.647052e-01
2.647346e-01
2.649263e-01
2.649765e-01
2.650051e-01
2.653668e-01
2.657929e-01
2.660528e-01
2.662426e-01
2.662451e-01
2.663576e-01
2.675397e-01
2.678761e-01
2.681617e-01
2.684103e-01
2.685329e-01
2.687373e-01
2.688515e-01
2.691608e-01
2.695428e-01
2.697132e-01
2.698606e-01
2.700876e-01
2.725251e-01
2.727039e-01
2.727722e-01
2.729913e-01
2.737269e-01
2.737853e-01
2.738480e-01
2.741975e-01
2.742882e-01
2.744466e-01
2.746505e-01
2.746971e-01
2.747315e-01
2.754585e-01
2.760101e-01
2.760189e-01
2.762282e-01
2.763146e-01
2.765104e-01
2.768501e-01
2.770458e-01
2.771094e-01
2.774491e-01
2.777620e-01
2.778663e-01
2.782630e-01
2.786315e-01
2.788485e-01
2.790432e-01
2.794168e-01
2.799242e-01
2.800694e-01
2.803423e-01
2.807458e-01
2.808651e-01
2.811882e-01
2.813201e-01
2.814186e-01
2.815539e-01
2.815810e-01
2.815841e-01
2.820471e-01
2.825538e-01
2.827756e-01
2.828875e-01
2.829828e-01
2.830117e-01
2.831830e-01
2.833651e-01
2.834044e-01
2.836043e-01
2.836679e-01
2.837763e-01
2.839908e-01
2.840501e-01
2.843305e-01
2.843561e-01
2.844504e-01
2.845425e-01
2.846308e-01
2.846864e-01
2.849785e-01
2.849819e-01
2.849969e-01
2.855369e-01
2.855644e-01
2.859494e-01
2.860306e-01
2.861986e-01
2.862472e-01
2.863820e-01
2.864721e-01
2.868793e-01
2.869478e-01
2.874099e-01
2.874739e-01
2.876113e-01
2.876537e-01
2.879892e-01
2.882297e-01
2.885446e-01
2.887696e-01
2.889907e-01
2.890381e-01
2.892336e-01
2.893233e-01
2.898065e-01
2.898162e-01
2.899400e-01
2.899462e-01
2.901826e-01
2.902106e-01
2.907914e-01
2.913757e-01
2.913818e-01
2.918390e-01
2.919552e-01
2.920746e-01
2.922688e-01
2.926171e-01
2.926242e-01
2.927362e-01
2.930269e-01
2.931722e-01
2.932191e-01
2.932304e-01
2.935891e-01
2.936697e-01
2.938561e-01
2.942094e-01
2.943659e-01
2.944802e-01
2.948821e-01
2.951378e-01
2.953591e-01
2.957014e-01
2.958590e-01
2.962014e-01
2.963692e-01
2.964812e-01
2.965471e-01
2.967103e-01
2.968876e-01
2.970948e-01
2.971836e-01
2.974144e-01
2.977579e-01
2.978116e-01
2.979108e-01
2.980900e-01
2.982581e-01
2.983203e-01
2.983806e-01
2.984216e-01
2.984968e-01
2.985565e-01
2.988125e-01
2.990774e-01
2.991422e-01
2.992099e-01
2.992257e-01
2.997774e-01
2.998620e-01
2.998931e-01
2.999548e-01
3.003734e-01
3.007082e-01
3.007966e-01
3.008695e-01
3.009420e-01
3.010416e-01
3.010876e-01
3.013243e-01
3.018114e-01
3.021717e-01
3.026537e-01
3.027634e-01
3.028388e-01
3.028602e-01
3.030877e-01
3.033804e-01
3.034773e-01
3.035863e-01
3.036571e-01
3.041157e-01
3.044458e-01
3.045052e-01
3.047759e-01
3.053082e-01
3.053232e-01
3.053745e-01
3.053891e-01
3.058028e-01
3.060761e-01
3.061048e-01
3.061395e-01
3.062293e-01
3.063011e-01
3.063092e-01
3.066709e-01
3.078586e-01
3.080988e-01
3.081189e-01
3.081516e-01
3.082307e-01
3.085175e-01
3.090567e-01
3.095015e-01
3.097468e-01
3.097807e-01
3.098005e-01
3.098932e-01
3.099244e-01
3.103143e-01
3.105519e-01
3.107213e-01
3.109319e-01
3.111475e-01
3.113526e-01
3.115117e-01
3.115255e-01
3.119476e-01
3.123105e-01
3.128104e-01
3.129001e-01
3.131178e-01
3.131403e-01
3.132906e-01
3.136324e-01
3.138040e-01
3.139611e-01
3.142300e-01
3.143915e-01
3.144103e-01
3.145036e-01
3.145394e-01
3.146641e-01
3.149417e-01
3.157058e-01
3.157842e-01
3.158082e-01
3.158987e-01
3.159882e-01
3.162962e-01
3.163321e-01
3.165324e-01
3.166796e-01
3.169025e-01
3.171403e-01
3.174994e-01
3.175908e-01
3.177141e-01
3.177175e-01
3.181075e-01
3.183702e-01
3.185894e-01
3.188019e-01
3.191258e-01
3.191711e-01
3.192207e-01
3.192806e-01
3.197358e-01
3.198605e-01
3.202100e-01
3.202804e-01
3.203018e-01
3.206045e-01
3.207040e-01
3.208013e-01
3.211683e-01
3.211769e-01
3.212923e-01
3.213435e-01
3.216509e-01
3.216983e-01
3.218293e-01
3.221400e-01
3.222043e-01
3.224783e-01
3.225225e-01
3.226271e-01
3.226646e-01
3.226778e-01
3.227272e-01
3.229189e-01
3.232104e-01
3.232278e-01
3.235862e-01
3.236697e-01
3.237825e-01
3.241261e-01
3.243859e-01
3.245942e-01
3.246595e-01
3.247293e-01
3.247328e-01
3.250025e-01
3.251211e-01
3.252861e-01
3.256024e-01
3.256937e-01
3.258005e-01
3.259743e-01
3.264188e-01
3.267133e-01
3.270467e-01
3.272085e-01
3.272381e-01
3.273994e-01
3.274312e-01
3.275818e-01
3.276878e-01
3.278274e-01
3.281566e-01
3.282518e-01
3.283619e-01
3.284225e-01
3.284993e-01
3.289300e-01
3.291470e-01
3.297065e-01
3.298567e-01
3.299697e-01
3.300235e-01
3.304395e-01
3.304423e-01
3.306019e-01
3.306067e-01
3.310078e-01
3.312952e-01
3.313067e-01
3.315520e-01
3.315662e-01
3.320556e-01
3.321850e-01
3.323217e-01
3.324721e-01
3.325958e-01
3.326765e-01
3.327423e-01
3.327991e-01
3.328419e-01
3.331442e-01
3.337297e-01
3.338604e-01
3.338958e-01
3.339034e-01
3.343603e-01
3.344593e-01
3.346100e-01
3.349646e-01
3.352611e-01
3.353739e-01
3.354040e-01
3.355230e-01
3.356882e-01
3.357917e-01
3.363216e-01
3.363426e-01
3.364915e-01
3.365117e-01
3.365979e-01
3.369444e-01
3.369504e-01
3.369950e-01
3.370364e-01
3.371830e-01
3.375238e-01
3.377035e-01
3.378486e-01
3.381441e-01
3.382261e-01
3.382625e-01
3.382770e-01
3.383132e-01
3.384306e-01
3.384925e-01
3.386897e-01
3.388579e-01
3.392571e-01
3.392618e-01
3.397040e-01
3.399402e-01
3.399799e-01
3.401767e-01
3.402484e-01
3.404038e-01
3.404849e-01
3.408486e-01
3.409219e-01
3.409493e-01
3.412086e-01
3.412279e-01
3.415353e-01
3.416901e-01
3.418174e-01
3.418408e-01
3.420390e-01
3.421057e-01
3.422467e-01
3.422954e-01
3.423663e-01
3.424956e-01
3.425535e-01
3.427489e-01
3.427748e-01
3.430889e-01
3.431542e-01
3.432468e-01
3.435266e-01
3.436160e-01
3.436241e-01
3.437778e-01
3.439683e-01
3.442003e-01
3.442828e-01
3.444986e-01
3.449543e-01
3.451833e-01
3.455825e-01
3.455987e-01
3.456404e-01
3.459912e-01
3.462737e-01
3.462863e-01
3.464084e-01
3.464308e-01
3.465978e-01
3.467408e-01
3.469581e-01
3.470803e-01
3.471846e-01
3.473605e-01
3.473922e-01
3.478314e-01
3.479241e-01
3.480525e-01
3.482763e-01
3.488356e-01
3.489848e-01
3.489891e-01
3.490170e-01
3.491568e-01
3.496765e-01
3.498753e-01
3.500052e-01
3.502375e-01
3.503511e-01
3.503527e-01
3.503642e-01
3.505498e-01
3.505842e-01
3.505857e-01
3.508647e-01
3.512613e-01
3.512621e-01
3.514495e-01
3.515905e-01
3.519132e-01
3.519491e-01
3.522797e-01
3.523435e-01
3.528093e-01
3.529039e-01
3.529592e-01
3.529832e-01
3.532888e-01
3.533191e-01
3.534134e-01
3.534694e-01
3.536831e-01
3.537076e-01
3.538401e-01
3.540672e-01
3.541505e-01
3.543106e-01
3.544979e-01
3.546369e-01
3.546595e-01
3.547942e-01
3.548326e-01
3.548896e-01
3.550242e-01
3.552806e-01
3.552846e-01
3.554981e-01
3.556243e-01
3.556328e-01
3.556806e-01
3.558116e-01
3.560174e-01
3.561497e-01
3.566700e-01
3.569118e-01
3.569196e-01
3.570040e-01
3.574043e-01
3.574512e-01
3.577386e-01
3.579128e-01
3.580023e-01
3.582947e-01
3.586555e-01
3.586784e-01
3.588188e-01
3.588453e-01
3.592302e-01
3.594160e-01
3.595005e-01
3.595919e-01
3.596565e-01
3.597416e-01
3.601243e-01
3.601294e-01
3.602889e-01
3.604337e-01
3.606765e-01
3.610757e-01
3.611624e-01
3.612712e-01
3.613096e-01
3.613362e-01
3.615223e-01
3.621800e-01
3.622827e-01
3.623722e-01
3.626229e-01
3.629056e-01
3.630842e-01
3.631661e-01
3.632223e-01
3.632443e-01
3.634092e-01
3.634477e-01
3.635354e-01
3.635795e-01
3.638258e-01
3.638645e-01
3.640307e-01
3.640569e-01
3.641351e-01
3.643241e-01
3.645039e-01
3.646153e-01
3.646221e-01
3.648272e-01
3.648563e-01
3.650677e-01
3.650721e-01
3.654232e-01
3.654247e-01
3.655015e-01
3.657861e-01
3.658044e-01
3.660511e-01
3.663173e-01
3.665607e-01
3.666364e-01
3.668298e-01
3.671195e-01
3.672451e-01
3.675402e-01
3.676048e-01
3.677974e-01
3.681942e-01
3.682492e-01
3.682709e-01
3.683101e-01
3.687761e-01
3.690194e-01
3.690892e-01
3.693905e-01
3.697458e-01
3.698007e-01
3.698443e-01
3.698766e-01
3.699243e-01
3.699424e-01
3.699901e-01
3.705522e-01
3.705705e-01
3.706644e-01
3.710808e-01
3.711173e-01
3.712681e-01
3.718286e-01
3.718631e-01
3.721526e-01
3.723021e-01
3.723090e-01
3.724445e-01
3.725386e-01
3.725889e-01
3.726730e-01
3.729917e-01
3.730107e-01
3.730158e-01
3.730969e-01
3.733637e-01
3.735827e-01
3.737847e-01
3.738871e-01
3.741562e-01
3.743326e-01
3.744455e-01
3.745604e-01
3.746457e-01
3.747387e-01
3.747871e-01
3.749025e-01
3.750312e-01
3.752891e-01
3.754615e-01
3.757126e-01
3.760191e-01
3.760887e-01
3.761706e-01
3.763656e-01
3.764824e-01
3.766965e-01
3.767463e-01
3.767755e-01
3.769403e-01
3.771247e-01
3.772757e-01
3.774180e-01
3.777346e-01
3.778431e-01
3.779366e-01
3.779810e-01
3.781287e-01
3.782517e-01
3.783227e-01
3.783746e-01
3.784306e-01
3.788408e-01
3.788945e-01
3.789710e-01
3.791319e-01
3.793030e-01
3.796902e-01
3.797618e-01
3.798662e-01
3.799170e-01
3.801857e-01
3.802821e-01
3.804196e-01
3.805121e-01
3.805391e-01
3.807463e-01
3.809389e-01
3.810739e-01
3.810790e-01
3.812143e-01
3.815414e-01
3.815738e-01
3.816537e-01
3.817240e-01
3.819594e-01
3.819823e-01
3.820081e-01
3.821722e-01
3.822834e-01
3.823627e-01
3.823665e-01
3.827273e-01
3.827530e-01
3.827846e-01
3.828050e-01
3.828357e-01
3.829623e-01
3.830783e-01
3.831498e-01
3.831516e-01
3.834513e-01
3.836282e-01
3.839328e-01
3.840226e-01
3.842238e-01
3.842638e-01
3.842757e-01
3.844121e-01
3.847805e-01
3.850009e-01
3.851112e-01
3.853898e-01
3.855414e-01
3.855630e-01
3.858593e-01
3.859375e-01
3.860655e-01
3.861237e-01
3.862314e-01
3.863103e-01
3.864047e-01
3.865859e-01
3.868615e-01
3.868691e-01
3.871027e-01
3.871290e-01
3.871538e-01
3.873850e-01
3.877905e-01
3.878180e-01
3.879582e-01
3.880634e-01
3.881368e-01
3.881471e-01
3.882632e-01
3.885177e-01
3.887411e-01
3.889130e-01
3.894541e-01
3.895792e-01
3.898205e-01
3.898892e-01
3.898921e-01
3.901764e-01
3.901850e-01
3.903340e-01
3.904706e-01
3.905290e-01
3.906042e-01
3.908783e-01
3.911847e-01
3.914375e-01
3.916129e-01
3.919120e-01
3.921266e-01
3.921673e-01
3.922116e-01
3.922217e-01
3.923618e-01
3.926282e-01
3.926640e-01
3.928667e-01
3.929045e-01
3.931304e-01
3.932262e-01
3.933377e-01
3.935017e-01
3.938189e-01
3.940868e-01
3.941437e-01
3.945244e-01
3.946199e-01
3.946649e-01
3.946923e-01
3.949693e-01
3.950941e-01
3.951412e-01
3.953134e-01
3.956437e-01
3.958090e-01
3.958476e-01
3.960313e-01
3.961039e-01
3.961516e-01
3.963469e-01
3.964084e-01
3.965374e-01
3.969137e-01
3.970960e-01
3.971456e-01
3.974282e-01
3.974551e-01
3.974973e-01
3.977420e-01
3.977889e-01
3.981989e-01
3.983806e-01
3.984380e-01
3.986964e-01
3.987754e-01
3.989521e-01
3.994987e-01
3.996347e-01
3.998668e-01
3.998848e-01
3.999226e-01
4.000730e-01
4.003606e-01
4.004107e-01
4.007319e-01
4.007845e-01
4.008744e-01
4.010492e-01
4.012207e-01
4.013885e-01
4.017439e-01
4.019375e-01
4.019726e-01
4.021196e-01
4.022008e-01
4.024618e-01
4.024972e-01
4.025526e-01
4.026609e-01
4.029230e-01
4.029641e-01
4.029792e-01
4.031219e-01
4.032248e-01
4.040181e-01
4.040712e-01
4.041272e-01
4.043160e-01
4.043489e-01
4.044360e-01
4.048275e-01
4.050288e-01
4.053485e-01
4.053835e-01
4.055942e-01
4.056965e-01
4.062090e-01
4.063180e-01
4.065313e-01
4.067480e-01
4.069599e-01
4.071390e-01
4.072016e-01
4.073075e-01
4.073197e-01
4.075531e-01
4.075823e-01
4.075891e-01
4.082191e-01
4.082891e-01
4.083850e-01
4.083940e-01
4.086075e-01
4.089231e-01
4.093256e-01
4.095386e-01
4.095763e-01
4.098120e-01
4.099067e-01
4.099939e-01
4.103937e-01
4.104017e-01
4.104901e-01
4.105968e-01
4.108053e-01
4.109445e-01
4.111953e-01
4.112110e-01
4.115611e-01
4.116236e-01
4.117630e-01
4.119254e-01
4.121672e-01
4.122817e-01
4.125154e-01
4.128027e-01
4.128136e-01
4.130480e-01
4.131607e-01
4.132659e-01
4.136543e-01
4.136691e-01
4.139101e-01
4.139391e-01
4.140156e-01
4.142926e-01
4.143695e-01
4.147550e-01
4.147812e-01
4.150323e-01
4.150727e-01
4.152432e-01
4.155313e-01
4.158817e-01
4.159812e-01
4.164815e-01
4.165872e-01
4.166598e-01
4.167159e-01
4.170082e-01
4.170509e-01
4.170910e-01
4.172940e-01
4.174428e-01
4.177814e-01
4.179743e-01
4.179993e-01
4.188178e-01
4.190738e-01
4.193613e-01
4.193997e-01
4.195497e-01
4.195892e-01
4.197131e-01
4.198170e-01
4.201020e-01
4.204565e-01
4.206872e-01
4.207309e-01
4.211998e-01
4.213279e-01
4.214337e-01
4.214798e-01
4.216808e-01
4.218490e-01
4.221427e-01
4.223292e-01
4.223981e-01
4.224964e-01
4.225111e-01
4.230513e-01
4.233566e-01
4.234482e-01
4.235044e-01
4.240778e-01
4.241353e-01
4.241802e-01
4.245530e-01
4.246064e-01
4.246826e-01
4.247318e-01
4.250741e-01
4.252039e-01
4.252952e-01
4.253158e-01
4.253977e-01
4.254769e-01
4.258530e-01
4.262447e-01
4.264259e-01
4.266038e-01
4.267065e-01
4.267393e-01
4.269839e-01
4.269979e-01
4.270383e-01
4.274379e-01
4.274701e-01
4.278885e-01
4.279603e-01
4.283905e-01
4.284490e-01
4.287404e-01
4.288578e-01
4.290562e-01
4.293476e-01
4.293662e-01
4.297867e-01
4.297957e-01
4.299060e-01
4.303679e-01
4.303770e-01
4.305216e-01
4.305442e-01
4.305615e-01
4.307886e-01
4.308168e-01
4.309563e-01
4.313109e-01
4.315237e-01
4.316123e-01
4.316603e-01
4.318974e-01
4.319895e-01
4.322567e-01
4.323770e-01
4.326275e-01
4.329014e-01
4.329311e-01
4.331714e-01
4.333501e-01
4.333769e-01
4.336296e-01
4.336637e-01
4.338025e-01
4.343414e-01
4.344444e-01
4.345550e-01
4.349716e-01
4.351688e-01
4.351960e-01
4.352247e-01
4.354231e-01
4.355624e-01
4.356158e-01
4.362053e-01
4.362933e-01
4.364601e-01
4.366485e-01
4.367934e-01
4.369094e-01
4.369869e-01
4.375531e-01
4.377819e-01
4.379635e-01
4.380384e-01
4.381719e-01
4.382339e-01
4.385389e-01
4.385506e-01
4.385619e-01
4.388752e-01
4.390733e-01
4.392039e-01
4.394506e-01
4.394884e-01
4.396155e-01
4.401749e-01
4.402677e-01
4.402871e-01
4.408280e-01
4.409315e-01
4.410037e-01
4.415054e-01
4.417653e-01
4.417707e-01
4.417805e-01
4.421426e-01
4.424473e-01
4.425689e-01
4.426713e-01
4.428712e-01
4.431204e-01
4.435275e-01
4.437354e-01
4.438218e-01
4.438970e-01
4.442071e-01
4.444100e-01
4.445406e-01
4.448297e-01
4.449367e-01
4.449700e-01
4.452656e-01
4.457031e-01
4.463472e-01
4.463966e-01
4.465344e-01
4.465747e-01
4.469865e-01
4.473470e-01
4.473526e-01
4.475435e-01
4.475832e-01
4.477664e-01
4.482915e-01
4.483456e-01
4.485026e-01
4.487086e-01
4.487164e-01
4.487590e-01
4.487876e-01
4.493641e-01
4.499501e-01
4.502904e-01
4.505272e-01
4.506199e-01
4.506366e-01
4.507175e-01
4.516158e-01
4.518427e-01
4.518803e-01
4.519091e-01
4.519243e-01
4.521489e-01
4.526194e-01
4.527283e-01
4.527777e-01
4.529786e-01
4.534631e-01
4.534815e-01
4.536787e-01
4.537296e-01
4.539551e-01
4.540476e-01
4.543860e-01
4.548165e-01
4.548865e-01
4.550048e-01
4.551511e-01
4.555395e-01
4.556342e-01
4.557681e-01
4.557718e-01
4.561210e-01
4.566495e-01
4.566708e-01
4.571891e-01
4.572818e-01
4.573171e-01
4.575495e-01
4.576939e-01
4.579690e-01
4.583261e-01
4.583558e-01
4.584998e-01
4.586027e-01
4.586099e-01
4.587573e-01
4.588527e-01
4.590216e-01
4.594195e-01
4.599455e-01
4.599546e-01
4.600195e-01
4.607423e-01
4.608122e-01
4.608530e-01
4.615864e-01
4.619859e-01
4.624362e-01
4.625427e-01
4.625667e-01
4.627306e-01
4.628550e-01
4.630451e-01
4.630527e-01
4.634654e-01
4.637765e-01
4.644764e-01
4.644904e-01
4.645625e-01
4.649552e-01
4.651495e-01
4.651762e-01
4.653552e-01
4.658526e-01
4.658794e-01
4.659918e-01
4.663934e-01
4.664689e-01
4.666273e-01
4.671415e-01
4.671469e-01
4.671868e-01
4.676288e-01
4.676756e-01
4.677418e-01
4.678943e-01
4.681336e-01
4.682474e-01
4.685849e-01
4.687875e-01
4.688543e-01
4.690552e-01
4.693090e-01
4.696174e-01
4.696774e-01
4.697193e-01
4.699998e-01
4.700484e-01
4.701593e-01
4.705316e-01
4.705615e-01
4.711219e-01
4.712104e-01
4.714636e-01
4.715302e-01
4.716897e-01
4.717156e-01
4.718099e-01
4.723545e-01
4.725654e-01
4.729396e-01
4.730102e-01
4.730684e-01
4.732814e-01
4.734624e-01
4.736084e-01
4.741404e-01
4.742946e-01
4.743395e-01
4.743680e-01
4.746930e-01
4.748799e-01
4.749984e-01
4.750938e-01
4.751926e-01
4.760211e-01
4.763139e-01
4.767195e-01
4.772801e-01
4.772908e-01
4.773209e-01
4.779721e-01
4.779808e-01
4.784375e-01
4.786135e-01
4.786282e-01
4.789199e-01
4.790553e-01
4.796119e-01
4.798063e-01
4.799242e-01
4.800331e-01
4.801747e-01
4.803705e-01
4.805513e-01
4.805982e-01
4.807345e-01
4.814498e-01
4.818015e-01
4.819877e-01
4.823032e-01
4.825110e-01
4.826502e-01
4.826602e-01
4.830176e-01
4.832362e-01
4.835558e-01
4.835615e-01
4.835647e-01
4.836497e-01
4.840143e-01
4.841757e-01
4.846489e-01
4.850201e-01
4.851651e-01
4.857012e-01
4.859120e-01
4.860297e-01
4.860663e-01
4.863717e-01
4.864371e-01
4.865607e-01
4.879862e-01
4.883692e-01
4.886150e-01
4.887925e-01
4.888838e-01
4.892703e-01
4.895150e-01
4.899294e-01
4.899864e-01
4.900811e-01
4.905931e-01
4.906109e-01
4.909781e-01
4.911648e-01
4.913678e-01
4.914369e-01
4.920120e-01
4.920892e-01
4.923900e-01
4.924203e-01
4.929794e-01
4.935586e-01
4.935963e-01
4.937725e-01
4.942787e-01
4.942828e-01
4.951755e-01
4.952748e-01
4.956979e-01
4.960450e-01
4.961709e-01
4.965181e-01
4.966579e-01
4.969235e-01
4.971170e-01
4.971937e-01
4.973978e-01
4.977378e-01
4.982094e-01
4.991476e-01
4.992439e-01
4.993284e-01
4.994688e-01
4.997950e-01
4.999018e-01
5.002176e-01
5.007179e-01
5.012183e-01
5.013389e-01
5.015980e-01
5.017559e-01
5.020899e-01
5.021325e-01
5.022156e-01
5.025175e-01
5.026770e-01
5.029796e-01
5.034527e-01
5.035978e-01
5.037061e-01
5.039776e-01
5.043301e-01
5.047253e-01
5.047959e-01
5.049629e-01
5.056403e-01
5.059082e-01
5.059283e-01
5.061199e-01
5.061852e-01
5.063889e-01
5.063892e-01
5.064741e-01
5.070700e-01
5.071513e-01
5.074349e-01
5.079078e-01
5.080692e-01
5.082956e-01
5.083514e-01
5.084747e-01
5.085811e-01
5.094234e-01
5.094302e-01
5.095496e-01
5.096380e-01
5.104390e-01
5.107182e-01
5.109644e-01
5.111980e-01
5.117625e-01
5.118583e-01
5.121416e-01
5.123071e-01
5.123399e-01
5.124650e-01
5.129777e-01
5.133246e-01
5.136095e-01
5.137668e-01
5.139535e-01
5.140123e-01
5.143801e-01
5.147191e-01
5.149221e-01
5.150945e-01
5.152665e-01
5.154002e-01
5.154732e-01
5.156479e-01
5.158217e-01
5.159148e-01
5.159900e-01
5.167323e-01
5.169563e-01
5.172794e-01
5.175418e-01
5.177178e-01
5.178333e-01
5.182584e-01
5.185741e-01
5.185893e-01
5.186927e-01
5.188565e-01
5.196368e-01
5.196928e-01
5.197652e-01
5.200831e-01
5.204297e-01
5.204999e-01
5.207362e-01
5.207370e-01
5.215717e-01
5.216853e-01
5.219194e-01
5.223268e-01
5.226215e-01
5.226630e-01
5.233355e-01
5.233997e-01
5.239949e-01
5.243382e-01
5.247391e-01
5.248364e-01
5.251837e-01
5.255254e-01
5.257081e-01
5.257807e-01
5.263524e-01
5.265897e-01
5.270376e-01
5.270538e-01
5.274291e-01
5.283121e-01
5.284863e-01
5.288140e-01
5.291362e-01
5.295818e-01
5.296744e-01
5.300511e-01
5.302572e-01
5.303553e-01
5.304026e-01
5.313234e-01
5.318532e-01
5.318755e-01
5.323836e-01
5.327202e-01
5.335842e-01
5.336192e-01
5.337020e-01
5.342336e-01
5.348529e-01
5.350750e-01
5.355553e-01
5.360257e-01
5.361244e-01
5.362100e-01
5.364488e-01
5.369015e-01
5.369717e-01
5.371286e-01
5.375691e-01
5.376778e-01
5.379644e-01
5.380120e-01
5.386795e-01
5.388246e-01
5.388830e-01
5.390899e-01
5.399127e-01
5.402470e-01
5.404711e-01
5.412642e-01
5.412987e-01
5.414326e-01
5.421164e-01
5.425001e-01
5.425226e-01
5.428330e-01
5.428514e-01
5.428709e-01
5.438113e-01
5.441999e-01
5.444636e-01
5.449957e-01
5.450182e-01
5.450475e-01
5.457769e-01
5.459984e-01
5.461617e-01
5.463527e-01
5.467627e-01
5.468353e-01
5.472893e-01
5.473959e-01
5.483147e-01
5.484319e-01
5.485043e-01
5.488157e-01
5.489454e-01
5.493376e-01
5.493926e-01
5.495958e-01
5.498290e-01
5.499649e-01
5.504749e-01
5.510362e-01
5.511396e-01
5.511742e-01
5.512181e-01
5.518769e-01
5.520843e-01
5.521453e-01
5.525705e-01
5.529306e-01
5.532173e-01
5.533328e-01
5.539601e-01
5.543827e-01
5.548064e-01
5.548656e-01
5.550395e-01
5.551485e-01
5.556183e-01
5.556426e-01
5.560876e-01
5.566074e-01
5.568823e-01
5.572156e-01
5.578075e-01
5.578682e-01
5.580039e-01
5.583141e-01
5.589672e-01
5.592344e-01
5.593880e-01
5.596311e-01
5.600031e-01
5.600912e-01
5.605097e-01
5.609632e-01
5.612043e-01
5.615277e-01
5.616615e-01
5.619765e-01
5.620177e-01
5.621329e-01
5.628352e-01
5.631523e-01
5.636951e-01
5.637057e-01
5.638648e-01
5.638972e-01
5.645617e-01
5.648170e-01
5.651298e-01
5.654280e-01
5.656136e-01
5.656893e-01
5.658980e-01
5.662838e-01
5.667567e-01
5.673239e-01
5.673299e-01
5.677583e-01
5.678777e-01
5.679681e-01
5.680399e-01
5.682312e-01
5.684084e-01
5.684949e-01
5.691454e-01
5.698200e-01
5.700294e-01
5.700585e-01
5.705619e-01
5.708188e-01
5.708698e-01
5.709586e-01
5.711212e-01
5.712070e-01
5.713614e-01
5.718238e-01
5.725539e-01
5.728336e-01
5.734030e-01
5.736205e-01
5.745604e-01
5.753981e-01
5.754307e-01
5.755886e-01
5.756733e-01
5.758830e-01
5.761401e-01
5.763357e-01
5.777806e-01
5.778282e-01
5.778986e-01
5.793937e-01
5.795389e-01
5.805004e-01
5.806961e-01
5.810999e-01
5.812393e-01
5.815486e-01
5.817755e-01
5.824942e-01
5.828601e-01
5.831351e-01
5.833901e-01
5.845751e-01
5.847227e-01
5.847474e-01
5.849871e-01
5.850221e-01
5.865777e-01
5.867962e-01
5.875436e-01
5.878289e-01
5.879473e-01
5.882768e-01
5.886247e-01
5.888239e-01
5.895513e-01
5.897260e-01
5.898382e-01
5.899248e-01
5.901551e-01
5.904219e-01
5.908666e-01
5.909402e-01
5.915652e-01
5.918571e-01
5.919809e-01
5.925856e-01
5.930511e-01
5.930996e-01
5.931569e-01
5.935337e-01
5.943635e-01
5.945913e-01
5.952210e-01
5.958646e-01
5.966111e-01
5.971148e-01
5.971908e-01
5.980247e-01
5.980843e-01
5.981604e-01
5.985996e-01
5.987441e-01
5.992676e-01
5.999857e-01
6.004910e-01
6.012056e-01
6.013447e-01
6.017693e-01
6.018610e-01
6.018777e-01
6.022824e-01
6.024268e-01
6.025993e-01
6.026879e-01
6.030430e-01
6.034940e-01
6.038075e-01
6.040447e-01
6.042533e-01
6.046618e-01
6.048427e-01
6.051680e-01
6.057902e-01
6.058826e-01
6.060519e-01
6.069029e-01
6.069485e-01
6.074366e-01
6.075877e-01
6.079387e-01
6.081999e-01
6.085872e-01
6.088929e-01
6.092549e-01
6.093719e-01
6.095841e-01
6.097629e-01
6.102307e-01
6.112051e-01
6.114544e-01
6.115701e-01
6.116748e-01
6.125642e-01
6.126482e-01
6.127055e-01
6.129909e-01
6.133910e-01
6.136641e-01
6.146033e-01
6.152496e-01
6.154538e-01
6.156315e-01
6.162162e-01
6.165512e-01
6.166049e-01
6.169289e-01
6.172204e-01
6.176546e-01
6.179564e-01
6.181824e-01
6.183746e-01
6.187379e-01
6.191217e-01
6.197825e-01
6.198701e-01
6.199827e-01
6.201217e-01
6.203869e-01
6.204483e-01
6.205438e-01
6.208761e-01
6.212792e-01
6.217290e-01
6.222401e-01
6.233271e-01
6.237692e-01
6.242374e-01
6.242700e-01
6.243348e-01
6.243866e-01
6.251495e-01
6.255054e-01
6.257013e-01
6.260092e-01
6.264347e-01
6.272654e-01
6.273510e-01
6.274158e-01
6.282828e-01
6.286092e-01
6.292637e-01
6.295041e-01
6.299603e-01
6.300598e-01
6.308101e-01
6.312274e-01
6.313831e-01
6.319847e-01
6.324167e-01
6.326979e-01
6.330864e-01
6.331170e-01
6.335331e-01
6.346093e-01
6.353123e-01
6.359389e-01
6.361516e-01
6.366541e-01
6.376592e-01
6.377334e-01
6.389251e-01
6.392877e-01
6.400095e-01
6.402261e-01
6.407384e-01
6.407798e-01
6.423011e-01
6.427075e-01
6.428363e-01
6.431819e-01
6.440617e-01
6.441241e-01
6.442545e-01
6.443783e-01
6.458258e-01
6.460079e-01
6.461693e-01
6.471269e-01
6.477583e-01
6.483220e-01
6.484919e-01
6.491702e-01
6.492902e-01
6.497078e-01
6.497952e-01
6.501673e-01
6.511489e-01
6.521508e-01
6.525306e-01
6.529203e-01
6.531604e-01
6.532155e-01
6.539322e-01
6.540113e-01
6.545739e-01
6.546154e-01
6.552383e-01
6.552788e-01
6.554820e-01
6.567059e-01
6.569218e-01
6.569790e-01
6.582241e-01
6.583050e-01
6.583935e-01
6.586427e-01
6.593391e-01
6.593710e-01
6.594434e-01
6.600396e-01
6.601116e-01
6.605072e-01
6.607480e-01
6.608578e-01
6.608807e-01
6.613241e-01
6.617927e-01
6.619979e-01
6.623273e-01
6.639719e-01
6.641165e-01
6.647781e-01
6.652797e-01
6.653516e-01
6.656698e-01
6.658397e-01
6.661680e-01
6.667465e-01
6.671027e-01
6.678900e-01
6.680570e-01
6.683659e-01
6.684201e-01
6.685210e-01
6.687003e-01
6.687151e-01
6.687338e-01
6.687390e-01
6.695761e-01
6.699858e-01
6.703315e-01
6.703407e-01
6.707571e-01
6.711462e-01
6.717105e-01
6.717888e-01
6.718754e-01
6.719256e-01
6.729740e-01
6.730350e-01
6.736388e-01
6.736909e-01
6.739445e-01
6.743948e-01
6.744847e-01
6.746085e-01
6.747850e-01
6.749053e-01
6.749167e-01
6.751014e-01
6.758232e-01
6.766861e-01
6.768576e-01
6.769315e-01
6.769936e-01
6.773634e-01
6.776678e-01
6.779944e-01
6.790148e-01
6.791048e-01
6.799201e-01
6.807326e-01
6.809316e-01
6.810856e-01
6.817915e-01
6.822061e-01
6.826378e-01
6.826985e-01
6.840633e-01
6.846252e-01
6.846449e-01
6.855465e-01
6.857764e-01
6.862632e-01
6.865275e-01
6.866960e-01
6.870429e-01
6.873075e-01
6.873611e-01
6.876559e-01
6.886199e-01
6.887892e-01
6.887968e-01
6.888950e-01
6.891702e-01
6.892920e-01
6.898202e-01
6.900774e-01
6.901130e-01
6.904622e-01
6.913850e-01
6.918570e-01
6.919582e-01
6.920959e-01
6.921567e-01
6.923243e-01
6.924777e-01
6.927071e-01
6.927751e-01
6.929754e-01
6.932865e-01
6.932900e-01
6.933945e-01
6.940021e-01
6.942777e-01
6.943954e-01
6.950308e-01
6.950585e-01
6.952610e-01
6.954610e-01
6.954987e-01
6.958873e-01
6.959257e-01
6.959588e-01
6.964838e-01
6.965882e-01
6.969267e-01
6.969288e-01
6.972027e-01
6.972984e-01
6.973861e-01
6.977454e-01
6.978985e-01
6.979365e-01
6.980351e-01
6.984267e-01
6.989688e-01
6.993308e-01
6.994212e-01
6.995239e-01
6.995566e-01
6.999119e-01
7.001681e-01
7.002369e-01
7.006967e-01
7.007499e-01
7.014738e-01
7.019457e-01
7.019748e-01
7.022502e-01
7.028392e-01
7.028603e-01
7.031274e-01
7.032942e-01
7.034997e-01
7.039322e-01
7.042445e-01
7.042757e-01
7.047207e-01
7.048175e-01
7.051257e-01
7.054993e-01
7.057894e-01
7.059192e-01
7.062289e-01
7.063772e-01
7.067333e-01
7.067465e-01
7.068749e-01
7.075319e-01
7.081537e-01
7.083648e-01
7.093052e-01
7.094916e-01
7.101268e-01
7.103458e-01
7.105898e-01
7.111090e-01
7.114596e-01
7.116018e-01
7.120374e-01
7.123684e-01
7.124126e-01
7.124997e-01
7.130376e-01
7.134416e-01
7.136264e-01
7.140495e-01
7.142800e-01
7.143121e-01
7.152499e-01
7.153146e-01
7.160282e-01
7.164565e-01
7.166256e-01
7.166510e-01
7.172712e-01
7.175694e-01
7.178468e-01
7.179359e-01
7.190729e-01
7.190947e-01
7.192185e-01
7.197898e-01
7.208046e-01
7.208195e-01
7.213035e-01
7.214352e-01
7.221062e-01
7.229340e-01
7.229369e-01
7.232566e-01
7.234128e-01
7.234943e-01
7.244260e-01
7.245244e-01
7.248314e-01
7.255391e-01
7.256144e-01
7.256150e-01
7.258488e-01
7.260430e-01
7.266460e-01
7.270298e-01
7.277719e-01
7.279550e-01
7.281743e-01
7.287737e-01
7.290476e-01
7.292792e-01
7.294571e-01
7.299769e-01
7.305151e-01
7.307068e-01
7.310037e-01
7.310502e-01
7.311677e-01
7.315203e-01
7.318600e-01
7.321981e-01
7.325169e-01
7.338742e-01
7.340598e-01
7.343645e-01
7.349551e-01
7.352882e-01
7.357149e-01
7.357173e-01
7.368743e-01
7.369427e-01
7.371385e-01
7.371482e-01
7.371901e-01
7.378164e-01
7.389042e-01
7.389093e-01
7.401099e-01
7.402947e-01
7.413689e-01
7.419749e-01
7.422275e-01
7.426956e-01
7.428560e-01
7.434206e-01
7.437494e-01
7.439285e-01
7.445066e-01
7.455421e-01
7.456547e-01
7.458968e-01
7.461668e-01
7.467381e-01
7.475306e-01
7.476410e-01
7.478528e-01
7.480726e-01
7.489638e-01
7.490991e-01
7.499882e-01
7.505031e-01
7.506322e-01
7.514142e-01
7.520697e-01
7.521413e-01
7.524334e-01
7.541076e-01
7.541682e-01
7.542139e-01
7.544956e-01
7.546246e-01
7.548623e-01
7.550675e-01
7.552475e-01
7.555191e-01
7.576377e-01
7.578481e-01
7.581852e-01
7.584138e-01
7.587577e-01
7.590522e-01
7.596715e-01
7.598144e-01
7.601744e-01
7.602392e-01
7.615786e-01
7.617827e-01
7.623652e-01
7.624260e-01
7.633305e-01
7.638354e-01
7.645413e-01
7.649664e-01
7.649899e-01
7.652519e-01
7.659461e-01
7.668362e-01
7.669220e-01
7.671799e-01
7.671919e-01
7.673153e-01
7.675017e-01
7.678441e-01
7.679147e-01
7.687420e-01
7.690242e-01
7.691037e-01
7.691091e-01
7.697698e-01
7.708222e-01
7.710860e-01
7.716134e-01
7.718394e-01
7.722750e-01
7.727421e-01
7.731714e-01
7.738656e-01
7.754854e-01
7.755917e-01
7.782473e-01
7.784046e-01
7.787967e-01
7.793452e-01
7.801990e-01
7.802503e-01
7.805690e-01
7.818978e-01
7.824945e-01
7.856485e-01
7.863560e-01
7.867063e-01
7.868191e-01
7.878603e-01
7.881190e-01
7.882240e-01
7.891677e-01
7.923687e-01
7.924753e-01
7.932210e-01
7.948800e-01
7.952307e-01
7.956900e-01
7.958379e-01
7.960961e-01
7.961937e-01
7.972329e-01
7.977831e-01
7.979208e-01
7.989698e-01
8.002854e-01
8.023502e-01
8.031462e-01
8.037685e-01
8.042906e-01
8.053588e-01
8.059462e-01
8.061485e-01
8.069615e-01
8.078099e-01
8.078866e-01
8.081693e-01
8.096044e-01
8.096789e-01
8.097752e-01
8.101429e-01
8.113209e-01
8.127970e-01
8.128159e-01
8.135708e-01
8.140651e-01
8.144047e-01
8.161750e-01
8.168572e-01
8.182064e-01
8.183295e-01
8.204660e-01
8.217723e-01
8.218145e-01
8.228677e-01
8.287755e-01
8.306756e-01
8.318872e-01
8.330147e-01
8.332279e-01
8.338237e-01
8.360872e-01
8.372372e-01
8.389067e-01
8.394549e-01
8.396159e-01
8.398046e-01
8.398467e-01
8.402593e-01
8.421457e-01
8.421569e-01
8.438052e-01
8.438541e-01
8.440667e-01
8.440911e-01
8.446265e-01
8.466594e-01
8.473616e-01
8.489654e-01
8.502893e-01
8.521018e-01
8.523993e-01
8.524498e-01
8.532566e-01
8.543886e-01
8.546171e-01
8.548487e-01
8.556555e-01
8.561043e-01
8.596352e-01
8.601570e-01
8.601913e-01
8.617825e-01
8.635642e-01
8.659350e-01
8.662216e-01
8.662820e-01
8.663424e-01
8.668108e-01
8.675404e-01
8.677473e-01
8.717196e-01
8.729973e-01
8.747714e-01
8.755456e-01
8.764435e-01
8.790195e-01
8.790752e-01
8.804490e-01
8.810490e-01
8.811533e-01
8.817423e-01
8.817708e-01
8.817748e-01
8.835826e-01
8.859780e-01
8.874035e-01
8.883627e-01
8.887655e-01
8.901990e-01
8.917544e-01
8.919547e-01
8.924992e-01
8.929385e-01
8.952937e-01
8.955804e-01
8.959776e-01
8.971562e-01
8.987161e-01
8.988330e-01
8.993912e-01
8.995233e-01
9.005462e-01
9.043299e-01
9.050893e-01
9.067313e-01
9.072583e-01
9.078409e-01
9.089477e-01
9.124721e-01
9.125339e-01
9.143642e-01
9.151937e-01
9.161986e-01
9.168785e-01
9.185791e-01
9.190511e-01
9.195022e-01
9.203749e-01
9.221924e-01
9.222215e-01
9.226954e-01
9.229470e-01
9.233043e-01
9.235152e-01
9.309881e-01
9.310307e-01
9.375238e-01
9.377862e-01
9.385664e-01
9.388649e-01
9.452619e-01
9.457210e-01
9.462841e-01
9.471843e-01
9.491408e-01
9.496378e-01
9.574362e-01
9.575290e-01
9.637430e-01
9.639089e-01
9.687712e-01
9.687979e-01
9.780704e-01
9.783352e-01
9.815780e-01
9.815854e-01
9.904686e-01
9.905282e-01
9.943669e-01
9.944378e-01
9.999602e-01
1.000000e+00
