# SF-29 N2 candidate (i) i1 field=two_mode eps=0.5 N=12: sorted relative singular values of the dense central-FD Jacobian at the converged state (rows F_i=-q(L_i-S_i); outlet rows (2q/h)(vperp_in-c_perp); smax=2.757198e+03)
6.478863e-04
6.864636e-04
6.942343e-04
7.142323e-04
7.458795e-04
7.704981e-04
1.076825e-03
1.078266e-03
1.097401e-03
1.109029e-03
1.372500e-03
1.414981e-03
1.430621e-03
1.479438e-03
1.931286e-03
1.934848e-03
1.974061e-03
1.977723e-03
2.866891e-03
2.872121e-03
3.272206e-03
3.280080e-03
3.505700e-03
3.511573e-03
3.614542e-03
3.625036e-03
3.709265e-03
3.732441e-03
3.776256e-03
3.787360e-03
3.856367e-03
3.859303e-03
4.840537e-03
4.853113e-03
5.422458e-03
5.720821e-03
5.761087e-03
6.276767e-03
6.343444e-03
6.479220e-03
6.579191e-03
6.592611e-03
6.617695e-03
6.646691e-03
6.666277e-03
6.788930e-03
6.844473e-03
6.908904e-03
6.943720e-03
6.974283e-03
6.984023e-03
7.176889e-03
7.180797e-03
7.201339e-03
7.206846e-03
7.416129e-03
7.561993e-03
7.786755e-03
8.257609e-03
8.291563e-03
8.293121e-03
8.299459e-03
8.897769e-03
8.908346e-03
9.090385e-03
9.136817e-03
9.217997e-03
9.230820e-03
9.338150e-03
9.427699e-03
9.563890e-03
9.604894e-03
9.649215e-03
9.791643e-03
1.005092e-02
1.007163e-02
1.007858e-02
1.025970e-02
1.029354e-02
1.042376e-02
1.051289e-02
1.052837e-02
1.063952e-02
1.065225e-02
1.096096e-02
1.113340e-02
1.123392e-02
1.125557e-02
1.130712e-02
1.131386e-02
1.138386e-02
1.185003e-02
1.189639e-02
1.195946e-02
1.228102e-02
1.229111e-02
1.291277e-02
1.293478e-02
1.301164e-02
1.302687e-02
1.315109e-02
1.318402e-02
1.339162e-02
1.340509e-02
1.377060e-02
1.379926e-02
1.392458e-02
1.395494e-02
1.416601e-02
1.449118e-02
1.458065e-02
1.503989e-02
1.505125e-02
1.518536e-02
1.522021e-02
1.554291e-02
1.575681e-02
1.588497e-02
1.595038e-02
1.596271e-02
1.627267e-02
1.643843e-02
1.644074e-02
1.649957e-02
1.650675e-02
1.655349e-02
1.687878e-02
1.708759e-02
1.746840e-02
1.747815e-02
1.758452e-02
1.759573e-02
1.767242e-02
1.776257e-02
1.795980e-02
1.799724e-02
1.801144e-02
1.820330e-02
1.854811e-02
1.859693e-02
1.869675e-02
1.871771e-02
1.878659e-02
1.891381e-02
1.897254e-02
1.907685e-02
1.928770e-02
1.933510e-02
1.938719e-02
1.939861e-02
1.944762e-02
1.963427e-02
1.966328e-02
1.969985e-02
1.983976e-02
1.987784e-02
1.990063e-02
2.003937e-02
2.007004e-02
2.014659e-02
2.031151e-02
2.052677e-02
2.054644e-02
2.059367e-02
2.080032e-02
2.095162e-02
2.101264e-02
2.131235e-02
2.132549e-02
2.149506e-02
2.152015e-02
2.154332e-02
2.159791e-02
2.170860e-02
2.188730e-02
2.191338e-02
2.193235e-02
2.260166e-02
2.266400e-02
2.267187e-02
2.278861e-02
2.338984e-02
2.356331e-02
2.359213e-02
2.382561e-02
2.387061e-02
2.390232e-02
2.394393e-02
2.406189e-02
2.412128e-02
2.413628e-02
2.430813e-02
2.434860e-02
2.448140e-02
2.496005e-02
2.500576e-02
2.507934e-02
2.513461e-02
2.547023e-02
2.552208e-02
2.556460e-02
2.557335e-02
2.571200e-02
2.588909e-02
2.600155e-02
2.618654e-02
2.637180e-02
2.646686e-02
2.648694e-02
2.667210e-02
2.687392e-02
2.690466e-02
2.702529e-02
2.717154e-02
2.725685e-02
2.749895e-02
2.769538e-02
2.783044e-02
2.795483e-02
2.821273e-02
2.824570e-02
2.845627e-02
2.859868e-02
2.864659e-02
2.867073e-02
2.885824e-02
2.889713e-02
2.910323e-02
2.913935e-02
2.938413e-02
2.940019e-02
2.965404e-02
2.966073e-02
2.972690e-02
2.989202e-02
2.991733e-02
3.007634e-02
3.011524e-02
3.036874e-02
3.065314e-02
3.074161e-02
3.137447e-02
3.142291e-02
3.170294e-02
3.177449e-02
3.185186e-02
3.219236e-02
3.226772e-02
3.232718e-02
3.242647e-02
3.251212e-02
3.264077e-02
3.267891e-02
3.280624e-02
3.319588e-02
3.335092e-02
3.351745e-02
3.359096e-02
3.359975e-02
3.373514e-02
3.379814e-02
3.388063e-02
3.390731e-02
3.408445e-02
3.411547e-02
3.417770e-02
3.420954e-02
3.443561e-02
3.460050e-02
3.473444e-02
3.474943e-02
3.493767e-02
3.504813e-02
3.510811e-02
3.525562e-02
3.528084e-02
3.534097e-02
3.549564e-02
3.566048e-02
3.584129e-02
3.584595e-02
3.589380e-02
3.592975e-02
3.608517e-02
3.609573e-02
3.626801e-02
3.636115e-02
3.647316e-02
3.649196e-02
3.654355e-02
3.663301e-02
3.673168e-02
3.693001e-02
3.707013e-02
3.718058e-02
3.720121e-02
3.746283e-02
3.776145e-02
3.783689e-02
3.807102e-02
3.810957e-02
3.828009e-02
3.830997e-02
3.856140e-02
3.859873e-02
3.868032e-02
3.885584e-02
3.902628e-02
3.910530e-02
3.922866e-02
3.933371e-02
3.946179e-02
3.956343e-02
3.987933e-02
3.991506e-02
4.005702e-02
4.011483e-02
4.014710e-02
4.029249e-02
4.037797e-02
4.053992e-02
4.058903e-02
4.077536e-02
4.079582e-02
4.096278e-02
4.102554e-02
4.114138e-02
4.119407e-02
4.133138e-02
4.135391e-02
4.170134e-02
4.173476e-02
4.175229e-02
4.190153e-02
4.193740e-02
4.204476e-02
4.235613e-02
4.238818e-02
4.242627e-02
4.266861e-02
4.277123e-02
4.297493e-02
4.304920e-02
4.312573e-02
4.339787e-02
4.341313e-02
4.355250e-02
4.361116e-02
4.367191e-02
4.390408e-02
4.391175e-02
4.399600e-02
4.405928e-02
4.414524e-02
4.427902e-02
4.444810e-02
4.445293e-02
4.460723e-02
4.468575e-02
4.470997e-02
4.493349e-02
4.510092e-02
4.520496e-02
4.540830e-02
4.541783e-02
4.549320e-02
4.550966e-02
4.567884e-02
4.573325e-02
4.579654e-02
4.584467e-02
4.594029e-02
4.602077e-02
4.623377e-02
4.634265e-02
4.638674e-02
4.644963e-02
4.653544e-02
4.659757e-02
4.714637e-02
4.715657e-02
4.727604e-02
4.739063e-02
4.748508e-02
4.758933e-02
4.771409e-02
4.774609e-02
4.800266e-02
4.825627e-02
4.831549e-02
4.837070e-02
4.842737e-02
4.858650e-02
4.875093e-02
4.879702e-02
4.890423e-02
4.901730e-02
4.911013e-02
4.926932e-02
4.940559e-02
4.948525e-02
4.973046e-02
4.988890e-02
4.991827e-02
5.000185e-02
5.011312e-02
5.014508e-02
5.034305e-02
5.038344e-02
5.052908e-02
5.063252e-02
5.080527e-02
5.085068e-02
5.102072e-02
5.114652e-02
5.116676e-02
5.129698e-02
5.144049e-02
5.152525e-02
5.168417e-02
5.185803e-02
5.193035e-02
5.200244e-02
5.221751e-02
5.222677e-02
5.263115e-02
5.270408e-02
5.274497e-02
5.279382e-02
5.289940e-02
5.291541e-02
5.303539e-02
5.313564e-02
5.321759e-02
5.329288e-02
5.339962e-02
5.351914e-02
5.358874e-02
5.360659e-02
5.376356e-02
5.380454e-02
5.383311e-02
5.405406e-02
5.406949e-02
5.411652e-02
5.429891e-02
5.441882e-02
5.446498e-02
5.454742e-02
5.457631e-02
5.469733e-02
5.483459e-02
5.490259e-02
5.515991e-02
5.530850e-02
5.534415e-02
5.541274e-02
5.560196e-02
5.570364e-02
5.576585e-02
5.587801e-02
5.606983e-02
5.622180e-02
5.631824e-02
5.640017e-02
5.646514e-02
5.654266e-02
5.660094e-02
5.673280e-02
5.677891e-02
5.682735e-02
5.702035e-02
5.709629e-02
5.730239e-02
5.736888e-02
5.740851e-02
5.746445e-02
5.772648e-02
5.797481e-02
5.801045e-02
5.809194e-02
5.831076e-02
5.846427e-02
5.859757e-02
5.871864e-02
5.877044e-02
5.888539e-02
5.891374e-02
5.908308e-02
5.914899e-02
5.930370e-02
5.938897e-02
5.970511e-02
5.983748e-02
5.990509e-02
6.018326e-02
6.022579e-02
6.039645e-02
6.056651e-02
6.061040e-02
6.065305e-02
6.072904e-02
6.077159e-02
6.085575e-02
6.091785e-02
6.115237e-02
6.116622e-02
6.130011e-02
6.143126e-02
6.146483e-02
6.170376e-02
6.175086e-02
6.179735e-02
6.197780e-02
6.202820e-02
6.213268e-02
6.219627e-02
6.236187e-02
6.237239e-02
6.262034e-02
6.272898e-02
6.294225e-02
6.296695e-02
6.309801e-02
6.318545e-02
6.323697e-02
6.332718e-02
6.334643e-02
6.343992e-02
6.355686e-02
6.364079e-02
6.372122e-02
6.396123e-02
6.396809e-02
6.404726e-02
6.410134e-02
6.447373e-02
6.448595e-02
6.454309e-02
6.471488e-02
6.489238e-02
6.502486e-02
6.518569e-02
6.520615e-02
6.548612e-02
6.549827e-02
6.567227e-02
6.574546e-02
6.585315e-02
6.596852e-02
6.614202e-02
6.624016e-02
6.635957e-02
6.644321e-02
6.653426e-02
6.658644e-02
6.663777e-02
6.691823e-02
6.708412e-02
6.715554e-02
6.724019e-02
6.733448e-02
6.743558e-02
6.747127e-02
6.760239e-02
6.776038e-02
6.787106e-02
6.788317e-02
6.790538e-02
6.802094e-02
6.816099e-02
6.833706e-02
6.841670e-02
6.851129e-02
6.863460e-02
6.881350e-02
6.895233e-02
6.902535e-02
6.920182e-02
6.925833e-02
6.928395e-02
6.955774e-02
6.961831e-02
6.972213e-02
6.983803e-02
6.990296e-02
6.992530e-02
7.012692e-02
7.014441e-02
7.028266e-02
7.030592e-02
7.067522e-02
7.083946e-02
7.087634e-02
7.099075e-02
7.108702e-02
7.109780e-02
7.129457e-02
7.135901e-02
7.142956e-02
7.150826e-02
7.162842e-02
7.168498e-02
7.178308e-02
7.188853e-02
7.193678e-02
7.211604e-02
7.215529e-02
7.243144e-02
7.247959e-02
7.251753e-02
7.260665e-02
7.266663e-02
7.271623e-02
7.300124e-02
7.310015e-02
7.314618e-02
7.321021e-02
7.338853e-02
7.361376e-02
7.362252e-02
7.375111e-02
7.381595e-02
7.405708e-02
7.408381e-02
7.411267e-02
7.417136e-02
7.446412e-02
7.449817e-02
7.472004e-02
7.474989e-02
7.484208e-02
7.496422e-02
7.498735e-02
7.512894e-02
7.518275e-02
7.537318e-02
7.539752e-02
7.551976e-02
7.557082e-02
7.560226e-02
7.571704e-02
7.573317e-02
7.578775e-02
7.589208e-02
7.598785e-02
7.608146e-02
7.620673e-02
7.623892e-02
7.648123e-02
7.663845e-02
7.665505e-02
7.670760e-02
7.679337e-02
7.686434e-02
7.700432e-02
7.706777e-02
7.713113e-02
7.723564e-02
7.751458e-02
7.756002e-02
7.764361e-02
7.771306e-02
7.787413e-02
7.791508e-02
7.795434e-02
7.813048e-02
7.823448e-02
7.844296e-02
7.853760e-02
7.857959e-02
7.872263e-02
7.873547e-02
7.878144e-02
7.895638e-02
7.898498e-02
7.898870e-02
7.910394e-02
7.914482e-02
7.936820e-02
7.940964e-02
7.973289e-02
7.974099e-02
7.982302e-02
8.001974e-02
8.007066e-02
8.012113e-02
8.023081e-02
8.025793e-02
8.033501e-02
8.046336e-02
8.061749e-02
8.066779e-02
8.082112e-02
8.084339e-02
8.102909e-02
8.122061e-02
8.126030e-02
8.131188e-02
8.133462e-02
8.144235e-02
8.147441e-02
8.149536e-02
8.177824e-02
8.181347e-02
8.184390e-02
8.187116e-02
8.207938e-02
8.208881e-02
8.218327e-02
8.238335e-02
8.257951e-02
8.262258e-02
8.272387e-02
8.273547e-02
8.283716e-02
8.292197e-02
8.307980e-02
8.309115e-02
8.320117e-02
8.324463e-02
8.334338e-02
8.339581e-02
8.361700e-02
8.381669e-02
8.390430e-02
8.398930e-02
8.406752e-02
8.418074e-02
8.433289e-02
8.436274e-02
8.446374e-02
8.454900e-02
8.464348e-02
8.492976e-02
8.493930e-02
8.507909e-02
8.530494e-02
8.535641e-02
8.553337e-02
8.571759e-02
8.573081e-02
8.577018e-02
8.588426e-02
8.592274e-02
8.599367e-02
8.600452e-02
8.628693e-02
8.644241e-02
8.645855e-02
8.655697e-02
8.659331e-02
8.670664e-02
8.677896e-02
8.688752e-02
8.691356e-02
8.703817e-02
8.719134e-02
8.721243e-02
8.730286e-02
8.746306e-02
8.750390e-02
8.762032e-02
8.766648e-02
8.773698e-02
8.790110e-02
8.794278e-02
8.798593e-02
8.814201e-02
8.827052e-02
8.831558e-02
8.841034e-02
8.848644e-02
8.853663e-02
8.856660e-02
8.868502e-02
8.890079e-02
8.898150e-02
8.903730e-02
8.922392e-02
8.934574e-02
8.937795e-02
8.944340e-02
8.953927e-02
8.967497e-02
8.969794e-02
8.996546e-02
8.997305e-02
9.007911e-02
9.016085e-02
9.018990e-02
9.032246e-02
9.032427e-02
9.037179e-02
9.042597e-02
9.044786e-02
9.060161e-02
9.066988e-02
9.077912e-02
9.083460e-02
9.090187e-02
9.091649e-02
9.111764e-02
9.113212e-02
9.118556e-02
9.129124e-02
9.135789e-02
9.146529e-02
9.165631e-02
9.171364e-02
9.198134e-02
9.208511e-02
9.219128e-02
9.229367e-02
9.238758e-02
9.243874e-02
9.246793e-02
9.253416e-02
9.263499e-02
9.265428e-02
9.291877e-02
9.303183e-02
9.309610e-02
9.321876e-02
9.330940e-02
9.333372e-02
9.349052e-02
9.373262e-02
9.387266e-02
9.397181e-02
9.400803e-02
9.407833e-02
9.411232e-02
9.429797e-02
9.450660e-02
9.452176e-02
9.458936e-02
9.480491e-02
9.490105e-02
9.494271e-02
9.510028e-02
9.516300e-02
9.525016e-02
9.549382e-02
9.550871e-02
9.564113e-02
9.569148e-02
9.572230e-02
9.583602e-02
9.588568e-02
9.600373e-02
9.626795e-02
9.646217e-02
9.648975e-02
9.654155e-02
9.670736e-02
9.677052e-02
9.682202e-02
9.690876e-02
9.710942e-02
9.720365e-02
9.726796e-02
9.734472e-02
9.738472e-02
9.746030e-02
9.756777e-02
9.764366e-02
9.768917e-02
9.785717e-02
9.791716e-02
9.799168e-02
9.801265e-02
9.811823e-02
9.831442e-02
9.837687e-02
9.851153e-02
9.859772e-02
9.867974e-02
9.873667e-02
9.882120e-02
9.895598e-02
9.907841e-02
9.915757e-02
9.926881e-02
9.937246e-02
9.951845e-02
9.956479e-02
9.968433e-02
9.983526e-02
1.000279e-01
1.000453e-01
1.001896e-01
1.002226e-01
1.002957e-01
1.004520e-01
1.004741e-01
1.006226e-01
1.006761e-01
1.007495e-01
1.009079e-01
1.010020e-01
1.010294e-01
1.011464e-01
1.012037e-01
1.013801e-01
1.014216e-01
1.014475e-01
1.015230e-01
1.016334e-01
1.017231e-01
1.018581e-01
1.019325e-01
1.019701e-01
1.020402e-01
1.022042e-01
1.022637e-01
1.023613e-01
1.024957e-01
1.025453e-01
1.026820e-01
1.027118e-01
1.028230e-01
1.029414e-01
1.029743e-01
1.029996e-01
1.031955e-01
1.032555e-01
1.032852e-01
1.033612e-01
1.035949e-01
1.036193e-01
1.038545e-01
1.039396e-01
1.039657e-01
1.041662e-01
1.042939e-01
1.043140e-01
1.043850e-01
1.044278e-01
1.045606e-01
1.046420e-01
1.046760e-01
1.048986e-01
1.049367e-01
1.051274e-01
1.051953e-01
1.052453e-01
1.053229e-01
1.054952e-01
1.056469e-01
1.057406e-01
1.057861e-01
1.058524e-01
1.059746e-01
1.059894e-01
1.061135e-01
1.061781e-01
1.062011e-01
1.063696e-01
1.064487e-01
1.064960e-01
1.066841e-01
1.067731e-01
1.068631e-01
1.069324e-01
1.069733e-01
1.070800e-01
1.072211e-01
1.072731e-01
1.074105e-01
1.075473e-01
1.076872e-01
1.077090e-01
1.079079e-01
1.079825e-01
1.080460e-01
1.081650e-01
1.082618e-01
1.083943e-01
1.084537e-01
1.085389e-01
1.087259e-01
1.087981e-01
1.088737e-01
1.088802e-01
1.089875e-01
1.091194e-01
1.092414e-01
1.092613e-01
1.093377e-01
1.093653e-01
1.097047e-01
1.097236e-01
1.098383e-01
1.099213e-01
1.099531e-01
1.101058e-01
1.101685e-01
1.102485e-01
1.102699e-01
1.104954e-01
1.106423e-01
1.107729e-01
1.109489e-01
1.109689e-01
1.110310e-01
1.113544e-01
1.114280e-01
1.115836e-01
1.116103e-01
1.117430e-01
1.117839e-01
1.118907e-01
1.119481e-01
1.120339e-01
1.120856e-01
1.121936e-01
1.122696e-01
1.124613e-01
1.125224e-01
1.125513e-01
1.127012e-01
1.127267e-01
1.129526e-01
1.129671e-01
1.130557e-01
1.132094e-01
1.133953e-01
1.135521e-01
1.135686e-01
1.136561e-01
1.137846e-01
1.138205e-01
1.139646e-01
1.142370e-01
1.143013e-01
1.143157e-01
1.144165e-01
1.144224e-01
1.147484e-01
1.147938e-01
1.148980e-01
1.149413e-01
1.149916e-01
1.151325e-01
1.151788e-01
1.153335e-01
1.154181e-01
1.154704e-01
1.156844e-01
1.157190e-01
1.158502e-01
1.158615e-01
1.159795e-01
1.160060e-01
1.161635e-01
1.162105e-01
1.163526e-01
1.163598e-01
1.164535e-01
1.165581e-01
1.167955e-01
1.168887e-01
1.171118e-01
1.171228e-01
1.172580e-01
1.173622e-01
1.173893e-01
1.174741e-01
1.175754e-01
1.176044e-01
1.178397e-01
1.178738e-01
1.179535e-01
1.181387e-01
1.182950e-01
1.183657e-01
1.184553e-01
1.185278e-01
1.185484e-01
1.187221e-01
1.187606e-01
1.188973e-01
1.189003e-01
1.190768e-01
1.191477e-01
1.191582e-01
1.192441e-01
1.193913e-01
1.195464e-01
1.196741e-01
1.197640e-01
1.198802e-01
1.200030e-01
1.200468e-01
1.201823e-01
1.202326e-01
1.203601e-01
1.204597e-01
1.205991e-01
1.207052e-01
1.208061e-01
1.208340e-01
1.209359e-01
1.210448e-01
1.211556e-01
1.211884e-01
1.213327e-01
1.214835e-01
1.215054e-01
1.218498e-01
1.219554e-01
1.220009e-01
1.220488e-01
1.220842e-01
1.220977e-01
1.222381e-01
1.223245e-01
1.226480e-01
1.227306e-01
1.228449e-01
1.229252e-01
1.230186e-01
1.231393e-01
1.232042e-01
1.232207e-01
1.233915e-01
1.234371e-01
1.235138e-01
1.236195e-01
1.236637e-01
1.237757e-01
1.238038e-01
1.242629e-01
1.244181e-01
1.244512e-01
1.245613e-01
1.246254e-01
1.246638e-01
1.247759e-01
1.247798e-01
1.248985e-01
1.250054e-01
1.251119e-01
1.252543e-01
1.252957e-01
1.254029e-01
1.256032e-01
1.256657e-01
1.257734e-01
1.258444e-01
1.258926e-01
1.260114e-01
1.260542e-01
1.261995e-01
1.262871e-01
1.264208e-01
1.264629e-01
1.266671e-01
1.267127e-01
1.267493e-01
1.269940e-01
1.270728e-01
1.271260e-01
1.272377e-01
1.272588e-01
1.273686e-01
1.275838e-01
1.277228e-01
1.277462e-01
1.278042e-01
1.278127e-01
1.279418e-01
1.281156e-01
1.282254e-01
1.282425e-01
1.283099e-01
1.285180e-01
1.286420e-01
1.287589e-01
1.289456e-01
1.290085e-01
1.291327e-01
1.291823e-01
1.292558e-01
1.293602e-01
1.294778e-01
1.296741e-01
1.298027e-01
1.298414e-01
1.299374e-01
1.300501e-01
1.302057e-01
1.302301e-01
1.302642e-01
1.304796e-01
1.306541e-01
1.308026e-01
1.308824e-01
1.309493e-01
1.309743e-01
1.311007e-01
1.311903e-01
1.312699e-01
1.314145e-01
1.316198e-01
1.316484e-01
1.316649e-01
1.318248e-01
1.318842e-01
1.320962e-01
1.322572e-01
1.322921e-01
1.324276e-01
1.325868e-01
1.326039e-01
1.326585e-01
1.327796e-01
1.329335e-01
1.332048e-01
1.332140e-01
1.332540e-01
1.333026e-01
1.333253e-01
1.333496e-01
1.334851e-01
1.335327e-01
1.336879e-01
1.337681e-01
1.337890e-01
1.339281e-01
1.340015e-01
1.341415e-01
1.341964e-01
1.344811e-01
1.345049e-01
1.347106e-01
1.348588e-01
1.348686e-01
1.349587e-01
1.350904e-01
1.351697e-01
1.352558e-01
1.354054e-01
1.354844e-01
1.356550e-01
1.357284e-01
1.358576e-01
1.358977e-01
1.361242e-01
1.362270e-01
1.363013e-01
1.363315e-01
1.364657e-01
1.364937e-01
1.365320e-01
1.368463e-01
1.368804e-01
1.370395e-01
1.374603e-01
1.375174e-01
1.375931e-01
1.377919e-01
1.378325e-01
1.378531e-01
1.380738e-01
1.381337e-01
1.381978e-01
1.382310e-01
1.383858e-01
1.386478e-01
1.386516e-01
1.388083e-01
1.390162e-01
1.390307e-01
1.391906e-01
1.392001e-01
1.394544e-01
1.395042e-01
1.396712e-01
1.398171e-01
1.399017e-01
1.401349e-01
1.401947e-01
1.404524e-01
1.404784e-01
1.406383e-01
1.406662e-01
1.407013e-01
1.407752e-01
1.409941e-01
1.410815e-01
1.411293e-01
1.412150e-01
1.413032e-01
1.413246e-01
1.415783e-01
1.416940e-01
1.419164e-01
1.419715e-01
1.420187e-01
1.420892e-01
1.422274e-01
1.423567e-01
1.424061e-01
1.424839e-01
1.425657e-01
1.426342e-01
1.426833e-01
1.427026e-01
1.429692e-01
1.430016e-01
1.431517e-01
1.431783e-01
1.433469e-01
1.434750e-01
1.434843e-01
1.435922e-01
1.437098e-01
1.438949e-01
1.439094e-01
1.439857e-01
1.440719e-01
1.442313e-01
1.443909e-01
1.445050e-01
1.445619e-01
1.446940e-01
1.448287e-01
1.448931e-01
1.449406e-01
1.450992e-01
1.451717e-01
1.452185e-01
1.453729e-01
1.454419e-01
1.454930e-01
1.455442e-01
1.456277e-01
1.456770e-01
1.458118e-01
1.458275e-01
1.460230e-01
1.461019e-01
1.462319e-01
1.463064e-01
1.463797e-01
1.465179e-01
1.465413e-01
1.465703e-01
1.466921e-01
1.467921e-01
1.469023e-01
1.469684e-01
1.470716e-01
1.472138e-01
1.472886e-01
1.473546e-01
1.475261e-01
1.476897e-01
1.477771e-01
1.478389e-01
1.480074e-01
1.482447e-01
1.482557e-01
1.483354e-01
1.484068e-01
1.485855e-01
1.485898e-01
1.487956e-01
1.488545e-01
1.489243e-01
1.489677e-01
1.490429e-01
1.491398e-01
1.492995e-01
1.494898e-01
1.495148e-01
1.496216e-01
1.496928e-01
1.499066e-01
1.499432e-01
1.500560e-01
1.501282e-01
1.501621e-01
1.503293e-01
1.503721e-01
1.504334e-01
1.507587e-01
1.508106e-01
1.508857e-01
1.510671e-01
1.511041e-01
1.513486e-01
1.514050e-01
1.514661e-01
1.516008e-01
1.516769e-01
1.518376e-01
1.519111e-01
1.520460e-01
1.521602e-01
1.523138e-01
1.524422e-01
1.525157e-01
1.526223e-01
1.527196e-01
1.527756e-01
1.528042e-01
1.529079e-01
1.529761e-01
1.531503e-01
1.532430e-01
1.532997e-01
1.535408e-01
1.536421e-01
1.537795e-01
1.539065e-01
1.539373e-01
1.540323e-01
1.541526e-01
1.542482e-01
1.542975e-01
1.543704e-01
1.543995e-01
1.544400e-01
1.547154e-01
1.548663e-01
1.549316e-01
1.551552e-01
1.552471e-01
1.552837e-01
1.553057e-01
1.553913e-01
1.554073e-01
1.554692e-01
1.557637e-01
1.558338e-01
1.560599e-01
1.561915e-01
1.562543e-01
1.563231e-01
1.565160e-01
1.565936e-01
1.568661e-01
1.569588e-01
1.570346e-01
1.570756e-01
1.572377e-01
1.572674e-01
1.573325e-01
1.574061e-01
1.575666e-01
1.576017e-01
1.577774e-01
1.577945e-01
1.578085e-01
1.580089e-01
1.580926e-01
1.582628e-01
1.583559e-01
1.585033e-01
1.585789e-01
1.586359e-01
1.586590e-01
1.587452e-01
1.588590e-01
1.589784e-01
1.590110e-01
1.592373e-01
1.593222e-01
1.594797e-01
1.595048e-01
1.598095e-01
1.599350e-01
1.600028e-01
1.602526e-01
1.603115e-01
1.604359e-01
1.606011e-01
1.606215e-01
1.607905e-01
1.608012e-01
1.608932e-01
1.609112e-01
1.610112e-01
1.611720e-01
1.611982e-01
1.614338e-01
1.615696e-01
1.617334e-01
1.618585e-01
1.619077e-01
1.621772e-01
1.622715e-01
1.622957e-01
1.624183e-01
1.624965e-01
1.625330e-01
1.626805e-01
1.627285e-01
1.628625e-01
1.630829e-01
1.633213e-01
1.633479e-01
1.633723e-01
1.636293e-01
1.636432e-01
1.637334e-01
1.638483e-01
1.640818e-01
1.641862e-01
1.642383e-01
1.642632e-01
1.642800e-01
1.645129e-01
1.646142e-01
1.647054e-01
1.650120e-01
1.651023e-01
1.651486e-01
1.651916e-01
1.654374e-01
1.654505e-01
1.655726e-01
1.655831e-01
1.658138e-01
1.659421e-01
1.659962e-01
1.660458e-01
1.660662e-01
1.664917e-01
1.665609e-01
1.666710e-01
1.667807e-01
1.668839e-01
1.669318e-01
1.671856e-01
1.672214e-01
1.673273e-01
1.674532e-01
1.675698e-01
1.677600e-01
1.677719e-01
1.679498e-01
1.681344e-01
1.681535e-01
1.682060e-01
1.682867e-01
1.684343e-01
1.686125e-01
1.686951e-01
1.687830e-01
1.689125e-01
1.690152e-01
1.691735e-01
1.692012e-01
1.693130e-01
1.693903e-01
1.696098e-01
1.696327e-01
1.696696e-01
1.699574e-01
1.700487e-01
1.702650e-01
1.703839e-01
1.704156e-01
1.705693e-01
1.707217e-01
1.707482e-01
1.709144e-01
1.710697e-01
1.711164e-01
1.712354e-01
1.713319e-01
1.714542e-01
1.715791e-01
1.716157e-01
1.717622e-01
1.717717e-01
1.718983e-01
1.719446e-01
1.720238e-01
1.721133e-01
1.721785e-01
1.724066e-01
1.726078e-01
1.726248e-01
1.727146e-01
1.728298e-01
1.730362e-01
1.730608e-01
1.732070e-01
1.732289e-01
1.735770e-01
1.736034e-01
1.737173e-01
1.737437e-01
1.739602e-01
1.740333e-01
1.742326e-01
1.743014e-01
1.743344e-01
1.746398e-01
1.747028e-01
1.749729e-01
1.750062e-01
1.751244e-01
1.752732e-01
1.753296e-01
1.753371e-01
1.755083e-01
1.757427e-01
1.758533e-01
1.758658e-01
1.761448e-01
1.761522e-01
1.762924e-01
1.763616e-01
1.766042e-01
1.766475e-01
1.767922e-01
1.768503e-01
1.770653e-01
1.771012e-01
1.771750e-01
1.772253e-01
1.773273e-01
1.774135e-01
1.775361e-01
1.777126e-01
1.777232e-01
1.778269e-01
1.779471e-01
1.779692e-01
1.781569e-01
1.781971e-01
1.783297e-01
1.784711e-01
1.785173e-01
1.786340e-01
1.787884e-01
1.788658e-01
1.789415e-01
1.791457e-01
1.791654e-01
1.791838e-01
1.793910e-01
1.795514e-01
1.796617e-01
1.800124e-01
1.800242e-01
1.800857e-01
1.801872e-01
1.802124e-01
1.802994e-01
1.803635e-01
1.806585e-01
1.807490e-01
1.808730e-01
1.810342e-01
1.812101e-01
1.813116e-01
1.814529e-01
1.814645e-01
1.815269e-01
1.815946e-01
1.819045e-01
1.819898e-01
1.820624e-01
1.821281e-01
1.822762e-01
1.823668e-01
1.825600e-01
1.826054e-01
1.827512e-01
1.828512e-01
1.829230e-01
1.830001e-01
1.830125e-01
1.831139e-01
1.832981e-01
1.833212e-01
1.834974e-01
1.835051e-01
1.838659e-01
1.839518e-01
1.840311e-01
1.841423e-01
1.842443e-01
1.843139e-01
1.846460e-01
1.848112e-01
1.849021e-01
1.850721e-01
1.851332e-01
1.852497e-01
1.852784e-01
1.855461e-01
1.856225e-01
1.857049e-01
1.858935e-01
1.861748e-01
1.861810e-01
1.862318e-01
1.862904e-01
1.863447e-01
1.864923e-01
1.865673e-01
1.867140e-01
1.868582e-01
1.869093e-01
1.870063e-01
1.870651e-01
1.870905e-01
1.874734e-01
1.874855e-01
1.876481e-01
1.878700e-01
1.880050e-01
1.880968e-01
1.882303e-01
1.883620e-01
1.884465e-01
1.885058e-01
1.885233e-01
1.887277e-01
1.887882e-01
1.888226e-01
1.890031e-01
1.890844e-01
1.891448e-01
1.892573e-01
1.893900e-01
1.894491e-01
1.895019e-01
1.897449e-01
1.898170e-01
1.900687e-01
1.901138e-01
1.901974e-01
1.902748e-01
1.903748e-01
1.904112e-01
1.905099e-01
1.905536e-01
1.906731e-01
1.907356e-01
1.909499e-01
1.911545e-01
1.911964e-01
1.913121e-01
1.914753e-01
1.914792e-01
1.916087e-01
1.918286e-01
1.918540e-01
1.920440e-01
1.921093e-01
1.922015e-01
1.923153e-01
1.924253e-01
1.924585e-01
1.925438e-01
1.927480e-01
1.928563e-01
1.929435e-01
1.931003e-01
1.931562e-01
1.932747e-01
1.933203e-01
1.936163e-01
1.936589e-01
1.936992e-01
1.938475e-01
1.938751e-01
1.939255e-01
1.942912e-01
1.944234e-01
1.945109e-01
1.945188e-01
1.946724e-01
1.948374e-01
1.949110e-01
1.949232e-01
1.951023e-01
1.952013e-01
1.952235e-01
1.953445e-01
1.955577e-01
1.956364e-01
1.958172e-01
1.958905e-01
1.961169e-01
1.962550e-01
1.963622e-01
1.964497e-01
1.965304e-01
1.966577e-01
1.968207e-01
1.970446e-01
1.970701e-01
1.971655e-01
1.972428e-01
1.973986e-01
1.974378e-01
1.976961e-01
1.978561e-01
1.979219e-01
1.979776e-01
1.980730e-01
1.981013e-01
1.981784e-01
1.985072e-01
1.985361e-01
1.986734e-01
1.988604e-01
1.989667e-01
1.991787e-01
1.992619e-01
1.993403e-01
1.994027e-01
1.995000e-01
1.998341e-01
1.998737e-01
1.999335e-01
2.002815e-01
2.003080e-01
2.005613e-01
2.005778e-01
2.007629e-01
2.008602e-01
2.009365e-01
2.011159e-01
2.012205e-01
2.013755e-01
2.015750e-01
2.015961e-01
2.016974e-01
2.018155e-01
2.020178e-01
2.020735e-01
2.021301e-01
2.021964e-01
2.023356e-01
2.024333e-01
2.025318e-01
2.027058e-01
2.027511e-01
2.029112e-01
2.030439e-01
2.031864e-01
2.032898e-01
2.035618e-01
2.037031e-01
2.038742e-01
2.039212e-01
2.039664e-01
2.041653e-01
2.043135e-01
2.045194e-01
2.045668e-01
2.046424e-01
2.048097e-01
2.049389e-01
2.050619e-01
2.051534e-01
2.052757e-01
2.054149e-01
2.055979e-01
2.056209e-01
2.058415e-01
2.058481e-01
2.060167e-01
2.061308e-01
2.061805e-01
2.064348e-01
2.065862e-01
2.067005e-01
2.067704e-01
2.068426e-01
2.069789e-01
2.070788e-01
2.071241e-01
2.072221e-01
2.074466e-01
2.075061e-01
2.077071e-01
2.077787e-01
2.079302e-01
2.080564e-01
2.081589e-01
2.082298e-01
2.083492e-01
2.086068e-01
2.086415e-01
2.086885e-01
2.088422e-01
2.089000e-01
2.090951e-01
2.091613e-01
2.092467e-01
2.093121e-01
2.095391e-01
2.097540e-01
2.099743e-01
2.101315e-01
2.103314e-01
2.104201e-01
2.106337e-01
2.107747e-01
2.108631e-01
2.109728e-01
2.110575e-01
2.110972e-01
2.114840e-01
2.116016e-01
2.117987e-01
2.118552e-01
2.118965e-01
2.119472e-01
2.120863e-01
2.123259e-01
2.124328e-01
2.125087e-01
2.125692e-01
2.126519e-01
2.126951e-01
2.129013e-01
2.131561e-01
2.134927e-01
2.135968e-01
2.137242e-01
2.137683e-01
2.140766e-01
2.141251e-01
2.142700e-01
2.144342e-01
2.144407e-01
2.147362e-01
2.148972e-01
2.150509e-01
2.150971e-01
2.152036e-01
2.152606e-01
2.153799e-01
2.154728e-01
2.155969e-01
2.159843e-01
2.160819e-01
2.162794e-01
2.164201e-01
2.165761e-01
2.166024e-01
2.168686e-01
2.170190e-01
2.171156e-01
2.172055e-01
2.173586e-01
2.174479e-01
2.176872e-01
2.179406e-01
2.179721e-01
2.180149e-01
2.181556e-01
2.183480e-01
2.184932e-01
2.186333e-01
2.188298e-01
2.189113e-01
2.190513e-01
2.192497e-01
2.193924e-01
2.194332e-01
2.197624e-01
2.199165e-01
2.199524e-01
2.200447e-01
2.201365e-01
2.204335e-01
2.204924e-01
2.206817e-01
2.207030e-01
2.211557e-01
2.212918e-01
2.213368e-01
2.214201e-01
2.214481e-01
2.215237e-01
2.216178e-01
2.217225e-01
2.219995e-01
2.220190e-01
2.222751e-01
2.224635e-01
2.225342e-01
2.227105e-01
2.227362e-01
2.229601e-01
2.229946e-01
2.230866e-01
2.231625e-01
2.232152e-01
2.234056e-01
2.236148e-01
2.236325e-01
2.237842e-01
2.238561e-01
2.240330e-01
2.242718e-01
2.242841e-01
2.244878e-01
2.245329e-01
2.246557e-01
2.247503e-01
2.247638e-01
2.251133e-01
2.251633e-01
2.252111e-01
2.252457e-01
2.253166e-01
2.255942e-01
2.256401e-01
2.259774e-01
2.260725e-01
2.261929e-01
2.262907e-01
2.265732e-01
2.266571e-01
2.267722e-01
2.268656e-01
2.269812e-01
2.271104e-01
2.272998e-01
2.274452e-01
2.276649e-01
2.277755e-01
2.279077e-01
2.279732e-01
2.280086e-01
2.282179e-01
2.283180e-01
2.284006e-01
2.286581e-01
2.287715e-01
2.290289e-01
2.291099e-01
2.292246e-01
2.293983e-01
2.295647e-01
2.296781e-01
2.296870e-01
2.300108e-01
2.301054e-01
2.301260e-01
2.302978e-01
2.305606e-01
2.307159e-01
2.308293e-01
2.309509e-01
2.309857e-01
2.310995e-01
2.312144e-01
2.314321e-01
2.314604e-01
2.318059e-01
2.320488e-01
2.321095e-01
2.323317e-01
2.323348e-01
2.324272e-01
2.326603e-01
2.327248e-01
2.328333e-01
2.329460e-01
2.329683e-01
2.332615e-01
2.333407e-01
2.334523e-01
2.335971e-01
2.337090e-01
2.339189e-01
2.339471e-01
2.340471e-01
2.342365e-01
2.342529e-01
2.344101e-01
2.345935e-01
2.347922e-01
2.349417e-01
2.350915e-01
2.351453e-01
2.353674e-01
2.354763e-01
2.355234e-01
2.356094e-01
2.356736e-01
2.357596e-01
2.357825e-01
2.358800e-01
2.360642e-01
2.362412e-01
2.363766e-01
2.366418e-01
2.368501e-01
2.368647e-01
2.372162e-01
2.372890e-01
2.373673e-01
2.375039e-01
2.376293e-01
2.377956e-01
2.379811e-01
2.381846e-01
2.383307e-01
2.384283e-01
2.386194e-01
2.386492e-01
2.387603e-01
2.390286e-01
2.391535e-01
2.393394e-01
2.394022e-01
2.397470e-01
2.397922e-01
2.398981e-01
2.399519e-01
2.401638e-01
2.401884e-01
2.403172e-01
2.404640e-01
2.407523e-01
2.408653e-01
2.413207e-01
2.413949e-01
2.415464e-01
2.416214e-01
2.417120e-01
2.418244e-01
2.418979e-01
2.421034e-01
2.421803e-01
2.422763e-01
2.424169e-01
2.425397e-01
2.427226e-01
2.430044e-01
2.431454e-01
2.432329e-01
2.432573e-01
2.438243e-01
2.438645e-01
2.438733e-01
2.438886e-01
2.441727e-01
2.444291e-01
2.444771e-01
2.445834e-01
2.449296e-01
2.450540e-01
2.451212e-01
2.451774e-01
2.456748e-01
2.458393e-01
2.458671e-01
2.459106e-01
2.459489e-01
2.462246e-01
2.465606e-01
2.465766e-01
2.468246e-01
2.470423e-01
2.471041e-01
2.472031e-01
2.474284e-01
2.475010e-01
2.475265e-01
2.476616e-01
2.478688e-01
2.482140e-01
2.483956e-01
2.486623e-01
2.487385e-01
2.488038e-01
2.489396e-01
2.490983e-01
2.491934e-01
2.495958e-01
2.497357e-01
2.499169e-01
2.499372e-01
2.500266e-01
2.504208e-01
2.505209e-01
2.506338e-01
2.509474e-01
2.511486e-01
2.513622e-01
2.514469e-01
2.515307e-01
2.517708e-01
2.517857e-01
2.520073e-01
2.520923e-01
2.522681e-01
2.523363e-01
2.523693e-01
2.526927e-01
2.528693e-01
2.530130e-01
2.533715e-01
2.533860e-01
2.535365e-01
2.535929e-01
2.538656e-01
2.540649e-01
2.541494e-01
2.542933e-01
2.546716e-01
2.548025e-01
2.548400e-01
2.548854e-01
2.550892e-01
2.554433e-01
2.555757e-01
2.557978e-01
2.558908e-01
2.560443e-01
2.563448e-01
2.564001e-01
2.567508e-01
2.568287e-01
2.568916e-01
2.571093e-01
2.571650e-01
2.574069e-01
2.575365e-01
2.576895e-01
2.578133e-01
2.578696e-01
2.580357e-01
2.580855e-01
2.584059e-01
2.584843e-01
2.586515e-01
2.590277e-01
2.591204e-01
2.593911e-01
2.596572e-01
2.596901e-01
2.597952e-01
2.601238e-01
2.603512e-01
2.604088e-01
2.604668e-01
2.604993e-01
2.608239e-01
2.610673e-01
2.610705e-01
2.614489e-01
2.616029e-01
2.617250e-01
2.618409e-01
2.619996e-01
2.621264e-01
2.623043e-01
2.623779e-01
2.626917e-01
2.631574e-01
2.631656e-01
2.633404e-01
2.634471e-01
2.638183e-01
2.638552e-01
2.639514e-01
2.644320e-01
2.645306e-01
2.645752e-01
2.646490e-01
2.650079e-01
2.650715e-01
2.652982e-01
2.653703e-01
2.655999e-01
2.656553e-01
2.658577e-01
2.659860e-01
2.663087e-01
2.664076e-01
2.666214e-01
2.667308e-01
2.668395e-01
2.668880e-01
2.671489e-01
2.673449e-01
2.673607e-01
2.676113e-01
2.678017e-01
2.681327e-01
2.681820e-01
2.682083e-01
2.685885e-01
2.686996e-01
2.688186e-01
2.689444e-01
2.689875e-01
2.692091e-01
2.693023e-01
2.698889e-01
2.699956e-01
2.701082e-01
2.702098e-01
2.703017e-01
2.704909e-01
2.705514e-01
2.708379e-01
2.711191e-01
2.711779e-01
2.712861e-01
2.713173e-01
2.717350e-01
2.718421e-01
2.719903e-01
2.720896e-01
2.722871e-01
2.723266e-01
2.726234e-01
2.727002e-01
2.730316e-01
2.731324e-01
2.732916e-01
2.735083e-01
2.738178e-01
2.739404e-01
2.742214e-01
2.744091e-01
2.745033e-01
2.745196e-01
2.745702e-01
2.748059e-01
2.750273e-01
2.753059e-01
2.754469e-01
2.754938e-01
2.756194e-01
2.758678e-01
2.760211e-01
2.760492e-01
2.760902e-01
2.763593e-01
2.764693e-01
2.765550e-01
2.765806e-01
2.768784e-01
2.769409e-01
2.771948e-01
2.772907e-01
2.776259e-01
2.777242e-01
2.778784e-01
2.780435e-01
2.783742e-01
2.784106e-01
2.784813e-01
2.786517e-01
2.789411e-01
2.789521e-01
2.791395e-01
2.791751e-01
2.793067e-01
2.795059e-01
2.797032e-01
2.799470e-01
2.799990e-01
2.800345e-01
2.802936e-01
2.803983e-01
2.806278e-01
2.807744e-01
2.808437e-01
2.809635e-01
2.810660e-01
2.812713e-01
2.812970e-01
2.814410e-01
2.816627e-01
2.819584e-01
2.822274e-01
2.823474e-01
2.825761e-01
2.827426e-01
2.828655e-01
2.830025e-01
2.830816e-01
2.832024e-01
2.832747e-01
2.833481e-01
2.838036e-01
2.838579e-01
2.843113e-01
2.843878e-01
2.844674e-01
2.847662e-01
2.850465e-01
2.850710e-01
2.851810e-01
2.854800e-01
2.860163e-01
2.861195e-01
2.863825e-01
2.863990e-01
2.867303e-01
2.867583e-01
2.871420e-01
2.873995e-01
2.874702e-01
2.876421e-01
2.880195e-01
2.880536e-01
2.880785e-01
2.883719e-01
2.884938e-01
2.888900e-01
2.889308e-01
2.891220e-01
2.892666e-01
2.894116e-01
2.898672e-01
2.899515e-01
2.901509e-01
2.903536e-01
2.904545e-01
2.905455e-01
2.909226e-01
2.910912e-01
2.915142e-01
2.915351e-01
2.916026e-01
2.918084e-01
2.922847e-01
2.925542e-01
2.925884e-01
2.929711e-01
2.931189e-01
2.934305e-01
2.936530e-01
2.937701e-01
2.939952e-01
2.940440e-01
2.943225e-01
2.943821e-01
2.949022e-01
2.950085e-01
2.951074e-01
2.951524e-01
2.956162e-01
2.959391e-01
2.960251e-01
2.961077e-01
2.962386e-01
2.964049e-01
2.964538e-01
2.964991e-01
2.969499e-01
2.973422e-01
2.974714e-01
2.975295e-01
2.978071e-01
2.979787e-01
2.980408e-01
2.982422e-01
2.984572e-01
2.988523e-01
2.988938e-01
2.991688e-01
2.993605e-01
2.996380e-01
2.997584e-01
2.998529e-01
3.001196e-01
3.005413e-01
3.006483e-01
3.007289e-01
3.010433e-01
3.012373e-01
3.013429e-01
3.016241e-01
3.019677e-01
3.020283e-01
3.022105e-01
3.022243e-01
3.026526e-01
3.027924e-01
3.031666e-01
3.032957e-01
3.035551e-01
3.035722e-01
3.038489e-01
3.042968e-01
3.043343e-01
3.044580e-01
3.046122e-01
3.051127e-01
3.051915e-01
3.053472e-01
3.056336e-01
3.057575e-01
3.059413e-01
3.060951e-01
3.062421e-01
3.063406e-01
3.064685e-01
3.064827e-01
3.067427e-01
3.067609e-01
3.070723e-01
3.071130e-01
3.074591e-01
3.077031e-01
3.081189e-01
3.083459e-01
3.084048e-01
3.085808e-01
3.087455e-01
3.090329e-01
3.091254e-01
3.091887e-01
3.093977e-01
3.095778e-01
3.096221e-01
3.101747e-01
3.104207e-01
3.105990e-01
3.106746e-01
3.108450e-01
3.110784e-01
3.113735e-01
3.115709e-01
3.119336e-01
3.120872e-01
3.123230e-01
3.124067e-01
3.126903e-01
3.128456e-01
3.129137e-01
3.131194e-01
3.133685e-01
3.134254e-01
3.136817e-01
3.139826e-01
3.140872e-01
3.142894e-01
3.143936e-01
3.148211e-01
3.149791e-01
3.151701e-01
3.155263e-01
3.156498e-01
3.160113e-01
3.163120e-01
3.164468e-01
3.168079e-01
3.172073e-01
3.174146e-01
3.178099e-01
3.178280e-01
3.181666e-01
3.184561e-01
3.185776e-01
3.190372e-01
3.191522e-01
3.192694e-01
3.193856e-01
3.195723e-01
3.196697e-01
3.202417e-01
3.202630e-01
3.204153e-01
3.205342e-01
3.212200e-01
3.212674e-01
3.213393e-01
3.214553e-01
3.217992e-01
3.219532e-01
3.220479e-01
3.224492e-01
3.227140e-01
3.229304e-01
3.232304e-01
3.233071e-01
3.235167e-01
3.237195e-01
3.239265e-01
3.241672e-01
3.245585e-01
3.246259e-01
3.249878e-01
3.252149e-01
3.256450e-01
3.257625e-01
3.258191e-01
3.259836e-01
3.261236e-01
3.263609e-01
3.266321e-01
3.267742e-01
3.269575e-01
3.272271e-01
3.276200e-01
3.279734e-01
3.281351e-01
3.283351e-01
3.285254e-01
3.288048e-01
3.291074e-01
3.292917e-01
3.294826e-01
3.295329e-01
3.298881e-01
3.299159e-01
3.301483e-01
3.302731e-01
3.304756e-01
3.307947e-01
3.308744e-01
3.311036e-01
3.312928e-01
3.313781e-01
3.316476e-01
3.322570e-01
3.323817e-01
3.325437e-01
3.326585e-01
3.328139e-01
3.329256e-01
3.330599e-01
3.337609e-01
3.338636e-01
3.340507e-01
3.342695e-01
3.344137e-01
3.345418e-01
3.351725e-01
3.352249e-01
3.358013e-01
3.358944e-01
3.359843e-01
3.363928e-01
3.364651e-01
3.365022e-01
3.366487e-01
3.370673e-01
3.371193e-01
3.373329e-01
3.375893e-01
3.377614e-01
3.382383e-01
3.387072e-01
3.387578e-01
3.392809e-01
3.393643e-01
3.397125e-01
3.398514e-01
3.402570e-01
3.403550e-01
3.404370e-01
3.406446e-01
3.407065e-01
3.410651e-01
3.413084e-01
3.413655e-01
3.416641e-01
3.418222e-01
3.420255e-01
3.422740e-01
3.424280e-01
3.426912e-01
3.429145e-01
3.429282e-01
3.432188e-01
3.433081e-01
3.436537e-01
3.439091e-01
3.441462e-01
3.444407e-01
3.445437e-01
3.448426e-01
3.449004e-01
3.449942e-01
3.451892e-01
3.452998e-01
3.457958e-01
3.459822e-01
3.460740e-01
3.461885e-01
3.469774e-01
3.471352e-01
3.475751e-01
3.476122e-01
3.477752e-01
3.480273e-01
3.482557e-01
3.484773e-01
3.486633e-01
3.488467e-01
3.494348e-01
3.496010e-01
3.498306e-01
3.499419e-01
3.504801e-01
3.506532e-01
3.509027e-01
3.509877e-01
3.510012e-01
3.512517e-01
3.516103e-01
3.519595e-01
3.520623e-01
3.521958e-01
3.523767e-01
3.526493e-01
3.527826e-01
3.533623e-01
3.535748e-01
3.536862e-01
3.536944e-01
3.541891e-01
3.544150e-01
3.550472e-01
3.551227e-01
3.552199e-01
3.555135e-01
3.557264e-01
3.559976e-01
3.562952e-01
3.564695e-01
3.566100e-01
3.574256e-01
3.577786e-01
3.578412e-01
3.582003e-01
3.583927e-01
3.585758e-01
3.587272e-01
3.592498e-01
3.594643e-01
3.597056e-01
3.599583e-01
3.601482e-01
3.601903e-01
3.608090e-01
3.608630e-01
3.610297e-01
3.611693e-01
3.615256e-01
3.617625e-01
3.618470e-01
3.620787e-01
3.620954e-01
3.626086e-01
3.627798e-01
3.628864e-01
3.634471e-01
3.635245e-01
3.636664e-01
3.638637e-01
3.643052e-01
3.646428e-01
3.651571e-01
3.653145e-01
3.658168e-01
3.660208e-01
3.662391e-01
3.666825e-01
3.670492e-01
3.672912e-01
3.673556e-01
3.676121e-01
3.678382e-01
3.681016e-01
3.683969e-01
3.685665e-01
3.687877e-01
3.692889e-01
3.694936e-01
3.696463e-01
3.697202e-01
3.700757e-01
3.701713e-01
3.706342e-01
3.713527e-01
3.715457e-01
3.716913e-01
3.717398e-01
3.720076e-01
3.723982e-01
3.729636e-01
3.731284e-01
3.731744e-01
3.737172e-01
3.738864e-01
3.743347e-01
3.746244e-01
3.749214e-01
3.751261e-01
3.754846e-01
3.758074e-01
3.758334e-01
3.765364e-01
3.766042e-01
3.768720e-01
3.771367e-01
3.772734e-01
3.775485e-01
3.777812e-01
3.779598e-01
3.781391e-01
3.783147e-01
3.783938e-01
3.787033e-01
3.787938e-01
3.788842e-01
3.793597e-01
3.795094e-01
3.801290e-01
3.805060e-01
3.808092e-01
3.808779e-01
3.813060e-01
3.815907e-01
3.818534e-01
3.820356e-01
3.825033e-01
3.829622e-01
3.835387e-01
3.836644e-01
3.839986e-01
3.840555e-01
3.846386e-01
3.851023e-01
3.853260e-01
3.854914e-01
3.858272e-01
3.859649e-01
3.861498e-01
3.862995e-01
3.864406e-01
3.873436e-01
3.877941e-01
3.886074e-01
3.887793e-01
3.888382e-01
3.890538e-01
3.894097e-01
3.896439e-01
3.901633e-01
3.903185e-01
3.910571e-01
3.911932e-01
3.917525e-01
3.921716e-01
3.924887e-01
3.925825e-01
3.932140e-01
3.939474e-01
3.941927e-01
3.943301e-01
3.947055e-01
3.949073e-01
3.949666e-01
3.955686e-01
3.956328e-01
3.956726e-01
3.967454e-01
3.968717e-01
3.975013e-01
3.977000e-01
3.977787e-01
3.982182e-01
3.983925e-01
3.987803e-01
3.994363e-01
3.996542e-01
3.997119e-01
3.998427e-01
3.999686e-01
4.000431e-01
4.004978e-01
4.008656e-01
4.011091e-01
4.013007e-01
4.014741e-01
4.023841e-01
4.026071e-01
4.027710e-01
4.029869e-01
4.034782e-01
4.035784e-01
4.042655e-01
4.043623e-01
4.044667e-01
4.045950e-01
4.047349e-01
4.052283e-01
4.052703e-01
4.056738e-01
4.058565e-01
4.061953e-01
4.064107e-01
4.068768e-01
4.071436e-01
4.072957e-01
4.075891e-01
4.077304e-01
4.080372e-01
4.084088e-01
4.084840e-01
4.086625e-01
4.088766e-01
4.096028e-01
4.099391e-01
4.100125e-01
4.104170e-01
4.105792e-01
4.106970e-01
4.108687e-01
4.110816e-01
4.111930e-01
4.113358e-01
4.115934e-01
4.119034e-01
4.121698e-01
4.124423e-01
4.126942e-01
4.131201e-01
4.132582e-01
4.133584e-01
4.143147e-01
4.144647e-01
4.147427e-01
4.150563e-01
4.152072e-01
4.156116e-01
4.162928e-01
4.164411e-01
4.166218e-01
4.166799e-01
4.170413e-01
4.175013e-01
4.175298e-01
4.180877e-01
4.183556e-01
4.184802e-01
4.185998e-01
4.190553e-01
4.192959e-01
4.198295e-01
4.207254e-01
4.213246e-01
4.215807e-01
4.224007e-01
4.229851e-01
4.234269e-01
4.237585e-01
4.240362e-01
4.244118e-01
4.246113e-01
4.250423e-01
4.252095e-01
4.258142e-01
4.260298e-01
4.265765e-01
4.272020e-01
4.275645e-01
4.280082e-01
4.280269e-01
4.284321e-01
4.288211e-01
4.289124e-01
4.293076e-01
4.294580e-01
4.299356e-01
4.306937e-01
4.311076e-01
4.317515e-01
4.319002e-01
4.321513e-01
4.325760e-01
4.325935e-01
4.328877e-01
4.332270e-01
4.339666e-01
4.341150e-01
4.342307e-01
4.354499e-01
4.354647e-01
4.355508e-01
4.359282e-01
4.362139e-01
4.364708e-01
4.370485e-01
4.379475e-01
4.386425e-01
4.391665e-01
4.397356e-01
4.402042e-01
4.406731e-01
4.407353e-01
4.413338e-01
4.416542e-01
4.424251e-01
4.424702e-01
4.430805e-01
4.436267e-01
4.443708e-01
4.445233e-01
4.447869e-01
4.451009e-01
4.454757e-01
4.456425e-01
4.464319e-01
4.471194e-01
4.485875e-01
4.492146e-01
4.494866e-01
4.495721e-01
4.497419e-01
4.503063e-01
4.511323e-01
4.516745e-01
4.519569e-01
4.521041e-01
4.524399e-01
4.526607e-01
4.537640e-01
4.540383e-01
4.546131e-01
4.555473e-01
4.555606e-01
4.556991e-01
4.560215e-01
4.562129e-01
4.565298e-01
4.567234e-01
4.571953e-01
4.577080e-01
4.578807e-01
4.584636e-01
4.589104e-01
4.593089e-01
4.593636e-01
4.601279e-01
4.602773e-01
4.607853e-01
4.608955e-01
4.617021e-01
4.625383e-01
4.634177e-01
4.637201e-01
4.640333e-01
4.643575e-01
4.645216e-01
4.647285e-01
4.654903e-01
4.660131e-01
4.661532e-01
4.679833e-01
4.682251e-01
4.688681e-01
4.694194e-01
4.699676e-01
4.700400e-01
4.705085e-01
4.706302e-01
4.710979e-01
4.711470e-01
4.717208e-01
4.724150e-01
4.727259e-01
4.730872e-01
4.741007e-01
4.742866e-01
4.746097e-01
4.751449e-01
4.756036e-01
4.759346e-01
4.761061e-01
4.768075e-01
4.772047e-01
4.777188e-01
4.780411e-01
4.783362e-01
4.787324e-01
4.787951e-01
4.794193e-01
4.801252e-01
4.804636e-01
4.805141e-01
4.808662e-01
4.814354e-01
4.816801e-01
4.820366e-01
4.829747e-01
4.835304e-01
4.837838e-01
4.845137e-01
4.851923e-01
4.854413e-01
4.862168e-01
4.867426e-01
4.883441e-01
4.885636e-01
4.896441e-01
4.901489e-01
4.906542e-01
4.910979e-01
4.914555e-01
4.917540e-01
4.918654e-01
4.923231e-01
4.925837e-01
4.932662e-01
4.945091e-01
4.946911e-01
4.952321e-01
4.956213e-01
4.959471e-01
4.967551e-01
4.973503e-01
4.984345e-01
4.984735e-01
4.989409e-01
4.994035e-01
4.997005e-01
4.999172e-01
5.000792e-01
5.011180e-01
5.017786e-01
5.020936e-01
5.027967e-01
5.030489e-01
5.034334e-01
5.043021e-01
5.055479e-01
5.056723e-01
5.061909e-01
5.068931e-01
5.070797e-01
5.087556e-01
5.090383e-01
5.094841e-01
5.102727e-01
5.104774e-01
5.115733e-01
5.125865e-01
5.131965e-01
5.136842e-01
5.138140e-01
5.140386e-01
5.142636e-01
5.158079e-01
5.167499e-01
5.174463e-01
5.175248e-01
5.177401e-01
5.185525e-01
5.188134e-01
5.196030e-01
5.208772e-01
5.216282e-01
5.220207e-01
5.222966e-01
5.226581e-01
5.228917e-01
5.229523e-01
5.240557e-01
5.249801e-01
5.251147e-01
5.259316e-01
5.259947e-01
5.261721e-01
5.274486e-01
5.280651e-01
5.287503e-01
5.291507e-01
5.299958e-01
5.305995e-01
5.310671e-01
5.324968e-01
5.327125e-01
5.331222e-01
5.334002e-01
5.343757e-01
5.355807e-01
5.364162e-01
5.365307e-01
5.376659e-01
5.386716e-01
5.394046e-01
5.396327e-01
5.400365e-01
5.403822e-01
5.417038e-01
5.423301e-01
5.430387e-01
5.439658e-01
5.449394e-01
5.452791e-01
5.463713e-01
5.468916e-01
5.493417e-01
5.496521e-01
5.499406e-01
5.503968e-01
5.505220e-01
5.510298e-01
5.523428e-01
5.528557e-01
5.559821e-01
5.561229e-01
5.569383e-01
5.571346e-01
5.580147e-01
5.581315e-01
5.590198e-01
5.595023e-01
5.598616e-01
5.604034e-01
5.612899e-01
5.616438e-01
5.627877e-01
5.634517e-01
5.635309e-01
5.645932e-01
5.655964e-01
5.658805e-01
5.660523e-01
5.668712e-01
5.672440e-01
5.674172e-01
5.679859e-01
5.698477e-01
5.708118e-01
5.716497e-01
5.717197e-01
5.728915e-01
5.732669e-01
5.736136e-01
5.761185e-01
5.763162e-01
5.767545e-01
5.770922e-01
5.771879e-01
5.789419e-01
5.803681e-01
5.815260e-01
5.835731e-01
5.844125e-01
5.852276e-01
5.874721e-01
5.877085e-01
5.884052e-01
5.893991e-01
5.900451e-01
5.909790e-01
5.935832e-01
5.937945e-01
5.947233e-01
5.973050e-01
5.980169e-01
5.983842e-01
5.984703e-01
5.990983e-01
6.000398e-01
6.020240e-01
6.028554e-01
6.039106e-01
6.043068e-01
6.043803e-01
6.066355e-01
6.069962e-01
6.077841e-01
6.091522e-01
6.130867e-01
6.135512e-01
6.141850e-01
6.144968e-01
6.158537e-01
6.171966e-01
6.190690e-01
6.199652e-01
6.200307e-01
6.207000e-01
6.221521e-01
6.225820e-01
6.251739e-01
6.263408e-01
6.268826e-01
6.270383e-01
6.292032e-01
6.295824e-01
6.298654e-01
6.303868e-01
6.317088e-01
6.325983e-01
6.337006e-01
6.344003e-01
6.349974e-01
6.363296e-01
6.364006e-01
6.390868e-01
6.401937e-01
6.415124e-01
6.422161e-01
6.444471e-01
6.450905e-01
6.455186e-01
6.482206e-01
6.506764e-01
6.510771e-01
6.517130e-01
6.523800e-01
6.528844e-01
6.549708e-01
6.560994e-01
6.570920e-01
6.574090e-01
6.575549e-01
6.597561e-01
6.606037e-01
6.615633e-01
6.624072e-01
6.633022e-01
6.639812e-01
6.654537e-01
6.695568e-01
6.711728e-01
6.757020e-01
6.763204e-01
6.773815e-01
6.787591e-01
6.813638e-01
6.832523e-01
6.840964e-01
6.844924e-01
6.861705e-01
6.886846e-01
6.887617e-01
6.915220e-01
6.917733e-01
6.941173e-01
6.946191e-01
6.953070e-01
6.964787e-01
6.982221e-01
7.002645e-01
7.010186e-01
7.028264e-01
7.052218e-01
7.062526e-01
7.082206e-01
7.082998e-01
7.087864e-01
7.120275e-01
7.120519e-01
7.125062e-01
7.144785e-01
7.154796e-01
7.158973e-01
7.170758e-01
7.172080e-01
7.199083e-01
7.200855e-01
7.206746e-01
7.228708e-01
7.231613e-01
7.237844e-01
7.264949e-01
7.290374e-01
7.313821e-01
7.320619e-01
7.355802e-01
7.357491e-01
7.367839e-01
7.403057e-01
7.418469e-01
7.474759e-01
7.527639e-01
7.572196e-01
7.593599e-01
7.628877e-01
7.663902e-01
7.683795e-01
7.699865e-01
7.704977e-01
7.751839e-01
7.799226e-01
7.812218e-01
7.863092e-01
7.878404e-01
7.940541e-01
7.988824e-01
8.006316e-01
8.044441e-01
8.087338e-01
8.102326e-01
8.144572e-01
8.146847e-01
8.177125e-01
8.188896e-01
8.197922e-01
8.247485e-01
8.281647e-01
8.303819e-01
8.308561e-01
8.348339e-01
8.375106e-01
8.391644e-01
8.414360e-01
8.465373e-01
8.569799e-01
8.576741e-01
8.627710e-01
8.640132e-01
8.677321e-01
8.701758e-01
8.779177e-01
8.828146e-01
8.887900e-01
8.915344e-01
8.986741e-01
9.051795e-01
9.101443e-01
9.162018e-01
9.186774e-01
9.228103e-01
9.286767e-01
9.295792e-01
9.319184e-01
9.354490e-01
9.389875e-01
9.398529e-01
9.427416e-01
9.455753e-01
9.492005e-01
9.505907e-01
9.516248e-01
9.536842e-01
9.540966e-01
9.621540e-01
9.724213e-01
9.729985e-01
9.814420e-01
9.837238e-01
1.000000e+00
