# sorted relative singular values (hessian_L_full) field=lester2021 eps=0.25 N=12 n=3456
1.696878105087207354e-03
1.726184447676177344e-03
1.760053638625865436e-03
1.790717020096318319e-03
2.263273167161781486e-03
2.282051855774345269e-03
2.317614992732629133e-03
2.350185200530134893e-03
2.517459287622963310e-03
2.566907235871005669e-03
2.711995356894453257e-03
2.722352021426094771e-03
2.743577944042911200e-03
2.773051923813947550e-03
3.164699409320340627e-03
3.222474940160979361e-03
3.223111726744561523e-03
3.277791165490052169e-03
3.580957353872923649e-03
3.663903157824782795e-03
3.669465504657379046e-03
3.748983516813315237e-03
3.826895481139014343e-03
3.834158428151504105e-03
4.852871312664920785e-03
4.857185993974573630e-03
4.869917536934056761e-03
4.870186035203785506e-03
7.860527699026226625e-03
7.862251547924874531e-03
7.941518143260125825e-03
7.944181909471163122e-03
8.186141219805296437e-03
8.186863837792509799e-03
8.279752599044223546e-03
8.284042724417198245e-03
1.205183630346577661e-02
1.208465248925118425e-02
1.233846514821896820e-02
1.236056396258211447e-02
1.236865925289637978e-02
1.238340653008846749e-02
1.242183414055014062e-02
1.245157787288209313e-02
1.245529803969051309e-02
1.247117323097865320e-02
1.308488578464573823e-02
1.311397850529268105e-02
1.373775781828004069e-02
1.375289213687290110e-02
1.647521589924035718e-02
1.673227265943108208e-02
1.674572040710815141e-02
1.682031193387988413e-02
1.700748154126136003e-02
1.706794575534904823e-02
1.707895520363943501e-02
1.734607426370824226e-02
1.749286427972376531e-02
1.752874984572913922e-02
1.753570709278445827e-02
1.755902535279246779e-02
1.960982164881052911e-02
1.966736647618239076e-02
1.991096751789454833e-02
1.996805074033909319e-02
1.999199206335110571e-02
2.003004587960410462e-02
2.069431591798320119e-02
2.070064397013970936e-02
2.073953925059277004e-02
2.080160662479269701e-02
2.087206535335192625e-02
2.091567816960987133e-02
2.151587808955147604e-02
2.151617562657188662e-02
2.154050773815436789e-02
2.159644343244120773e-02
2.281170600366990917e-02
2.281943245214592200e-02
2.286464172654588053e-02
2.286769606805708413e-02
2.777892634046400661e-02
2.810471571961008219e-02
2.813186618463084029e-02
2.839374129355321658e-02
3.011545014097969167e-02
3.011969546947182094e-02
3.065084857182171635e-02
3.066077626058832245e-02
3.067959839187276924e-02
3.072732168146868892e-02
3.073321463100291487e-02
3.073533012179286913e-02
3.085323276481126073e-02
3.097219980277751694e-02
3.102794902683939440e-02
3.106407077190290883e-02
3.110466795591651512e-02
3.112330634789529232e-02
3.112535662505114611e-02
3.124366361252191304e-02
3.124509105890004024e-02
3.126708293394407645e-02
3.135824887014990181e-02
3.149749507244297558e-02
3.151540918938377372e-02
3.156820832764229562e-02
3.163385002307967514e-02
3.165551561520802554e-02
3.179689168471563909e-02
3.180035260081601894e-02
3.180836996456392479e-02
3.184567596407286011e-02
3.191031342090366874e-02
3.191590235991360186e-02
3.204925663557619403e-02
3.215325055813575417e-02
3.225886248315325278e-02
3.231859779146747241e-02
3.239284226414786833e-02
3.249208307565825543e-02
3.250970443242643532e-02
3.256592695192149500e-02
3.257023088804120864e-02
3.265157252008404204e-02
3.265978354119203342e-02
3.266659246515486031e-02
3.310920438503817814e-02
3.334004510883139399e-02
3.341249005562128144e-02
3.394584878721255972e-02
3.454707026998884295e-02
3.462559209451293585e-02
3.582593882929867302e-02
3.585056439649215998e-02
3.622052420161103736e-02
3.633955057572366143e-02
3.646758456298598849e-02
3.656193322560910564e-02
3.716736658225644474e-02
3.718908918738675351e-02
3.956240670930932790e-02
3.956898827430034571e-02
4.035900288926951018e-02
4.036174621357344755e-02
4.140542019147983033e-02
4.140599685967339544e-02
4.259079911089997533e-02
4.259152173836917160e-02
4.685438014470694884e-02
4.692520629974300528e-02
4.696090623196273739e-02
4.696291120289960291e-02
4.852893532897459977e-02
4.856620210367115775e-02
4.912247372090108172e-02
4.914919635872613823e-02
5.080489726261468858e-02
5.081671868518861795e-02
5.087723483000683444e-02
5.092750573683617332e-02
5.105202412362886549e-02
5.107830201707182216e-02
5.170934286473764796e-02
5.177714314734321172e-02
5.226500960210712921e-02
5.239410565140835419e-02
5.250856865633828086e-02
5.262784615256395349e-02
5.376233863970028559e-02
5.376377208891384291e-02
5.408867163133918021e-02
5.411743612498923911e-02
5.443971939088725759e-02
5.445407287153428838e-02
5.460606407847126004e-02
5.460889511733329343e-02
5.511795536345745483e-02
5.512719881830369789e-02
5.578773991123362613e-02
5.578807893662889039e-02
5.889013579506316431e-02
5.898193043231601818e-02
5.914777438874749965e-02
5.920505070833573941e-02
5.924804459054820033e-02
5.930682396729821532e-02
5.959212543942481177e-02
5.960021607224493673e-02
5.976093363919080664e-02
5.984681687191746591e-02
6.039529616625335939e-02
6.097040397370108444e-02
6.157338112285004605e-02
6.168474699811203610e-02
6.176691278703271698e-02
6.190723764541118668e-02
6.193793518153470345e-02
6.203330061968151399e-02
6.208847477682048754e-02
6.216978487252112356e-02
6.217064709687102758e-02
6.253457916672665318e-02
6.255066666839366463e-02
6.272515812550019665e-02
6.322679034662304076e-02
6.335052592608350630e-02
6.345572874904406580e-02
6.442799695516955583e-02
6.444016907079599954e-02
6.525061963709277713e-02
6.719124723267884403e-02
6.722466387668180055e-02
6.741123087986536366e-02
6.743207574900079992e-02
6.744539600884753849e-02
6.753998051739408537e-02
6.754062667086319083e-02
6.755046785540042009e-02
6.770630462866752963e-02
6.782894284905137405e-02
6.795255456371974978e-02
6.807416634228082020e-02
6.927596978429728658e-02
6.928387553220743955e-02
6.990859717546779595e-02
6.991307267130886238e-02
7.066496935481048070e-02
7.071026138449720833e-02
7.093838946757276276e-02
7.095086893742216794e-02
7.181378218208119002e-02
7.185828601222395140e-02
7.215743590863021861e-02
7.217012994052823815e-02
7.389583776871554155e-02
7.400015125264515492e-02
7.463528439013926430e-02
7.473398355328660092e-02
7.720153593722561824e-02
7.749496708124474498e-02
7.756758173154372493e-02
7.762405175083342268e-02
7.820884693125747245e-02
7.823898820083370620e-02
7.834975039353617166e-02
7.836502201960711400e-02
7.900292528162049244e-02
7.900988947038389831e-02
7.914773057184826266e-02
7.918359463025431699e-02
7.980214931027745928e-02
7.980977401592223575e-02
7.989383794922010062e-02
7.997366604261210710e-02
8.004898222763034976e-02
8.012458616907301712e-02
8.036902877078662411e-02
8.050474792306119842e-02
8.066669274737831019e-02
8.080711751514371710e-02
8.101455875479667001e-02
8.112607060923704427e-02
8.119989913452219099e-02
8.127392331834305816e-02
8.132070684742227773e-02
8.133151221208964610e-02
8.168129704114500400e-02
8.169402175033976810e-02
8.216758048588992946e-02
8.265878847142979491e-02
8.488758112581652748e-02
8.582027582090069606e-02
8.582203416009327734e-02
8.612304006656251731e-02
8.613875358235742463e-02
8.618028972766358931e-02
8.620447192706878758e-02
8.626797837418023751e-02
8.631324185608332811e-02
8.639751879663454259e-02
8.640056776638675717e-02
8.644053881218306812e-02
8.650352389992232993e-02
8.650740755133799753e-02
8.656073197548218301e-02
8.656275452750608612e-02
8.745839493563643818e-02
8.746643150889879537e-02
8.780402181263757821e-02
8.784978510665954199e-02
8.830279206991521745e-02
8.850274895572395051e-02
8.866554161920565946e-02
8.878396152033894706e-02
8.879068723423116927e-02
8.891815197958040373e-02
8.909097918631998791e-02
8.911053655883960367e-02
8.911965350096383298e-02
8.923067766204810514e-02
9.035346669983891632e-02
9.035841329364177610e-02
9.172759671269875570e-02
9.189364665301232027e-02
9.190548648392406206e-02
9.202205886183949246e-02
9.212424265342122887e-02
9.214054346182626309e-02
9.235954587946340610e-02
9.238649741197269005e-02
9.288862129042568805e-02
9.289472966196578307e-02
9.312373338994457683e-02
9.322649953222600372e-02
9.398561632074627081e-02
9.399062531309398949e-02
9.413133574424467631e-02
9.427840309777295313e-02
9.553190244583981139e-02
9.554884258241320982e-02
9.555524478284567469e-02
9.560359607516653868e-02
9.584138960497048942e-02
9.588013581294893561e-02
9.595739575464271032e-02
9.604835111927832736e-02
9.646628731065029494e-02
9.647392165818709231e-02
9.690952279623392396e-02
9.692155720773014405e-02
9.762762840044769685e-02
9.763269084846076806e-02
9.783459647486798805e-02
9.800188918402062688e-02
9.803321818485376260e-02
9.818493335671843458e-02
9.820032737156511593e-02
9.824189517820373918e-02
9.829581858258991389e-02
9.841231814936682309e-02
9.856518913001170723e-02
9.856642180714046686e-02
1.002947470908166494e-01
1.003480538395224303e-01
1.004131835353121310e-01
1.004912111400147884e-01
1.007789391553956804e-01
1.008692815110335400e-01
1.009319701179570844e-01
1.009774613712915159e-01
1.019123784573785912e-01
1.019580211051270557e-01
1.020258020283328487e-01
1.020296803022846255e-01
1.050166408162803017e-01
1.052126675837724568e-01
1.058067347221453292e-01
1.060012947374206899e-01
1.067212883518942751e-01
1.069074136437533906e-01
1.071905470581987069e-01
1.074024456098085639e-01
1.088521233707961250e-01
1.088907506362775252e-01
1.088923090432662028e-01
1.089881401736996908e-01
1.103714622421634178e-01
1.103883341119634293e-01
1.104350109909410793e-01
1.104608731909276081e-01
1.134768952083475974e-01
1.134815481486154687e-01
1.150731700969577220e-01
1.151403553152673398e-01
1.152490376360864599e-01
1.154443151421657571e-01
1.155921686601129178e-01
1.156395686717438948e-01
1.157845409522009344e-01
1.158434935278365580e-01
1.164745914484516115e-01
1.168856576393120239e-01
1.168899528037124491e-01
1.169839293500620075e-01
1.170236574199891577e-01
1.172191970244429726e-01
1.174741914561492073e-01
1.174941760199045976e-01
1.177021401462748779e-01
1.177023801511914991e-01
1.179248515753790472e-01
1.179426535829715267e-01
1.180122356463988581e-01
1.180426686346473103e-01
1.181951407413029120e-01
1.182143387832695763e-01
1.184464972957861850e-01
1.184889853380558106e-01
1.203619332957017590e-01
1.205963921419513502e-01
1.206972711700021184e-01
1.207851989575169094e-01
1.208934219952172151e-01
1.209479431221797269e-01
1.210856694941450373e-01
1.212127263157569412e-01
1.214212362036445891e-01
1.214290167184258751e-01
1.214332150792019477e-01
1.215202453082244449e-01
1.216022324417275480e-01
1.216690596350459286e-01
1.216809540582032556e-01
1.220798068272155867e-01
1.220849327327783451e-01
1.224365024260669899e-01
1.226991158121695097e-01
1.228262648995667866e-01
1.228329156510219455e-01
1.231687542814559055e-01
1.243751100369601542e-01
1.244157931272583950e-01
1.245149933190555086e-01
1.246330673553625312e-01
1.250299734953265463e-01
1.250307554299298074e-01
1.254118928622622864e-01
1.254189731868609603e-01
1.261675618243301988e-01
1.261688740103238671e-01
1.262285990458621998e-01
1.263369375620082558e-01
1.269168624682179558e-01
1.269184819268671383e-01
1.276556095259978318e-01
1.276563345606392952e-01
1.279491533284756177e-01
1.282365030362595526e-01
1.283859023666349686e-01
1.288898168725247095e-01
1.289093039898376591e-01
1.297647477266240523e-01
1.297697498766631485e-01
1.300181601506821549e-01
1.300218383819425338e-01
1.300439459293467326e-01
1.303654532747063610e-01
1.303686517122758515e-01
1.304751093232528469e-01
1.304751485850700887e-01
1.308890207131240269e-01
1.308926380546624191e-01
1.328450730060389273e-01
1.330682029195675853e-01
1.385966642248621095e-01
1.386499694818645045e-01
1.390517774190602740e-01
1.390677745953645683e-01
1.391664442170990612e-01
1.393614485118533364e-01
1.394752288474389312e-01
1.395159874671041134e-01
1.396894781960601739e-01
1.398534033351031269e-01
1.398567004679267811e-01
1.400186182639604204e-01
1.400995413206932438e-01
1.403424281000056062e-01
1.404975724693237338e-01
1.406306636991586645e-01
1.414127548152279978e-01
1.416322196156394042e-01
1.419149680691944027e-01
1.420310171449484515e-01
1.421797230580439664e-01
1.423841499009546319e-01
1.426017739938710560e-01
1.426886671691363073e-01
1.431502746122891578e-01
1.431525318391183854e-01
1.433090240881993160e-01
1.433126560072933708e-01
1.433765705241120403e-01
1.435050783827409304e-01
1.435597093582726413e-01
1.436703893105525098e-01
1.439934852373651597e-01
1.439961497082240249e-01
1.440544613685611763e-01
1.441916526864569503e-01
1.442854325809382332e-01
1.444691803711201372e-01
1.445230867824527365e-01
1.445707073023970168e-01
1.446224849701126802e-01
1.447366584451179605e-01
1.448047356778144057e-01
1.449337005475368201e-01
1.450477668044670154e-01
1.457131497436075229e-01
1.459303012077367845e-01
1.461340131168288592e-01
1.462161834267448612e-01
1.463553956410114931e-01
1.464754264855732957e-01
1.465013327305836888e-01
1.465198444162787994e-01
1.466935083113555249e-01
1.467336862456043722e-01
1.468334538802625877e-01
1.468706764241133889e-01
1.469127062979449505e-01
1.469297256614726099e-01
1.470053703927481914e-01
1.470445850680321687e-01
1.471896416984701805e-01
1.471926983006791312e-01
1.475778127965599873e-01
1.477495959387603586e-01
1.480362343389682589e-01
1.481281936248639020e-01
1.514204736134023010e-01
1.518107974173733832e-01
1.519508285203788889e-01
1.519982959125914246e-01
1.521160680926519626e-01
1.522393763897251784e-01
1.522753165946224563e-01
1.523187573122829486e-01
1.526386142734522389e-01
1.542370589845281081e-01
1.542388115537444149e-01
1.543106561277741151e-01
1.543435754829689255e-01
1.551258267149335235e-01
1.552392816453370683e-01
1.552529526875638943e-01
1.554997822657382123e-01
1.555182556218288048e-01
1.556808556017938161e-01
1.563619691524626709e-01
1.564619796633574256e-01
1.566816104911911978e-01
1.568081484562357797e-01
1.569847897509606405e-01
1.572015168019659792e-01
1.608211096101112014e-01
1.608844524766016026e-01
1.609250888321827611e-01
1.610006830232690589e-01
1.613975361032945199e-01
1.614659959875324458e-01
1.614771910190489768e-01
1.615858596975507100e-01
1.619275298022976872e-01
1.619459680418258996e-01
1.619605882061490587e-01
1.620060224750221878e-01
1.620129731394256423e-01
1.620403575107620953e-01
1.620817304960089356e-01
1.622305938970901029e-01
1.634517306144832871e-01
1.635295610299227209e-01
1.636783795997894253e-01
1.637200191518981274e-01
1.638287039815359281e-01
1.638807892421973444e-01
1.639061994520289722e-01
1.639649838493058009e-01
1.641190419901915609e-01
1.642297457365198832e-01
1.642593343669010997e-01
1.643326598134378924e-01
1.652600623207186314e-01
1.653398571094380765e-01
1.653600770568741107e-01
1.655651751413665662e-01
1.659616524622676836e-01
1.663034074174993826e-01
1.664911105591862783e-01
1.665490239823347041e-01
1.676275532480506758e-01
1.676725843855015607e-01
1.677626770340947260e-01
1.677830274895935059e-01
1.679863687211238243e-01
1.683324669619746805e-01
1.687688409386257637e-01
1.689075637242163086e-01
1.708609571169463770e-01
1.708982493133339442e-01
1.709101235450819489e-01
1.709168969808323169e-01
1.731822687353713752e-01
1.732809291963296472e-01
1.735540065779964392e-01
1.735727854793597535e-01
1.737346237902193946e-01
1.737812834079969504e-01
1.737968845368887960e-01
1.738023767460662450e-01
1.738066699365321266e-01
1.738628577495777983e-01
1.755549058908208726e-01
1.756637323210629709e-01
1.757395209922730517e-01
1.757643775033759237e-01
1.758520747518599603e-01
1.761562239474925018e-01
1.772298421340885444e-01
1.772329641388847854e-01
1.777422496411130148e-01
1.777602152537688385e-01
1.798144849370616194e-01
1.799443181755257803e-01
1.806783734464985081e-01
1.806897844447823698e-01
1.807778623233872173e-01
1.808216766262983610e-01
1.811331323500126322e-01
1.812072884922786842e-01
1.842043825882921371e-01
1.843950055307013447e-01
1.844055813603382998e-01
1.844503075585051943e-01
1.845867219890032773e-01
1.847720662919162538e-01
1.848259152761005386e-01
1.848925886300233079e-01
1.849085987306866019e-01
1.850342831438249458e-01
1.850961765548513327e-01
1.851226711229049249e-01
1.851397043780221852e-01
1.851787377137543711e-01
1.853208926727634431e-01
1.854888408897595597e-01
1.855149468932715262e-01
1.858366380567607890e-01
1.860236989792491136e-01
1.860988780766749118e-01
1.862990252075102937e-01
1.864138884108630378e-01
1.864385492414192547e-01
1.864604056566502022e-01
1.877884131131467293e-01
1.879002133951625519e-01
1.879738094087446409e-01
1.882773730816926505e-01
1.883377817687645339e-01
1.884557121278375991e-01
1.884719753045940582e-01
1.885834048675963104e-01
1.886326869885336932e-01
1.887069272455349223e-01
1.887787674285614226e-01
1.889125401696453155e-01
1.889738040639075134e-01
1.890193301205319865e-01
1.890320933827096817e-01
1.891644996775809773e-01
1.892043059285694329e-01
1.893031083752631238e-01
1.893585692212446381e-01
1.894860915424968761e-01
1.895700222017593084e-01
1.910572528692046079e-01
1.913403450708758280e-01
1.920479708023468401e-01
1.924926579524393611e-01
1.926488506349698093e-01
1.927894224313183302e-01
1.928209567223296839e-01
1.928630381153765283e-01
1.931478105361727204e-01
1.933237362866205844e-01
1.935887985804515821e-01
1.937859095967276457e-01
1.939984103923909631e-01
1.940079110637392135e-01
1.949856514610764646e-01
1.950642266544898307e-01
1.951539668854381515e-01
1.951963141943594271e-01
1.956025821701909140e-01
1.956340696474903051e-01
1.959394349807646873e-01
1.959825221117863780e-01
1.960332653789317314e-01
1.966605533170578124e-01
1.967881136761324423e-01
1.969650886165319192e-01
1.973042573973995684e-01
1.974759370251801538e-01
1.977597749930999904e-01
1.982783821679437453e-01
1.986494234740574238e-01
2.000410750601908927e-01
2.001352967369127711e-01
2.001807104492956402e-01
2.006021845905918422e-01
2.008535841868045457e-01
2.008845655817600440e-01
2.009246200108961988e-01
2.009951413324708724e-01
2.012332844769995077e-01
2.013338113738815383e-01
2.014684995530332812e-01
2.014884552284000319e-01
2.019776101316805572e-01
2.020422873031005873e-01
2.026181994831565969e-01
2.027686018237255805e-01
2.033404808505067385e-01
2.038214714808071482e-01
2.038640197947686750e-01
2.041265032144445046e-01
2.059217914522042947e-01
2.061081950291138443e-01
2.063420383081351617e-01
2.064056962789405369e-01
2.064744515649545309e-01
2.068569689267654721e-01
2.069324350384162126e-01
2.069654274659361859e-01
2.069800376160355060e-01
2.071880075770081153e-01
2.073120621659650109e-01
2.073995414140120119e-01
2.074672409619987001e-01
2.074809055426314608e-01
2.075761212003081890e-01
2.076477397028377581e-01
2.077660409245736806e-01
2.078753306447733984e-01
2.080056875982529419e-01
2.080856344927052293e-01
2.081719697707178907e-01
2.082383908073861256e-01
2.082508653384367581e-01
2.085045395273872060e-01
2.086032638523557803e-01
2.086072125095276564e-01
2.086250875345450895e-01
2.086300923280711705e-01
2.087912870533812915e-01
2.089142660336557045e-01
2.089184318589123457e-01
2.089436370453269243e-01
2.096103392866003889e-01
2.098940330728878978e-01
2.100947198988823428e-01
2.102149811143229630e-01
2.104229883276742818e-01
2.106942805452927392e-01
2.108788052699240856e-01
2.113813972649492279e-01
2.114948454455789772e-01
2.117476807135402206e-01
2.118293808042410464e-01
2.121629645298686306e-01
2.127010208905311672e-01
2.128829399184971882e-01
2.134598066712371789e-01
2.135732592467711188e-01
2.136978417612023229e-01
2.137973693151600241e-01
2.138812497216208697e-01
2.142641596922524871e-01
2.145230980743310090e-01
2.146547852659235478e-01
2.147094288463167189e-01
2.149136010473442215e-01
2.150655804216919098e-01
2.154509953002559375e-01
2.157229346344152199e-01
2.158061936197427644e-01
2.160660521412528789e-01
2.162887862656807381e-01
2.164665747971898646e-01
2.166145672330652139e-01
2.168323478342126798e-01
2.169173085037423565e-01
2.170064631232656582e-01
2.171130698620808430e-01
2.176168004707222936e-01
2.176846683823275563e-01
2.179514482249959029e-01
2.182660288197867671e-01
2.183143064527107435e-01
2.184332420513518391e-01
2.185218053850298825e-01
2.186457857147991457e-01
2.186757485335660278e-01
2.189053067099159255e-01
2.195607135768784524e-01
2.196541481943804774e-01
2.204336386913156032e-01
2.206081642352169803e-01
2.206540826859811344e-01
2.208339369088779813e-01
2.209354897214679536e-01
2.210835707521483506e-01
2.211514465411403008e-01
2.211878909833868978e-01
2.214965512627398436e-01
2.217074750563778895e-01
2.217513805777751035e-01
2.217801355717630707e-01
2.219322624261750587e-01
2.219793839068455454e-01
2.221257395297845938e-01
2.221342216808656345e-01
2.222760363555213170e-01
2.235138679629027347e-01
2.235807187927511541e-01
2.242021859416930551e-01
2.246299705821336035e-01
2.251499412484371521e-01
2.251605857786768417e-01
2.252272953635018060e-01
2.253105485277194231e-01
2.253444362170804738e-01
2.255116100667010071e-01
2.255481710578624288e-01
2.255799135137186162e-01
2.259107760989684799e-01
2.260679132297276350e-01
2.263588762625133033e-01
2.263646028649679010e-01
2.264881781417669993e-01
2.268763344855902753e-01
2.270200452782495937e-01
2.270529918121106661e-01
2.270646434511824630e-01
2.271415337913771648e-01
2.272952857615020417e-01
2.273943002005240355e-01
2.274325934668100513e-01
2.275066158603248900e-01
2.276110454957219753e-01
2.277631914382476919e-01
2.277820564007378978e-01
2.278729258349478370e-01
2.287613733755855527e-01
2.287700660629628513e-01
2.291977814715282502e-01
2.293005189713367697e-01
2.294831438194842588e-01
2.301046818582913045e-01
2.301422641182747642e-01
2.302430094964420526e-01
2.304046488383866831e-01
2.304095846466137909e-01
2.305082554381348570e-01
2.306476120783167438e-01
2.307672019256175322e-01
2.307897099820485354e-01
2.311848868913442268e-01
2.313801273046570406e-01
2.316442441096856486e-01
2.320101263216168552e-01
2.320905840389410890e-01
2.322571212279809783e-01
2.323246872000798158e-01
2.323619844313757621e-01
2.325272809924518735e-01
2.325970901153929515e-01
2.325990035451184490e-01
2.326031341035027511e-01
2.328722741542481878e-01
2.329360792551114778e-01
2.333077852395938623e-01
2.333691132044990735e-01
2.334208401340173156e-01
2.336372865446624536e-01
2.336637764490802627e-01
2.339214272774162995e-01
2.341284764328790124e-01
2.341459556647133844e-01
2.341593925900484208e-01
2.341982086954916276e-01
2.343766817951539738e-01
2.347096237046563116e-01
2.349588929394105796e-01
2.349629113036845462e-01
2.350793037330285440e-01
2.352013719146396620e-01
2.354393950774888167e-01
2.358055723199478648e-01
2.358678609802371817e-01
2.360172278235065368e-01
2.361126924020066353e-01
2.361929748888304537e-01
2.366894013087774418e-01
2.367567906226923924e-01
2.368765537161643397e-01
2.370334683919908814e-01
2.371044376978747592e-01
2.371535228738909928e-01
2.371916796707209119e-01
2.372621060005934701e-01
2.373372506323056796e-01
2.374062871429027388e-01
2.375451467475751532e-01
2.376712844261627544e-01
2.379086756929887636e-01
2.379809380648886252e-01
2.379848883478276889e-01
2.381130148033017702e-01
2.382684190130797131e-01
2.382963436128409107e-01
2.385725534610976806e-01
2.387753601106874790e-01
2.387763893528866699e-01
2.388034581089509278e-01
2.388632954725135871e-01
2.388963289971364479e-01
2.390621602264575429e-01
2.391746792639602992e-01
2.392250138225063272e-01
2.392279505630506842e-01
2.392988512567299220e-01
2.394633528708002279e-01
2.395703016908666549e-01
2.395729686912568823e-01
2.395986277521757191e-01
2.396299091490654287e-01
2.397576013481634016e-01
2.398175458101668156e-01
2.398891771120997829e-01
2.399197093341318421e-01
2.399207775499095086e-01
2.400732136890512403e-01
2.401746638276812951e-01
2.401884087803077550e-01
2.404559516073786485e-01
2.404702308662843568e-01
2.404885525540725322e-01
2.406593145492361419e-01
2.406730099923730382e-01
2.406791212044663009e-01
2.407114699584659012e-01
2.408045170412391189e-01
2.408711471175099816e-01
2.412670410729721715e-01
2.413618520150590252e-01
2.415531165756569232e-01
2.416419369507971371e-01
2.418823441322925372e-01
2.420022265663618888e-01
2.420329331183913024e-01
2.422594269114222432e-01
2.423489585453945105e-01
2.427725732249721435e-01
2.428704249609426880e-01
2.428781690477898603e-01
2.429240031944774059e-01
2.430836854795327406e-01
2.431842533073732548e-01
2.432649161096874235e-01
2.435669651159070026e-01
2.438154385944639180e-01
2.438962610596562830e-01
2.439053414514177620e-01
2.440877287929485162e-01
2.441246057753232723e-01
2.442423181308392421e-01
2.443893163581932482e-01
2.444088687311772590e-01
2.447956023280533633e-01
2.448112504902194564e-01
2.448480562294942930e-01
2.448676303570324619e-01
2.449370705945522197e-01
2.450274885603450914e-01
2.450440865408033131e-01
2.450887595550351461e-01
2.452234034505109683e-01
2.452503321982885676e-01
2.453077962879457730e-01
2.454803633851554701e-01
2.454986160326492195e-01
2.456620133468099820e-01
2.456804364093105875e-01
2.458561188651836038e-01
2.459696590039551767e-01
2.460178328060379227e-01
2.461838307485973987e-01
2.463019160382808881e-01
2.463094052030804226e-01
2.465839047272449791e-01
2.466610711358933616e-01
2.468412034426571422e-01
2.469217034812372369e-01
2.470060275619315460e-01
2.473725523405485294e-01
2.473812277129006088e-01
2.474404940521577889e-01
2.475322577008392810e-01
2.476637919731390913e-01
2.478201632068545435e-01
2.478899353585514997e-01
2.479540999481335273e-01
2.486885131934512827e-01
2.487639200074702184e-01
2.488453694556652940e-01
2.488855246045881819e-01
2.489648545021754256e-01
2.491453611439223559e-01
2.492623366783406902e-01
2.493536366701589457e-01
2.493664372668650819e-01
2.497485600179886189e-01
2.498287345176628260e-01
2.502091770310134189e-01
2.502227091015888916e-01
2.504583731871119490e-01
2.504637339601993307e-01
2.505145356405463208e-01
2.505784344494258464e-01
2.506705093005835994e-01
2.508375677891634958e-01
2.509579491620886893e-01
2.510956762035179701e-01
2.511005364569845466e-01
2.511038810308584557e-01
2.511866912089267267e-01
2.514036442934124427e-01
2.514106869850051273e-01
2.514586888438786194e-01
2.518682125236494374e-01
2.518767705735471263e-01
2.522556394407011182e-01
2.524160249779223708e-01
2.524341017950623711e-01
2.524874200165013183e-01
2.526392056159670885e-01
2.526433919913986803e-01
2.527820300239583817e-01
2.528172458646787968e-01
2.529175213213949447e-01
2.530411942735920627e-01
2.531114643038466783e-01
2.531517455177381692e-01
2.532790654376237960e-01
2.534104186569194339e-01
2.534958106618671603e-01
2.535626112679650324e-01
2.536447970614595926e-01
2.536779866555711194e-01
2.538228600619790720e-01
2.540654406264706844e-01
2.542206871909492572e-01
2.542234094585165693e-01
2.543189441841351983e-01
2.543401644903159897e-01
2.545193860915054285e-01
2.545889435275194290e-01
2.547606949274102139e-01
2.549213429072338388e-01
2.550628382533801641e-01
2.551727918300426001e-01
2.552409102197126245e-01
2.552853749444952136e-01
2.554464109376425873e-01
2.554722547665305710e-01
2.555420404671984169e-01
2.555771415328861318e-01
2.556088551394748998e-01
2.557183322272130188e-01
2.559840408323619809e-01
2.560815607577286990e-01
2.561371791777283247e-01
2.565138120350380913e-01
2.565865663625004900e-01
2.566650277774086830e-01
2.568836498604969432e-01
2.571295449903410191e-01
2.573355827156241782e-01
2.573865477075103492e-01
2.574514142276883577e-01
2.574633367764064262e-01
2.577484133644448727e-01
2.578954047534101068e-01
2.578996773699308576e-01
2.580346225051135534e-01
2.580408200912498451e-01
2.583463481909760162e-01
2.583930235824992705e-01
2.584612421094683032e-01
2.586946809996218954e-01
2.587286927911502943e-01
2.587714186675766359e-01
2.589232707040775572e-01
2.589304764113254942e-01
2.589462874752884169e-01
2.590415149594205158e-01
2.590505912942003275e-01
2.591293142573306008e-01
2.592291483178618128e-01
2.592879488223733264e-01
2.592948900073356877e-01
2.595087608051865335e-01
2.595186660157866587e-01
2.595914567505789305e-01
2.596578185647465120e-01
2.598442372071044781e-01
2.599322286105975599e-01
2.599468353657855002e-01
2.601203558334712063e-01
2.602767628927198929e-01
2.604047783379712100e-01
2.605712022731614397e-01
2.606359882827989916e-01
2.608185025006322655e-01
2.608429922478118779e-01
2.608706355605572846e-01
2.610867052238561303e-01
2.611296061777473310e-01
2.614541127221650108e-01
2.614779886874705750e-01
2.614865374690090727e-01
2.620219494659843384e-01
2.621130811950497796e-01
2.621287137166320447e-01
2.623014691006651522e-01
2.627036692185032440e-01
2.627164686126436943e-01
2.629122894517970099e-01
2.630547659751052980e-01
2.631505779296551273e-01
2.632387268083365983e-01
2.632848869862108865e-01
2.634191330643185780e-01
2.637916218049651262e-01
2.639272138243389798e-01
2.640578598812912681e-01
2.640872988699981549e-01
2.642831300914078585e-01
2.645165708139540772e-01
2.651862521821146124e-01
2.653485057293326621e-01
2.655358446118525895e-01
2.657678607084368316e-01
2.658725732724791513e-01
2.661822752212918974e-01
2.662811085542108880e-01
2.663366376893759324e-01
2.663693813688806644e-01
2.664608219948029211e-01
2.665140886760873906e-01
2.666270290026661605e-01
2.666590977021512376e-01
2.668703361851857969e-01
2.668905194419634586e-01
2.669360239927430212e-01
2.670443675519140747e-01
2.671663452401306094e-01
2.673386168988527989e-01
2.673399741290824472e-01
2.674166090489365488e-01
2.674527857391951202e-01
2.674852740634656723e-01
2.675728701270770338e-01
2.676398085268723581e-01
2.677114957030858333e-01
2.677326134258976031e-01
2.677489065735632612e-01
2.679665800893185068e-01
2.679832219464000631e-01
2.679914588412685705e-01
2.680578700228205546e-01
2.681491288307722987e-01
2.681931808206436951e-01
2.684737523767743994e-01
2.685192722304323709e-01
2.686278479855597201e-01
2.687708045117838118e-01
2.691019608865168888e-01
2.691455602831197558e-01
2.692853789872535764e-01
2.693025437490181306e-01
2.693786916292523759e-01
2.695823353380792375e-01
2.703231175736894309e-01
2.703389031123181740e-01
2.706339046396415982e-01
2.713064316667430087e-01
2.713725593624937149e-01
2.714232281987261075e-01
2.718328513549702063e-01
2.719531599211537087e-01
2.722102098727990360e-01
2.724121251858629966e-01
2.724259900368483089e-01
2.726524386911589604e-01
2.729277911098005327e-01
2.730355095222655182e-01
2.732434724729212450e-01
2.732933338025159142e-01
2.733842628651773077e-01
2.738335477781298488e-01
2.739185597856709231e-01
2.739697145944146595e-01
2.739905312319432240e-01
2.743815728498241180e-01
2.744896046326267269e-01
2.746906176102760777e-01
2.747932839773128966e-01
2.748421484385685787e-01
2.750944085997615862e-01
2.751111000786566341e-01
2.753923738585040693e-01
2.754906472683260610e-01
2.756673307057148081e-01
2.758655235167975506e-01
2.758934943745545154e-01
2.760441925739444136e-01
2.762081247430565045e-01
2.762660924501418314e-01
2.764303645768173556e-01
2.764497414851655455e-01
2.765213119771016137e-01
2.767477124287557877e-01
2.769496819353003403e-01
2.770241940078103093e-01
2.770615870903099243e-01
2.770826596210894666e-01
2.772392553862356723e-01
2.775227986231478261e-01
2.775614565722927529e-01
2.775621204254667962e-01
2.777586446458837899e-01
2.782458792021665350e-01
2.783395836243441890e-01
2.786977882378801064e-01
2.787234680240247564e-01
2.787766132757621973e-01
2.789984067970173731e-01
2.793091984483325740e-01
2.796209469858189078e-01
2.798821878667988039e-01
2.799260229748263273e-01
2.799285050666048269e-01
2.799919300921412391e-01
2.803877043606355923e-01
2.804135582912085645e-01
2.804459471342439225e-01
2.805643403616308040e-01
2.806124242898671572e-01
2.808766464650545025e-01
2.810152568177413657e-01
2.810409033755701946e-01
2.811027988394095289e-01
2.813476833091034801e-01
2.814160858713463109e-01
2.817311748734638299e-01
2.817890969976984405e-01
2.820362191064438306e-01
2.820759332250701301e-01
2.821030535293502228e-01
2.822018200858561476e-01
2.822576653216564146e-01
2.824426768085945283e-01
2.825141142425118268e-01
2.825193627074440994e-01
2.826713303796690169e-01
2.826871923420036237e-01
2.826991844843677049e-01
2.827361903095823026e-01
2.827628820008115662e-01
2.832700780006669472e-01
2.834323802826723138e-01
2.835472794760138249e-01
2.836181294853152290e-01
2.836645281608909941e-01
2.837800701546823179e-01
2.838120527801186177e-01
2.838401211844571725e-01
2.840026637277897614e-01
2.846732225449027931e-01
2.847107528904502805e-01
2.847720518107293985e-01
2.847953131954631956e-01
2.850444078825673522e-01
2.852352342240691563e-01
2.852957677472260367e-01
2.854976678153819947e-01
2.859841765939338254e-01
2.864685740879572839e-01
2.866647775417166533e-01
2.866759807998222054e-01
2.867903593857776823e-01
2.868047287880757801e-01
2.870178759047552486e-01
2.870450054461007316e-01
2.870675233538255156e-01
2.870994496702363730e-01
2.871361322497426594e-01
2.885347084706808007e-01
2.886499870092990028e-01
2.892434643669151706e-01
2.895452599452686404e-01
2.901346093212842092e-01
2.901862048194932542e-01
2.903213896347540679e-01
2.903573970668926751e-01
2.905653596764398161e-01
2.907862676518053746e-01
2.908017633417384618e-01
2.911119981262042522e-01
2.912106783302835789e-01
2.919860742691252065e-01
2.919971289430914885e-01
2.920417890578859144e-01
2.926082415382639801e-01
2.930497848840007968e-01
2.930975006435488361e-01
2.931708408718437520e-01
2.932327114640450039e-01
2.933023105921868656e-01
2.933749798487512161e-01
2.934539645603427283e-01
2.934781840780729123e-01
2.935196373186786944e-01
2.936416459960007330e-01
2.937312319982786635e-01
2.937514743991690436e-01
2.937655804839268692e-01
2.937883649238586248e-01
2.939197370760679995e-01
2.940189860875632166e-01
2.940870106876925516e-01
2.942464273427472521e-01
2.942823353191660329e-01
2.943669399533746511e-01
2.946594069323857923e-01
2.947221769866083529e-01
2.950143639680124497e-01
2.951235383749055696e-01
2.955319731661923965e-01
2.956422659034449452e-01
2.958495091205416982e-01
2.959274644710699897e-01
2.962685970762454768e-01
2.963694970942973295e-01
2.964250679073645034e-01
2.964868360927494506e-01
2.967195695797298360e-01
2.970654569182214488e-01
2.971695352215326102e-01
2.974275770867187974e-01
2.976241544293350971e-01
2.976533726993170759e-01
2.978468059231342280e-01
2.981259562291390108e-01
2.986062406255651780e-01
2.986478817684577458e-01
2.986527084732397697e-01
2.991158620440338423e-01
2.991478633270632237e-01
2.994810075094401780e-01
2.999329969220397851e-01
2.999402927382943673e-01
3.001718575037808368e-01
3.004458992748184065e-01
3.005524137876952051e-01
3.012124615196846156e-01
3.016686016449190433e-01
3.016762282435100917e-01
3.016763388709366445e-01
3.018632394163543453e-01
3.020109700210290016e-01
3.020829560927270618e-01
3.022477249748154460e-01
3.022522407963822433e-01
3.022928445807069320e-01
3.025092335818209133e-01
3.030801735411962072e-01
3.032651337140711001e-01
3.033617172593071620e-01
3.036835473925499906e-01
3.038763554321268767e-01
3.042422960587665148e-01
3.043647024084095709e-01
3.045736694927533295e-01
3.047135199605669476e-01
3.047330127495284646e-01
3.048602885197820855e-01
3.048851013760939810e-01
3.050824728446768219e-01
3.051173516015597276e-01
3.051339975263847037e-01
3.052897355986205485e-01
3.053873666330109149e-01
3.054578260832332415e-01
3.054937733642591469e-01
3.055404278800584739e-01
3.056433499954894217e-01
3.058629475500319606e-01
3.059464368668276535e-01
3.061821878728601676e-01
3.063109383300685051e-01
3.064517411637306399e-01
3.064681548372942266e-01
3.068428331026245015e-01
3.068475442920759466e-01
3.071701316635433998e-01
3.071742157686904728e-01
3.073830112830356343e-01
3.073928628019385600e-01
3.075509869124283813e-01
3.078079010873012167e-01
3.078219041440375392e-01
3.082497224291350646e-01
3.083747362725840491e-01
3.085959173612036199e-01
3.086360738646952151e-01
3.086539301857185724e-01
3.087513713475821264e-01
3.089236672019463059e-01
3.090234556645975461e-01
3.091328436375057609e-01
3.092240880113957258e-01
3.092858513099513429e-01
3.095310471224463900e-01
3.097401418378473159e-01
3.098534643409238121e-01
3.101998050779865568e-01
3.104298962753548330e-01
3.106310153088887582e-01
3.106459054254953611e-01
3.108708348582736036e-01
3.112561967316602729e-01
3.112959271200758105e-01
3.115597863393552158e-01
3.115623368761270551e-01
3.117163838786748409e-01
3.121050092223371930e-01
3.122252768966043979e-01
3.124544050049560262e-01
3.126325293336256195e-01
3.128016251088139299e-01
3.129225803747621715e-01
3.130809031500065287e-01
3.135882283619133570e-01
3.138093730912877022e-01
3.139830904739057127e-01
3.144905737262801981e-01
3.145642911674719766e-01
3.147663517365212327e-01
3.152093740185769044e-01
3.152408995820755178e-01
3.152518823432925998e-01
3.152998880292430806e-01
3.157477081366755756e-01
3.160934735573973087e-01
3.161917442435518422e-01
3.162104049015018181e-01
3.164183676771700759e-01
3.164639738766901189e-01
3.167461078326956891e-01
3.170782733488387573e-01
3.171508044101805646e-01
3.172155118602987267e-01
3.173215324155656547e-01
3.175668734296770435e-01
3.181059769669224990e-01
3.181807478327101091e-01
3.186034878319308761e-01
3.187768454124727535e-01
3.191168817284305570e-01
3.191899414802907287e-01
3.194546191717911321e-01
3.197330888499207990e-01
3.198206334274767415e-01
3.202254540399827043e-01
3.203120327992319827e-01
3.203277995489681729e-01
3.204577586554458457e-01
3.209635979939993167e-01
3.212068690564032214e-01
3.214098273977582521e-01
3.215290160452878854e-01
3.217492730080243057e-01
3.218367433675641265e-01
3.219541768398158088e-01
3.221156154043487985e-01
3.222987000885051412e-01
3.222996000231746483e-01
3.223698429311548930e-01
3.224128819134012836e-01
3.229536362282811601e-01
3.232434290380177266e-01
3.235681139498045589e-01
3.239814094043359516e-01
3.243369597865873311e-01
3.243739574657269475e-01
3.243860114058661481e-01
3.244528425258640936e-01
3.248396393474563548e-01
3.249996369952783959e-01
3.254344677928333596e-01
3.254878339236382812e-01
3.255463734803473175e-01
3.255681717323211655e-01
3.255778351689210814e-01
3.256560369898053864e-01
3.256882325175996518e-01
3.257058383477007824e-01
3.260868193882152655e-01
3.262052344560213979e-01
3.262473748608704094e-01
3.262620541053357082e-01
3.266589757371732849e-01
3.268394429363589704e-01
3.268891264174939582e-01
3.269078100143524845e-01
3.269436439095574354e-01
3.270216674241687715e-01
3.270860940331024591e-01
3.271741814938956550e-01
3.272678995781088118e-01
3.272685121217003279e-01
3.273657868666989268e-01
3.274352548106533867e-01
3.274895910452215175e-01
3.274932429654203725e-01
3.275263941312431815e-01
3.275576002899338035e-01
3.275698254695718070e-01
3.276296476214666797e-01
3.277228859261788751e-01
3.277340452206150556e-01
3.277351467314118527e-01
3.281015640013738022e-01
3.288085812742013170e-01
3.289335571911445322e-01
3.290348673782127475e-01
3.304308320306442726e-01
3.304331313861780806e-01
3.312358736422672534e-01
3.313764587033667386e-01
3.315300008800317055e-01
3.325981148840403967e-01
3.329333232219917615e-01
3.330515513258813232e-01
3.334545082051662002e-01
3.339650497637133286e-01
3.343759426267526313e-01
3.349260120814123165e-01
3.350660177003705886e-01
3.353813639179367145e-01
3.353948575283114408e-01
3.354164779969534549e-01
3.358549206015987165e-01
3.366536946058213964e-01
3.369766763213827288e-01
3.374514783172875010e-01
3.375737032791883419e-01
3.384630747256185956e-01
3.384915812844924154e-01
3.387333206415931719e-01
3.388708572633726823e-01
3.391425882526955538e-01
3.394429123761835698e-01
3.394621389084321872e-01
3.396220822975132281e-01
3.400057801330422791e-01
3.401128075229336023e-01
3.402182376428698474e-01
3.403047300567559885e-01
3.407950462009577408e-01
3.410813705587287803e-01
3.411258107003860007e-01
3.415068181394734226e-01
3.415319531931250707e-01
3.416672603468031144e-01
3.416711816881320418e-01
3.419424228694266099e-01
3.427289064903588645e-01
3.435370039142302545e-01
3.435770197071904564e-01
3.441157377823655383e-01
3.442489964094829213e-01
3.443081841362096718e-01
3.449091886374212601e-01
3.450145309859873333e-01
3.452020295127986582e-01
3.452339675308844225e-01
3.455624186368940753e-01
3.456301412833183151e-01
3.456775720310666378e-01
3.457926664336273825e-01
3.458782025588962861e-01
3.459530902382878526e-01
3.460493484652489293e-01
3.461080638548190702e-01
3.463510815590558622e-01
3.468644670312833189e-01
3.469830202663436447e-01
3.472272027152843443e-01
3.478183247644868192e-01
3.478429116875969007e-01
3.478986335454283818e-01
3.481369362699816006e-01
3.483112808285500073e-01
3.489109974614815202e-01
3.492476092814720823e-01
3.496981673546954439e-01
3.503414597404722608e-01
3.507000592147858087e-01
3.511356328369677482e-01
3.513683215031989104e-01
3.517049603289565951e-01
3.517113320874101778e-01
3.520062036926086546e-01
3.522053527030227227e-01
3.523836424193820815e-01
3.523892865649442263e-01
3.524505431213867945e-01
3.525655957000641827e-01
3.527550837146533058e-01
3.528402040812672058e-01
3.530577794646530543e-01
3.531108005066176392e-01
3.535903792215713271e-01
3.538539684203872437e-01
3.540929217929317807e-01
3.544790560914509170e-01
3.545077575200508702e-01
3.545117477659333605e-01
3.553808915423775638e-01
3.556999098572873885e-01
3.557210432083403040e-01
3.557472786169446621e-01
3.559082186058622477e-01
3.560839632359165119e-01
3.561672303308547893e-01
3.564365500833541756e-01
3.565355821763082078e-01
3.566062767934335964e-01
3.569951992878225844e-01
3.570323691561049229e-01
3.576368483728237790e-01
3.576526589695560587e-01
3.582888778508247496e-01
3.592499570490663152e-01
3.595388196514481272e-01
3.598368012880591160e-01
3.598369689875353661e-01
3.598809233525343543e-01
3.599300768991203769e-01
3.600297457899981901e-01
3.601113951199003682e-01
3.601381701924296075e-01
3.604059136742551739e-01
3.604340738371488717e-01
3.605761559811047623e-01
3.607556525228164390e-01
3.608902259636579957e-01
3.609263747004062828e-01
3.610470819886575367e-01
3.611657297988121185e-01
3.611701064398492034e-01
3.614020146779340914e-01
3.615979375844604049e-01
3.618213179523255274e-01
3.619321233098861668e-01
3.621181491382002293e-01
3.621898933175389801e-01
3.627142894082879265e-01
3.629288637826447728e-01
3.632106797085197236e-01
3.634522804986739519e-01
3.642739891096006266e-01
3.645969835769342082e-01
3.650422653583270116e-01
3.656722021995926775e-01
3.657060943600408676e-01
3.662835744768015989e-01
3.664907365703086173e-01
3.673615110543528295e-01
3.674016949762062278e-01
3.676710158862510069e-01
3.677372492663372738e-01
3.678368642210147477e-01
3.679015549398978457e-01
3.682503356142668438e-01
3.685052505466427375e-01
3.685949527840167161e-01
3.686095774817079174e-01
3.702430196412024310e-01
3.702671371082554286e-01
3.709551605404939334e-01
3.712671595943615177e-01
3.715536070083295117e-01
3.717239721747904180e-01
3.718355701748327635e-01
3.718677955036810978e-01
3.719084876955734420e-01
3.720196842345209198e-01
3.720827823387235500e-01
3.721923185320455407e-01
3.722244660424013363e-01
3.726820449615748099e-01
3.726967745020838274e-01
3.727747815811126020e-01
3.728738949166100491e-01
3.728946265201563692e-01
3.732664950072577259e-01
3.734207747180474102e-01
3.739442704205995782e-01
3.740130708968345541e-01
3.741096987116742101e-01
3.745649370108777299e-01
3.745801963448592287e-01
3.748403295340893560e-01
3.751602947252555831e-01
3.751737061053680988e-01
3.755909024708073973e-01
3.758070326438595621e-01
3.758545225100976550e-01
3.760404546363849687e-01
3.760914018634012312e-01
3.761205760810000798e-01
3.761576140056044348e-01
3.762960357253350985e-01
3.763735289942954920e-01
3.764206502625199735e-01
3.764883174077092165e-01
3.765098572302303381e-01
3.765860608148768884e-01
3.767230527581071353e-01
3.774991373917110926e-01
3.777325566870300966e-01
3.778207712747244651e-01
3.778496081130485740e-01
3.779143359916822820e-01
3.779423478519128854e-01
3.780987961514473694e-01
3.782917599254173591e-01
3.784763617984983619e-01
3.787315572077101788e-01
3.788306269448309394e-01
3.790456010454882341e-01
3.791726886564064647e-01
3.792642217259570292e-01
3.794445937607951458e-01
3.795492309782457219e-01
3.803590721623448800e-01
3.807926610309215754e-01
3.820783776015303501e-01
3.821486546134054696e-01
3.822101805574056321e-01
3.824403109709130222e-01
3.827867044730583479e-01
3.829140666499619150e-01
3.849969815635759796e-01
3.851507085563118937e-01
3.867331183152333818e-01
3.877879220894341339e-01
3.880973365006343823e-01
3.882777749090992603e-01
3.885867736483779589e-01
3.886307873918065092e-01
3.889007577269462668e-01
3.889374759294018102e-01
3.893474653745281899e-01
3.894006107184056487e-01
3.907349380424380292e-01
3.909439174060992395e-01
3.909769828141763104e-01
3.911690756737065677e-01
3.912260685891917333e-01
3.916602882910160122e-01
3.919158964245845200e-01
3.919269465250567186e-01
3.920613145503569208e-01
3.922820840278826160e-01
3.923118894772716914e-01
3.923276412226001653e-01
3.924065382042632444e-01
3.924888823061227217e-01
3.926346672296225360e-01
3.926446538638396211e-01
3.939279597283959489e-01
3.940013168288094003e-01
3.940609522099262629e-01
3.943346552701953445e-01
3.976992464617269962e-01
3.977230265835420275e-01
3.999932152144595743e-01
4.000323974205814981e-01
4.002102960514756225e-01
4.002520321189171892e-01
4.009157402707380635e-01
4.009274935958264119e-01
4.013450831823252574e-01
4.019203175237219816e-01
4.035610746829034201e-01
4.042870536032694417e-01
4.054431221182550615e-01
4.055118344003607600e-01
4.063040620848759610e-01
4.067215331793092581e-01
4.067992272895901151e-01
4.069288715275721224e-01
4.074855750475248062e-01
4.081676685170720353e-01
4.084050571151895404e-01
4.084567270776416348e-01
4.084826039917673346e-01
4.084840614706945483e-01
4.086106902869915403e-01
4.086240129385181330e-01
4.094073693634418531e-01
4.094311525970523169e-01
4.094499460887306985e-01
4.095205771396060457e-01
4.095765477508693242e-01
4.097337590021230547e-01
4.097573969914855008e-01
4.099167543140455061e-01
4.100193068622106085e-01
4.100779793608437807e-01
4.101348301468154545e-01
4.102198378640906085e-01
4.102440242695842287e-01
4.104172259475346585e-01
4.105349706022773382e-01
4.108665323368377309e-01
4.109602788594136080e-01
4.110475865824128605e-01
4.112421206538674490e-01
4.112598461647655190e-01
4.115292976631525490e-01
4.119481578982817638e-01
4.119864892758325348e-01
4.122359454083044383e-01
4.127065298512211933e-01
4.127252045370558009e-01
4.129305720032960259e-01
4.130801878653966308e-01
4.132507296799986518e-01
4.132865014395453729e-01
4.157689162674608752e-01
4.159177052859582280e-01
4.166347207773918870e-01
4.167925420992321661e-01
4.178281936883297965e-01
4.180451288148449573e-01
4.182421047801408998e-01
4.187904919532773884e-01
4.194457328962891696e-01
4.207487961618480710e-01
4.207561394034858848e-01
4.207960252261767065e-01
4.209428165078222261e-01
4.209991559402649908e-01
4.214647963115438767e-01
4.216108805271390758e-01
4.217401417824609422e-01
4.217743691639871395e-01
4.218515404665082458e-01
4.223837666956102299e-01
4.255614516618380638e-01
4.255627601700675000e-01
4.270000190639056670e-01
4.273057712398203312e-01
4.273414924567060513e-01
4.274290175579048556e-01
4.278596927199754818e-01
4.284220025223806072e-01
4.284243418063038433e-01
4.284950506622222099e-01
4.286015725887053485e-01
4.289196052109136015e-01
4.292983819251907640e-01
4.293451881966610650e-01
4.294630788399892429e-01
4.299563907939096818e-01
4.299947859672367256e-01
4.301904052155055558e-01
4.301948706644635467e-01
4.302584800213746230e-01
4.304337674164459560e-01
4.306491025987946308e-01
4.312238758874854527e-01
4.313847501138017848e-01
4.316594827701709658e-01
4.320175608855529870e-01
4.321636999339371066e-01
4.322958747998912887e-01
4.323835047729092107e-01
4.329035912925998097e-01
4.329298341473097889e-01
4.331436155322873627e-01
4.335174180989724846e-01
4.340181694201555307e-01
4.340790039353752405e-01
4.350076518870824027e-01
4.350395593607799261e-01
4.364115367720984850e-01
4.372506140443132017e-01
4.380592682280303740e-01
4.385077248185291210e-01
4.388538468428350159e-01
4.392835046651742958e-01
4.399309851580916475e-01
4.401666437151797728e-01
4.403726265126792216e-01
4.404253513423276312e-01
4.406282778992002824e-01
4.409572576657472820e-01
4.412861141243563101e-01
4.413057349296646281e-01
4.413228378925910245e-01
4.416254967345383253e-01
4.418325110418122037e-01
4.420187986548713699e-01
4.421411299550177532e-01
4.424503234419215336e-01
4.424611295548728784e-01
4.428304408473824338e-01
4.430862656796218380e-01
4.431615017320453820e-01
4.434548777850351176e-01
4.439213795946445607e-01
4.440945341855928041e-01
4.459992470768747164e-01
4.460223096901902440e-01
4.468829987595098197e-01
4.469517104320176459e-01
4.470364305470423405e-01
4.476795970418126491e-01
4.476890189532635178e-01
4.479947299486743972e-01
4.481090064881915191e-01
4.481699553451194418e-01
4.482925315350719253e-01
4.483042305201033195e-01
4.483932500545064204e-01
4.484272860536605565e-01
4.490262722531643269e-01
4.490336166560338627e-01
4.490471509116547022e-01
4.490684604315252071e-01
4.490732390059506973e-01
4.490940581529279108e-01
4.493548214632368532e-01
4.493750003572672402e-01
4.495138672530711865e-01
4.495202696347506133e-01
4.497559374386073117e-01
4.498756643288915336e-01
4.506258839725784671e-01
4.507034046848498732e-01
4.510662993718458913e-01
4.523658403545959272e-01
4.548229357315167753e-01
4.548980734366239731e-01
4.556453233600215036e-01
4.557253582996020347e-01
4.561218219509668992e-01
4.561859880806087286e-01
4.562417486002002254e-01
4.569313576846543712e-01
4.569764010309631530e-01
4.571025674338753397e-01
4.572770870155783429e-01
4.574507037665999643e-01
4.579928046745511128e-01
4.583089744327371595e-01
4.584408754063844516e-01
4.589406923498721147e-01
4.604104554912196168e-01
4.604342347611300457e-01
4.626737915261298073e-01
4.630840840158388927e-01
4.634052849921754258e-01
4.642603621609562858e-01
4.647402086492449791e-01
4.647808221746196899e-01
4.649931698998106544e-01
4.652178447873098754e-01
4.652618820684012446e-01
4.653524385942389152e-01
4.655258677225391217e-01
4.657256339310553717e-01
4.658238078925261427e-01
4.658903844588043186e-01
4.659755072503412587e-01
4.663558075335421660e-01
4.664643384937864901e-01
4.666048668541624700e-01
4.666468054969317714e-01
4.666726067960116353e-01
4.667348596774880676e-01
4.668340443524258143e-01
4.668763536386302815e-01
4.670101984295939590e-01
4.672406961741307763e-01
4.686226862119945991e-01
4.686331534129372645e-01
4.691675559756450231e-01
4.695562349226876098e-01
4.696797970001176381e-01
4.699025629223707035e-01
4.701610212313777071e-01
4.711387031678847537e-01
4.716005710435917653e-01
4.741598505020428456e-01
4.743804804173409329e-01
4.747491488273281601e-01
4.751218494447628782e-01
4.752624387763698111e-01
4.756485099274695427e-01
4.758742478470273651e-01
4.764338406453697550e-01
4.767724723282479316e-01
4.769068430902942968e-01
4.775183981700062419e-01
4.776591600028363693e-01
4.779175355315564144e-01
4.783362285414803350e-01
4.783701636034737859e-01
4.797690904356168295e-01
4.798541119418078260e-01
4.799881630258167609e-01
4.801700873718407481e-01
4.803421913986738456e-01
4.806579269577283542e-01
4.811660052040093727e-01
4.812047622049576701e-01
4.812961338274623913e-01
4.813285084379593792e-01
4.815518851906648856e-01
4.816216119490936975e-01
4.818185876481679286e-01
4.831024459082886024e-01
4.831429875506994542e-01
4.832643554515916873e-01
4.833646006596417632e-01
4.833758662190474342e-01
4.835129347974586045e-01
4.835770722781879138e-01
4.837694239536819429e-01
4.838062121624579492e-01
4.839770734260281371e-01
4.841793319594629996e-01
4.846537676944159823e-01
4.852024578005773581e-01
4.856830656368657517e-01
4.857517599315713253e-01
4.859504873773444200e-01
4.860148858183898080e-01
4.860413153116260876e-01
4.864510231164970167e-01
4.866572196393532113e-01
4.867533727096067797e-01
4.868197256753418745e-01
4.876680689063022101e-01
4.882009965054489586e-01
4.884384311070326667e-01
4.886259365502689245e-01
4.886951092871825719e-01
4.889047963077126080e-01
4.894274677668193352e-01
4.896472169546413622e-01
4.899408657734712347e-01
4.900449541110908913e-01
4.900905232234549769e-01
4.903541208998909995e-01
4.904334344490913211e-01
4.906370092299645602e-01
4.906958966275027922e-01
4.911071140491038434e-01
4.913730731880735503e-01
4.915621483200245945e-01
4.915916395011137863e-01
4.916283604635419691e-01
4.917966576671355949e-01
4.919371726855116811e-01
4.922286994117962000e-01
4.926338038272088937e-01
4.926667558131424540e-01
4.926761547758475301e-01
4.927201240872170485e-01
4.927402739457258929e-01
4.930632131927030204e-01
4.931213481648999419e-01
4.935868434205792354e-01
4.936649280850514132e-01
4.972089502833640373e-01
4.986934362032479084e-01
4.987530329674074725e-01
4.988457202081450492e-01
4.991666276915003864e-01
4.991980987050141927e-01
4.992331558794522173e-01
4.995083397896140642e-01
4.997908475482763513e-01
5.013164919241605011e-01
5.013508430498596624e-01
5.015453704073955521e-01
5.017592316636629857e-01
5.018290527172408755e-01
5.018978700023736250e-01
5.019559750426586531e-01
5.019875522101200360e-01
5.020700055194277089e-01
5.021338459909761021e-01
5.021432135771842775e-01
5.022281387686510223e-01
5.024895098712736097e-01
5.027155761446882032e-01
5.027867906272617260e-01
5.028027641044855445e-01
5.028784018996877991e-01
5.029251990126908378e-01
5.047710504206922577e-01
5.050203577808026756e-01
5.050917110818485822e-01
5.052163017231027231e-01
5.053999390397151403e-01
5.054447108678312706e-01
5.054515016918440518e-01
5.054613734830443184e-01
5.062441777094603967e-01
5.062839065988281595e-01
5.064210593277456152e-01
5.068489530306781177e-01
5.069026812730574871e-01
5.091716324309792929e-01
5.093381386782203091e-01
5.093750415533653264e-01
5.094458830891035461e-01
5.099672249744431340e-01
5.102585345373983339e-01
5.111654174226442082e-01
5.116074746563534781e-01
5.116624486214674805e-01
5.120288323497890204e-01
5.129733788000849781e-01
5.134532637981759073e-01
5.139018261883613325e-01
5.141195046018656178e-01
5.144997703543162659e-01
5.145849589084939835e-01
5.146420213602560523e-01
5.146453886068240724e-01
5.146949797419714256e-01
5.147986353498608114e-01
5.149271821033242214e-01
5.149350342022747107e-01
5.150962077277103646e-01
5.151175000835416240e-01
5.152396746413964168e-01
5.152937538342614587e-01
5.154585915359505277e-01
5.157806737354083682e-01
5.160842050430279881e-01
5.161803074907252986e-01
5.162211809962902187e-01
5.162742843694566597e-01
5.164216014783593600e-01
5.164458101947241309e-01
5.166175944293788236e-01
5.166274111746758102e-01
5.166720608707073836e-01
5.174638729474067000e-01
5.174655919865804865e-01
5.179420656818796154e-01
5.189784828734830269e-01
5.190228183260620076e-01
5.214773572492604758e-01
5.216298511219759071e-01
5.219551957587961200e-01
5.221702532624518112e-01
5.225268352800174210e-01
5.225509163378400102e-01
5.226233584329096349e-01
5.226449924263336655e-01
5.241977832626310008e-01
5.242003301529396531e-01
5.242607965350799537e-01
5.243013591046713495e-01
5.246176685160807152e-01
5.246902088748612858e-01
5.248893880309435378e-01
5.251308600462193388e-01
5.251835004736136181e-01
5.255135329019796631e-01
5.256013467694611307e-01
5.256560848234873573e-01
5.257579424567697668e-01
5.259282380210359431e-01
5.260492423106247761e-01
5.261897465607300317e-01
5.263200612846394844e-01
5.269037137786244385e-01
5.270698174617063358e-01
5.277653358627460989e-01
5.277952991707028918e-01
5.280712901264825732e-01
5.282711300663142096e-01
5.291482910258821226e-01
5.296916972366527698e-01
5.299703567096999413e-01
5.301684226303068348e-01
5.303580606038671430e-01
5.307811939245424826e-01
5.307849857293147622e-01
5.309164636259388059e-01
5.310098701489195383e-01
5.315110080747589283e-01
5.316270052608687013e-01
5.322624014904879797e-01
5.322719869690514249e-01
5.324291185325021880e-01
5.324466930769079509e-01
5.328909153131081711e-01
5.329000903698656311e-01
5.341096486818202038e-01
5.343676468576370464e-01
5.347254531801729494e-01
5.349609269768438313e-01
5.353665765069087756e-01
5.358000967975008466e-01
5.362262397979689066e-01
5.362441310769117120e-01
5.363992059377210575e-01
5.364273873465147391e-01
5.365515138631790082e-01
5.366420628971477758e-01
5.367073632125062277e-01
5.367271918927797314e-01
5.368369821344138870e-01
5.371752089314394407e-01
5.372236081607990599e-01
5.373010396758415297e-01
5.373782834260738550e-01
5.377718215687967707e-01
5.378879371572641288e-01
5.381916563851979474e-01
5.383640884992324516e-01
5.384871003428198799e-01
5.387290342995950665e-01
5.387674841240392976e-01
5.390221622705513305e-01
5.391630927573672905e-01
5.394167270328286135e-01
5.395674120626726689e-01
5.396465946776622946e-01
5.396993805500506225e-01
5.401391299323197170e-01
5.402846521749860020e-01
5.403994989283015249e-01
5.405813700663912869e-01
5.406710275167856405e-01
5.409163267099221795e-01
5.415110155403307646e-01
5.418604177225505580e-01
5.419833532043407676e-01
5.420375663670867761e-01
5.420580082723976956e-01
5.420627812572481607e-01
5.421180923183790412e-01
5.430703066146729263e-01
5.430987167259740955e-01
5.435117982784900548e-01
5.435446960111638415e-01
5.436836297509622939e-01
5.444189433576319681e-01
5.444327349864237497e-01
5.450091732225835761e-01
5.450478904927930079e-01
5.459848965790744524e-01
5.459913069574493516e-01
5.470809815070496462e-01
5.478197160301034874e-01
5.479110829647831915e-01
5.479130172454246273e-01
5.486168565539565334e-01
5.486317033559561240e-01
5.486685292525189661e-01
5.487460214321439045e-01
5.489880794111096085e-01
5.499265247314470972e-01
5.501473332354981371e-01
5.502288879635734986e-01
5.502323269138565953e-01
5.503745792138380333e-01
5.504690036842704304e-01
5.506201614997675575e-01
5.506547855161220140e-01
5.507893042776429438e-01
5.509062322481421692e-01
5.509318428841373239e-01
5.513460381413282096e-01
5.524165427685862051e-01
5.524326649959027113e-01
5.538042482352987239e-01
5.538277638760576993e-01
5.540388899330489503e-01
5.549311527239121355e-01
5.551216286289477608e-01
5.554606223732356796e-01
5.559294065906140725e-01
5.562574792091815601e-01
5.562766564598963237e-01
5.564735476170259432e-01
5.566096931366758538e-01
5.566481274472321328e-01
5.570224612046714707e-01
5.571493735378514334e-01
5.578109238264704617e-01
5.578494715400512671e-01
5.582781135689298679e-01
5.584470973860362619e-01
5.593234914440564642e-01
5.594611854234601278e-01
5.603964127571048337e-01
5.604233950872288261e-01
5.605585501089763723e-01
5.605907079272783866e-01
5.613324227673117672e-01
5.613508275713890994e-01
5.618384334939476865e-01
5.624190359411349593e-01
5.625349692063048579e-01
5.629868399132978984e-01
5.632376688726061786e-01
5.632998598260756662e-01
5.634613002303858753e-01
5.636676534525306703e-01
5.639697274589589027e-01
5.641925008771214722e-01
5.648991759452509642e-01
5.656511267891294326e-01
5.656556364928969627e-01
5.670416650414566995e-01
5.670489232555379067e-01
5.672465944223468171e-01
5.685053244877769085e-01
5.685128579731872911e-01
5.685721002309884753e-01
5.687567421049682936e-01
5.691985564887390714e-01
5.693433760783463971e-01
5.694247877468361363e-01
5.694317170853826493e-01
5.694478221423203701e-01
5.697567158960127331e-01
5.698328871508111515e-01
5.700956064856972372e-01
5.701030346529354365e-01
5.702317927732666325e-01
5.702368272122387838e-01
5.705087371037182997e-01
5.706151862252902829e-01
5.706759267151111370e-01
5.707206501164101553e-01
5.710762588725412092e-01
5.711210928356217353e-01
5.713096115568726541e-01
5.713642076586644691e-01
5.714026367606057644e-01
5.714635486519951124e-01
5.714964144710213967e-01
5.716746551509394036e-01
5.717840483059786205e-01
5.720534989494631128e-01
5.723399170080260001e-01
5.724182746003587674e-01
5.725480733795422772e-01
5.729502147635595621e-01
5.729993379356594918e-01
5.730840334959800275e-01
5.731278279603533310e-01
5.731300878703292634e-01
5.732102889369821153e-01
5.735748689554378554e-01
5.735789143912001231e-01
5.737971532070798020e-01
5.738559071712210358e-01
5.743442555384710158e-01
5.744484441814057263e-01
5.765962663011809930e-01
5.770482774719550845e-01
5.772850329503342870e-01
5.776163227565446201e-01
5.776612212804210778e-01
5.779643200504941403e-01
5.785779799301913329e-01
5.787474883699109673e-01
5.793147024323845873e-01
5.796278002199283241e-01
5.796349421662959633e-01
5.806530361545292340e-01
5.806759037807747159e-01
5.808723216302578152e-01
5.809077015840403702e-01
5.810889065434736711e-01
5.811216112146641022e-01
5.812617626588199027e-01
5.830765893457786619e-01
5.831150434522712755e-01
5.832021758284415824e-01
5.833978956471980171e-01
5.834547416917420515e-01
5.839596608003780887e-01
5.840156540505274663e-01
5.841235190919681353e-01
5.841692143941519255e-01
5.847402571304365360e-01
5.850662883071755527e-01
5.857316137075118112e-01
5.857400764150724193e-01
5.858452699444726131e-01
5.861210086672483666e-01
5.863095795438311164e-01
5.863523543980857511e-01
5.866967876606423715e-01
5.867019071079534465e-01
5.867091387863140328e-01
5.868134898596503168e-01
5.869333009904874610e-01
5.871149711882053257e-01
5.874335164240732654e-01
5.874803655347375919e-01
5.877033531943531841e-01
5.880723856361371737e-01
5.884615318943811069e-01
5.885909644777667094e-01
5.889279061964846074e-01
5.893706240300740085e-01
5.894094030380587768e-01
5.895420905426731473e-01
5.896111076206641544e-01
5.896674143256468437e-01
5.897205083327670128e-01
5.899658647623325924e-01
5.906985867461701512e-01
5.909670712189641906e-01
5.910776815097469328e-01
5.910832795625883263e-01
5.912657671597870701e-01
5.913661363591447007e-01
5.916039886048288787e-01
5.917433612369848994e-01
5.917443115254799046e-01
5.918392106392127427e-01
5.919890991248855094e-01
5.920954263352912195e-01
5.922216715746219107e-01
5.923219487901087987e-01
5.924513495020280462e-01
5.930771008687281132e-01
5.932134369156705223e-01
5.934628980469832671e-01
5.935240613363017559e-01
5.938195446931471277e-01
5.943277976473374524e-01
5.945462012902782423e-01
5.945887241014119473e-01
5.946360387353392118e-01
5.952693497993497562e-01
5.961164236301838004e-01
5.964419499282178627e-01
5.964762712504286801e-01
5.967175883334595587e-01
5.968087646646349498e-01
5.971272785774504044e-01
5.971335478678979625e-01
5.972676335512646650e-01
5.972751823087294465e-01
5.980520146337960918e-01
5.983025045612535564e-01
5.985327065354184572e-01
5.986179916041726168e-01
5.988578891823113093e-01
5.988765546347722957e-01
5.988964269714633915e-01
5.989115632487267415e-01
5.995764126206288847e-01
5.998881312409811706e-01
6.001420279614267939e-01
6.009873723852715566e-01
6.010068904639832565e-01
6.012037342612973623e-01
6.013654517437400093e-01
6.013871525216742953e-01
6.016253166852562062e-01
6.021146163228809911e-01
6.021227159249415983e-01
6.023081951312712068e-01
6.024733618815641956e-01
6.025362744280440275e-01
6.026345932837551267e-01
6.026593985489268057e-01
6.036470319082349878e-01
6.039053473080899792e-01
6.040544376913451474e-01
6.045960287878247019e-01
6.050226540903663741e-01
6.051149927831060982e-01
6.053593898994330536e-01
6.057740763849485122e-01
6.061951054172216580e-01
6.063955687087764224e-01
6.068117046816623450e-01
6.068310897735422760e-01
6.071125809776612980e-01
6.072205739462417373e-01
6.074061946419826441e-01
6.075691488500456483e-01
6.076507554110365250e-01
6.076701774562048852e-01
6.077227150062810557e-01
6.077303900517350144e-01
6.082289696012255220e-01
6.093078994070372234e-01
6.096176127892398711e-01
6.096572139452101080e-01
6.099118150174945852e-01
6.100351709731501870e-01
6.103222105149118670e-01
6.106484918268288986e-01
6.108168837314517097e-01
6.110251225969323130e-01
6.110371403582600669e-01
6.113627232497464981e-01
6.114920774901353440e-01
6.116143109732481431e-01
6.124585543174149160e-01
6.126860177708082222e-01
6.127052037967569698e-01
6.127572103805001280e-01
6.131117759092434838e-01
6.132143557501457121e-01
6.133218696446096629e-01
6.133784691585234539e-01
6.135580623092190544e-01
6.136509088610775375e-01
6.137222779869172529e-01
6.138965330367797124e-01
6.140413209537949335e-01
6.143074139339955719e-01
6.150175274500622180e-01
6.153977263346133153e-01
6.155049365502081038e-01
6.157715188249406335e-01
6.160107958098866021e-01
6.160518765543478992e-01
6.160972419874995998e-01
6.166593069657446691e-01
6.167096944154517590e-01
6.167400136354349582e-01
6.167648528163319765e-01
6.171144217199459048e-01
6.172568630329140493e-01
6.174938378479351009e-01
6.176427088480807015e-01
6.178956887649903473e-01
6.179203102122363678e-01
6.185228309509037681e-01
6.186766922618893716e-01
6.187660363715146161e-01
6.188120610420990708e-01
6.190677611073207576e-01
6.191297128686932272e-01
6.192700969869691097e-01
6.192831756911754137e-01
6.193554860132650663e-01
6.195111062638355426e-01
6.196205047002688593e-01
6.196698904436797051e-01
6.197481904012858145e-01
6.200507216961537171e-01
6.202895690863573508e-01
6.206870306894577416e-01
6.207497693532854077e-01
6.209469287305580121e-01
6.209864130927414960e-01
6.213811209577259076e-01
6.216235462181382010e-01
6.217922597611973412e-01
6.222425921097629598e-01
6.225214823040096102e-01
6.226970875199390187e-01
6.229158422302887299e-01
6.229316563411891883e-01
6.231155146169660153e-01
6.231240973107677883e-01
6.231251405487727713e-01
6.233004132037275324e-01
6.234975366605848279e-01
6.236034223045409108e-01
6.236916711705227101e-01
6.238461310540026616e-01
6.239493849075133936e-01
6.241907747178002674e-01
6.242966292237759340e-01
6.246432576050761076e-01
6.246467667811792523e-01
6.247660828882712902e-01
6.248785012437297892e-01
6.251826905896358255e-01
6.256275324850075759e-01
6.256987777734968059e-01
6.273078941034916367e-01
6.279936097804844630e-01
6.284598903275776527e-01
6.286232226501443643e-01
6.287131082464039178e-01
6.287645836865426441e-01
6.288909083151543733e-01
6.293227072361552432e-01
6.295434806424505814e-01
6.295768768448031238e-01
6.296625029380856775e-01
6.297201898625935934e-01
6.298224890943561194e-01
6.299869095932432161e-01
6.300024385847426966e-01
6.306011815680159227e-01
6.306109274732661918e-01
6.307119627564453657e-01
6.307847357109443998e-01
6.308888482230403660e-01
6.310714221656442691e-01
6.311681347038641254e-01
6.312212932686103173e-01
6.313180760173988659e-01
6.320148044254382258e-01
6.320377097810142564e-01
6.324017631678552354e-01
6.324392148850468409e-01
6.326093742918407203e-01
6.329595656252688940e-01
6.332377866630453100e-01
6.335314336933290935e-01
6.339348713843638849e-01
6.342220228434571894e-01
6.346584198573392843e-01
6.350107361561162511e-01
6.350659594087003645e-01
6.358325767892759606e-01
6.360193486134613217e-01
6.361372995677008202e-01
6.361499744224173858e-01
6.370159356333430223e-01
6.371408268292446664e-01
6.380633069241142818e-01
6.382881522221677262e-01
6.390695846117793177e-01
6.392140980580429677e-01
6.392691327035775473e-01
6.394956461169978290e-01
6.402152031256338471e-01
6.405023772100686408e-01
6.405131547228978262e-01
6.406274410178283141e-01
6.408979870010206303e-01
6.413345077052201582e-01
6.417460501676507389e-01
6.422007677230157086e-01
6.422260508827676295e-01
6.430012416958214017e-01
6.431350641009263569e-01
6.433068268935560052e-01
6.434115460120169994e-01
6.436849890162210652e-01
6.437011497003670701e-01
6.438215092764247860e-01
6.438950471902258332e-01
6.440535524966340963e-01
6.441180877471902599e-01
6.442538126767798357e-01
6.446098104953704722e-01
6.449566959915025155e-01
6.452535151842979655e-01
6.455611118332185150e-01
6.456695872096649413e-01
6.457619461814265716e-01
6.458425013450020957e-01
6.458918120866642409e-01
6.461435971413284074e-01
6.463198141071787584e-01
6.463575385447095645e-01
6.465579905687643958e-01
6.469515085044776903e-01
6.471662431043486707e-01
6.474786927091884525e-01
6.476642351537575948e-01
6.477026756610350100e-01
6.480448212215440540e-01
6.481244007430395637e-01
6.481483008357948883e-01
6.482179302518765729e-01
6.483154988612591652e-01
6.484619286568281682e-01
6.486105305693489198e-01
6.499969964298725200e-01
6.503010329970289050e-01
6.507228150441946024e-01
6.508663881192420231e-01
6.509202940573938223e-01
6.512836728667943387e-01
6.513347528743076431e-01
6.517280018818776277e-01
6.518349727389182169e-01
6.520240591888815107e-01
6.520769878355195948e-01
6.522394211143076603e-01
6.523675528449560668e-01
6.523695797487044645e-01
6.526482565626616772e-01
6.526695852135616649e-01
6.528187524725863611e-01
6.528522790046408231e-01
6.531323606932515347e-01
6.534652195222048210e-01
6.537382768298553026e-01
6.538668531049907084e-01
6.539048694635958281e-01
6.540382945941153325e-01
6.541734167673706191e-01
6.542422894842123693e-01
6.546208369054145049e-01
6.546589191376323003e-01
6.546888951395503087e-01
6.547116417004906763e-01
6.547926637682609519e-01
6.549562506421839903e-01
6.550208374289078206e-01
6.550730688166126470e-01
6.553766398507732127e-01
6.555574318115231502e-01
6.557053639512527843e-01
6.559229699637778577e-01
6.560455725393078419e-01
6.560740515356175973e-01
6.566421655501718524e-01
6.567114547115823209e-01
6.567176539090413545e-01
6.569488515215189395e-01
6.570666736125228002e-01
6.576566146147293512e-01
6.578006974399235318e-01
6.584765911641581315e-01
6.584907767199666973e-01
6.589277922521938891e-01
6.593598818073164169e-01
6.597739635681063586e-01
6.597896554559936622e-01
6.603111548834404987e-01
6.604070981906347004e-01
6.606391235840274323e-01
6.606805893114603423e-01
6.609309448623613692e-01
6.617474835682344292e-01
6.618849168128646543e-01
6.623753566233276935e-01
6.625565041762740970e-01
6.625705707490457952e-01
6.627514996154719729e-01
6.633456274838279709e-01
6.635263761297294227e-01
6.635764708190444727e-01
6.641806728673586013e-01
6.642977876234305024e-01
6.647630243277091733e-01
6.651551303380087710e-01
6.659635911150247889e-01
6.661668065358049562e-01
6.662787564600035628e-01
6.669200996798237968e-01
6.676657227277765783e-01
6.676753997428650500e-01
6.678090449427322994e-01
6.680716190077977679e-01
6.682117616325551346e-01
6.687042473787149222e-01
6.687262823343965712e-01
6.687795003730577781e-01
6.688986119473634417e-01
6.689944360589934469e-01
6.692092687066374390e-01
6.692657938389955374e-01
6.693028471466506701e-01
6.696160253579162003e-01
6.696235641728757182e-01
6.700583733242215789e-01
6.703745993059179176e-01
6.705625853817576143e-01
6.706592045148850323e-01
6.707998919003814731e-01
6.709007732885372555e-01
6.709240646345902004e-01
6.711133300228346865e-01
6.721580807423820358e-01
6.724002369856902916e-01
6.736354880975808923e-01
6.738587152143216130e-01
6.741981043317791800e-01
6.742110400025809192e-01
6.742424976305454454e-01
6.743124235945596734e-01
6.744345842379781963e-01
6.744851891601002514e-01
6.747293520790237364e-01
6.753425877866990890e-01
6.754384125330576971e-01
6.764537216678128129e-01
6.765202335971270964e-01
6.766121312191373249e-01
6.767532737307373480e-01
6.772153705246901634e-01
6.774638061589970395e-01
6.786562056836876744e-01
6.786875186063018317e-01
6.788015046338921055e-01
6.789474632447609626e-01
6.793736706890157739e-01
6.797760501355504248e-01
6.809275287141357547e-01
6.809517469412729174e-01
6.810692936501697714e-01
6.814402686967977463e-01
6.816419346011478586e-01
6.818105371516891555e-01
6.821160006409391352e-01
6.821216785820142237e-01
6.826041486383406243e-01
6.826473028407455956e-01
6.830376749923198210e-01
6.831221227259463014e-01
6.831394651695142928e-01
6.833995414003950497e-01
6.835253622544280594e-01
6.841297024943726601e-01
6.844748310086697929e-01
6.844884473312944362e-01
6.847018579974388786e-01
6.848881624913484290e-01
6.849373642477354363e-01
6.850905214543110411e-01
6.851577260947894210e-01
6.851828376550233024e-01
6.852941518007673594e-01
6.853095346340088989e-01
6.856055368639538683e-01
6.857747568708419950e-01
6.858370225676230225e-01
6.858817692424530321e-01
6.862255319814455357e-01
6.864042229146611884e-01
6.867031396941247756e-01
6.872246282124713224e-01
6.875756720685439749e-01
6.876681287150760991e-01
6.878626687506036452e-01
6.878924090846575412e-01
6.884433834910943517e-01
6.887550730884119954e-01
6.888822304666930574e-01
6.889245314637622020e-01
6.889680714080486101e-01
6.890593435800262956e-01
6.894723439523036124e-01
6.897976827003589051e-01
6.901847154243656579e-01
6.902319987948387636e-01
6.905943642534214666e-01
6.906035289158815038e-01
6.907411235586551346e-01
6.909058183490377480e-01
6.911803857286328290e-01
6.912733027747050008e-01
6.914762644786095480e-01
6.922899423726706081e-01
6.924606949243635734e-01
6.929338428592908272e-01
6.931317369130571837e-01
6.936934188582732919e-01
6.939027405644738744e-01
6.944631674681958078e-01
6.950886956969104524e-01
6.953219449296470511e-01
6.957332011833471386e-01
6.960127676462806168e-01
6.960503822143916386e-01
6.968172782922211761e-01
6.972108930816592887e-01
6.972695014659260337e-01
6.974495080913111211e-01
6.977576330443626684e-01
6.979391429835037908e-01
6.981101213851712561e-01
6.984945718662024516e-01
6.989605727595796791e-01
6.991193854113360029e-01
6.991501948639463615e-01
6.992252191148468077e-01
6.993970296640408257e-01
6.998565408261285814e-01
6.999676542502352161e-01
7.004293594614452445e-01
7.004985358122752803e-01
7.011320851118448827e-01
7.011339489487010690e-01
7.012683875291083613e-01
7.013916736391021534e-01
7.017125325457115315e-01
7.017953655200587226e-01
7.025446968328686870e-01
7.027238847307879510e-01
7.029464557602864705e-01
7.029663131098788931e-01
7.030315359615880721e-01
7.036072390460607062e-01
7.036619784532456290e-01
7.038505648501097722e-01
7.039757252622120820e-01
7.043168026591126729e-01
7.043427136559239354e-01
7.043512782710557030e-01
7.044279158674420227e-01
7.044476275554497624e-01
7.045069664697765077e-01
7.045390551366179643e-01
7.047192522727923070e-01
7.051223775930088866e-01
7.054952637518238090e-01
7.060618366267085166e-01
7.062625260308059705e-01
7.062850673984726324e-01
7.065796493583839100e-01
7.067078910779391876e-01
7.070448590264402089e-01
7.073091685409956808e-01
7.074383171333488152e-01
7.074954472509851211e-01
7.075106328765013997e-01
7.076872372499719566e-01
7.077241473344197953e-01
7.078031136642504162e-01
7.078250599430319090e-01
7.082759149074345784e-01
7.084179200196027981e-01
7.089579706793355252e-01
7.090864247942161303e-01
7.091590922484647397e-01
7.092437204612995760e-01
7.094599596527406682e-01
7.095126306158678897e-01
7.096730999373871418e-01
7.097688352544154755e-01
7.098271896889558619e-01
7.099433468041972395e-01
7.101314616607102836e-01
7.101522594460729643e-01
7.102992249724987550e-01
7.103160758121985774e-01
7.104159772268976436e-01
7.105886340271518886e-01
7.107132134001116208e-01
7.107439609685473059e-01
7.107644514129950464e-01
7.108422786626346079e-01
7.108677522682295136e-01
7.111704745149236562e-01
7.112502924161866469e-01
7.114816393982046350e-01
7.115601703206566597e-01
7.115999853499179739e-01
7.121041083803998362e-01
7.121540746811697575e-01
7.122329040645748455e-01
7.124035056005442179e-01
7.124762154718609075e-01
7.132335757293148948e-01
7.139605781763244119e-01
7.139950000905802563e-01
7.142940712760776911e-01
7.145224042532851705e-01
7.150572844813803952e-01
7.151105782570008618e-01
7.157013621425071248e-01
7.158979151379183392e-01
7.159319847854551666e-01
7.162656612368339948e-01
7.164818457681993991e-01
7.168310312451133814e-01
7.170691826528038382e-01
7.172956988845653470e-01
7.174460571687391042e-01
7.174488955926551226e-01
7.176233707169684672e-01
7.177349076610081147e-01
7.179910083937778298e-01
7.180781030206352389e-01
7.182669612824026384e-01
7.187457853184808787e-01
7.190115140740089839e-01
7.190893502865256526e-01
7.191582084061203251e-01
7.192768335765220566e-01
7.193335843299080157e-01
7.197739160077415432e-01
7.205052732270387228e-01
7.206631844948239163e-01
7.208847041171529968e-01
7.208887381858578580e-01
7.213413261347501049e-01
7.214615021594860123e-01
7.216688379608686699e-01
7.216958712254966102e-01
7.222035940135380638e-01
7.226769725174772008e-01
7.227508820593734340e-01
7.227907164386742078e-01
7.228903522888738831e-01
7.229109082160373179e-01
7.229160927377688006e-01
7.233840840350123091e-01
7.236495110726697266e-01
7.237870254554648053e-01
7.244436537651458563e-01
7.244494184589945762e-01
7.248051003135816961e-01
7.249950753607377063e-01
7.253270592604242895e-01
7.255433537076989570e-01
7.257621012735419042e-01
7.261032783939236346e-01
7.261476493861748205e-01
7.262088652045387560e-01
7.264589357786845891e-01
7.265211452153971239e-01
7.266481652451650675e-01
7.269127677772160290e-01
7.269161538050121774e-01
7.273057330058889658e-01
7.277285562976146815e-01
7.278001245245577788e-01
7.279356768201991068e-01
7.279524293241914634e-01
7.282323691229921625e-01
7.282960469113055613e-01
7.283198601291623886e-01
7.288254677246354118e-01
7.289693975768305467e-01
7.290507332904742066e-01
7.297144898064265028e-01
7.302904028105586809e-01
7.304102049175075217e-01
7.304452187646803818e-01
7.305476862241396807e-01
7.305504057302995014e-01
7.307591227395862088e-01
7.308078560968761517e-01
7.308541601475263549e-01
7.312951848690818490e-01
7.316068221345642941e-01
7.317481998674241206e-01
7.322673170014846189e-01
7.325603073932052123e-01
7.326217210431662519e-01
7.326861729675363533e-01
7.328391187893092962e-01
7.328440724833217290e-01
7.328591290557382454e-01
7.329812948359505365e-01
7.334045453220665589e-01
7.334163199837006042e-01
7.335088430336511589e-01
7.341904339371276844e-01
7.342109511942542799e-01
7.342724703746908999e-01
7.345837040846234789e-01
7.346525606408920162e-01
7.348556842956944779e-01
7.349516066670347403e-01
7.352953266443412739e-01
7.354135735315096012e-01
7.354624975697584555e-01
7.356376838035152410e-01
7.357084708756453928e-01
7.359013579960599349e-01
7.360565905769194117e-01
7.363118729402936546e-01
7.365619390085453855e-01
7.375053639704876041e-01
7.377451777216683659e-01
7.380018435762805140e-01
7.381852293231687678e-01
7.382620349592727838e-01
7.388573311329845739e-01
7.388831661077301938e-01
7.390631253529034161e-01
7.395444311014259808e-01
7.399164850529184045e-01
7.402121125930138934e-01
7.404607548465123035e-01
7.406633665777413444e-01
7.416084929335706732e-01
7.417656179911074066e-01
7.418484834394037941e-01
7.421182614728654148e-01
7.421863341091851085e-01
7.427363665976164375e-01
7.428757840931232703e-01
7.429627398213822786e-01
7.429936122898745943e-01
7.430721779493075774e-01
7.433344263877705860e-01
7.434047300435256966e-01
7.436013238414834747e-01
7.437491865973463456e-01
7.440212212063921360e-01
7.441334298603480280e-01
7.443317609917073918e-01
7.446140060298557239e-01
7.449947975164270542e-01
7.455644251818835944e-01
7.457737201994441012e-01
7.459212714244629616e-01
7.460248311720116821e-01
7.470965616963264333e-01
7.472376696916545047e-01
7.476321548106292791e-01
7.476350003106163600e-01
7.484269309786102387e-01
7.485258386179859391e-01
7.490791289252693996e-01
7.496054249434719319e-01
7.496343723725336083e-01
7.501811083930037816e-01
7.503281612078954721e-01
7.509656140078604381e-01
7.513740701479199036e-01
7.514620111562130278e-01
7.516760484692504019e-01
7.519737450471604134e-01
7.523014535231652422e-01
7.524893934927593397e-01
7.525984768824338644e-01
7.527118524100899766e-01
7.531783258690791794e-01
7.541387520572593317e-01
7.545273359054487372e-01
7.550143021128363774e-01
7.554111626140630475e-01
7.562944331093524042e-01
7.566605788227048768e-01
7.567666430732861160e-01
7.573661646175173789e-01
7.573943950903835320e-01
7.574704346781697684e-01
7.579803116875885038e-01
7.580751571262840383e-01
7.588032940739392052e-01
7.588775512201820783e-01
7.595216889132401228e-01
7.612535761626357811e-01
7.614745981448288736e-01
7.618757863597925839e-01
7.620892394027969363e-01
7.622448518912626758e-01
7.627438793750964674e-01
7.630802638183254993e-01
7.631753568452478431e-01
7.637060448332909646e-01
7.640484722041175347e-01
7.641256394881568159e-01
7.646769931114670849e-01
7.647716256085047570e-01
7.648139892604367551e-01
7.648847972153245411e-01
7.651394397666971825e-01
7.657917806194879384e-01
7.661922782307035718e-01
7.662515454943433779e-01
7.666746884828735675e-01
7.674663604452192089e-01
7.674928827063550729e-01
7.676413735364815416e-01
7.678003950338091466e-01
7.683657311787088773e-01
7.684323842316059805e-01
7.684719712079598475e-01
7.689810781137437212e-01
7.696977522656949233e-01
7.701712185497880947e-01
7.712467024470742727e-01
7.716757997462379004e-01
7.724047044283104402e-01
7.732514901556936104e-01
7.735205138290630611e-01
7.744536361032852145e-01
7.746394605041325709e-01
7.749972187656106737e-01
7.752765291373329148e-01
7.752779253042048069e-01
7.754883648558673626e-01
7.757098220644100817e-01
7.759151224653523249e-01
7.768326495293189637e-01
7.772230606634517036e-01
7.778408439348513115e-01
7.789641279707205657e-01
7.804815180761320859e-01
7.808325895474929057e-01
7.819531973861022500e-01
7.820385812825279004e-01
7.823581702365468571e-01
7.825445144307949796e-01
7.828062420631524132e-01
7.828594856697951299e-01
7.831554001788870734e-01
7.833757620098208418e-01
7.836041865849873167e-01
7.838935171294874049e-01
7.842508306346900326e-01
7.843813610057789321e-01
7.848704975665301564e-01
7.851876636120785902e-01
7.860146426745220349e-01
7.865549679707402042e-01
7.871678223990465906e-01
7.875795489123751381e-01
7.880086562411459106e-01
7.885854994739284196e-01
7.886618743350514160e-01
7.898851782033556868e-01
7.901538856324059612e-01
7.901644263325244832e-01
7.907491748618151739e-01
7.909981929565147452e-01
7.916381167033986754e-01
7.916930584329403553e-01
7.923602865334297141e-01
7.923609259567635510e-01
7.926599048985595308e-01
7.926787699334093551e-01
7.929423288534115377e-01
7.930136602040853688e-01
7.932401149212371383e-01
7.940458785589389334e-01
7.940458864312958109e-01
7.953295641954405415e-01
7.957076779796206090e-01
7.960803672051099955e-01
7.961167135774240844e-01
7.965757715513573922e-01
7.971346813148005861e-01
7.976611325789445539e-01
7.983312251207390631e-01
7.986677240362745067e-01
7.988389453139550511e-01
7.990265252499001436e-01
7.991480249168958494e-01
7.995772952112846221e-01
8.000240033545424900e-01
8.001776237671455183e-01
8.001971490575499057e-01
8.011412185435706768e-01
8.014453746948085877e-01
8.026373349185748074e-01
8.034419679113791180e-01
8.041165775221611467e-01
8.048596399697350856e-01
8.051564785724782958e-01
8.053587678028887309e-01
8.054621884846698832e-01
8.087900801251034499e-01
8.095301872673202892e-01
8.101248265944821503e-01
8.102486760967598789e-01
8.125555965959052607e-01
8.127655189145909231e-01
8.130032238348275930e-01
8.140763398624495384e-01
8.160460382270774415e-01
8.169045096589772070e-01
8.172465548856340245e-01
8.174022327564873791e-01
8.188169731836978382e-01
8.208915016047936275e-01
8.210412413947257848e-01
8.211839434830282558e-01
8.215272693511231905e-01
8.217473210086769786e-01
8.230231522703478353e-01
8.232556019496540811e-01
8.233904984057127674e-01
8.236537440440034885e-01
8.237202820273055170e-01
8.238951460009324990e-01
8.240265411215786928e-01
8.247961373272296726e-01
8.252719583341039389e-01
8.253132289095302943e-01
8.254630973722091314e-01
8.261220456535882661e-01
8.262111456987862868e-01
8.262409703750142054e-01
8.272831933345201616e-01
8.277251207568820934e-01
8.278552146227262654e-01
8.288735793209512925e-01
8.295683319789344257e-01
8.304393142146757611e-01
8.304921841463192012e-01
8.329002799786362488e-01
8.335987140667709960e-01
8.350059448795701389e-01
8.355670265710685163e-01
8.356653173489280162e-01
8.364845688723077100e-01
8.364987156735607110e-01
8.389075055500182510e-01
8.403255796213477957e-01
8.411647298797917394e-01
8.415216390926528733e-01
8.424128264409114220e-01
8.432748844995902049e-01
8.442351702761748955e-01
8.443957425993188215e-01
8.448685882270304814e-01
8.459083840533309084e-01
8.463694219534415586e-01
8.465012768971239554e-01
8.470127463526151423e-01
8.476592294528797478e-01
8.483001470223427987e-01
8.502539330361357228e-01
8.514018705488404226e-01
8.517837343259604399e-01
8.517887833062146585e-01
8.528389797096789238e-01
8.534251572161738464e-01
8.534992670696603945e-01
8.542541436191705140e-01
8.544301049547616822e-01
8.554014029835680377e-01
8.557056937400688845e-01
8.559972767002996807e-01
8.562924009489780719e-01
8.570265273000247097e-01
8.576321445302741431e-01
8.584138904510757451e-01
8.588106754902329332e-01
8.589775462881626966e-01
8.602276224386564696e-01
8.603814249260558489e-01
8.611227014231286336e-01
8.620580828115353977e-01
8.623258278900757245e-01
8.625904887895514683e-01
8.630663954339921062e-01
8.633204860482742715e-01
8.647788027550431522e-01
8.660399573730245271e-01
8.664516366546074488e-01
8.677216064113720817e-01
8.694283534957688575e-01
8.703198812759246339e-01
8.719319923812869355e-01
8.728114276403763361e-01
8.730073469670330821e-01
8.731149872906193155e-01
8.734477290852658005e-01
8.745278100835087720e-01
8.746731631375621596e-01
8.748765614507935107e-01
8.748944881943357954e-01
8.755911705406803636e-01
8.759745695162767243e-01
8.775790791490711840e-01
8.777126922047665536e-01
8.778069225826680144e-01
8.782825134352226781e-01
8.792984306722541055e-01
8.801880440538089045e-01
8.807618770753736781e-01
8.809355913913067271e-01
8.849612001987876564e-01
8.877241571984384461e-01
8.914474058410203350e-01
8.915230402295204470e-01
8.918537681985723165e-01
8.934042625538026750e-01
8.935334698564330047e-01
8.945320600114161635e-01
8.971697555884340369e-01
8.983530914266325551e-01
9.000093982292962647e-01
9.000415458532701196e-01
9.005337548813098225e-01
9.011833558187201110e-01
9.030662130748866590e-01
9.034497742456821801e-01
9.041356558439969104e-01
9.049359407486461393e-01
9.057429384608841616e-01
9.067153825886111740e-01
9.077703038157086679e-01
9.082879220298665235e-01
9.106088946947342722e-01
9.111246100848396923e-01
9.123181958748333154e-01
9.137433983105639479e-01
9.144353921364469784e-01
9.147623139299363437e-01
9.158379369480974530e-01
9.164649616494895401e-01
9.181706170243741916e-01
9.185966526743891691e-01
9.186873922827393235e-01
9.309977378733422793e-01
9.310471690447774673e-01
9.325483364700180022e-01
9.326825088574324241e-01
9.344786706552724587e-01
9.353407094435053359e-01
9.355845540716265507e-01
9.373837446778343629e-01
9.397049131397914312e-01
9.424727546548302692e-01
9.440763553484661230e-01
9.464746059300873648e-01
9.499139491422217141e-01
9.539921392071782913e-01
9.589733431417326592e-01
9.630286274932265966e-01
9.636855364087920650e-01
9.662193752461243346e-01
9.714635244937016578e-01
9.757181264002435794e-01
9.762354786039005861e-01
9.786038731240143118e-01
9.864708138824063166e-01
9.877961091686664474e-01
9.909507752192452390e-01
9.950614042471351839e-01
9.977069051932068167e-01
1.000000000000000000e+00
