# SF-29 N2 candidate (i) i0 field=lester2021 eps=0.25 N=12: sorted relative singular values of the dense central-FD Jacobian at the final_iterate state (rows F_i=-q(L_i-S_i); smax=1.576089e+03)
1.037820e-06
1.067379e-06
2.678732e-06
5.420785e-06
6.380171e-06
7.220158e-06
7.655703e-06
8.468018e-06
1.083281e-05
1.161799e-05
1.733067e-05
1.946824e-05
2.009781e-05
2.293342e-05
2.575242e-05
2.815878e-05
3.357308e-05
3.567636e-05
3.776121e-05
4.114429e-05
4.335449e-05
5.042997e-05
6.156583e-05
6.235671e-05
6.413624e-05
8.296206e-05
8.787094e-05
9.817590e-05
9.945966e-05
1.296703e-04
1.332311e-04
1.414336e-04
1.560914e-04
1.861873e-04
2.153768e-04
2.600171e-04
3.458435e-04
3.469004e-04
4.276307e-04
4.608794e-04
4.704894e-04
4.843441e-04
6.241591e-04
7.086524e-04
7.640281e-04
8.002132e-04
8.178919e-04
9.098638e-04
1.016401e-03
1.019668e-03
1.027016e-03
1.028264e-03
1.143290e-03
1.168319e-03
1.232063e-03
1.285507e-03
1.400447e-03
1.401402e-03
1.406001e-03
1.505943e-03
1.556525e-03
1.569846e-03
1.570771e-03
1.609721e-03
1.621882e-03
1.760454e-03
1.774915e-03
1.814028e-03
1.906305e-03
1.958623e-03
2.730604e-03
2.801878e-03
3.931694e-03
3.963379e-03
4.747146e-03
4.794578e-03
4.944141e-03
4.966616e-03
5.007122e-03
5.027056e-03
5.273000e-03
5.501924e-03
5.522571e-03
5.582132e-03
8.691195e-03
8.806976e-03
8.883609e-03
8.908544e-03
8.915697e-03
8.930483e-03
8.961868e-03
8.982970e-03
9.004595e-03
9.019204e-03
9.038802e-03
9.063704e-03
9.068733e-03
9.093087e-03
9.100752e-03
9.140837e-03
9.145968e-03
9.182422e-03
9.216734e-03
9.231479e-03
9.290207e-03
9.302632e-03
9.359941e-03
9.370023e-03
9.600845e-03
9.651328e-03
9.887951e-03
9.891544e-03
1.015879e-02
1.019765e-02
1.031208e-02
1.035535e-02
1.089041e-02
1.099570e-02
1.151002e-02
1.156904e-02
1.319041e-02
1.387275e-02
1.394779e-02
1.399846e-02
1.403657e-02
1.403727e-02
1.408771e-02
1.410332e-02
1.420342e-02
1.437995e-02
1.544325e-02
1.550643e-02
1.552006e-02
1.557325e-02
1.602185e-02
1.661247e-02
1.670946e-02
1.671338e-02
1.689571e-02
1.690085e-02
1.695261e-02
1.696859e-02
1.778960e-02
1.788438e-02
1.825973e-02
1.853680e-02
1.855892e-02
1.865225e-02
1.972078e-02
1.972830e-02
1.975854e-02
1.979142e-02
1.982288e-02
1.986073e-02
1.994291e-02
1.995463e-02
2.242175e-02
2.259841e-02
2.447978e-02
2.462377e-02
2.473827e-02
2.476459e-02
2.522244e-02
2.538992e-02
2.547986e-02
2.552341e-02
2.556388e-02
2.565807e-02
2.572582e-02
2.575369e-02
2.579266e-02
2.580138e-02
2.733577e-02
2.811955e-02
2.816059e-02
2.835841e-02
2.839453e-02
2.841262e-02
2.842621e-02
2.849117e-02
2.855641e-02
2.864908e-02
2.869417e-02
2.871688e-02
2.879763e-02
2.882802e-02
2.887516e-02
2.892579e-02
2.899171e-02
2.908911e-02
2.909104e-02
2.909407e-02
2.914063e-02
2.921710e-02
2.923208e-02
2.928585e-02
2.945246e-02
2.960260e-02
2.960380e-02
2.973092e-02
2.985430e-02
2.996704e-02
3.005251e-02
3.018550e-02
3.027345e-02
3.033241e-02
3.049139e-02
3.055138e-02
3.071477e-02
3.096892e-02
3.117394e-02
3.123386e-02
3.125722e-02
3.155618e-02
3.161238e-02
3.173608e-02
3.185757e-02
3.222467e-02
3.223514e-02
3.229163e-02
3.252159e-02
3.325562e-02
3.375733e-02
3.378359e-02
3.389478e-02
3.405458e-02
3.416163e-02
3.420122e-02
3.426498e-02
3.432035e-02
3.440270e-02
3.463800e-02
3.622241e-02
3.629200e-02
3.785570e-02
3.790817e-02
3.941401e-02
3.946240e-02
3.947176e-02
3.957221e-02
3.968315e-02
3.977650e-02
3.978130e-02
3.985024e-02
4.428883e-02
4.432349e-02
4.446264e-02
4.453832e-02
4.518791e-02
4.526404e-02
4.530763e-02
4.543673e-02
4.666913e-02
4.673153e-02
4.831409e-02
4.871785e-02
4.872030e-02
4.888812e-02
4.899598e-02
4.905178e-02
4.910990e-02
4.914646e-02
4.926970e-02
4.950665e-02
4.955511e-02
4.961472e-02
4.976969e-02
4.989811e-02
5.006758e-02
5.020273e-02
5.051776e-02
5.055436e-02
5.067809e-02
5.098485e-02
5.110299e-02
5.113693e-02
5.115032e-02
5.116117e-02
5.136805e-02
5.160788e-02
5.172173e-02
5.206220e-02
5.206367e-02
5.208867e-02
5.232083e-02
5.238309e-02
5.287294e-02
5.295909e-02
5.303943e-02
5.314615e-02
5.316375e-02
5.318031e-02
5.422909e-02
5.443341e-02
5.448547e-02
5.463326e-02
5.743069e-02
5.749212e-02
5.751383e-02
5.754034e-02
5.761703e-02
5.762875e-02
5.807394e-02
5.809585e-02
5.813064e-02
5.820780e-02
5.836438e-02
5.837874e-02
5.845997e-02
5.848074e-02
5.852275e-02
5.854471e-02
5.861881e-02
5.875733e-02
5.885206e-02
5.891361e-02
5.891428e-02
5.893585e-02
5.902340e-02
5.914730e-02
5.927789e-02
5.933023e-02
5.944388e-02
5.945631e-02
5.958119e-02
5.977430e-02
5.977647e-02
5.984141e-02
5.998613e-02
6.019190e-02
6.069614e-02
6.078568e-02
6.321545e-02
6.323093e-02
6.327887e-02
6.351591e-02
6.357796e-02
6.360894e-02
6.365913e-02
6.384553e-02
6.540489e-02
6.556045e-02
6.599593e-02
6.621562e-02
6.703467e-02
6.711205e-02
6.750897e-02
6.751914e-02
6.900261e-02
6.912218e-02
6.919446e-02
6.930174e-02
6.951119e-02
6.951348e-02
6.961390e-02
6.967862e-02
6.999082e-02
7.002625e-02
7.003567e-02
7.010725e-02
7.014348e-02
7.053806e-02
7.121463e-02
7.127162e-02
7.128428e-02
7.135895e-02
7.173262e-02
7.207759e-02
7.258791e-02
7.348705e-02
7.351905e-02
7.431668e-02
7.447176e-02
7.458853e-02
7.473126e-02
7.485082e-02
7.503309e-02
7.513835e-02
7.526908e-02
7.539213e-02
7.557297e-02
7.570623e-02
7.579162e-02
7.582521e-02
7.660107e-02
7.683462e-02
7.713988e-02
7.714580e-02
7.778428e-02
7.855983e-02
7.858245e-02
7.886504e-02
7.890853e-02
7.902411e-02
7.910310e-02
7.922706e-02
7.951784e-02
7.977133e-02
7.980424e-02
8.000250e-02
8.014972e-02
8.019476e-02
8.053278e-02
8.074366e-02
8.097656e-02
8.098171e-02
8.120368e-02
8.129617e-02
8.593262e-02
8.603048e-02
8.644361e-02
8.654747e-02
8.799480e-02
8.801077e-02
8.955670e-02
8.961385e-02
8.963546e-02
8.981677e-02
9.037995e-02
9.040988e-02
9.117807e-02
9.140952e-02
9.150033e-02
9.156754e-02
9.159220e-02
9.175407e-02
9.188507e-02
9.208801e-02
9.284540e-02
9.313340e-02
9.371106e-02
9.413777e-02
9.430556e-02
9.431783e-02
9.446782e-02
9.490758e-02
9.566864e-02
9.591536e-02
9.608719e-02
9.612474e-02
9.629211e-02
9.630800e-02
9.637488e-02
9.652434e-02
9.659892e-02
9.667090e-02
9.689283e-02
9.691199e-02
9.691842e-02
9.707608e-02
9.710226e-02
9.712115e-02
9.719778e-02
9.723899e-02
9.738612e-02
9.739561e-02
9.741941e-02
9.743518e-02
9.761339e-02
9.761591e-02
9.786984e-02
9.790102e-02
9.790344e-02
9.795324e-02
9.807620e-02
9.827054e-02
9.835227e-02
9.861900e-02
9.868940e-02
9.893226e-02
9.899065e-02
9.917415e-02
9.957981e-02
9.962426e-02
9.980536e-02
9.981308e-02
1.002303e-01
1.002745e-01
1.004260e-01
1.005789e-01
1.011227e-01
1.017453e-01
1.017790e-01
1.021669e-01
1.021995e-01
1.024934e-01
1.025294e-01
1.028522e-01
1.028772e-01
1.034930e-01
1.036098e-01
1.036566e-01
1.037178e-01
1.038742e-01
1.039393e-01
1.043289e-01
1.045768e-01
1.057230e-01
1.059298e-01
1.062954e-01
1.069187e-01
1.069258e-01
1.071588e-01
1.073459e-01
1.075120e-01
1.075774e-01
1.077036e-01
1.078036e-01
1.086372e-01
1.088461e-01
1.088932e-01
1.090962e-01
1.094259e-01
1.095855e-01
1.096609e-01
1.101086e-01
1.103463e-01
1.119698e-01
1.123142e-01
1.125143e-01
1.126338e-01
1.127452e-01
1.128719e-01
1.131286e-01
1.131532e-01
1.134152e-01
1.134916e-01
1.138365e-01
1.138600e-01
1.141101e-01
1.141959e-01
1.145262e-01
1.145917e-01
1.145946e-01
1.148743e-01
1.148984e-01
1.149939e-01
1.151909e-01
1.153152e-01
1.153716e-01
1.154642e-01
1.155479e-01
1.156450e-01
1.158149e-01
1.161414e-01
1.162675e-01
1.162968e-01
1.163423e-01
1.163912e-01
1.164420e-01
1.164897e-01
1.166816e-01
1.167559e-01
1.168843e-01
1.170884e-01
1.172731e-01
1.173849e-01
1.174178e-01
1.175908e-01
1.176500e-01
1.177289e-01
1.177301e-01
1.177773e-01
1.178181e-01
1.182378e-01
1.183469e-01
1.184093e-01
1.185008e-01
1.185642e-01
1.186339e-01
1.187809e-01
1.191846e-01
1.193581e-01
1.196735e-01
1.197492e-01
1.201785e-01
1.201870e-01
1.203922e-01
1.213259e-01
1.218401e-01
1.223010e-01
1.225919e-01
1.232839e-01
1.251430e-01
1.252855e-01
1.256032e-01
1.264754e-01
1.267284e-01
1.279737e-01
1.281157e-01
1.281228e-01
1.283905e-01
1.302445e-01
1.304015e-01
1.332941e-01
1.333673e-01
1.335445e-01
1.340699e-01
1.343306e-01
1.343559e-01
1.344194e-01
1.345103e-01
1.347371e-01
1.350116e-01
1.351797e-01
1.353278e-01
1.356808e-01
1.356956e-01
1.358480e-01
1.358591e-01
1.359377e-01
1.364509e-01
1.366927e-01
1.368015e-01
1.371095e-01
1.372434e-01
1.376042e-01
1.376272e-01
1.377348e-01
1.378927e-01
1.384817e-01
1.384818e-01
1.388003e-01
1.392015e-01
1.397419e-01
1.405832e-01
1.406143e-01
1.406608e-01
1.408194e-01
1.408724e-01
1.409790e-01
1.410618e-01
1.411134e-01
1.413318e-01
1.415053e-01
1.415214e-01
1.418939e-01
1.419650e-01
1.419699e-01
1.419751e-01
1.420596e-01
1.420760e-01
1.421225e-01
1.422052e-01
1.422626e-01
1.423016e-01
1.423267e-01
1.423864e-01
1.424179e-01
1.424216e-01
1.424418e-01
1.425720e-01
1.427350e-01
1.428032e-01
1.429044e-01
1.429287e-01
1.429903e-01
1.432233e-01
1.433089e-01
1.435190e-01
1.435904e-01
1.435917e-01
1.436015e-01
1.436099e-01
1.438230e-01
1.439289e-01
1.440429e-01
1.443159e-01
1.447804e-01
1.452112e-01
1.456920e-01
1.460008e-01
1.463761e-01
1.464355e-01
1.465233e-01
1.468041e-01
1.468522e-01
1.469935e-01
1.471718e-01
1.472528e-01
1.473868e-01
1.474897e-01
1.476641e-01
1.476826e-01
1.479101e-01
1.482528e-01
1.483068e-01
1.483277e-01
1.485855e-01
1.495536e-01
1.502262e-01
1.503589e-01
1.507244e-01
1.511384e-01
1.511494e-01
1.515021e-01
1.516936e-01
1.520534e-01
1.525151e-01
1.526965e-01
1.529466e-01
1.531577e-01
1.532480e-01
1.540586e-01
1.547089e-01
1.560931e-01
1.563331e-01
1.563870e-01
1.569118e-01
1.571751e-01
1.572935e-01
1.575475e-01
1.575880e-01
1.582217e-01
1.582515e-01
1.584371e-01
1.584659e-01
1.585565e-01
1.590135e-01
1.591640e-01
1.594989e-01
1.596109e-01
1.603048e-01
1.603626e-01
1.604234e-01
1.605674e-01
1.607584e-01
1.607730e-01
1.611993e-01
1.612480e-01
1.612612e-01
1.612788e-01
1.613363e-01
1.613416e-01
1.614429e-01
1.617550e-01
1.620208e-01
1.624326e-01
1.625072e-01
1.625233e-01
1.627028e-01
1.629105e-01
1.630201e-01
1.632248e-01
1.634267e-01
1.635098e-01
1.637991e-01
1.638269e-01
1.639234e-01
1.639263e-01
1.640746e-01
1.640788e-01
1.641605e-01
1.643339e-01
1.645893e-01
1.647317e-01
1.647402e-01
1.648327e-01
1.649293e-01
1.651321e-01
1.651471e-01
1.651748e-01
1.653455e-01
1.654648e-01
1.656506e-01
1.658610e-01
1.659162e-01
1.660112e-01
1.660695e-01
1.662930e-01
1.668601e-01
1.668857e-01
1.670153e-01
1.673702e-01
1.675938e-01
1.680473e-01
1.680742e-01
1.683432e-01
1.684786e-01
1.689324e-01
1.690491e-01
1.690711e-01
1.694179e-01
1.695861e-01
1.703300e-01
1.708273e-01
1.709466e-01
1.718358e-01
1.722511e-01
1.729399e-01
1.732077e-01
1.733552e-01
1.738440e-01
1.738680e-01
1.740231e-01
1.741453e-01
1.742995e-01
1.743162e-01
1.749617e-01
1.754942e-01
1.756832e-01
1.757099e-01
1.759740e-01
1.760850e-01
1.761205e-01
1.762096e-01
1.764384e-01
1.765090e-01
1.767223e-01
1.770887e-01
1.771893e-01
1.776624e-01
1.777806e-01
1.779784e-01
1.781700e-01
1.782931e-01
1.783520e-01
1.785358e-01
1.791116e-01
1.794837e-01
1.800691e-01
1.801704e-01
1.805843e-01
1.806843e-01
1.806890e-01
1.808962e-01
1.809076e-01
1.814592e-01
1.816427e-01
1.818001e-01
1.818588e-01
1.818985e-01
1.820797e-01
1.821852e-01
1.822179e-01
1.823639e-01
1.824531e-01
1.824841e-01
1.824959e-01
1.825490e-01
1.828085e-01
1.828544e-01
1.829858e-01
1.833285e-01
1.835406e-01
1.840030e-01
1.840799e-01
1.846334e-01
1.846456e-01
1.847280e-01
1.847817e-01
1.850159e-01
1.850864e-01
1.853044e-01
1.855107e-01
1.861051e-01
1.862011e-01
1.871549e-01
1.872263e-01
1.874757e-01
1.874843e-01
1.875910e-01
1.876273e-01
1.877395e-01
1.879059e-01
1.880945e-01
1.882797e-01
1.883716e-01
1.884053e-01
1.885518e-01
1.887478e-01
1.889211e-01
1.889213e-01
1.889907e-01
1.893617e-01
1.897096e-01
1.901701e-01
1.903072e-01
1.903108e-01
1.903271e-01
1.903762e-01
1.905017e-01
1.906505e-01
1.907550e-01
1.911279e-01
1.912711e-01
1.913853e-01
1.915073e-01
1.915719e-01
1.917720e-01
1.917802e-01
1.917943e-01
1.921073e-01
1.921664e-01
1.921976e-01
1.922464e-01
1.922857e-01
1.923331e-01
1.925076e-01
1.925409e-01
1.925793e-01
1.926142e-01
1.927222e-01
1.927832e-01
1.930858e-01
1.930987e-01
1.932758e-01
1.933648e-01
1.935982e-01
1.941234e-01
1.943688e-01
1.945741e-01
1.946908e-01
1.951693e-01
1.953615e-01
1.953975e-01
1.955745e-01
1.955777e-01
1.958313e-01
1.958686e-01
1.962911e-01
1.963952e-01
1.964955e-01
1.969582e-01
1.971523e-01
1.973543e-01
1.974485e-01
1.974787e-01
1.975199e-01
1.975485e-01
1.976705e-01
1.978287e-01
1.978559e-01
1.979197e-01
1.984339e-01
1.987950e-01
1.989886e-01
1.991212e-01
1.995993e-01
1.996228e-01
1.996855e-01
1.999830e-01
2.000419e-01
2.002413e-01
2.006126e-01
2.012577e-01
2.014282e-01
2.018489e-01
2.019063e-01
2.019186e-01
2.020816e-01
2.022124e-01
2.023478e-01
2.027852e-01
2.028333e-01
2.030566e-01
2.031497e-01
2.033098e-01
2.039626e-01
2.041074e-01
2.041847e-01
2.046449e-01
2.047049e-01
2.047307e-01
2.052772e-01
2.058323e-01
2.061289e-01
2.063025e-01
2.065395e-01
2.065613e-01
2.066800e-01
2.067027e-01
2.068518e-01
2.070750e-01
2.073432e-01
2.073897e-01
2.075162e-01
2.075220e-01
2.076362e-01
2.082384e-01
2.084593e-01
2.085406e-01
2.088342e-01
2.089231e-01
2.089960e-01
2.091390e-01
2.092849e-01
2.093992e-01
2.097753e-01
2.098751e-01
2.099668e-01
2.100190e-01
2.108624e-01
2.115335e-01
2.115561e-01
2.117753e-01
2.119539e-01
2.123708e-01
2.126818e-01
2.127142e-01
2.133057e-01
2.135478e-01
2.139619e-01
2.143969e-01
2.149293e-01
2.150507e-01
2.151830e-01
2.153781e-01
2.158754e-01
2.160208e-01
2.161255e-01
2.166461e-01
2.169141e-01
2.172339e-01
2.182239e-01
2.187248e-01
2.189174e-01
2.190352e-01
2.193668e-01
2.198772e-01
2.199170e-01
2.202013e-01
2.212394e-01
2.213097e-01
2.214759e-01
2.222232e-01
2.222495e-01
2.225521e-01
2.233405e-01
2.235631e-01
2.236215e-01
2.237244e-01
2.239702e-01
2.244356e-01
2.250843e-01
2.255412e-01
2.255991e-01
2.263001e-01
2.263373e-01
2.265757e-01
2.266169e-01
2.272960e-01
2.276195e-01
2.277492e-01
2.278411e-01
2.281586e-01
2.282833e-01
2.286824e-01
2.287176e-01
2.289402e-01
2.291053e-01
2.292762e-01
2.296397e-01
2.298172e-01
2.299512e-01
2.300570e-01
2.302739e-01
2.303239e-01
2.305129e-01
2.305463e-01
2.305770e-01
2.312343e-01
2.312937e-01
2.314977e-01
2.318203e-01
2.318273e-01
2.322526e-01
2.323197e-01
2.329884e-01
2.332796e-01
2.333582e-01
2.333925e-01
2.338819e-01
2.344615e-01
2.347657e-01
2.351407e-01
2.352759e-01
2.353007e-01
2.355203e-01
2.355970e-01
2.365414e-01
2.366018e-01
2.367938e-01
2.371169e-01
2.371684e-01
2.374789e-01
2.396599e-01
2.400563e-01
2.402067e-01
2.403883e-01
2.406788e-01
2.406848e-01
2.409862e-01
2.410106e-01
2.411681e-01
2.412100e-01
2.412752e-01
2.417805e-01
2.420253e-01
2.421370e-01
2.422162e-01
2.423049e-01
2.425516e-01
2.426164e-01
2.428533e-01
2.430156e-01
2.434534e-01
2.434614e-01
2.434647e-01
2.438441e-01
2.439874e-01
2.440948e-01
2.446309e-01
2.446950e-01
2.448788e-01
2.450110e-01
2.450259e-01
2.451441e-01
2.453058e-01
2.456204e-01
2.457745e-01
2.459337e-01
2.460205e-01
2.460804e-01
2.462492e-01
2.463571e-01
2.469086e-01
2.469262e-01
2.469444e-01
2.472076e-01
2.473152e-01
2.475752e-01
2.479594e-01
2.480660e-01
2.480773e-01
2.480980e-01
2.482857e-01
2.483214e-01
2.483375e-01
2.485867e-01
2.486531e-01
2.486720e-01
2.490596e-01
2.494348e-01
2.497729e-01
2.500389e-01
2.502317e-01
2.506854e-01
2.507869e-01
2.508237e-01
2.509172e-01
2.512279e-01
2.513321e-01
2.516029e-01
2.516038e-01
2.516740e-01
2.521134e-01
2.527055e-01
2.527139e-01
2.529780e-01
2.534700e-01
2.535464e-01
2.535805e-01
2.536300e-01
2.540593e-01
2.546433e-01
2.547671e-01
2.550077e-01
2.553076e-01
2.556844e-01
2.561071e-01
2.561345e-01
2.565254e-01
2.569003e-01
2.570677e-01
2.573312e-01
2.573364e-01
2.574248e-01
2.575025e-01
2.580833e-01
2.582777e-01
2.582995e-01
2.583379e-01
2.583409e-01
2.583809e-01
2.585229e-01
2.586620e-01
2.588295e-01
2.591248e-01
2.593558e-01
2.594529e-01
2.596393e-01
2.610842e-01
2.610864e-01
2.614729e-01
2.617313e-01
2.621159e-01
2.621511e-01
2.625000e-01
2.626158e-01
2.632574e-01
2.634326e-01
2.636328e-01
2.637138e-01
2.639624e-01
2.640801e-01
2.656515e-01
2.658213e-01
2.660782e-01
2.662929e-01
2.665233e-01
2.672643e-01
2.674438e-01
2.679629e-01
2.680802e-01
2.683740e-01
2.685014e-01
2.685538e-01
2.688374e-01
2.689415e-01
2.691332e-01
2.695106e-01
2.696675e-01
2.697018e-01
2.697747e-01
2.700092e-01
2.702885e-01
2.707577e-01
2.709473e-01
2.711760e-01
2.711895e-01
2.716635e-01
2.722142e-01
2.723466e-01
2.723954e-01
2.726639e-01
2.728447e-01
2.732351e-01
2.733848e-01
2.736251e-01
2.738609e-01
2.741713e-01
2.741778e-01
2.742364e-01
2.746926e-01
2.749998e-01
2.750754e-01
2.752665e-01
2.752751e-01
2.755228e-01
2.755282e-01
2.758048e-01
2.758578e-01
2.761445e-01
2.763324e-01
2.765298e-01
2.766839e-01
2.767871e-01
2.768230e-01
2.768802e-01
2.770330e-01
2.770685e-01
2.771255e-01
2.772143e-01
2.776241e-01
2.777298e-01
2.778175e-01
2.778958e-01
2.780342e-01
2.780528e-01
2.785976e-01
2.787403e-01
2.787967e-01
2.788468e-01
2.789231e-01
2.791537e-01
2.792368e-01
2.794119e-01
2.796902e-01
2.800426e-01
2.800644e-01
2.803185e-01
2.805906e-01
2.807605e-01
2.809411e-01
2.811115e-01
2.820058e-01
2.822304e-01
2.824018e-01
2.826827e-01
2.829972e-01
2.832871e-01
2.834182e-01
2.838223e-01
2.838519e-01
2.843098e-01
2.843285e-01
2.843645e-01
2.845200e-01
2.849199e-01
2.852069e-01
2.854125e-01
2.854159e-01
2.857740e-01
2.857851e-01
2.858655e-01
2.858870e-01
2.863605e-01
2.864131e-01
2.865964e-01
2.866272e-01
2.867778e-01
2.869713e-01
2.871099e-01
2.874161e-01
2.876424e-01
2.878688e-01
2.878757e-01
2.881727e-01
2.883220e-01
2.886727e-01
2.889992e-01
2.893234e-01
2.893243e-01
2.894028e-01
2.895280e-01
2.895852e-01
2.898220e-01
2.898931e-01
2.904569e-01
2.910554e-01
2.911311e-01
2.911423e-01
2.912107e-01
2.912690e-01
2.912861e-01
2.913815e-01
2.916178e-01
2.916956e-01
2.917331e-01
2.918453e-01
2.919168e-01
2.919973e-01
2.920883e-01
2.924113e-01
2.924195e-01
2.925968e-01
2.926470e-01
2.928018e-01
2.928421e-01
2.933339e-01
2.934200e-01
2.935579e-01
2.936845e-01
2.940150e-01
2.943584e-01
2.946565e-01
2.946667e-01
2.948397e-01
2.950102e-01
2.952069e-01
2.953106e-01
2.955316e-01
2.955817e-01
2.957710e-01
2.962119e-01
2.964209e-01
2.964775e-01
2.968523e-01
2.972803e-01
2.974426e-01
2.975898e-01
2.978700e-01
2.980105e-01
2.981218e-01
2.982329e-01
2.983932e-01
2.988995e-01
2.991533e-01
2.995486e-01
2.995565e-01
3.000232e-01
3.001078e-01
3.002808e-01
3.003640e-01
3.005419e-01
3.006301e-01
3.008211e-01
3.010178e-01
3.011603e-01
3.014770e-01
3.018084e-01
3.019411e-01
3.023015e-01
3.025762e-01
3.025863e-01
3.027686e-01
3.032256e-01
3.033047e-01
3.035331e-01
3.036076e-01
3.041145e-01
3.041330e-01
3.043340e-01
3.043735e-01
3.046458e-01
3.047654e-01
3.048082e-01
3.051240e-01
3.053909e-01
3.056739e-01
3.061469e-01
3.062344e-01
3.064316e-01
3.066199e-01
3.067132e-01
3.068823e-01
3.070853e-01
3.071073e-01
3.072899e-01
3.073610e-01
3.075010e-01
3.077107e-01
3.078194e-01
3.078283e-01
3.080174e-01
3.085521e-01
3.086374e-01
3.089847e-01
3.094053e-01
3.096164e-01
3.097004e-01
3.097535e-01
3.098253e-01
3.101785e-01
3.102307e-01
3.102859e-01
3.104317e-01
3.106690e-01
3.111084e-01
3.111116e-01
3.114262e-01
3.117137e-01
3.118807e-01
3.121090e-01
3.121588e-01
3.127400e-01
3.127468e-01
3.129228e-01
3.129421e-01
3.130577e-01
3.132562e-01
3.132633e-01
3.137003e-01
3.137594e-01
3.138203e-01
3.138533e-01
3.139889e-01
3.140786e-01
3.141375e-01
3.142496e-01
3.144322e-01
3.148878e-01
3.149037e-01
3.149278e-01
3.151001e-01
3.154125e-01
3.154904e-01
3.155026e-01
3.155206e-01
3.156928e-01
3.157466e-01
3.158351e-01
3.159630e-01
3.159649e-01
3.160418e-01
3.162597e-01
3.162838e-01
3.167608e-01
3.167761e-01
3.168040e-01
3.171969e-01
3.172593e-01
3.175093e-01
3.175166e-01
3.179189e-01
3.180056e-01
3.181068e-01
3.181851e-01
3.182452e-01
3.184032e-01
3.185221e-01
3.185519e-01
3.187211e-01
3.196865e-01
3.197160e-01
3.198150e-01
3.202888e-01
3.206427e-01
3.207426e-01
3.207750e-01
3.208929e-01
3.209571e-01
3.211156e-01
3.211520e-01
3.216640e-01
3.220334e-01
3.220667e-01
3.220765e-01
3.222668e-01
3.224543e-01
3.226412e-01
3.226421e-01
3.228708e-01
3.231176e-01
3.231659e-01
3.232774e-01
3.235354e-01
3.236025e-01
3.237394e-01
3.242185e-01
3.243278e-01
3.243287e-01
3.245487e-01
3.247399e-01
3.249408e-01
3.250620e-01
3.252207e-01
3.255491e-01
3.256228e-01
3.258571e-01
3.260810e-01
3.262396e-01
3.264838e-01
3.267922e-01
3.268845e-01
3.272648e-01
3.273363e-01
3.275513e-01
3.276863e-01
3.278652e-01
3.279261e-01
3.281742e-01
3.281852e-01
3.284098e-01
3.287107e-01
3.288964e-01
3.290068e-01
3.290073e-01
3.291395e-01
3.291584e-01
3.291601e-01
3.295664e-01
3.296447e-01
3.297309e-01
3.299606e-01
3.299633e-01
3.300511e-01
3.302074e-01
3.303353e-01
3.303362e-01
3.308588e-01
3.311214e-01
3.312295e-01
3.316891e-01
3.318180e-01
3.319144e-01
3.321453e-01
3.322081e-01
3.322108e-01
3.322321e-01
3.323433e-01
3.325782e-01
3.326443e-01
3.328318e-01
3.331569e-01
3.332180e-01
3.332754e-01
3.337064e-01
3.338090e-01
3.339655e-01
3.340527e-01
3.340916e-01
3.342425e-01
3.342883e-01
3.344930e-01
3.345005e-01
3.345842e-01
3.349513e-01
3.352953e-01
3.353641e-01
3.353813e-01
3.356499e-01
3.360943e-01
3.360964e-01
3.362373e-01
3.362882e-01
3.363928e-01
3.365699e-01
3.367691e-01
3.368481e-01
3.369311e-01
3.370752e-01
3.374974e-01
3.377007e-01
3.377608e-01
3.378012e-01
3.381214e-01
3.383258e-01
3.383269e-01
3.386722e-01
3.387503e-01
3.390258e-01
3.392313e-01
3.393457e-01
3.394696e-01
3.394740e-01
3.396439e-01
3.397541e-01
3.398795e-01
3.399024e-01
3.399462e-01
3.403451e-01
3.403600e-01
3.405712e-01
3.408370e-01
3.408381e-01
3.416172e-01
3.417199e-01
3.423027e-01
3.423702e-01
3.423988e-01
3.424353e-01
3.425315e-01
3.426110e-01
3.429391e-01
3.430025e-01
3.431219e-01
3.432640e-01
3.434971e-01
3.435252e-01
3.435937e-01
3.439203e-01
3.440574e-01
3.443124e-01
3.445947e-01
3.446225e-01
3.448138e-01
3.449151e-01
3.451554e-01
3.451562e-01
3.453494e-01
3.454385e-01
3.454881e-01
3.455106e-01
3.458059e-01
3.458086e-01
3.459132e-01
3.461605e-01
3.462497e-01
3.463342e-01
3.464789e-01
3.464865e-01
3.464895e-01
3.465798e-01
3.470002e-01
3.472532e-01
3.473629e-01
3.474417e-01
3.474842e-01
3.475553e-01
3.475576e-01
3.477757e-01
3.480702e-01
3.485844e-01
3.486069e-01
3.489717e-01
3.492879e-01
3.493067e-01
3.493351e-01
3.494532e-01
3.495741e-01
3.495749e-01
3.500277e-01
3.503068e-01
3.503546e-01
3.509387e-01
3.510348e-01
3.510566e-01
3.511671e-01
3.511900e-01
3.516157e-01
3.516547e-01
3.521929e-01
3.522211e-01
3.524147e-01
3.526001e-01
3.528278e-01
3.531097e-01
3.533258e-01
3.533312e-01
3.535002e-01
3.535514e-01
3.536216e-01
3.537909e-01
3.538855e-01
3.539454e-01
3.540028e-01
3.540089e-01
3.540648e-01
3.542811e-01
3.543284e-01
3.544363e-01
3.544878e-01
3.545544e-01
3.549737e-01
3.550874e-01
3.552871e-01
3.553193e-01
3.553804e-01
3.556295e-01
3.558407e-01
3.559827e-01
3.559884e-01
3.562692e-01
3.562832e-01
3.565554e-01
3.566284e-01
3.569532e-01
3.569750e-01
3.572276e-01
3.572376e-01
3.575304e-01
3.575540e-01
3.576708e-01
3.578228e-01
3.578463e-01
3.581485e-01
3.582010e-01
3.582554e-01
3.584612e-01
3.585807e-01
3.585925e-01
3.586391e-01
3.589537e-01
3.589598e-01
3.592479e-01
3.592479e-01
3.594290e-01
3.594590e-01
3.594785e-01
3.595485e-01
3.596576e-01
3.603941e-01
3.605907e-01
3.606505e-01
3.608878e-01
3.609002e-01
3.609128e-01
3.612439e-01
3.613352e-01
3.613890e-01
3.614006e-01
3.616961e-01
3.618034e-01
3.618862e-01
3.619721e-01
3.620045e-01
3.624111e-01
3.625677e-01
3.626166e-01
3.626784e-01
3.630132e-01
3.633529e-01
3.633601e-01
3.635567e-01
3.637303e-01
3.637820e-01
3.638757e-01
3.640128e-01
3.641125e-01
3.644944e-01
3.647576e-01
3.647703e-01
3.648836e-01
3.650203e-01
3.652373e-01
3.652563e-01
3.653925e-01
3.657750e-01
3.660921e-01
3.662445e-01
3.663109e-01
3.666443e-01
3.668178e-01
3.669717e-01
3.670167e-01
3.670679e-01
3.672224e-01
3.673796e-01
3.674482e-01
3.676046e-01
3.678473e-01
3.678686e-01
3.680163e-01
3.680189e-01
3.680795e-01
3.682187e-01
3.683650e-01
3.684183e-01
3.685433e-01
3.685740e-01
3.686828e-01
3.688745e-01
3.691925e-01
3.692540e-01
3.693627e-01
3.695615e-01
3.696726e-01
3.697518e-01
3.698699e-01
3.699777e-01
3.700669e-01
3.703336e-01
3.704414e-01
3.706693e-01
3.706975e-01
3.709413e-01
3.710174e-01
3.710538e-01
3.714415e-01
3.715098e-01
3.716352e-01
3.716672e-01
3.717228e-01
3.719753e-01
3.722167e-01
3.722235e-01
3.724775e-01
3.727484e-01
3.728742e-01
3.730253e-01
3.731232e-01
3.732229e-01
3.733562e-01
3.735220e-01
3.736528e-01
3.736846e-01
3.738338e-01
3.738666e-01
3.738706e-01
3.739922e-01
3.742182e-01
3.745443e-01
3.746268e-01
3.746562e-01
3.747383e-01
3.749473e-01
3.749737e-01
3.751451e-01
3.751557e-01
3.753484e-01
3.754362e-01
3.754962e-01
3.756771e-01
3.757455e-01
3.757992e-01
3.759455e-01
3.760516e-01
3.761403e-01
3.763039e-01
3.763174e-01
3.763936e-01
3.765887e-01
3.766472e-01
3.768354e-01
3.769493e-01
3.770712e-01
3.770745e-01
3.770854e-01
3.773536e-01
3.774356e-01
3.778408e-01
3.779812e-01
3.779979e-01
3.783275e-01
3.783594e-01
3.785708e-01
3.787468e-01
3.789415e-01
3.791636e-01
3.792112e-01
3.793153e-01
3.794376e-01
3.795303e-01
3.795359e-01
3.797231e-01
3.798901e-01
3.803233e-01
3.805518e-01
3.806607e-01
3.808056e-01
3.809849e-01
3.811721e-01
3.814888e-01
3.815345e-01
3.815743e-01
3.816711e-01
3.817866e-01
3.819342e-01
3.819859e-01
3.820135e-01
3.823141e-01
3.824745e-01
3.826031e-01
3.829494e-01
3.830315e-01
3.830434e-01
3.831073e-01
3.831812e-01
3.832546e-01
3.832571e-01
3.834802e-01
3.834841e-01
3.837440e-01
3.839215e-01
3.843789e-01
3.845025e-01
3.845045e-01
3.846948e-01
3.848686e-01
3.849500e-01
3.849910e-01
3.853931e-01
3.854710e-01
3.855744e-01
3.855817e-01
3.856251e-01
3.857665e-01
3.862273e-01
3.862538e-01
3.867678e-01
3.868972e-01
3.869060e-01
3.869717e-01
3.873043e-01
3.877945e-01
3.878887e-01
3.879705e-01
3.880006e-01
3.883695e-01
3.885072e-01
3.886104e-01
3.887625e-01
3.891266e-01
3.893799e-01
3.894651e-01
3.895526e-01
3.896773e-01
3.898809e-01
3.901099e-01
3.901539e-01
3.901632e-01
3.903603e-01
3.905641e-01
3.907582e-01
3.909364e-01
3.912228e-01
3.913145e-01
3.916533e-01
3.917086e-01
3.918776e-01
3.919939e-01
3.921218e-01
3.923190e-01
3.923518e-01
3.925538e-01
3.926100e-01
3.929427e-01
3.931681e-01
3.931727e-01
3.932056e-01
3.939990e-01
3.941824e-01
3.942056e-01
3.942107e-01
3.943057e-01
3.943596e-01
3.945629e-01
3.946105e-01
3.947055e-01
3.947324e-01
3.947378e-01
3.950563e-01
3.950955e-01
3.953474e-01
3.956196e-01
3.956310e-01
3.957795e-01
3.959724e-01
3.962641e-01
3.965842e-01
3.966174e-01
3.966743e-01
3.970483e-01
3.975163e-01
3.977287e-01
3.979462e-01
3.979815e-01
3.980405e-01
3.982694e-01
3.982852e-01
3.984718e-01
3.986634e-01
3.986918e-01
3.987891e-01
3.990363e-01
3.992809e-01
3.999398e-01
4.000215e-01
4.000898e-01
4.002249e-01
4.002798e-01
4.006909e-01
4.006998e-01
4.008068e-01
4.008962e-01
4.012943e-01
4.015668e-01
4.016230e-01
4.016669e-01
4.019146e-01
4.021178e-01
4.021341e-01
4.025211e-01
4.026372e-01
4.027605e-01
4.027989e-01
4.034055e-01
4.034902e-01
4.036816e-01
4.041780e-01
4.042765e-01
4.044002e-01
4.044709e-01
4.044924e-01
4.046202e-01
4.049459e-01
4.050843e-01
4.053553e-01
4.054788e-01
4.054992e-01
4.056518e-01
4.058363e-01
4.063176e-01
4.063871e-01
4.065373e-01
4.066333e-01
4.068485e-01
4.069882e-01
4.070093e-01
4.072746e-01
4.073773e-01
4.075756e-01
4.077521e-01
4.083100e-01
4.084052e-01
4.084391e-01
4.088298e-01
4.088980e-01
4.090973e-01
4.093005e-01
4.096679e-01
4.097925e-01
4.098208e-01
4.100083e-01
4.102211e-01
4.104444e-01
4.107294e-01
4.108334e-01
4.110779e-01
4.112706e-01
4.112970e-01
4.116040e-01
4.118529e-01
4.119304e-01
4.120509e-01
4.121607e-01
4.124186e-01
4.127158e-01
4.127574e-01
4.128464e-01
4.129135e-01
4.130673e-01
4.131093e-01
4.137059e-01
4.137502e-01
4.137950e-01
4.139976e-01
4.142165e-01
4.142502e-01
4.143984e-01
4.146522e-01
4.147296e-01
4.148850e-01
4.152580e-01
4.153738e-01
4.154310e-01
4.159071e-01
4.161494e-01
4.161839e-01
4.161916e-01
4.163635e-01
4.166725e-01
4.167309e-01
4.170565e-01
4.171691e-01
4.172993e-01
4.174803e-01
4.175758e-01
4.177173e-01
4.178104e-01
4.178652e-01
4.183514e-01
4.183536e-01
4.186752e-01
4.188552e-01
4.188902e-01
4.193396e-01
4.194151e-01
4.195155e-01
4.197466e-01
4.200709e-01
4.202879e-01
4.203459e-01
4.207428e-01
4.207457e-01
4.209955e-01
4.210145e-01
4.210340e-01
4.211821e-01
4.214862e-01
4.215200e-01
4.215605e-01
4.218873e-01
4.218949e-01
4.219402e-01
4.220599e-01
4.223065e-01
4.224524e-01
4.230407e-01
4.231072e-01
4.231691e-01
4.233521e-01
4.233922e-01
4.234810e-01
4.235905e-01
4.238430e-01
4.242868e-01
4.243034e-01
4.245776e-01
4.245897e-01
4.250367e-01
4.252262e-01
4.254686e-01
4.256855e-01
4.258901e-01
4.259362e-01
4.260264e-01
4.263069e-01
4.263276e-01
4.265542e-01
4.266649e-01
4.267136e-01
4.268953e-01
4.271178e-01
4.272822e-01
4.274975e-01
4.276503e-01
4.278484e-01
4.280778e-01
4.281267e-01
4.284028e-01
4.285359e-01
4.287012e-01
4.287406e-01
4.289914e-01
4.292895e-01
4.294727e-01
4.295466e-01
4.299970e-01
4.301588e-01
4.301652e-01
4.303376e-01
4.308870e-01
4.309756e-01
4.310634e-01
4.315564e-01
4.316469e-01
4.316845e-01
4.317027e-01
4.318478e-01
4.322368e-01
4.323509e-01
4.325620e-01
4.327816e-01
4.328664e-01
4.330339e-01
4.335728e-01
4.336858e-01
4.338317e-01
4.338400e-01
4.339179e-01
4.345229e-01
4.345460e-01
4.348196e-01
4.348226e-01
4.350302e-01
4.351107e-01
4.356880e-01
4.358335e-01
4.360503e-01
4.361753e-01
4.366985e-01
4.367460e-01
4.368733e-01
4.373597e-01
4.375887e-01
4.377134e-01
4.377826e-01
4.380192e-01
4.380346e-01
4.381229e-01
4.382652e-01
4.388080e-01
4.388089e-01
4.388533e-01
4.390944e-01
4.393489e-01
4.394067e-01
4.395357e-01
4.398800e-01
4.398961e-01
4.402965e-01
4.409064e-01
4.409465e-01
4.411268e-01
4.414319e-01
4.416201e-01
4.418511e-01
4.420621e-01
4.425134e-01
4.426548e-01
4.427689e-01
4.428699e-01
4.432310e-01
4.432717e-01
4.436805e-01
4.439543e-01
4.442969e-01
4.445855e-01
4.451130e-01
4.452503e-01
4.453106e-01
4.453627e-01
4.454702e-01
4.456595e-01
4.459972e-01
4.460795e-01
4.462368e-01
4.464031e-01
4.464167e-01
4.469430e-01
4.469630e-01
4.474603e-01
4.474889e-01
4.476136e-01
4.477760e-01
4.483319e-01
4.484901e-01
4.486169e-01
4.487164e-01
4.488103e-01
4.488231e-01
4.491442e-01
4.495282e-01
4.498096e-01
4.500175e-01
4.502477e-01
4.503323e-01
4.506507e-01
4.506775e-01
4.510160e-01
4.518831e-01
4.520229e-01
4.522333e-01
4.522594e-01
4.524921e-01
4.526834e-01
4.527859e-01
4.529395e-01
4.535654e-01
4.536814e-01
4.537360e-01
4.537841e-01
4.539876e-01
4.541012e-01
4.541680e-01
4.545503e-01
4.547303e-01
4.547792e-01
4.550870e-01
4.552951e-01
4.557859e-01
4.559992e-01
4.560354e-01
4.565221e-01
4.566515e-01
4.571836e-01
4.572000e-01
4.574148e-01
4.574984e-01
4.575551e-01
4.580770e-01
4.581136e-01
4.582211e-01
4.584301e-01
4.584482e-01
4.585203e-01
4.588983e-01
4.590015e-01
4.591624e-01
4.594149e-01
4.595726e-01
4.600805e-01
4.601063e-01
4.603059e-01
4.607278e-01
4.607309e-01
4.607420e-01
4.607678e-01
4.611815e-01
4.615501e-01
4.617054e-01
4.617447e-01
4.618815e-01
4.619789e-01
4.620236e-01
4.625486e-01
4.626374e-01
4.629732e-01
4.630761e-01
4.631099e-01
4.633680e-01
4.634473e-01
4.639064e-01
4.640564e-01
4.646394e-01
4.647082e-01
4.647962e-01
4.648998e-01
4.649565e-01
4.650091e-01
4.656757e-01
4.659891e-01
4.659919e-01
4.660356e-01
4.664580e-01
4.667929e-01
4.669811e-01
4.672330e-01
4.673190e-01
4.674277e-01
4.682208e-01
4.682647e-01
4.684005e-01
4.688105e-01
4.690790e-01
4.690893e-01
4.691543e-01
4.695425e-01
4.696438e-01
4.702269e-01
4.705225e-01
4.707005e-01
4.707827e-01
4.713930e-01
4.716751e-01
4.718674e-01
4.720618e-01
4.725459e-01
4.725864e-01
4.726656e-01
4.731731e-01
4.733932e-01
4.734287e-01
4.736595e-01
4.736807e-01
4.739811e-01
4.741260e-01
4.747860e-01
4.747885e-01
4.749806e-01
4.750080e-01
4.754420e-01
4.758022e-01
4.761181e-01
4.761837e-01
4.762385e-01
4.766758e-01
4.768084e-01
4.773838e-01
4.775454e-01
4.778417e-01
4.779256e-01
4.781533e-01
4.782184e-01
4.784857e-01
4.784876e-01
4.787038e-01
4.791222e-01
4.794092e-01
4.795415e-01
4.795971e-01
4.798186e-01
4.800426e-01
4.802193e-01
4.804123e-01
4.804387e-01
4.807161e-01
4.812154e-01
4.816763e-01
4.820772e-01
4.825319e-01
4.831913e-01
4.835377e-01
4.839408e-01
4.840779e-01
4.843253e-01
4.847173e-01
4.856069e-01
4.862000e-01
4.862935e-01
4.865496e-01
4.866595e-01
4.868471e-01
4.871772e-01
4.872637e-01
4.875938e-01
4.879367e-01
4.879428e-01
4.880972e-01
4.883142e-01
4.883419e-01
4.888639e-01
4.891243e-01
4.893273e-01
4.897953e-01
4.902134e-01
4.902983e-01
4.908803e-01
4.909232e-01
4.911852e-01
4.912721e-01
4.918051e-01
4.918786e-01
4.922201e-01
4.923392e-01
4.924161e-01
4.928450e-01
4.930079e-01
4.932595e-01
4.933140e-01
4.936087e-01
4.938541e-01
4.939141e-01
4.939977e-01
4.946739e-01
4.950489e-01
4.952745e-01
4.953574e-01
4.954588e-01
4.955973e-01
4.957891e-01
4.961080e-01
4.963075e-01
4.967776e-01
4.970160e-01
4.972585e-01
4.973476e-01
4.975136e-01
4.980303e-01
4.981003e-01
4.982992e-01
4.987604e-01
4.989414e-01
4.995982e-01
4.996974e-01
4.998779e-01
5.003390e-01
5.006103e-01
5.006485e-01
5.006701e-01
5.011134e-01
5.011198e-01
5.012020e-01
5.012084e-01
5.015850e-01
5.019695e-01
5.021171e-01
5.023461e-01
5.024695e-01
5.024892e-01
5.033375e-01
5.035458e-01
5.036126e-01
5.040794e-01
5.040874e-01
5.041510e-01
5.043033e-01
5.044199e-01
5.046129e-01
5.050190e-01
5.053386e-01
5.056729e-01
5.057462e-01
5.057811e-01
5.061702e-01
5.066254e-01
5.066864e-01
5.068761e-01
5.071505e-01
5.074758e-01
5.074886e-01
5.076405e-01
5.078427e-01
5.081418e-01
5.082115e-01
5.082270e-01
5.083340e-01
5.090671e-01
5.093101e-01
5.096978e-01
5.104827e-01
5.108565e-01
5.110691e-01
5.112756e-01
5.113385e-01
5.117305e-01
5.119883e-01
5.124070e-01
5.128832e-01
5.130142e-01
5.130479e-01
5.135755e-01
5.137521e-01
5.141071e-01
5.143345e-01
5.147499e-01
5.150645e-01
5.151225e-01
5.161250e-01
5.165103e-01
5.168320e-01
5.168580e-01
5.171561e-01
5.173420e-01
5.177488e-01
5.183162e-01
5.188753e-01
5.190054e-01
5.198603e-01
5.198869e-01
5.201913e-01
5.203315e-01
5.206782e-01
5.208945e-01
5.209937e-01
5.211134e-01
5.217055e-01
5.217367e-01
5.219121e-01
5.228743e-01
5.229591e-01
5.229780e-01
5.230476e-01
5.237517e-01
5.237551e-01
5.241196e-01
5.244805e-01
5.247475e-01
5.251339e-01
5.253089e-01
5.259825e-01
5.260600e-01
5.262441e-01
5.262595e-01
5.264156e-01
5.271234e-01
5.271466e-01
5.277816e-01
5.279277e-01
5.283979e-01
5.284109e-01
5.284317e-01
5.288940e-01
5.294420e-01
5.296429e-01
5.297671e-01
5.298226e-01
5.306393e-01
5.309311e-01
5.312007e-01
5.315335e-01
5.315555e-01
5.317366e-01
5.327057e-01
5.328295e-01
5.331194e-01
5.332669e-01
5.337137e-01
5.342042e-01
5.350759e-01
5.352128e-01
5.354696e-01
5.354877e-01
5.358169e-01
5.359930e-01
5.360537e-01
5.364288e-01
5.367320e-01
5.373999e-01
5.378575e-01
5.380248e-01
5.381546e-01
5.382854e-01
5.385368e-01
5.385428e-01
5.386637e-01
5.390518e-01
5.393082e-01
5.394986e-01
5.397184e-01
5.402938e-01
5.404539e-01
5.408101e-01
5.412179e-01
5.413534e-01
5.414050e-01
5.421529e-01
5.424999e-01
5.426550e-01
5.430194e-01
5.433868e-01
5.436285e-01
5.437398e-01
5.442218e-01
5.442434e-01
5.443885e-01
5.445434e-01
5.454049e-01
5.454621e-01
5.456489e-01
5.456854e-01
5.458593e-01
5.464207e-01
5.467542e-01
5.470765e-01
5.470952e-01
5.472671e-01
5.474972e-01
5.482050e-01
5.482063e-01
5.484100e-01
5.484475e-01
5.486334e-01
5.486731e-01
5.487250e-01
5.491944e-01
5.500926e-01
5.502595e-01
5.509939e-01
5.512906e-01
5.513458e-01
5.513837e-01
5.515489e-01
5.522798e-01
5.523903e-01
5.528202e-01
5.534816e-01
5.537253e-01
5.539441e-01
5.541030e-01
5.543487e-01
5.546317e-01
5.550031e-01
5.551927e-01
5.553431e-01
5.559911e-01
5.559946e-01
5.561620e-01
5.566491e-01
5.567008e-01
5.568510e-01
5.574363e-01
5.574498e-01
5.575404e-01
5.580226e-01
5.584612e-01
5.585368e-01
5.590746e-01
5.594027e-01
5.594210e-01
5.594705e-01
5.603399e-01
5.607947e-01
5.611452e-01
5.614427e-01
5.619248e-01
5.623189e-01
5.625091e-01
5.625198e-01
5.632418e-01
5.632635e-01
5.633893e-01
5.640168e-01
5.647446e-01
5.652949e-01
5.655985e-01
5.660096e-01
5.672428e-01
5.680388e-01
5.682175e-01
5.684959e-01
5.689759e-01
5.691184e-01
5.700489e-01
5.700882e-01
5.708070e-01
5.709333e-01
5.709380e-01
5.711539e-01
5.716926e-01
5.718564e-01
5.719891e-01
5.722257e-01
5.729394e-01
5.731107e-01
5.737298e-01
5.737421e-01
5.738329e-01
5.747911e-01
5.748815e-01
5.750421e-01
5.753502e-01
5.758232e-01
5.764642e-01
5.765080e-01
5.765196e-01
5.771258e-01
5.772452e-01
5.772606e-01
5.779945e-01
5.780630e-01
5.793712e-01
5.801090e-01
5.802862e-01
5.806484e-01
5.806611e-01
5.812732e-01
5.814322e-01
5.818836e-01
5.821780e-01
5.823384e-01
5.827337e-01
5.828066e-01
5.829855e-01
5.843412e-01
5.845121e-01
5.851970e-01
5.852433e-01
5.855667e-01
5.855720e-01
5.859788e-01
5.872547e-01
5.872673e-01
5.877864e-01
5.880349e-01
5.880524e-01
5.881700e-01
5.886660e-01
5.889762e-01
5.896555e-01
5.897647e-01
5.900143e-01
5.901597e-01
5.902081e-01
5.908264e-01
5.909788e-01
5.913936e-01
5.918693e-01
5.921700e-01
5.925316e-01
5.927398e-01
5.928513e-01
5.929556e-01
5.938686e-01
5.939365e-01
5.941660e-01
5.947228e-01
5.951975e-01
5.953132e-01
5.955888e-01
5.959660e-01
5.960064e-01
5.963990e-01
5.965257e-01
5.967912e-01
5.971519e-01
5.978041e-01
5.981638e-01
5.982946e-01
5.985432e-01
5.987972e-01
5.991786e-01
5.995558e-01
5.996121e-01
6.007315e-01
6.008675e-01
6.015755e-01
6.017672e-01
6.017963e-01
6.021670e-01
6.025107e-01
6.027890e-01
6.032606e-01
6.034422e-01
6.035335e-01
6.037981e-01
6.038610e-01
6.048015e-01
6.054024e-01
6.054679e-01
6.056386e-01
6.063254e-01
6.063710e-01
6.064027e-01
6.066612e-01
6.072390e-01
6.076959e-01
6.080785e-01
6.084146e-01
6.092383e-01
6.096992e-01
6.098072e-01
6.098626e-01
6.104977e-01
6.105993e-01
6.107043e-01
6.109436e-01
6.109994e-01
6.114232e-01
6.114662e-01
6.116677e-01
6.122369e-01
6.126416e-01
6.127613e-01
6.130118e-01
6.136718e-01
6.141647e-01
6.147127e-01
6.148645e-01
6.152380e-01
6.156186e-01
6.160127e-01
6.166458e-01
6.168512e-01
6.175131e-01
6.176670e-01
6.180357e-01
6.181482e-01
6.183395e-01
6.192238e-01
6.193501e-01
6.202271e-01
6.205308e-01
6.213096e-01
6.217614e-01
6.221833e-01
6.224295e-01
6.235619e-01
6.242994e-01
6.246630e-01
6.252830e-01
6.256058e-01
6.256276e-01
6.267681e-01
6.279554e-01
6.286860e-01
6.289920e-01
6.294246e-01
6.297166e-01
6.300628e-01
6.300667e-01
6.303412e-01
6.309423e-01
6.310937e-01
6.313482e-01
6.324684e-01
6.328255e-01
6.332863e-01
6.336364e-01
6.340059e-01
6.342878e-01
6.348781e-01
6.354471e-01
6.360030e-01
6.361300e-01
6.361470e-01
6.364716e-01
6.366275e-01
6.374132e-01
6.375999e-01
6.380759e-01
6.386977e-01
6.389672e-01
6.390919e-01
6.397785e-01
6.399472e-01
6.403671e-01
6.414370e-01
6.418801e-01
6.423153e-01
6.430543e-01
6.435451e-01
6.439368e-01
6.442591e-01
6.444308e-01
6.448257e-01
6.448939e-01
6.461710e-01
6.463550e-01
6.467908e-01
6.468095e-01
6.476864e-01
6.484434e-01
6.486745e-01
6.487291e-01
6.495906e-01
6.495979e-01
6.503746e-01
6.508749e-01
6.515448e-01
6.519592e-01
6.532970e-01
6.537367e-01
6.543976e-01
6.545011e-01
6.546383e-01
6.548667e-01
6.549746e-01
6.550933e-01
6.552101e-01
6.556409e-01
6.556712e-01
6.571926e-01
6.571933e-01
6.574961e-01
6.578326e-01
6.579876e-01
6.585040e-01
6.592330e-01
6.592860e-01
6.595257e-01
6.595578e-01
6.597176e-01
6.601557e-01
6.602773e-01
6.604476e-01
6.611055e-01
6.612402e-01
6.613491e-01
6.615997e-01
6.617297e-01
6.617780e-01
6.618111e-01
6.620717e-01
6.620990e-01
6.632606e-01
6.634252e-01
6.640572e-01
6.643465e-01
6.649270e-01
6.650598e-01
6.659512e-01
6.662787e-01
6.664349e-01
6.665642e-01
6.674226e-01
6.682976e-01
6.684649e-01
6.696040e-01
6.700039e-01
6.707367e-01
6.708048e-01
6.708660e-01
6.708677e-01
6.714029e-01
6.717236e-01
6.719987e-01
6.727280e-01
6.733886e-01
6.736775e-01
6.736827e-01
6.739584e-01
6.743138e-01
6.748311e-01
6.753264e-01
6.754867e-01
6.755908e-01
6.756165e-01
6.762246e-01
6.763446e-01
6.766708e-01
6.772807e-01
6.778445e-01
6.780046e-01
6.782951e-01
6.784753e-01
6.786067e-01
6.786658e-01
6.795576e-01
6.798513e-01
6.802404e-01
6.802825e-01
6.806045e-01
6.817646e-01
6.819298e-01
6.820869e-01
6.824146e-01
6.824971e-01
6.826232e-01
6.831581e-01
6.831833e-01
6.834839e-01
6.835462e-01
6.838339e-01
6.844098e-01
6.845052e-01
6.847749e-01
6.849138e-01
6.852779e-01
6.852782e-01
6.853422e-01
6.855062e-01
6.863866e-01
6.864114e-01
6.864595e-01
6.864608e-01
6.869833e-01
6.871016e-01
6.874236e-01
6.876535e-01
6.877454e-01
6.881682e-01
6.882925e-01
6.882972e-01
6.883043e-01
6.885589e-01
6.886235e-01
6.889362e-01
6.890313e-01
6.891463e-01
6.895530e-01
6.899635e-01
6.900893e-01
6.903544e-01
6.905686e-01
6.906377e-01
6.906634e-01
6.908248e-01
6.910601e-01
6.914085e-01
6.916520e-01
6.917485e-01
6.921339e-01
6.925825e-01
6.927952e-01
6.929225e-01
6.930275e-01
6.932643e-01
6.937064e-01
6.937291e-01
6.939015e-01
6.940967e-01
6.942160e-01
6.942395e-01
6.943613e-01
6.945147e-01
6.946109e-01
6.946414e-01
6.947571e-01
6.948863e-01
6.949894e-01
6.952079e-01
6.952905e-01
6.954499e-01
6.956637e-01
6.958907e-01
6.962088e-01
6.962804e-01
6.963398e-01
6.970237e-01
6.970665e-01
6.971688e-01
6.971776e-01
6.977332e-01
6.977987e-01
6.980398e-01
6.983465e-01
6.987195e-01
6.987945e-01
6.990749e-01
6.990902e-01
6.992406e-01
6.998063e-01
6.999139e-01
6.999297e-01
7.001224e-01
7.002397e-01
7.006876e-01
7.007713e-01
7.014517e-01
7.018851e-01
7.025858e-01
7.027204e-01
7.031234e-01
7.032902e-01
7.034362e-01
7.036091e-01
7.038823e-01
7.041181e-01
7.044343e-01
7.048483e-01
7.050237e-01
7.050991e-01
7.052502e-01
7.058375e-01
7.060270e-01
7.061317e-01
7.062712e-01
7.066132e-01
7.069859e-01
7.072341e-01
7.075425e-01
7.075654e-01
7.081296e-01
7.081739e-01
7.082267e-01
7.084252e-01
7.092428e-01
7.093744e-01
7.095150e-01
7.097310e-01
7.099398e-01
7.103437e-01
7.106995e-01
7.109096e-01
7.110906e-01
7.111769e-01
7.112061e-01
7.117490e-01
7.117589e-01
7.122657e-01
7.125265e-01
7.127665e-01
7.129562e-01
7.138292e-01
7.139696e-01
7.140512e-01
7.147451e-01
7.148181e-01
7.152468e-01
7.155744e-01
7.157886e-01
7.158258e-01
7.163342e-01
7.173639e-01
7.186591e-01
7.187902e-01
7.188985e-01
7.195910e-01
7.198988e-01
7.199216e-01
7.202404e-01
7.209130e-01
7.209734e-01
7.219459e-01
7.219610e-01
7.220525e-01
7.223087e-01
7.228742e-01
7.229366e-01
7.236575e-01
7.253740e-01
7.254447e-01
7.259885e-01
7.262669e-01
7.263406e-01
7.265684e-01
7.278788e-01
7.281429e-01
7.287035e-01
7.287490e-01
7.287827e-01
7.295087e-01
7.296181e-01
7.297243e-01
7.302326e-01
7.306444e-01
7.309447e-01
7.315709e-01
7.318780e-01
7.322080e-01
7.326449e-01
7.328028e-01
7.340897e-01
7.347364e-01
7.348099e-01
7.355214e-01
7.355823e-01
7.366895e-01
7.367666e-01
7.370334e-01
7.370744e-01
7.379701e-01
7.381187e-01
7.393137e-01
7.395777e-01
7.402076e-01
7.403025e-01
7.413906e-01
7.415967e-01
7.430863e-01
7.440134e-01
7.441523e-01
7.442626e-01
7.446744e-01
7.449247e-01
7.449869e-01
7.456936e-01
7.463796e-01
7.464429e-01
7.465103e-01
7.482471e-01
7.488913e-01
7.489352e-01
7.489808e-01
7.499371e-01
7.510589e-01
7.536406e-01
7.537568e-01
7.538690e-01
7.546901e-01
7.549553e-01
7.555409e-01
7.563991e-01
7.564316e-01
7.565090e-01
7.569077e-01
7.573948e-01
7.590414e-01
7.606544e-01
7.618426e-01
7.646219e-01
7.656668e-01
7.661197e-01
7.664797e-01
7.670124e-01
7.677393e-01
7.685110e-01
7.691265e-01
7.694399e-01
7.694687e-01
7.696823e-01
7.697625e-01
7.698780e-01
7.704625e-01
7.719851e-01
7.721235e-01
7.728747e-01
7.728840e-01
7.742084e-01
7.748852e-01
7.755477e-01
7.755479e-01
7.757101e-01
7.769831e-01
7.786962e-01
7.787306e-01
7.794885e-01
7.798792e-01
7.811978e-01
7.814233e-01
7.815228e-01
7.817044e-01
7.819194e-01
7.829330e-01
7.833630e-01
7.837480e-01
7.840495e-01
7.865806e-01
7.878764e-01
7.899627e-01
7.907758e-01
7.934010e-01
7.935819e-01
7.940184e-01
7.966296e-01
8.004871e-01
8.007341e-01
8.012676e-01
8.017632e-01
8.018636e-01
8.020311e-01
8.028201e-01
8.033659e-01
8.053986e-01
8.081343e-01
8.081410e-01
8.091615e-01
8.100432e-01
8.112370e-01
8.131575e-01
8.139710e-01
8.148426e-01
8.162810e-01
8.189700e-01
8.191694e-01
8.192893e-01
8.202669e-01
8.203584e-01
8.214226e-01
8.222590e-01
8.224449e-01
8.238027e-01
8.239180e-01
8.243165e-01
8.261012e-01
8.262431e-01
8.262746e-01
8.270294e-01
8.270668e-01
8.271862e-01
8.288867e-01
8.289739e-01
8.290856e-01
8.304301e-01
8.313069e-01
8.330827e-01
8.339830e-01
8.351869e-01
8.370144e-01
8.374827e-01
8.394031e-01
8.396675e-01
8.418748e-01
8.432028e-01
8.432360e-01
8.438627e-01
8.445068e-01
8.448386e-01
8.459254e-01
8.487219e-01
8.488192e-01
8.506956e-01
8.522875e-01
8.523752e-01
8.524873e-01
8.525385e-01
8.534686e-01
8.535229e-01
8.556164e-01
8.561275e-01
8.577249e-01
8.590769e-01
8.604828e-01
8.636754e-01
8.642144e-01
8.650713e-01
8.657829e-01
8.663840e-01
8.667935e-01
8.668062e-01
8.678997e-01
8.691833e-01
8.716606e-01
8.717410e-01
8.721736e-01
8.731622e-01
8.746918e-01
8.747451e-01
8.751787e-01
8.763786e-01
8.809184e-01
8.809366e-01
8.819016e-01
8.820269e-01
8.825431e-01
8.829319e-01
8.839127e-01
8.851497e-01
8.868572e-01
8.883391e-01
8.888388e-01
8.888785e-01
8.934757e-01
8.936431e-01
8.940649e-01
8.959223e-01
8.959728e-01
8.959818e-01
8.960760e-01
8.966080e-01
8.982707e-01
8.987521e-01
9.022665e-01
9.023199e-01
9.111788e-01
9.112111e-01
9.141362e-01
9.146502e-01
9.155136e-01
9.157078e-01
9.199334e-01
9.200075e-01
9.252141e-01
9.266606e-01
9.273794e-01
9.285000e-01
9.331209e-01
9.336508e-01
9.395920e-01
9.396571e-01
9.553541e-01
9.553579e-01
9.579252e-01
9.580887e-01
9.625285e-01
9.625365e-01
9.723251e-01
9.723428e-01
9.790961e-01
9.791714e-01
9.999914e-01
1.000000e+00
