# SF-29 N2 candidate (i) i0 field=gauss_ch eps=0.25 N=12: sorted relative singular values of the dense central-FD Jacobian at the final_iterate state (rows F_i=-q(L_i-S_i); smax=2.717852e+03)
5.553597e-06
7.615228e-06
1.306536e-05
1.504986e-05
2.279999e-05
4.066902e-05
4.983954e-05
6.973739e-05
7.384488e-05
8.075545e-05
9.937570e-05
1.123439e-04
1.298844e-04
1.733295e-04
1.933852e-04
2.382227e-04
2.810644e-04
2.963681e-04
3.251782e-04
3.475933e-04
3.707568e-04
3.747534e-04
4.316236e-04
4.414840e-04
4.769749e-04
5.266231e-04
5.593554e-04
6.566634e-04
6.774386e-04
7.002476e-04
8.121075e-04
8.382429e-04
8.880210e-04
9.425784e-04
9.682189e-04
1.033172e-03
1.105648e-03
1.165138e-03
1.330832e-03
1.348600e-03
1.424728e-03
1.497895e-03
1.631259e-03
1.696114e-03
1.808341e-03
1.830247e-03
1.934790e-03
1.992824e-03
2.110226e-03
2.251744e-03
2.401421e-03
2.502800e-03
2.579244e-03
2.621987e-03
2.735574e-03
2.841868e-03
2.971921e-03
3.096287e-03
3.351168e-03
3.530662e-03
3.804828e-03
3.877736e-03
4.010135e-03
4.139779e-03
4.191505e-03
4.336282e-03
4.527212e-03
4.568593e-03
4.609261e-03
4.750469e-03
4.814993e-03
4.872618e-03
5.020188e-03
5.129988e-03
5.186845e-03
5.350345e-03
5.446296e-03
5.488087e-03
5.587422e-03
5.697389e-03
5.779664e-03
5.839091e-03
5.928062e-03
5.977773e-03
6.016513e-03
6.109253e-03
6.188196e-03
6.365585e-03
6.473777e-03
6.504592e-03
6.673881e-03
6.709316e-03
6.909655e-03
7.003939e-03
7.017461e-03
7.097134e-03
7.317951e-03
7.355065e-03
7.437863e-03
7.548319e-03
7.768608e-03
7.860115e-03
7.953078e-03
8.056863e-03
8.111711e-03
8.197009e-03
8.270964e-03
8.378378e-03
8.501676e-03
8.582349e-03
8.638998e-03
8.796650e-03
8.918703e-03
8.974256e-03
9.065995e-03
9.166892e-03
9.357773e-03
9.418972e-03
9.516811e-03
9.657841e-03
9.710108e-03
9.887067e-03
9.898629e-03
1.021965e-02
1.031356e-02
1.039233e-02
1.054357e-02
1.058404e-02
1.086963e-02
1.093907e-02
1.127071e-02
1.137174e-02
1.145145e-02
1.181042e-02
1.193566e-02
1.210614e-02
1.218938e-02
1.244143e-02
1.253996e-02
1.269053e-02
1.309023e-02
1.342211e-02
1.350032e-02
1.372984e-02
1.385527e-02
1.405262e-02
1.410194e-02
1.415785e-02
1.459239e-02
1.483538e-02
1.491530e-02
1.496735e-02
1.518953e-02
1.525374e-02
1.540627e-02
1.559253e-02
1.579775e-02
1.582000e-02
1.605310e-02
1.606800e-02
1.627874e-02
1.630656e-02
1.639367e-02
1.645915e-02
1.662390e-02
1.677551e-02
1.683795e-02
1.685025e-02
1.694921e-02
1.706190e-02
1.711238e-02
1.730434e-02
1.730594e-02
1.749550e-02
1.758456e-02
1.770888e-02
1.775960e-02
1.784480e-02
1.791120e-02
1.795101e-02
1.818100e-02
1.834510e-02
1.837510e-02
1.844987e-02
1.859918e-02
1.871048e-02
1.892563e-02
1.898108e-02
1.900015e-02
1.907178e-02
1.926954e-02
1.932508e-02
1.956931e-02
1.959065e-02
1.975470e-02
1.980491e-02
1.990071e-02
2.003374e-02
2.019383e-02
2.026453e-02
2.040464e-02
2.048956e-02
2.064698e-02
2.081404e-02
2.085461e-02
2.110221e-02
2.122195e-02
2.137259e-02
2.153341e-02
2.160094e-02
2.188701e-02
2.192956e-02
2.198133e-02
2.215869e-02
2.221004e-02
2.244225e-02
2.248504e-02
2.251987e-02
2.276426e-02
2.300129e-02
2.303154e-02
2.310018e-02
2.327919e-02
2.335428e-02
2.350533e-02
2.382095e-02
2.387999e-02
2.404237e-02
2.414973e-02
2.438402e-02
2.448692e-02
2.466116e-02
2.505974e-02
2.523632e-02
2.571119e-02
2.582331e-02
2.601825e-02
2.635082e-02
2.648146e-02
2.664635e-02
2.695520e-02
2.707899e-02
2.723948e-02
2.735826e-02
2.768215e-02
2.783792e-02
2.807912e-02
2.816996e-02
2.825188e-02
2.831782e-02
2.845788e-02
2.871206e-02
2.896560e-02
2.902512e-02
2.912092e-02
2.920839e-02
2.935460e-02
2.954159e-02
2.964204e-02
2.981456e-02
3.003041e-02
3.016376e-02
3.026508e-02
3.032057e-02
3.043471e-02
3.055733e-02
3.068262e-02
3.080199e-02
3.091647e-02
3.099226e-02
3.109883e-02
3.114126e-02
3.131704e-02
3.149983e-02
3.158752e-02
3.173355e-02
3.179762e-02
3.200096e-02
3.215941e-02
3.234572e-02
3.237520e-02
3.257534e-02
3.261806e-02
3.268728e-02
3.271587e-02
3.297093e-02
3.301090e-02
3.310012e-02
3.334911e-02
3.338347e-02
3.347906e-02
3.362168e-02
3.379526e-02
3.385547e-02
3.395355e-02
3.402716e-02
3.427241e-02
3.450656e-02
3.461224e-02
3.472526e-02
3.477415e-02
3.493855e-02
3.500405e-02
3.512434e-02
3.534181e-02
3.540150e-02
3.565991e-02
3.577709e-02
3.592581e-02
3.599373e-02
3.608847e-02
3.629694e-02
3.639938e-02
3.644887e-02
3.657053e-02
3.688149e-02
3.692942e-02
3.707389e-02
3.731252e-02
3.745045e-02
3.753816e-02
3.771311e-02
3.775236e-02
3.799561e-02
3.817606e-02
3.838524e-02
3.862729e-02
3.875075e-02
3.889972e-02
3.896463e-02
3.906169e-02
3.917948e-02
3.931220e-02
3.935443e-02
3.953339e-02
3.966395e-02
3.983055e-02
4.001709e-02
4.014458e-02
4.025634e-02
4.039170e-02
4.043770e-02
4.071197e-02
4.091045e-02
4.109646e-02
4.132004e-02
4.148482e-02
4.157028e-02
4.173233e-02
4.195346e-02
4.210249e-02
4.217908e-02
4.250095e-02
4.259692e-02
4.267201e-02
4.283480e-02
4.302040e-02
4.328888e-02
4.341316e-02
4.352122e-02
4.373860e-02
4.389560e-02
4.402296e-02
4.414377e-02
4.416144e-02
4.458937e-02
4.463710e-02
4.479855e-02
4.490866e-02
4.510667e-02
4.531958e-02
4.538168e-02
4.560260e-02
4.575861e-02
4.588726e-02
4.607425e-02
4.615621e-02
4.633045e-02
4.658485e-02
4.675443e-02
4.683289e-02
4.690809e-02
4.707149e-02
4.735372e-02
4.749970e-02
4.760068e-02
4.766313e-02
4.779395e-02
4.790240e-02
4.836750e-02
4.841647e-02
4.862852e-02
4.875782e-02
4.896402e-02
4.901984e-02
4.924440e-02
4.943865e-02
4.951955e-02
4.962694e-02
4.973710e-02
4.994229e-02
5.015148e-02
5.032933e-02
5.050867e-02
5.055828e-02
5.064905e-02
5.082899e-02
5.090912e-02
5.133458e-02
5.141259e-02
5.150144e-02
5.170914e-02
5.179594e-02
5.193608e-02
5.215626e-02
5.226276e-02
5.246958e-02
5.254805e-02
5.270888e-02
5.299034e-02
5.306842e-02
5.323895e-02
5.336364e-02
5.344598e-02
5.364078e-02
5.380425e-02
5.388895e-02
5.399610e-02
5.403200e-02
5.421683e-02
5.436491e-02
5.450850e-02
5.458419e-02
5.471740e-02
5.478031e-02
5.512047e-02
5.519945e-02
5.522012e-02
5.538171e-02
5.543327e-02
5.575410e-02
5.582079e-02
5.595348e-02
5.605202e-02
5.611080e-02
5.626611e-02
5.644160e-02
5.663271e-02
5.668746e-02
5.681429e-02
5.697956e-02
5.700882e-02
5.711835e-02
5.731927e-02
5.742921e-02
5.746848e-02
5.754176e-02
5.777823e-02
5.786288e-02
5.793450e-02
5.807732e-02
5.822268e-02
5.833494e-02
5.862923e-02
5.869121e-02
5.888552e-02
5.899218e-02
5.907100e-02
5.920136e-02
5.937962e-02
5.943453e-02
5.954382e-02
5.960555e-02
5.992507e-02
5.993557e-02
6.007279e-02
6.030366e-02
6.036380e-02
6.039905e-02
6.051898e-02
6.064564e-02
6.078257e-02
6.081067e-02
6.100486e-02
6.114270e-02
6.122484e-02
6.130208e-02
6.148123e-02
6.162221e-02
6.188685e-02
6.207659e-02
6.216522e-02
6.226940e-02
6.238109e-02
6.261840e-02
6.276035e-02
6.287658e-02
6.289035e-02
6.315098e-02
6.336143e-02
6.350606e-02
6.366781e-02
6.376834e-02
6.389007e-02
6.399217e-02
6.421888e-02
6.428538e-02
6.438287e-02
6.478207e-02
6.486080e-02
6.493792e-02
6.497320e-02
6.516849e-02
6.529894e-02
6.559829e-02
6.580725e-02
6.591039e-02
6.612712e-02
6.615738e-02
6.640095e-02
6.643261e-02
6.658373e-02
6.678503e-02
6.690842e-02
6.696813e-02
6.710378e-02
6.718827e-02
6.729963e-02
6.734556e-02
6.759952e-02
6.768879e-02
6.789885e-02
6.811259e-02
6.818461e-02
6.830216e-02
6.847403e-02
6.854572e-02
6.868485e-02
6.876912e-02
6.891888e-02
6.897468e-02
6.904566e-02
6.926333e-02
6.934042e-02
6.956090e-02
6.968460e-02
6.971392e-02
6.999282e-02
7.001388e-02
7.010590e-02
7.029659e-02
7.036895e-02
7.049543e-02
7.056644e-02
7.062232e-02
7.076953e-02
7.102289e-02
7.121732e-02
7.137523e-02
7.153969e-02
7.171346e-02
7.176104e-02
7.192051e-02
7.198826e-02
7.222958e-02
7.229860e-02
7.242364e-02
7.249769e-02
7.269760e-02
7.282898e-02
7.300732e-02
7.316733e-02
7.327302e-02
7.332850e-02
7.344742e-02
7.371957e-02
7.380653e-02
7.390938e-02
7.404042e-02
7.414810e-02
7.431979e-02
7.471633e-02
7.473465e-02
7.497101e-02
7.502601e-02
7.513191e-02
7.524364e-02
7.537761e-02
7.561793e-02
7.579554e-02
7.596744e-02
7.609696e-02
7.627899e-02
7.631517e-02
7.643115e-02
7.646893e-02
7.651918e-02
7.663341e-02
7.680545e-02
7.714113e-02
7.722898e-02
7.729433e-02
7.734505e-02
7.739722e-02
7.779948e-02
7.782151e-02
7.808781e-02
7.815763e-02
7.822764e-02
7.839731e-02
7.850706e-02
7.855450e-02
7.882888e-02
7.892831e-02
7.904150e-02
7.911864e-02
7.924101e-02
7.938874e-02
7.953559e-02
7.959572e-02
7.968870e-02
7.999947e-02
8.006712e-02
8.010619e-02
8.025569e-02
8.032740e-02
8.062441e-02
8.069861e-02
8.080245e-02
8.092482e-02
8.110620e-02
8.134627e-02
8.151271e-02
8.160721e-02
8.178020e-02
8.199010e-02
8.217123e-02
8.230824e-02
8.238999e-02
8.255202e-02
8.271880e-02
8.275022e-02
8.298292e-02
8.311138e-02
8.323758e-02
8.336128e-02
8.342796e-02
8.359554e-02
8.374164e-02
8.389840e-02
8.399828e-02
8.417146e-02
8.419455e-02
8.441336e-02
8.449816e-02
8.464085e-02
8.470918e-02
8.477897e-02
8.493417e-02
8.518528e-02
8.526462e-02
8.554582e-02
8.570641e-02
8.572939e-02
8.594536e-02
8.598726e-02
8.607502e-02
8.625060e-02
8.637550e-02
8.647279e-02
8.661399e-02
8.688608e-02
8.690998e-02
8.710670e-02
8.721299e-02
8.741255e-02
8.742577e-02
8.772804e-02
8.775534e-02
8.780192e-02
8.804796e-02
8.810235e-02
8.844614e-02
8.857719e-02
8.871332e-02
8.884534e-02
8.891718e-02
8.895210e-02
8.911109e-02
8.922511e-02
8.946915e-02
8.950214e-02
8.961007e-02
8.967901e-02
8.981987e-02
9.004611e-02
9.018017e-02
9.028809e-02
9.033903e-02
9.045140e-02
9.067844e-02
9.082092e-02
9.084966e-02
9.103509e-02
9.111845e-02
9.138009e-02
9.140783e-02
9.159488e-02
9.162704e-02
9.181700e-02
9.202173e-02
9.209705e-02
9.219705e-02
9.238727e-02
9.245659e-02
9.262085e-02
9.289032e-02
9.303886e-02
9.314117e-02
9.321101e-02
9.338500e-02
9.348884e-02
9.354176e-02
9.380287e-02
9.411911e-02
9.414701e-02
9.420674e-02
9.433991e-02
9.442665e-02
9.456186e-02
9.467260e-02
9.493490e-02
9.506939e-02
9.511570e-02
9.521518e-02
9.539902e-02
9.556554e-02
9.562895e-02
9.580571e-02
9.585750e-02
9.600517e-02
9.619880e-02
9.630046e-02
9.645301e-02
9.663907e-02
9.683069e-02
9.692611e-02
9.718002e-02
9.724446e-02
9.735423e-02
9.749625e-02
9.758725e-02
9.777351e-02
9.782977e-02
9.799307e-02
9.821644e-02
9.832452e-02
9.851562e-02
9.865733e-02
9.870684e-02
9.879577e-02
9.886886e-02
9.914580e-02
9.916301e-02
9.927182e-02
9.948054e-02
9.953253e-02
9.970709e-02
9.971185e-02
9.975630e-02
9.985454e-02
1.001296e-01
1.002583e-01
1.003630e-01
1.006224e-01
1.006304e-01
1.007949e-01
1.009460e-01
1.011967e-01
1.012549e-01
1.013085e-01
1.014478e-01
1.015431e-01
1.016977e-01
1.018916e-01
1.019740e-01
1.021454e-01
1.021583e-01
1.022255e-01
1.024473e-01
1.024821e-01
1.025753e-01
1.027224e-01
1.029677e-01
1.029688e-01
1.032374e-01
1.033062e-01
1.034447e-01
1.035408e-01
1.037835e-01
1.039223e-01
1.039486e-01
1.041345e-01
1.041879e-01
1.043038e-01
1.043406e-01
1.045132e-01
1.046945e-01
1.048351e-01
1.048877e-01
1.050147e-01
1.051326e-01
1.052477e-01
1.053161e-01
1.055088e-01
1.056536e-01
1.058404e-01
1.059211e-01
1.060898e-01
1.062159e-01
1.063537e-01
1.064525e-01
1.065767e-01
1.067606e-01
1.068408e-01
1.070093e-01
1.071118e-01
1.073111e-01
1.074636e-01
1.075061e-01
1.076555e-01
1.077086e-01
1.078627e-01
1.079518e-01
1.081382e-01
1.081722e-01
1.082930e-01
1.084677e-01
1.085217e-01
1.087226e-01
1.088343e-01
1.089409e-01
1.090074e-01
1.091530e-01
1.091965e-01
1.093827e-01
1.094938e-01
1.095659e-01
1.098739e-01
1.099694e-01
1.100377e-01
1.101597e-01
1.102378e-01
1.103831e-01
1.105210e-01
1.105936e-01
1.106895e-01
1.109433e-01
1.110155e-01
1.110982e-01
1.111942e-01
1.114399e-01
1.114836e-01
1.116255e-01
1.117876e-01
1.118189e-01
1.119543e-01
1.120951e-01
1.122573e-01
1.123724e-01
1.124860e-01
1.125692e-01
1.126263e-01
1.129154e-01
1.130044e-01
1.131540e-01
1.132282e-01
1.133281e-01
1.134191e-01
1.134826e-01
1.136418e-01
1.138439e-01
1.140022e-01
1.140704e-01
1.142472e-01
1.143717e-01
1.144766e-01
1.145346e-01
1.148268e-01
1.149107e-01
1.149997e-01
1.150475e-01
1.151624e-01
1.152041e-01
1.153694e-01
1.154749e-01
1.156526e-01
1.156806e-01
1.160331e-01
1.161140e-01
1.161838e-01
1.162185e-01
1.164008e-01
1.164537e-01
1.166497e-01
1.167421e-01
1.168865e-01
1.169937e-01
1.171906e-01
1.172511e-01
1.173568e-01
1.174907e-01
1.175615e-01
1.176456e-01
1.178353e-01
1.178824e-01
1.179583e-01
1.180177e-01
1.181920e-01
1.182977e-01
1.184598e-01
1.185842e-01
1.188235e-01
1.188843e-01
1.190604e-01
1.191211e-01
1.192504e-01
1.193753e-01
1.194371e-01
1.195991e-01
1.196649e-01
1.198382e-01
1.199311e-01
1.200891e-01
1.201191e-01
1.202267e-01
1.203567e-01
1.204567e-01
1.206017e-01
1.207461e-01
1.208923e-01
1.209917e-01
1.211044e-01
1.211967e-01
1.212319e-01
1.212536e-01
1.214462e-01
1.216983e-01
1.217719e-01
1.219926e-01
1.220114e-01
1.220950e-01
1.221262e-01
1.223116e-01
1.224667e-01
1.225465e-01
1.226964e-01
1.229031e-01
1.230062e-01
1.230690e-01
1.232019e-01
1.232356e-01
1.234906e-01
1.235368e-01
1.236534e-01
1.237729e-01
1.238807e-01
1.240059e-01
1.240756e-01
1.242596e-01
1.243014e-01
1.244879e-01
1.246211e-01
1.247264e-01
1.247805e-01
1.249313e-01
1.249603e-01
1.251129e-01
1.252544e-01
1.253495e-01
1.254477e-01
1.257457e-01
1.258372e-01
1.259571e-01
1.260002e-01
1.262437e-01
1.263435e-01
1.264402e-01
1.264915e-01
1.266378e-01
1.266719e-01
1.267720e-01
1.269663e-01
1.272320e-01
1.272639e-01
1.273600e-01
1.274314e-01
1.275381e-01
1.276247e-01
1.278178e-01
1.278901e-01
1.281385e-01
1.281778e-01
1.283040e-01
1.283735e-01
1.284820e-01
1.285457e-01
1.287041e-01
1.288474e-01
1.288603e-01
1.289473e-01
1.291279e-01
1.293981e-01
1.294478e-01
1.294928e-01
1.296247e-01
1.296658e-01
1.297204e-01
1.299086e-01
1.300255e-01
1.302773e-01
1.303164e-01
1.304838e-01
1.306125e-01
1.306696e-01
1.307854e-01
1.309005e-01
1.311132e-01
1.312235e-01
1.312899e-01
1.313832e-01
1.315289e-01
1.316185e-01
1.316650e-01
1.317554e-01
1.318054e-01
1.319397e-01
1.321146e-01
1.323705e-01
1.324478e-01
1.325059e-01
1.326155e-01
1.327320e-01
1.329040e-01
1.330110e-01
1.330853e-01
1.331367e-01
1.333130e-01
1.333605e-01
1.335334e-01
1.336828e-01
1.337179e-01
1.338645e-01
1.339904e-01
1.340313e-01
1.341394e-01
1.342993e-01
1.344107e-01
1.345212e-01
1.345887e-01
1.347035e-01
1.348154e-01
1.349169e-01
1.350469e-01
1.350641e-01
1.352716e-01
1.353567e-01
1.354836e-01
1.355280e-01
1.356605e-01
1.357165e-01
1.357970e-01
1.359468e-01
1.360614e-01
1.362435e-01
1.363033e-01
1.363472e-01
1.365563e-01
1.365928e-01
1.367054e-01
1.367588e-01
1.368452e-01
1.369903e-01
1.371009e-01
1.372710e-01
1.374119e-01
1.375283e-01
1.376175e-01
1.376697e-01
1.377589e-01
1.379231e-01
1.381783e-01
1.382309e-01
1.383483e-01
1.383928e-01
1.385108e-01
1.386007e-01
1.386626e-01
1.389619e-01
1.389667e-01
1.390796e-01
1.392800e-01
1.392984e-01
1.394720e-01
1.395367e-01
1.396228e-01
1.397268e-01
1.398936e-01
1.399828e-01
1.400149e-01
1.402785e-01
1.403328e-01
1.404196e-01
1.405041e-01
1.405557e-01
1.407271e-01
1.407454e-01
1.408642e-01
1.410154e-01
1.411281e-01
1.412805e-01
1.413448e-01
1.414043e-01
1.415457e-01
1.415631e-01
1.418118e-01
1.420311e-01
1.420729e-01
1.421685e-01
1.423152e-01
1.424332e-01
1.425577e-01
1.426306e-01
1.427020e-01
1.428421e-01
1.430287e-01
1.432675e-01
1.432799e-01
1.434066e-01
1.434656e-01
1.435415e-01
1.437419e-01
1.438111e-01
1.439741e-01
1.440728e-01
1.441097e-01
1.441631e-01
1.442855e-01
1.445246e-01
1.445539e-01
1.445768e-01
1.446656e-01
1.447719e-01
1.450047e-01
1.450767e-01
1.452025e-01
1.453134e-01
1.453600e-01
1.455185e-01
1.456700e-01
1.457259e-01
1.458279e-01
1.461053e-01
1.462092e-01
1.462686e-01
1.463682e-01
1.464823e-01
1.465325e-01
1.465910e-01
1.467857e-01
1.468150e-01
1.469119e-01
1.469805e-01
1.471088e-01
1.472402e-01
1.474349e-01
1.475583e-01
1.476294e-01
1.477674e-01
1.478690e-01
1.480066e-01
1.480896e-01
1.482789e-01
1.483546e-01
1.484059e-01
1.484965e-01
1.487659e-01
1.488134e-01
1.488844e-01
1.489827e-01
1.492343e-01
1.492511e-01
1.494584e-01
1.495643e-01
1.496484e-01
1.498572e-01
1.498921e-01
1.500911e-01
1.501591e-01
1.502255e-01
1.504184e-01
1.504935e-01
1.506347e-01
1.507597e-01
1.508820e-01
1.509951e-01
1.511114e-01
1.511513e-01
1.513121e-01
1.513531e-01
1.514891e-01
1.516431e-01
1.517394e-01
1.517985e-01
1.519205e-01
1.521582e-01
1.521904e-01
1.523705e-01
1.524533e-01
1.525082e-01
1.526385e-01
1.527025e-01
1.529048e-01
1.529643e-01
1.529982e-01
1.530883e-01
1.532052e-01
1.535216e-01
1.536175e-01
1.536464e-01
1.537178e-01
1.538532e-01
1.538974e-01
1.541083e-01
1.542706e-01
1.544255e-01
1.544495e-01
1.544982e-01
1.546650e-01
1.547977e-01
1.549349e-01
1.550807e-01
1.551299e-01
1.551976e-01
1.553251e-01
1.554084e-01
1.554552e-01
1.555022e-01
1.557004e-01
1.557926e-01
1.559266e-01
1.560561e-01
1.561048e-01
1.562714e-01
1.563663e-01
1.564842e-01
1.565354e-01
1.567324e-01
1.568544e-01
1.569554e-01
1.571136e-01
1.572415e-01
1.573290e-01
1.574697e-01
1.575361e-01
1.576211e-01
1.576805e-01
1.578489e-01
1.579634e-01
1.580634e-01
1.581955e-01
1.583220e-01
1.584361e-01
1.585309e-01
1.586359e-01
1.586953e-01
1.588248e-01
1.588961e-01
1.590791e-01
1.591225e-01
1.591834e-01
1.593067e-01
1.593708e-01
1.595108e-01
1.595830e-01
1.596966e-01
1.598840e-01
1.599416e-01
1.601354e-01
1.602013e-01
1.603016e-01
1.604166e-01
1.604634e-01
1.604893e-01
1.606532e-01
1.607189e-01
1.608071e-01
1.609444e-01
1.611647e-01
1.612158e-01
1.612527e-01
1.613031e-01
1.614817e-01
1.616568e-01
1.617590e-01
1.618644e-01
1.619453e-01
1.621046e-01
1.621355e-01
1.622690e-01
1.623498e-01
1.624714e-01
1.625549e-01
1.627496e-01
1.628130e-01
1.628674e-01
1.629710e-01
1.631143e-01
1.631751e-01
1.632987e-01
1.633660e-01
1.634124e-01
1.636477e-01
1.637175e-01
1.637594e-01
1.639078e-01
1.639835e-01
1.640687e-01
1.643201e-01
1.644481e-01
1.645288e-01
1.646696e-01
1.647236e-01
1.648945e-01
1.649702e-01
1.651390e-01
1.652050e-01
1.652787e-01
1.653121e-01
1.654692e-01
1.657540e-01
1.657976e-01
1.658601e-01
1.660067e-01
1.661012e-01
1.662740e-01
1.663337e-01
1.665067e-01
1.665599e-01
1.666807e-01
1.667853e-01
1.670041e-01
1.670519e-01
1.671129e-01
1.672549e-01
1.673730e-01
1.674406e-01
1.675371e-01
1.675996e-01
1.677191e-01
1.678155e-01
1.678873e-01
1.680549e-01
1.681504e-01
1.682505e-01
1.684250e-01
1.685543e-01
1.685847e-01
1.687699e-01
1.688618e-01
1.689129e-01
1.690539e-01
1.691644e-01
1.692081e-01
1.693785e-01
1.694461e-01
1.695998e-01
1.697000e-01
1.698504e-01
1.698893e-01
1.699266e-01
1.701716e-01
1.702658e-01
1.703711e-01
1.704678e-01
1.706223e-01
1.708032e-01
1.708643e-01
1.709020e-01
1.710570e-01
1.711972e-01
1.712918e-01
1.713920e-01
1.715623e-01
1.715885e-01
1.716522e-01
1.717887e-01
1.718338e-01
1.719999e-01
1.720448e-01
1.721246e-01
1.722647e-01
1.723452e-01
1.724409e-01
1.726037e-01
1.726713e-01
1.727000e-01
1.727907e-01
1.728845e-01
1.730379e-01
1.732522e-01
1.733369e-01
1.733709e-01
1.734802e-01
1.737629e-01
1.737696e-01
1.738921e-01
1.740798e-01
1.741002e-01
1.741449e-01
1.743023e-01
1.743582e-01
1.745260e-01
1.745469e-01
1.747050e-01
1.747551e-01
1.748402e-01
1.749961e-01
1.750729e-01
1.751658e-01
1.752133e-01
1.754571e-01
1.755269e-01
1.756043e-01
1.758255e-01
1.759779e-01
1.761458e-01
1.761576e-01
1.763390e-01
1.763770e-01
1.765020e-01
1.766421e-01
1.767495e-01
1.768784e-01
1.769109e-01
1.770909e-01
1.771389e-01
1.772163e-01
1.775454e-01
1.775824e-01
1.776351e-01
1.776733e-01
1.779360e-01
1.780223e-01
1.780624e-01
1.781619e-01
1.782958e-01
1.784239e-01
1.784557e-01
1.785940e-01
1.787793e-01
1.788288e-01
1.789301e-01
1.790524e-01
1.791050e-01
1.792149e-01
1.793281e-01
1.794363e-01
1.796472e-01
1.797707e-01
1.798524e-01
1.799228e-01
1.800174e-01
1.801305e-01
1.801936e-01
1.803201e-01
1.803536e-01
1.805144e-01
1.805625e-01
1.805688e-01
1.807778e-01
1.809275e-01
1.809970e-01
1.811151e-01
1.813458e-01
1.814564e-01
1.815374e-01
1.815861e-01
1.816679e-01
1.817065e-01
1.819273e-01
1.820211e-01
1.820883e-01
1.822572e-01
1.823483e-01
1.824177e-01
1.826415e-01
1.827458e-01
1.828316e-01
1.829301e-01
1.829780e-01
1.830711e-01
1.831542e-01
1.832839e-01
1.834318e-01
1.834519e-01
1.835455e-01
1.835943e-01
1.836545e-01
1.837353e-01
1.838186e-01
1.840733e-01
1.841803e-01
1.843855e-01
1.844001e-01
1.845545e-01
1.846448e-01
1.847182e-01
1.848009e-01
1.849530e-01
1.850402e-01
1.851215e-01
1.853014e-01
1.854414e-01
1.855056e-01
1.855701e-01
1.856257e-01
1.856658e-01
1.857637e-01
1.858041e-01
1.859886e-01
1.861107e-01
1.861640e-01
1.862920e-01
1.863071e-01
1.864776e-01
1.865573e-01
1.867072e-01
1.868492e-01
1.868817e-01
1.869470e-01
1.870842e-01
1.873388e-01
1.874416e-01
1.875780e-01
1.876787e-01
1.877278e-01
1.877327e-01
1.877828e-01
1.879413e-01
1.880858e-01
1.881994e-01
1.882232e-01
1.883955e-01
1.884452e-01
1.885410e-01
1.886701e-01
1.887082e-01
1.887871e-01
1.889925e-01
1.891152e-01
1.892011e-01
1.892617e-01
1.893605e-01
1.894538e-01
1.894793e-01
1.896575e-01
1.897184e-01
1.897990e-01
1.899667e-01
1.899843e-01
1.900676e-01
1.901714e-01
1.902833e-01
1.904159e-01
1.905040e-01
1.906254e-01
1.907141e-01
1.908848e-01
1.909729e-01
1.910934e-01
1.911809e-01
1.912301e-01
1.913736e-01
1.915296e-01
1.915749e-01
1.917681e-01
1.917971e-01
1.918925e-01
1.919272e-01
1.919633e-01
1.920982e-01
1.921425e-01
1.923225e-01
1.923584e-01
1.925258e-01
1.926956e-01
1.928232e-01
1.929365e-01
1.929745e-01
1.930995e-01
1.932162e-01
1.933300e-01
1.933667e-01
1.934903e-01
1.937146e-01
1.937340e-01
1.938458e-01
1.939495e-01
1.940236e-01
1.941069e-01
1.941767e-01
1.943019e-01
1.944903e-01
1.945510e-01
1.946385e-01
1.947444e-01
1.948083e-01
1.949995e-01
1.951421e-01
1.952670e-01
1.953739e-01
1.954183e-01
1.955363e-01
1.955758e-01
1.956503e-01
1.957068e-01
1.959115e-01
1.959980e-01
1.961257e-01
1.962040e-01
1.962563e-01
1.963920e-01
1.964409e-01
1.965372e-01
1.965702e-01
1.966762e-01
1.968094e-01
1.968848e-01
1.969931e-01
1.971478e-01
1.972960e-01
1.973690e-01
1.975260e-01
1.975959e-01
1.976679e-01
1.978852e-01
1.979870e-01
1.980090e-01
1.980862e-01
1.982667e-01
1.983534e-01
1.983907e-01
1.985429e-01
1.985974e-01
1.987000e-01
1.987803e-01
1.988416e-01
1.989948e-01
1.990733e-01
1.992426e-01
1.993290e-01
1.994475e-01
1.994995e-01
1.995657e-01
1.997812e-01
1.998864e-01
1.999925e-01
2.001213e-01
2.002734e-01
2.002855e-01
2.004073e-01
2.004935e-01
2.005248e-01
2.006356e-01
2.008142e-01
2.009295e-01
2.010026e-01
2.010668e-01
2.011395e-01
2.012348e-01
2.013366e-01
2.013938e-01
2.015355e-01
2.017155e-01
2.018432e-01
2.020464e-01
2.021340e-01
2.022028e-01
2.023771e-01
2.023991e-01
2.025271e-01
2.026452e-01
2.027537e-01
2.028847e-01
2.030199e-01
2.031530e-01
2.032536e-01
2.033327e-01
2.035177e-01
2.036061e-01
2.036504e-01
2.036744e-01
2.038535e-01
2.039128e-01
2.040694e-01
2.042340e-01
2.042957e-01
2.043383e-01
2.045621e-01
2.046249e-01
2.047453e-01
2.047837e-01
2.050199e-01
2.051176e-01
2.052465e-01
2.054026e-01
2.054224e-01
2.055203e-01
2.055748e-01
2.057013e-01
2.058851e-01
2.059544e-01
2.061085e-01
2.062027e-01
2.063019e-01
2.063879e-01
2.066631e-01
2.066873e-01
2.067440e-01
2.069438e-01
2.070410e-01
2.070661e-01
2.071257e-01
2.071880e-01
2.073912e-01
2.074185e-01
2.075212e-01
2.076703e-01
2.076826e-01
2.078721e-01
2.080350e-01
2.082010e-01
2.082702e-01
2.083468e-01
2.084787e-01
2.086360e-01
2.086943e-01
2.087580e-01
2.088068e-01
2.090861e-01
2.091426e-01
2.092492e-01
2.093615e-01
2.094204e-01
2.096172e-01
2.097066e-01
2.097968e-01
2.099745e-01
2.101131e-01
2.102209e-01
2.102433e-01
2.103817e-01
2.104827e-01
2.105388e-01
2.106511e-01
2.107688e-01
2.109791e-01
2.111414e-01
2.111574e-01
2.113737e-01
2.114332e-01
2.114474e-01
2.115427e-01
2.116894e-01
2.118180e-01
2.119232e-01
2.120027e-01
2.122304e-01
2.122869e-01
2.124634e-01
2.124854e-01
2.125701e-01
2.127754e-01
2.128200e-01
2.128865e-01
2.130471e-01
2.132233e-01
2.133277e-01
2.134159e-01
2.136224e-01
2.137057e-01
2.137618e-01
2.138027e-01
2.140232e-01
2.141002e-01
2.141892e-01
2.142952e-01
2.144003e-01
2.144981e-01
2.145428e-01
2.146816e-01
2.147927e-01
2.148270e-01
2.148927e-01
2.150277e-01
2.152270e-01
2.153186e-01
2.154363e-01
2.155403e-01
2.155840e-01
2.157532e-01
2.159130e-01
2.160701e-01
2.161304e-01
2.163098e-01
2.164561e-01
2.165776e-01
2.167121e-01
2.167167e-01
2.168972e-01
2.170342e-01
2.171464e-01
2.172375e-01
2.173154e-01
2.174535e-01
2.175153e-01
2.176268e-01
2.177420e-01
2.178505e-01
2.180139e-01
2.180365e-01
2.182838e-01
2.183511e-01
2.184074e-01
2.185439e-01
2.186169e-01
2.187154e-01
2.187645e-01
2.188411e-01
2.190606e-01
2.191334e-01
2.193096e-01
2.193875e-01
2.196278e-01
2.197457e-01
2.198277e-01
2.199540e-01
2.200430e-01
2.201670e-01
2.203223e-01
2.204267e-01
2.205741e-01
2.206487e-01
2.208679e-01
2.208802e-01
2.209138e-01
2.210717e-01
2.211871e-01
2.213518e-01
2.214675e-01
2.214788e-01
2.216141e-01
2.217896e-01
2.218814e-01
2.220163e-01
2.220684e-01
2.221379e-01
2.222915e-01
2.223609e-01
2.225226e-01
2.226102e-01
2.226672e-01
2.230327e-01
2.230394e-01
2.232193e-01
2.232834e-01
2.234028e-01
2.235000e-01
2.235971e-01
2.237768e-01
2.239302e-01
2.239477e-01
2.240368e-01
2.241895e-01
2.242970e-01
2.244237e-01
2.245095e-01
2.245872e-01
2.246508e-01
2.248164e-01
2.248919e-01
2.249839e-01
2.252310e-01
2.253619e-01
2.254152e-01
2.255209e-01
2.255466e-01
2.258074e-01
2.258977e-01
2.259335e-01
2.262434e-01
2.262739e-01
2.263651e-01
2.265593e-01
2.266053e-01
2.267033e-01
2.267819e-01
2.268292e-01
2.270295e-01
2.271624e-01
2.272321e-01
2.275441e-01
2.276704e-01
2.277101e-01
2.277663e-01
2.278761e-01
2.280075e-01
2.280310e-01
2.280684e-01
2.281104e-01
2.282699e-01
2.285602e-01
2.287191e-01
2.287749e-01
2.288731e-01
2.290303e-01
2.291815e-01
2.292275e-01
2.293123e-01
2.294217e-01
2.295826e-01
2.297012e-01
2.297829e-01
2.298931e-01
2.299936e-01
2.301488e-01
2.302766e-01
2.303518e-01
2.305791e-01
2.306647e-01
2.307818e-01
2.308379e-01
2.309863e-01
2.310637e-01
2.312332e-01
2.313080e-01
2.314704e-01
2.315144e-01
2.315850e-01
2.318167e-01
2.319576e-01
2.320179e-01
2.321466e-01
2.322724e-01
2.323101e-01
2.324191e-01
2.325182e-01
2.326639e-01
2.328790e-01
2.329527e-01
2.329872e-01
2.330247e-01
2.330790e-01
2.334002e-01
2.335899e-01
2.336793e-01
2.337712e-01
2.338359e-01
2.339535e-01
2.339902e-01
2.341397e-01
2.341816e-01
2.343801e-01
2.344624e-01
2.345136e-01
2.346557e-01
2.346892e-01
2.347718e-01
2.349785e-01
2.351125e-01
2.352132e-01
2.353364e-01
2.355068e-01
2.356478e-01
2.357917e-01
2.358043e-01
2.359755e-01
2.360125e-01
2.360843e-01
2.363487e-01
2.365146e-01
2.365442e-01
2.365891e-01
2.367138e-01
2.369274e-01
2.369523e-01
2.370967e-01
2.371618e-01
2.373496e-01
2.374808e-01
2.375422e-01
2.377564e-01
2.378315e-01
2.379029e-01
2.379934e-01
2.381319e-01
2.382669e-01
2.384127e-01
2.385442e-01
2.386256e-01
2.387058e-01
2.387638e-01
2.388763e-01
2.390919e-01
2.391720e-01
2.393398e-01
2.394659e-01
2.396279e-01
2.396841e-01
2.397496e-01
2.398574e-01
2.399330e-01
2.400089e-01
2.400603e-01
2.401576e-01
2.402287e-01
2.404405e-01
2.405226e-01
2.406051e-01
2.406625e-01
2.407858e-01
2.408893e-01
2.409384e-01
2.409874e-01
2.411787e-01
2.413287e-01
2.414517e-01
2.415319e-01
2.416227e-01
2.418120e-01
2.419100e-01
2.419673e-01
2.420974e-01
2.422365e-01
2.424494e-01
2.424871e-01
2.425291e-01
2.428645e-01
2.429169e-01
2.429613e-01
2.430113e-01
2.431998e-01
2.433738e-01
2.434741e-01
2.435691e-01
2.437931e-01
2.439086e-01
2.439611e-01
2.440745e-01
2.441464e-01
2.442342e-01
2.444604e-01
2.444904e-01
2.446120e-01
2.446988e-01
2.447724e-01
2.448162e-01
2.450096e-01
2.451191e-01
2.452098e-01
2.454236e-01
2.454837e-01
2.456112e-01
2.457308e-01
2.458131e-01
2.459113e-01
2.460116e-01
2.461316e-01
2.462869e-01
2.463672e-01
2.464218e-01
2.465291e-01
2.466507e-01
2.467499e-01
2.469008e-01
2.469805e-01
2.472059e-01
2.472405e-01
2.473271e-01
2.476540e-01
2.476893e-01
2.478715e-01
2.479474e-01
2.480439e-01
2.481513e-01
2.482811e-01
2.483285e-01
2.485196e-01
2.485387e-01
2.487530e-01
2.489442e-01
2.490270e-01
2.491601e-01
2.493002e-01
2.494156e-01
2.494708e-01
2.495107e-01
2.497528e-01
2.498283e-01
2.498942e-01
2.500628e-01
2.501805e-01
2.502580e-01
2.504162e-01
2.505806e-01
2.505990e-01
2.508091e-01
2.508759e-01
2.509579e-01
2.510683e-01
2.512477e-01
2.514318e-01
2.514647e-01
2.515471e-01
2.515943e-01
2.517583e-01
2.518359e-01
2.520564e-01
2.521678e-01
2.523253e-01
2.524949e-01
2.525341e-01
2.527793e-01
2.528117e-01
2.529292e-01
2.531006e-01
2.531836e-01
2.534033e-01
2.534800e-01
2.535578e-01
2.536677e-01
2.537846e-01
2.538790e-01
2.541097e-01
2.541777e-01
2.543660e-01
2.544319e-01
2.544999e-01
2.546529e-01
2.547122e-01
2.549457e-01
2.549789e-01
2.551365e-01
2.552114e-01
2.553869e-01
2.555727e-01
2.556214e-01
2.557661e-01
2.560228e-01
2.560920e-01
2.561751e-01
2.564275e-01
2.564336e-01
2.565913e-01
2.566498e-01
2.567442e-01
2.569750e-01
2.570015e-01
2.571624e-01
2.573720e-01
2.574053e-01
2.574850e-01
2.576078e-01
2.576480e-01
2.578088e-01
2.580445e-01
2.580972e-01
2.583305e-01
2.583966e-01
2.584784e-01
2.585461e-01
2.587906e-01
2.589063e-01
2.590464e-01
2.592053e-01
2.592813e-01
2.594022e-01
2.595284e-01
2.596021e-01
2.596983e-01
2.598486e-01
2.600051e-01
2.601236e-01
2.602717e-01
2.603556e-01
2.606615e-01
2.607113e-01
2.607427e-01
2.608567e-01
2.610188e-01
2.612228e-01
2.614128e-01
2.614253e-01
2.614881e-01
2.617262e-01
2.617893e-01
2.619938e-01
2.620592e-01
2.621243e-01
2.623223e-01
2.624704e-01
2.626795e-01
2.627872e-01
2.629021e-01
2.629544e-01
2.630637e-01
2.631112e-01
2.631820e-01
2.634233e-01
2.635468e-01
2.637674e-01
2.639147e-01
2.640188e-01
2.640663e-01
2.641734e-01
2.642516e-01
2.644066e-01
2.645269e-01
2.647730e-01
2.649244e-01
2.649502e-01
2.650610e-01
2.652192e-01
2.654609e-01
2.654761e-01
2.656723e-01
2.657711e-01
2.658185e-01
2.659779e-01
2.661600e-01
2.662065e-01
2.662720e-01
2.664891e-01
2.665816e-01
2.667031e-01
2.668184e-01
2.668618e-01
2.672934e-01
2.673323e-01
2.674267e-01
2.676110e-01
2.677145e-01
2.678652e-01
2.680178e-01
2.681551e-01
2.682102e-01
2.683714e-01
2.685587e-01
2.687281e-01
2.688027e-01
2.690233e-01
2.691367e-01
2.692878e-01
2.694892e-01
2.696596e-01
2.697720e-01
2.700054e-01
2.700798e-01
2.701223e-01
2.702501e-01
2.705176e-01
2.705466e-01
2.706790e-01
2.707405e-01
2.708638e-01
2.710430e-01
2.712165e-01
2.713226e-01
2.713346e-01
2.714899e-01
2.715968e-01
2.718175e-01
2.718626e-01
2.719520e-01
2.720324e-01
2.722041e-01
2.722912e-01
2.725308e-01
2.726712e-01
2.727700e-01
2.728338e-01
2.729064e-01
2.731847e-01
2.733040e-01
2.735168e-01
2.737438e-01
2.737941e-01
2.739058e-01
2.739958e-01
2.741954e-01
2.743680e-01
2.744585e-01
2.745394e-01
2.747140e-01
2.750018e-01
2.752033e-01
2.752540e-01
2.754249e-01
2.754842e-01
2.755886e-01
2.757410e-01
2.758060e-01
2.759302e-01
2.759828e-01
2.762475e-01
2.762747e-01
2.765024e-01
2.765733e-01
2.768120e-01
2.768412e-01
2.770817e-01
2.771831e-01
2.773632e-01
2.774425e-01
2.776150e-01
2.777172e-01
2.778266e-01
2.780812e-01
2.781456e-01
2.782524e-01
2.783066e-01
2.786259e-01
2.788030e-01
2.788894e-01
2.790229e-01
2.790474e-01
2.791967e-01
2.792867e-01
2.796941e-01
2.797646e-01
2.799124e-01
2.801048e-01
2.801232e-01
2.801649e-01
2.804765e-01
2.806121e-01
2.807170e-01
2.808618e-01
2.810290e-01
2.811615e-01
2.813259e-01
2.815351e-01
2.815745e-01
2.818333e-01
2.818911e-01
2.820121e-01
2.821317e-01
2.822426e-01
2.823598e-01
2.824735e-01
2.827072e-01
2.828689e-01
2.830301e-01
2.831553e-01
2.833549e-01
2.834169e-01
2.836368e-01
2.836685e-01
2.837577e-01
2.838333e-01
2.840984e-01
2.842420e-01
2.843772e-01
2.846477e-01
2.848402e-01
2.850222e-01
2.851073e-01
2.852360e-01
2.854515e-01
2.854965e-01
2.857910e-01
2.858506e-01
2.858779e-01
2.861815e-01
2.862495e-01
2.863764e-01
2.864580e-01
2.866428e-01
2.867835e-01
2.869433e-01
2.870853e-01
2.873732e-01
2.875681e-01
2.877661e-01
2.878733e-01
2.879877e-01
2.880727e-01
2.881968e-01
2.883228e-01
2.884139e-01
2.885077e-01
2.887007e-01
2.888197e-01
2.891003e-01
2.891422e-01
2.892021e-01
2.893884e-01
2.896248e-01
2.897213e-01
2.899313e-01
2.900624e-01
2.900905e-01
2.903432e-01
2.905503e-01
2.906796e-01
2.908731e-01
2.909777e-01
2.909880e-01
2.911727e-01
2.913232e-01
2.915133e-01
2.916281e-01
2.919971e-01
2.921245e-01
2.922586e-01
2.923208e-01
2.926331e-01
2.926643e-01
2.927062e-01
2.930200e-01
2.930470e-01
2.932678e-01
2.933530e-01
2.935454e-01
2.936194e-01
2.938364e-01
2.939433e-01
2.940225e-01
2.941164e-01
2.943662e-01
2.945670e-01
2.946900e-01
2.946977e-01
2.949456e-01
2.951932e-01
2.952547e-01
2.953736e-01
2.954296e-01
2.957662e-01
2.958631e-01
2.960702e-01
2.961281e-01
2.963567e-01
2.964722e-01
2.965587e-01
2.968034e-01
2.968950e-01
2.969737e-01
2.971496e-01
2.972971e-01
2.973922e-01
2.975258e-01
2.975435e-01
2.977782e-01
2.978255e-01
2.980386e-01
2.981635e-01
2.981843e-01
2.984303e-01
2.985360e-01
2.987901e-01
2.989205e-01
2.991295e-01
2.993232e-01
2.994221e-01
2.996454e-01
2.998008e-01
2.999060e-01
2.999701e-01
3.001695e-01
3.003656e-01
3.004535e-01
3.008691e-01
3.009960e-01
3.011067e-01
3.011748e-01
3.014004e-01
3.015570e-01
3.017472e-01
3.018993e-01
3.020095e-01
3.021174e-01
3.022853e-01
3.023137e-01
3.025582e-01
3.027261e-01
3.028384e-01
3.029462e-01
3.033087e-01
3.033381e-01
3.035192e-01
3.037395e-01
3.039566e-01
3.040774e-01
3.041690e-01
3.044876e-01
3.045854e-01
3.046233e-01
3.047128e-01
3.050070e-01
3.050336e-01
3.052681e-01
3.056219e-01
3.057715e-01
3.058017e-01
3.062046e-01
3.063085e-01
3.063475e-01
3.064305e-01
3.066716e-01
3.068234e-01
3.071933e-01
3.074043e-01
3.074799e-01
3.076087e-01
3.077829e-01
3.079041e-01
3.082005e-01
3.082932e-01
3.084497e-01
3.085446e-01
3.086341e-01
3.088363e-01
3.089317e-01
3.090152e-01
3.092267e-01
3.094400e-01
3.096522e-01
3.098609e-01
3.099732e-01
3.100989e-01
3.102274e-01
3.104434e-01
3.107332e-01
3.108965e-01
3.110670e-01
3.112632e-01
3.114129e-01
3.115680e-01
3.116923e-01
3.120134e-01
3.120761e-01
3.122458e-01
3.123893e-01
3.124569e-01
3.127699e-01
3.129445e-01
3.131226e-01
3.133770e-01
3.135527e-01
3.138474e-01
3.139549e-01
3.140544e-01
3.141299e-01
3.143615e-01
3.144192e-01
3.145978e-01
3.146781e-01
3.148867e-01
3.151614e-01
3.153188e-01
3.155613e-01
3.157246e-01
3.159800e-01
3.160572e-01
3.163136e-01
3.165782e-01
3.167141e-01
3.168171e-01
3.171072e-01
3.172252e-01
3.173314e-01
3.174199e-01
3.176797e-01
3.177399e-01
3.179083e-01
3.179997e-01
3.182836e-01
3.184977e-01
3.185710e-01
3.187231e-01
3.188649e-01
3.190983e-01
3.193505e-01
3.194586e-01
3.196726e-01
3.198388e-01
3.201059e-01
3.204145e-01
3.204994e-01
3.206859e-01
3.209952e-01
3.211098e-01
3.212253e-01
3.214552e-01
3.216069e-01
3.216622e-01
3.218504e-01
3.219871e-01
3.221521e-01
3.222247e-01
3.225362e-01
3.228022e-01
3.229285e-01
3.230535e-01
3.232164e-01
3.233427e-01
3.235889e-01
3.238650e-01
3.238817e-01
3.241961e-01
3.243150e-01
3.244751e-01
3.245740e-01
3.246870e-01
3.249752e-01
3.251898e-01
3.253253e-01
3.254157e-01
3.256681e-01
3.258036e-01
3.262040e-01
3.264358e-01
3.265247e-01
3.267068e-01
3.267961e-01
3.268950e-01
3.270053e-01
3.270612e-01
3.273918e-01
3.276789e-01
3.278473e-01
3.280185e-01
3.280239e-01
3.283783e-01
3.284607e-01
3.287605e-01
3.288372e-01
3.293140e-01
3.293933e-01
3.296441e-01
3.298046e-01
3.299515e-01
3.301198e-01
3.303098e-01
3.304026e-01
3.305994e-01
3.308924e-01
3.311002e-01
3.314881e-01
3.316057e-01
3.316892e-01
3.317910e-01
3.320377e-01
3.322527e-01
3.323110e-01
3.324549e-01
3.326058e-01
3.326389e-01
3.327450e-01
3.330415e-01
3.331188e-01
3.333641e-01
3.336019e-01
3.337223e-01
3.338275e-01
3.341456e-01
3.342815e-01
3.345408e-01
3.346175e-01
3.349619e-01
3.351168e-01
3.352960e-01
3.355226e-01
3.357701e-01
3.358757e-01
3.360055e-01
3.363377e-01
3.364414e-01
3.367283e-01
3.369266e-01
3.370595e-01
3.371924e-01
3.373914e-01
3.375473e-01
3.376745e-01
3.378385e-01
3.380458e-01
3.382102e-01
3.385262e-01
3.385629e-01
3.386763e-01
3.391156e-01
3.394408e-01
3.395636e-01
3.399249e-01
3.401402e-01
3.402737e-01
3.405103e-01
3.405778e-01
3.406396e-01
3.411368e-01
3.412984e-01
3.413055e-01
3.415265e-01
3.416352e-01
3.418613e-01
3.420165e-01
3.422000e-01
3.424312e-01
3.427989e-01
3.431625e-01
3.433835e-01
3.434249e-01
3.435101e-01
3.437036e-01
3.438446e-01
3.439280e-01
3.444790e-01
3.446494e-01
3.447705e-01
3.449449e-01
3.450471e-01
3.453742e-01
3.455104e-01
3.455337e-01
3.458792e-01
3.459955e-01
3.461899e-01
3.464767e-01
3.466804e-01
3.469067e-01
3.471585e-01
3.472533e-01
3.472796e-01
3.474365e-01
3.476034e-01
3.477754e-01
3.479930e-01
3.480973e-01
3.483316e-01
3.487377e-01
3.488166e-01
3.489820e-01
3.492369e-01
3.495020e-01
3.497779e-01
3.498746e-01
3.500330e-01
3.500615e-01
3.504148e-01
3.508960e-01
3.511521e-01
3.514958e-01
3.516683e-01
3.517198e-01
3.521754e-01
3.523110e-01
3.525682e-01
3.526354e-01
3.529761e-01
3.530533e-01
3.533320e-01
3.536563e-01
3.538800e-01
3.540496e-01
3.542264e-01
3.543451e-01
3.545906e-01
3.547475e-01
3.548420e-01
3.552618e-01
3.555014e-01
3.555586e-01
3.557111e-01
3.560223e-01
3.561085e-01
3.563357e-01
3.566073e-01
3.567755e-01
3.568568e-01
3.573179e-01
3.577577e-01
3.579484e-01
3.580518e-01
3.581047e-01
3.584109e-01
3.585647e-01
3.589003e-01
3.589876e-01
3.593214e-01
3.593818e-01
3.594465e-01
3.596980e-01
3.598917e-01
3.601417e-01
3.603663e-01
3.606205e-01
3.607994e-01
3.608143e-01
3.610312e-01
3.612447e-01
3.614292e-01
3.619087e-01
3.620474e-01
3.623930e-01
3.624557e-01
3.628085e-01
3.628717e-01
3.631743e-01
3.632912e-01
3.634275e-01
3.636275e-01
3.637817e-01
3.638809e-01
3.644864e-01
3.645983e-01
3.650083e-01
3.652095e-01
3.655704e-01
3.657868e-01
3.659415e-01
3.660321e-01
3.662455e-01
3.664581e-01
3.666530e-01
3.669037e-01
3.671901e-01
3.673607e-01
3.675803e-01
3.678138e-01
3.679253e-01
3.680153e-01
3.683620e-01
3.688075e-01
3.689930e-01
3.692571e-01
3.694531e-01
3.694747e-01
3.696526e-01
3.700131e-01
3.702921e-01
3.703856e-01
3.705412e-01
3.706533e-01
3.710151e-01
3.711704e-01
3.713016e-01
3.714369e-01
3.715478e-01
3.719751e-01
3.720627e-01
3.721096e-01
3.725630e-01
3.725998e-01
3.726880e-01
3.729997e-01
3.735773e-01
3.739050e-01
3.741243e-01
3.742542e-01
3.744031e-01
3.745779e-01
3.748603e-01
3.749248e-01
3.753655e-01
3.756656e-01
3.759321e-01
3.759962e-01
3.763399e-01
3.765882e-01
3.766649e-01
3.769754e-01
3.774065e-01
3.774742e-01
3.776492e-01
3.779566e-01
3.783843e-01
3.785745e-01
3.788475e-01
3.790582e-01
3.794088e-01
3.796188e-01
3.800451e-01
3.802560e-01
3.804443e-01
3.806828e-01
3.809028e-01
3.812565e-01
3.816189e-01
3.819197e-01
3.821354e-01
3.829058e-01
3.831761e-01
3.834659e-01
3.836566e-01
3.841024e-01
3.841107e-01
3.842660e-01
3.847664e-01
3.849419e-01
3.850965e-01
3.854126e-01
3.855012e-01
3.858049e-01
3.859417e-01
3.864470e-01
3.865817e-01
3.868382e-01
3.874655e-01
3.877326e-01
3.881209e-01
3.883574e-01
3.883935e-01
3.886037e-01
3.888047e-01
3.891500e-01
3.892307e-01
3.893463e-01
3.897088e-01
3.898414e-01
3.900462e-01
3.902466e-01
3.905034e-01
3.907378e-01
3.909681e-01
3.914084e-01
3.917381e-01
3.921042e-01
3.923503e-01
3.924660e-01
3.925621e-01
3.930310e-01
3.933071e-01
3.934466e-01
3.935319e-01
3.937079e-01
3.940919e-01
3.942394e-01
3.944091e-01
3.945533e-01
3.955665e-01
3.956834e-01
3.958166e-01
3.961002e-01
3.962483e-01
3.967501e-01
3.969806e-01
3.973939e-01
3.974382e-01
3.977044e-01
3.978137e-01
3.985207e-01
3.987187e-01
3.988907e-01
3.992016e-01
3.992334e-01
3.992584e-01
3.996981e-01
4.000967e-01
4.001192e-01
4.004289e-01
4.010491e-01
4.011021e-01
4.015954e-01
4.018815e-01
4.026384e-01
4.028254e-01
4.029487e-01
4.031910e-01
4.035160e-01
4.037909e-01
4.042775e-01
4.045124e-01
4.049136e-01
4.049986e-01
4.052901e-01
4.054033e-01
4.057332e-01
4.060234e-01
4.068519e-01
4.070925e-01
4.074236e-01
4.077068e-01
4.082015e-01
4.083302e-01
4.091874e-01
4.093767e-01
4.095090e-01
4.096722e-01
4.099253e-01
4.101706e-01
4.103690e-01
4.105835e-01
4.111391e-01
4.113703e-01
4.118844e-01
4.124851e-01
4.126765e-01
4.129067e-01
4.134422e-01
4.137792e-01
4.141502e-01
4.143883e-01
4.147237e-01
4.148275e-01
4.151873e-01
4.153888e-01
4.155514e-01
4.160962e-01
4.165603e-01
4.170043e-01
4.172361e-01
4.176960e-01
4.179055e-01
4.183267e-01
4.185640e-01
4.190419e-01
4.192146e-01
4.193414e-01
4.196492e-01
4.199014e-01
4.202103e-01
4.208046e-01
4.210173e-01
4.212974e-01
4.213521e-01
4.217242e-01
4.221596e-01
4.223815e-01
4.224308e-01
4.228769e-01
4.233035e-01
4.233486e-01
4.236118e-01
4.238831e-01
4.241326e-01
4.243029e-01
4.248006e-01
4.250782e-01
4.253992e-01
4.259234e-01
4.265450e-01
4.269609e-01
4.270223e-01
4.275795e-01
4.276650e-01
4.278321e-01
4.282193e-01
4.286116e-01
4.288287e-01
4.291472e-01
4.295689e-01
4.298685e-01
4.302395e-01
4.304419e-01
4.307137e-01
4.310456e-01
4.315229e-01
4.316648e-01
4.320872e-01
4.323013e-01
4.331362e-01
4.335078e-01
4.341480e-01
4.342635e-01
4.347785e-01
4.351932e-01
4.354732e-01
4.358052e-01
4.358778e-01
4.364386e-01
4.371570e-01
4.372604e-01
4.376540e-01
4.382195e-01
4.385579e-01
4.390273e-01
4.392007e-01
4.394712e-01
4.397770e-01
4.401765e-01
4.402968e-01
4.409299e-01
4.410771e-01
4.415135e-01
4.423775e-01
4.426777e-01
4.427311e-01
4.428900e-01
4.434333e-01
4.435858e-01
4.445970e-01
4.446360e-01
4.450816e-01
4.453577e-01
4.456298e-01
4.457293e-01
4.458208e-01
4.461719e-01
4.467956e-01
4.472217e-01
4.476410e-01
4.478599e-01
4.479739e-01
4.482695e-01
4.495138e-01
4.497258e-01
4.500430e-01
4.502389e-01
4.505799e-01
4.507452e-01
4.510095e-01
4.513116e-01
4.515247e-01
4.523370e-01
4.525975e-01
4.530000e-01
4.531745e-01
4.538045e-01
4.541948e-01
4.543497e-01
4.548022e-01
4.550927e-01
4.557513e-01
4.565545e-01
4.566965e-01
4.570651e-01
4.573513e-01
4.579350e-01
4.580830e-01
4.588540e-01
4.593039e-01
4.596476e-01
4.597235e-01
4.601948e-01
4.606715e-01
4.608365e-01
4.609538e-01
4.615746e-01
4.618355e-01
4.620356e-01
4.624799e-01
4.627565e-01
4.633706e-01
4.637375e-01
4.639540e-01
4.642931e-01
4.648093e-01
4.651901e-01
4.655569e-01
4.664559e-01
4.668925e-01
4.671347e-01
4.674465e-01
4.678039e-01
4.682380e-01
4.686528e-01
4.691391e-01
4.693255e-01
4.701210e-01
4.705517e-01
4.707705e-01
4.708275e-01
4.712969e-01
4.719042e-01
4.723753e-01
4.732119e-01
4.736429e-01
4.739215e-01
4.742615e-01
4.744736e-01
4.753292e-01
4.755368e-01
4.756990e-01
4.763726e-01
4.767410e-01
4.770110e-01
4.772117e-01
4.782119e-01
4.787319e-01
4.792071e-01
4.795320e-01
4.801234e-01
4.804319e-01
4.805539e-01
4.811342e-01
4.814802e-01
4.816585e-01
4.821984e-01
4.828569e-01
4.833893e-01
4.839168e-01
4.845430e-01
4.850057e-01
4.855032e-01
4.856768e-01
4.859606e-01
4.864387e-01
4.865374e-01
4.870313e-01
4.875140e-01
4.882212e-01
4.885684e-01
4.890970e-01
4.899782e-01
4.902769e-01
4.903759e-01
4.906616e-01
4.911097e-01
4.913263e-01
4.924211e-01
4.925626e-01
4.938620e-01
4.939557e-01
4.941744e-01
4.949391e-01
4.952749e-01
4.959746e-01
4.967072e-01
4.976038e-01
4.982217e-01
4.988746e-01
4.998208e-01
5.007790e-01
5.011796e-01
5.015556e-01
5.020470e-01
5.020637e-01
5.021382e-01
5.034407e-01
5.034706e-01
5.037414e-01
5.050046e-01
5.062298e-01
5.071772e-01
5.079117e-01
5.082908e-01
5.091161e-01
5.093421e-01
5.104555e-01
5.108086e-01
5.125208e-01
5.127567e-01
5.133176e-01
5.138351e-01
5.141883e-01
5.143110e-01
5.154517e-01
5.158495e-01
5.161558e-01
5.168939e-01
5.181553e-01
5.181940e-01
5.182587e-01
5.185044e-01
5.193597e-01
5.209041e-01
5.213213e-01
5.216512e-01
5.222112e-01
5.243078e-01
5.250606e-01
5.253288e-01
5.262027e-01
5.277460e-01
5.279497e-01
5.284840e-01
5.288174e-01
5.292772e-01
5.297336e-01
5.305147e-01
5.311375e-01
5.329925e-01
5.336330e-01
5.344378e-01
5.350465e-01
5.366530e-01
5.367984e-01
5.373017e-01
5.385436e-01
5.391279e-01
5.392776e-01
5.400292e-01
5.417324e-01
5.422661e-01
5.427662e-01
5.444546e-01
5.456780e-01
5.461092e-01
5.462134e-01
5.464814e-01
5.469415e-01
5.471983e-01
5.472653e-01
5.490441e-01
5.493476e-01
5.502837e-01
5.511018e-01
5.513388e-01
5.526772e-01
5.547847e-01
5.548998e-01
5.571777e-01
5.577296e-01
5.584937e-01
5.593157e-01
5.598475e-01
5.610993e-01
5.619825e-01
5.626404e-01
5.635439e-01
5.641664e-01
5.655413e-01
5.658130e-01
5.660313e-01
5.664746e-01
5.676145e-01
5.686657e-01
5.698367e-01
5.702863e-01
5.710690e-01
5.719832e-01
5.726803e-01
5.741146e-01
5.761711e-01
5.763882e-01
5.771209e-01
5.779930e-01
5.801437e-01
5.805485e-01
5.817601e-01
5.849163e-01
5.849787e-01
5.860658e-01
5.871689e-01
5.880221e-01
5.896380e-01
5.896753e-01
5.942442e-01
5.942539e-01
5.957200e-01
5.961674e-01
5.964815e-01
5.979794e-01
5.988836e-01
6.006012e-01
6.023289e-01
6.041944e-01
6.044104e-01
6.046098e-01
6.049518e-01
6.076765e-01
6.083680e-01
6.084526e-01
6.094616e-01
6.113892e-01
6.115136e-01
6.122094e-01
6.149533e-01
6.159693e-01
6.164206e-01
6.171621e-01
6.177842e-01
6.186132e-01
6.211607e-01
6.214670e-01
6.229621e-01
6.236704e-01
6.238270e-01
6.245520e-01
6.252514e-01
6.252721e-01
6.281153e-01
6.299756e-01
6.315125e-01
6.320499e-01
6.353189e-01
6.366687e-01
6.386027e-01
6.403183e-01
6.409388e-01
6.423566e-01
6.433197e-01
6.436613e-01
6.445431e-01
6.451268e-01
6.465923e-01
6.475168e-01
6.482306e-01
6.502305e-01
6.531961e-01
6.533323e-01
6.569484e-01
6.595677e-01
6.638128e-01
6.651282e-01
6.655984e-01
6.661880e-01
6.698864e-01
6.772041e-01
6.773426e-01
6.810956e-01
6.821176e-01
6.834576e-01
6.851097e-01
6.889417e-01
6.905209e-01
6.970651e-01
7.001741e-01
7.029480e-01
7.034497e-01
7.061149e-01
7.104852e-01
7.185174e-01
7.252669e-01
7.264598e-01
7.273779e-01
7.283356e-01
7.329954e-01
7.361708e-01
7.421365e-01
7.455012e-01
7.479627e-01
7.529177e-01
7.618668e-01
7.654653e-01
7.672796e-01
7.740269e-01
7.783791e-01
7.854076e-01
7.862296e-01
7.989293e-01
8.016858e-01
8.044858e-01
8.066053e-01
8.187952e-01
8.287552e-01
8.463949e-01
8.514094e-01
8.595410e-01
8.910464e-01
8.976969e-01
9.062081e-01
1.000000e+00
