# SF-29 N2 candidate (i) i0 field=two_mode eps=0.5 N=12: sorted relative singular values of the dense central-FD Jacobian at the final_iterate state (rows F_i=-q(L_i-S_i); smax=1.363987e+04)
1.369385e-07
2.411742e-06
8.028220e-06
1.158839e-05
1.736725e-05
2.040362e-05
2.377706e-05
2.603398e-05
2.994963e-05
4.352621e-05
4.514342e-05
5.234537e-05
6.589354e-05
7.242449e-05
8.390020e-05
8.813089e-05
1.041963e-04
1.120442e-04
1.267792e-04
1.503472e-04
1.609572e-04
1.681252e-04
1.922059e-04
2.097470e-04
2.178163e-04
2.299148e-04
2.367884e-04
2.462165e-04
2.624249e-04
2.782421e-04
2.855805e-04
2.916666e-04
3.080882e-04
3.270492e-04
3.581785e-04
3.721559e-04
3.983594e-04
4.114062e-04
4.238039e-04
4.594820e-04
4.768630e-04
4.976854e-04
5.013244e-04
5.249178e-04
5.316648e-04
5.513191e-04
5.823876e-04
5.973517e-04
6.105870e-04
6.141356e-04
6.456751e-04
6.733594e-04
6.936777e-04
7.073051e-04
7.398211e-04
7.582528e-04
7.865216e-04
8.142101e-04
8.244501e-04
8.405619e-04
8.523504e-04
8.858991e-04
8.876816e-04
8.999754e-04
9.197210e-04
9.392124e-04
9.626020e-04
9.839833e-04
1.003692e-03
1.018173e-03
1.020236e-03
1.036902e-03
1.050651e-03
1.065957e-03
1.096970e-03
1.105214e-03
1.129655e-03
1.148321e-03
1.173277e-03
1.190515e-03
1.204544e-03
1.208179e-03
1.215103e-03
1.237141e-03
1.272761e-03
1.279347e-03
1.291748e-03
1.302649e-03
1.334624e-03
1.342164e-03
1.353109e-03
1.398265e-03
1.416862e-03
1.439461e-03
1.459477e-03
1.472622e-03
1.504832e-03
1.521647e-03
1.558307e-03
1.575270e-03
1.586073e-03
1.601282e-03
1.610691e-03
1.618090e-03
1.631228e-03
1.663603e-03
1.685892e-03
1.699655e-03
1.711162e-03
1.744848e-03
1.759819e-03
1.764721e-03
1.798137e-03
1.825096e-03
1.867652e-03
1.890639e-03
1.929101e-03
1.951278e-03
1.986274e-03
2.006683e-03
2.045179e-03
2.069507e-03
2.081412e-03
2.100774e-03
2.166508e-03
2.199127e-03
2.242677e-03
2.306285e-03
2.327637e-03
2.340196e-03
2.350077e-03
2.376588e-03
2.414478e-03
2.446520e-03
2.509842e-03
2.533850e-03
2.539814e-03
2.580288e-03
2.593109e-03
2.618338e-03
2.625648e-03
2.648758e-03
2.659618e-03
2.674263e-03
2.766710e-03
2.787183e-03
2.805812e-03
2.808926e-03
2.828965e-03
2.844383e-03
2.856390e-03
2.888559e-03
2.935737e-03
2.964264e-03
2.977886e-03
3.005424e-03
3.018674e-03
3.039129e-03
3.062005e-03
3.068215e-03
3.092753e-03
3.098169e-03
3.135506e-03
3.154688e-03
3.165180e-03
3.178504e-03
3.189996e-03
3.207758e-03
3.214777e-03
3.246554e-03
3.264706e-03
3.277799e-03
3.313279e-03
3.322949e-03
3.331191e-03
3.357527e-03
3.371498e-03
3.387380e-03
3.397156e-03
3.414894e-03
3.422175e-03
3.427451e-03
3.462005e-03
3.483028e-03
3.508436e-03
3.523883e-03
3.546665e-03
3.576500e-03
3.581124e-03
3.600899e-03
3.613858e-03
3.634240e-03
3.658667e-03
3.706504e-03
3.725831e-03
3.747980e-03
3.767781e-03
3.787762e-03
3.797678e-03
3.836618e-03
3.852974e-03
3.884274e-03
3.900917e-03
3.905742e-03
3.937150e-03
3.948530e-03
3.963987e-03
4.002186e-03
4.019253e-03
4.045899e-03
4.071269e-03
4.098979e-03
4.141673e-03
4.164252e-03
4.189811e-03
4.220872e-03
4.259867e-03
4.273923e-03
4.284059e-03
4.321931e-03
4.351124e-03
4.365871e-03
4.389222e-03
4.404393e-03
4.434387e-03
4.465672e-03
4.513185e-03
4.526372e-03
4.547401e-03
4.591738e-03
4.600736e-03
4.623989e-03
4.677550e-03
4.720207e-03
4.726442e-03
4.769898e-03
4.793962e-03
4.826724e-03
4.894443e-03
4.925918e-03
4.936103e-03
4.954598e-03
4.985472e-03
4.991629e-03
5.014817e-03
5.070420e-03
5.085819e-03
5.094208e-03
5.134889e-03
5.159714e-03
5.207587e-03
5.256075e-03
5.290878e-03
5.312941e-03
5.351071e-03
5.395985e-03
5.409881e-03
5.415369e-03
5.440572e-03
5.461350e-03
5.500125e-03
5.515966e-03
5.577582e-03
5.595029e-03
5.600293e-03
5.627316e-03
5.646313e-03
5.656317e-03
5.703897e-03
5.718805e-03
5.723377e-03
5.759722e-03
5.778038e-03
5.827070e-03
5.863059e-03
5.867338e-03
5.892886e-03
5.916295e-03
5.929770e-03
5.951043e-03
5.979876e-03
5.990637e-03
6.018650e-03
6.029774e-03
6.044489e-03
6.069851e-03
6.094551e-03
6.105098e-03
6.132586e-03
6.165242e-03
6.179911e-03
6.183396e-03
6.207490e-03
6.254782e-03
6.272429e-03
6.309136e-03
6.312274e-03
6.348325e-03
6.366226e-03
6.388551e-03
6.414423e-03
6.434607e-03
6.476546e-03
6.521130e-03
6.537195e-03
6.572907e-03
6.584689e-03
6.618743e-03
6.629981e-03
6.670461e-03
6.678525e-03
6.692871e-03
6.725834e-03
6.744856e-03
6.771377e-03
6.814331e-03
6.825322e-03
6.847444e-03
6.864409e-03
6.874058e-03
6.909905e-03
6.927147e-03
6.950484e-03
7.001123e-03
7.019660e-03
7.024354e-03
7.047486e-03
7.078351e-03
7.092550e-03
7.109203e-03
7.153361e-03
7.164766e-03
7.173530e-03
7.224200e-03
7.233503e-03
7.263102e-03
7.288961e-03
7.299249e-03
7.325513e-03
7.342394e-03
7.373609e-03
7.398526e-03
7.452882e-03
7.459583e-03
7.473114e-03
7.490527e-03
7.509354e-03
7.530335e-03
7.554316e-03
7.578506e-03
7.584813e-03
7.608869e-03
7.647954e-03
7.689212e-03
7.702943e-03
7.730432e-03
7.746459e-03
7.787095e-03
7.809796e-03
7.828215e-03
7.843807e-03
7.871172e-03
7.902442e-03
7.922413e-03
7.949960e-03
7.975940e-03
7.997729e-03
8.015682e-03
8.047921e-03
8.114164e-03
8.129734e-03
8.149159e-03
8.169948e-03
8.173233e-03
8.225884e-03
8.250568e-03
8.264032e-03
8.293366e-03
8.370271e-03
8.378163e-03
8.394696e-03
8.430000e-03
8.453234e-03
8.470048e-03
8.490477e-03
8.496016e-03
8.540293e-03
8.567818e-03
8.588780e-03
8.614388e-03
8.635708e-03
8.649603e-03
8.690178e-03
8.705539e-03
8.742873e-03
8.757754e-03
8.774289e-03
8.808898e-03
8.860746e-03
8.874781e-03
8.917127e-03
8.928825e-03
8.953377e-03
8.989031e-03
9.004803e-03
9.036026e-03
9.055927e-03
9.092535e-03
9.098896e-03
9.118260e-03
9.132183e-03
9.150375e-03
9.168655e-03
9.237400e-03
9.240348e-03
9.282142e-03
9.291641e-03
9.307258e-03
9.320756e-03
9.333991e-03
9.359177e-03
9.409539e-03
9.427613e-03
9.439846e-03
9.452119e-03
9.471085e-03
9.507170e-03
9.520014e-03
9.546455e-03
9.566412e-03
9.592839e-03
9.621898e-03
9.639674e-03
9.650107e-03
9.672243e-03
9.708688e-03
9.720769e-03
9.759019e-03
9.779969e-03
9.793665e-03
9.831876e-03
9.838591e-03
9.886773e-03
9.912911e-03
9.952240e-03
9.968368e-03
1.000177e-02
1.000908e-02
1.001724e-02
1.005332e-02
1.006637e-02
1.009484e-02
1.012125e-02
1.013095e-02
1.016065e-02
1.021196e-02
1.021898e-02
1.023569e-02
1.026617e-02
1.027827e-02
1.029052e-02
1.033575e-02
1.035987e-02
1.038543e-02
1.041926e-02
1.044398e-02
1.046842e-02
1.048858e-02
1.050135e-02
1.050774e-02
1.054625e-02
1.056302e-02
1.061596e-02
1.064354e-02
1.066351e-02
1.066928e-02
1.069526e-02
1.074417e-02
1.077397e-02
1.078297e-02
1.079570e-02
1.082933e-02
1.083427e-02
1.086389e-02
1.088823e-02
1.091255e-02
1.093535e-02
1.095865e-02
1.099169e-02
1.101238e-02
1.103009e-02
1.103836e-02
1.105675e-02
1.108435e-02
1.114340e-02
1.116043e-02
1.117772e-02
1.119031e-02
1.120412e-02
1.122785e-02
1.124848e-02
1.127420e-02
1.129267e-02
1.130546e-02
1.132709e-02
1.134192e-02
1.138714e-02
1.142489e-02
1.143257e-02
1.143926e-02
1.147070e-02
1.151353e-02
1.151907e-02
1.154993e-02
1.157966e-02
1.161887e-02
1.164941e-02
1.166431e-02
1.171227e-02
1.172296e-02
1.176503e-02
1.178385e-02
1.180000e-02
1.181844e-02
1.184755e-02
1.186688e-02
1.191233e-02
1.191755e-02
1.194370e-02
1.196490e-02
1.201408e-02
1.202980e-02
1.204334e-02
1.205958e-02
1.206851e-02
1.212150e-02
1.215050e-02
1.216799e-02
1.220019e-02
1.222075e-02
1.223345e-02
1.225435e-02
1.226681e-02
1.228925e-02
1.233962e-02
1.234840e-02
1.240772e-02
1.242038e-02
1.245130e-02
1.246903e-02
1.248870e-02
1.251896e-02
1.253952e-02
1.256296e-02
1.258002e-02
1.261013e-02
1.263791e-02
1.266769e-02
1.271555e-02
1.274640e-02
1.278286e-02
1.279747e-02
1.280997e-02
1.284362e-02
1.286452e-02
1.287680e-02
1.288143e-02
1.292562e-02
1.295680e-02
1.298410e-02
1.302595e-02
1.304970e-02
1.306142e-02
1.307651e-02
1.310404e-02
1.312973e-02
1.315737e-02
1.316694e-02
1.320502e-02
1.321732e-02
1.324845e-02
1.326466e-02
1.331392e-02
1.334566e-02
1.335213e-02
1.337555e-02
1.339447e-02
1.340365e-02
1.343919e-02
1.345897e-02
1.347794e-02
1.349232e-02
1.350527e-02
1.353871e-02
1.355987e-02
1.359561e-02
1.360502e-02
1.364448e-02
1.365543e-02
1.366298e-02
1.371991e-02
1.373025e-02
1.376020e-02
1.376855e-02
1.378778e-02
1.380858e-02
1.384155e-02
1.387820e-02
1.389000e-02
1.391322e-02
1.393593e-02
1.394710e-02
1.398648e-02
1.398880e-02
1.403689e-02
1.406009e-02
1.407467e-02
1.409080e-02
1.411494e-02
1.412462e-02
1.418201e-02
1.419577e-02
1.422180e-02
1.422657e-02
1.425940e-02
1.429165e-02
1.429856e-02
1.433197e-02
1.436186e-02
1.439370e-02
1.442040e-02
1.442591e-02
1.443642e-02
1.446731e-02
1.452099e-02
1.452851e-02
1.456752e-02
1.458547e-02
1.461073e-02
1.462959e-02
1.466768e-02
1.467793e-02
1.468458e-02
1.472498e-02
1.474761e-02
1.476307e-02
1.477676e-02
1.479226e-02
1.484938e-02
1.486646e-02
1.489169e-02
1.489989e-02
1.491820e-02
1.492567e-02
1.496123e-02
1.497399e-02
1.498807e-02
1.500629e-02
1.503688e-02
1.507232e-02
1.508485e-02
1.510147e-02
1.514117e-02
1.515528e-02
1.516286e-02
1.518557e-02
1.521065e-02
1.523474e-02
1.524245e-02
1.526461e-02
1.528099e-02
1.531068e-02
1.532281e-02
1.532645e-02
1.538071e-02
1.538546e-02
1.540670e-02
1.544141e-02
1.545575e-02
1.546832e-02
1.549556e-02
1.552583e-02
1.556662e-02
1.558154e-02
1.559958e-02
1.562859e-02
1.565411e-02
1.567871e-02
1.568691e-02
1.571896e-02
1.573602e-02
1.574922e-02
1.578593e-02
1.581254e-02
1.582846e-02
1.584981e-02
1.588149e-02
1.589573e-02
1.590217e-02
1.591407e-02
1.593216e-02
1.597246e-02
1.598663e-02
1.599612e-02
1.602233e-02
1.604015e-02
1.605825e-02
1.608150e-02
1.612446e-02
1.614702e-02
1.617441e-02
1.619181e-02
1.619833e-02
1.621792e-02
1.624088e-02
1.626176e-02
1.629190e-02
1.631045e-02
1.631799e-02
1.633657e-02
1.636080e-02
1.637609e-02
1.641235e-02
1.643506e-02
1.645240e-02
1.646514e-02
1.650461e-02
1.651892e-02
1.652443e-02
1.654508e-02
1.656081e-02
1.659048e-02
1.662575e-02
1.663140e-02
1.664185e-02
1.666103e-02
1.666787e-02
1.671774e-02
1.673173e-02
1.677088e-02
1.679421e-02
1.681180e-02
1.681698e-02
1.683998e-02
1.687120e-02
1.688364e-02
1.692157e-02
1.693613e-02
1.694321e-02
1.695729e-02
1.697488e-02
1.700374e-02
1.704444e-02
1.706581e-02
1.708342e-02
1.710547e-02
1.712833e-02
1.716075e-02
1.717996e-02
1.722147e-02
1.723071e-02
1.723633e-02
1.727652e-02
1.729992e-02
1.731344e-02
1.734287e-02
1.737801e-02
1.739562e-02
1.741159e-02
1.744447e-02
1.745826e-02
1.748924e-02
1.749725e-02
1.752657e-02
1.753743e-02
1.755248e-02
1.757821e-02
1.760565e-02
1.762230e-02
1.764961e-02
1.766491e-02
1.767786e-02
1.770859e-02
1.772296e-02
1.775944e-02
1.777365e-02
1.778445e-02
1.780907e-02
1.784862e-02
1.786021e-02
1.788139e-02
1.788811e-02
1.790695e-02
1.793500e-02
1.794542e-02
1.796862e-02
1.797400e-02
1.800819e-02
1.801514e-02
1.804390e-02
1.807798e-02
1.809338e-02
1.811182e-02
1.811824e-02
1.814002e-02
1.816257e-02
1.817928e-02
1.819967e-02
1.821177e-02
1.822923e-02
1.824199e-02
1.828916e-02
1.829563e-02
1.831176e-02
1.831934e-02
1.834949e-02
1.836657e-02
1.838679e-02
1.840133e-02
1.842166e-02
1.842672e-02
1.846953e-02
1.848878e-02
1.849727e-02
1.851546e-02
1.854726e-02
1.857822e-02
1.859774e-02
1.862127e-02
1.865008e-02
1.866082e-02
1.867337e-02
1.867755e-02
1.869393e-02
1.872970e-02
1.874084e-02
1.875513e-02
1.878519e-02
1.879364e-02
1.881486e-02
1.884767e-02
1.885950e-02
1.887246e-02
1.890860e-02
1.894123e-02
1.894903e-02
1.895734e-02
1.896738e-02
1.897731e-02
1.902830e-02
1.903555e-02
1.907428e-02
1.909576e-02
1.911177e-02
1.914735e-02
1.915323e-02
1.919525e-02
1.920883e-02
1.923022e-02
1.923985e-02
1.926032e-02
1.927735e-02
1.928624e-02
1.930007e-02
1.932720e-02
1.935626e-02
1.936718e-02
1.939375e-02
1.941298e-02
1.943130e-02
1.945759e-02
1.950271e-02
1.951199e-02
1.951607e-02
1.952764e-02
1.953564e-02
1.956359e-02
1.960030e-02
1.960445e-02
1.963166e-02
1.965749e-02
1.968621e-02
1.969213e-02
1.971682e-02
1.972966e-02
1.975203e-02
1.977796e-02
1.978533e-02
1.981508e-02
1.984363e-02
1.985876e-02
1.986214e-02
1.991285e-02
1.992527e-02
1.995457e-02
1.996780e-02
1.998835e-02
2.004163e-02
2.005539e-02
2.007755e-02
2.010377e-02
2.011327e-02
2.013717e-02
2.015130e-02
2.018814e-02
2.019122e-02
2.021799e-02
2.023993e-02
2.026049e-02
2.026859e-02
2.029671e-02
2.031040e-02
2.033270e-02
2.034894e-02
2.037853e-02
2.038337e-02
2.040504e-02
2.043169e-02
2.046409e-02
2.047541e-02
2.050554e-02
2.050985e-02
2.052746e-02
2.055649e-02
2.057815e-02
2.059220e-02
2.062853e-02
2.065430e-02
2.066566e-02
2.068671e-02
2.071746e-02
2.073453e-02
2.073933e-02
2.075987e-02
2.079083e-02
2.081845e-02
2.084740e-02
2.085880e-02
2.087075e-02
2.089972e-02
2.092279e-02
2.093528e-02
2.094387e-02
2.098634e-02
2.100240e-02
2.102029e-02
2.103857e-02
2.105198e-02
2.108651e-02
2.110296e-02
2.111367e-02
2.112710e-02
2.113079e-02
2.116323e-02
2.119641e-02
2.120112e-02
2.120878e-02
2.123937e-02
2.125695e-02
2.128170e-02
2.129602e-02
2.130971e-02
2.135839e-02
2.136937e-02
2.138005e-02
2.141263e-02
2.144564e-02
2.146547e-02
2.146844e-02
2.148930e-02
2.150554e-02
2.155262e-02
2.156968e-02
2.159596e-02
2.160875e-02
2.162390e-02
2.163742e-02
2.165067e-02
2.167926e-02
2.170687e-02
2.172929e-02
2.174521e-02
2.175973e-02
2.177282e-02
2.178919e-02
2.181604e-02
2.185283e-02
2.187367e-02
2.189793e-02
2.191183e-02
2.194029e-02
2.194604e-02
2.196139e-02
2.199213e-02
2.200633e-02
2.203455e-02
2.204331e-02
2.207198e-02
2.209689e-02
2.212098e-02
2.215181e-02
2.216577e-02
2.220171e-02
2.221029e-02
2.224636e-02
2.227843e-02
2.229135e-02
2.230852e-02
2.232109e-02
2.234999e-02
2.237760e-02
2.238575e-02
2.238750e-02
2.242702e-02
2.242838e-02
2.247762e-02
2.248572e-02
2.249667e-02
2.251470e-02
2.252683e-02
2.256531e-02
2.258206e-02
2.260860e-02
2.262902e-02
2.263687e-02
2.266738e-02
2.267822e-02
2.269455e-02
2.274201e-02
2.275281e-02
2.277241e-02
2.279096e-02
2.282079e-02
2.284227e-02
2.288453e-02
2.289344e-02
2.289883e-02
2.292104e-02
2.293108e-02
2.294738e-02
2.296266e-02
2.298253e-02
2.300446e-02
2.302758e-02
2.305733e-02
2.307881e-02
2.309456e-02
2.312314e-02
2.313787e-02
2.317092e-02
2.318506e-02
2.319959e-02
2.321713e-02
2.321871e-02
2.324763e-02
2.325389e-02
2.331854e-02
2.332792e-02
2.334090e-02
2.338287e-02
2.340155e-02
2.345201e-02
2.346238e-02
2.347080e-02
2.350855e-02
2.352482e-02
2.355199e-02
2.355725e-02
2.356844e-02
2.358521e-02
2.359692e-02
2.361922e-02
2.364176e-02
2.365409e-02
2.366864e-02
2.372131e-02
2.374541e-02
2.375351e-02
2.377263e-02
2.378934e-02
2.379515e-02
2.382267e-02
2.384507e-02
2.386244e-02
2.387408e-02
2.388930e-02
2.390227e-02
2.391614e-02
2.396125e-02
2.396954e-02
2.397882e-02
2.400891e-02
2.404494e-02
2.405703e-02
2.406658e-02
2.410520e-02
2.411721e-02
2.414396e-02
2.414811e-02
2.418225e-02
2.420154e-02
2.422944e-02
2.424087e-02
2.426993e-02
2.427903e-02
2.431277e-02
2.433530e-02
2.435151e-02
2.437777e-02
2.439151e-02
2.440321e-02
2.442681e-02
2.444900e-02
2.446255e-02
2.447710e-02
2.451096e-02
2.453870e-02
2.455418e-02
2.456316e-02
2.459078e-02
2.460472e-02
2.465349e-02
2.466001e-02
2.468163e-02
2.470664e-02
2.473168e-02
2.476698e-02
2.477838e-02
2.482415e-02
2.483917e-02
2.484820e-02
2.485721e-02
2.487416e-02
2.490352e-02
2.491015e-02
2.493440e-02
2.494695e-02
2.496114e-02
2.497515e-02
2.499134e-02
2.504069e-02
2.506211e-02
2.507756e-02
2.508616e-02
2.510801e-02
2.513339e-02
2.513939e-02
2.517149e-02
2.519958e-02
2.522811e-02
2.524493e-02
2.526314e-02
2.526906e-02
2.529275e-02
2.534252e-02
2.537325e-02
2.539017e-02
2.540414e-02
2.544186e-02
2.545259e-02
2.546811e-02
2.547233e-02
2.548590e-02
2.552875e-02
2.554774e-02
2.558882e-02
2.559557e-02
2.561838e-02
2.563303e-02
2.564912e-02
2.565837e-02
2.568674e-02
2.569980e-02
2.573768e-02
2.576689e-02
2.579203e-02
2.581477e-02
2.582203e-02
2.584546e-02
2.586209e-02
2.589327e-02
2.590898e-02
2.593788e-02
2.594695e-02
2.597209e-02
2.599387e-02
2.601744e-02
2.605069e-02
2.607250e-02
2.608281e-02
2.610896e-02
2.611554e-02
2.612870e-02
2.615177e-02
2.619446e-02
2.620419e-02
2.624120e-02
2.626437e-02
2.629017e-02
2.629774e-02
2.631381e-02
2.632541e-02
2.634194e-02
2.637222e-02
2.638471e-02
2.642146e-02
2.645194e-02
2.646496e-02
2.647486e-02
2.649753e-02
2.653832e-02
2.655417e-02
2.656818e-02
2.657869e-02
2.659077e-02
2.664659e-02
2.665294e-02
2.667753e-02
2.670605e-02
2.671999e-02
2.672306e-02
2.674985e-02
2.678606e-02
2.680345e-02
2.682759e-02
2.683756e-02
2.684594e-02
2.685775e-02
2.688889e-02
2.691281e-02
2.693841e-02
2.694340e-02
2.698624e-02
2.699981e-02
2.702128e-02
2.704226e-02
2.706380e-02
2.710323e-02
2.710727e-02
2.715881e-02
2.717551e-02
2.719147e-02
2.720958e-02
2.722446e-02
2.726320e-02
2.728589e-02
2.730111e-02
2.731709e-02
2.734248e-02
2.735412e-02
2.739128e-02
2.740968e-02
2.742368e-02
2.742953e-02
2.745024e-02
2.750217e-02
2.751674e-02
2.753255e-02
2.754078e-02
2.757207e-02
2.759139e-02
2.759383e-02
2.761873e-02
2.763300e-02
2.767558e-02
2.768888e-02
2.770838e-02
2.771620e-02
2.777836e-02
2.778863e-02
2.780427e-02
2.785514e-02
2.787734e-02
2.790815e-02
2.793783e-02
2.795804e-02
2.799754e-02
2.800034e-02
2.802817e-02
2.804988e-02
2.806751e-02
2.808633e-02
2.810579e-02
2.814327e-02
2.817220e-02
2.819834e-02
2.821257e-02
2.824329e-02
2.827307e-02
2.828397e-02
2.829508e-02
2.833421e-02
2.834173e-02
2.836588e-02
2.839368e-02
2.840998e-02
2.842868e-02
2.845227e-02
2.848344e-02
2.848774e-02
2.852480e-02
2.853145e-02
2.854670e-02
2.857004e-02
2.860172e-02
2.861159e-02
2.864569e-02
2.866181e-02
2.868164e-02
2.870317e-02
2.873319e-02
2.875828e-02
2.876407e-02
2.876980e-02
2.879917e-02
2.884784e-02
2.886644e-02
2.888692e-02
2.891344e-02
2.892294e-02
2.894804e-02
2.897030e-02
2.899116e-02
2.901100e-02
2.903703e-02
2.907405e-02
2.909562e-02
2.909827e-02
2.913098e-02
2.914938e-02
2.916061e-02
2.918899e-02
2.920616e-02
2.922839e-02
2.925541e-02
2.925960e-02
2.927804e-02
2.930759e-02
2.933136e-02
2.935652e-02
2.937568e-02
2.939125e-02
2.942996e-02
2.945547e-02
2.949049e-02
2.951094e-02
2.951953e-02
2.954497e-02
2.955364e-02
2.958094e-02
2.960471e-02
2.962250e-02
2.962879e-02
2.966695e-02
2.968479e-02
2.970375e-02
2.972216e-02
2.974615e-02
2.976719e-02
2.978463e-02
2.980385e-02
2.984132e-02
2.985321e-02
2.989878e-02
2.990522e-02
2.992366e-02
2.994476e-02
2.997178e-02
2.999289e-02
3.000601e-02
3.001502e-02
3.004653e-02
3.006600e-02
3.008169e-02
3.010489e-02
3.014394e-02
3.017487e-02
3.018985e-02
3.021900e-02
3.023190e-02
3.025340e-02
3.026603e-02
3.028370e-02
3.030975e-02
3.034508e-02
3.034987e-02
3.039408e-02
3.042444e-02
3.044269e-02
3.045777e-02
3.048866e-02
3.049941e-02
3.052450e-02
3.053697e-02
3.056918e-02
3.061025e-02
3.062424e-02
3.064570e-02
3.065283e-02
3.067003e-02
3.069782e-02
3.071109e-02
3.072300e-02
3.073708e-02
3.078372e-02
3.080552e-02
3.082231e-02
3.084640e-02
3.086275e-02
3.086344e-02
3.089987e-02
3.094476e-02
3.095333e-02
3.097394e-02
3.099517e-02
3.101419e-02
3.103710e-02
3.105764e-02
3.108112e-02
3.110028e-02
3.113689e-02
3.114919e-02
3.116043e-02
3.120548e-02
3.122229e-02
3.124062e-02
3.125135e-02
3.127873e-02
3.128664e-02
3.131204e-02
3.133124e-02
3.136284e-02
3.138742e-02
3.140112e-02
3.142932e-02
3.144119e-02
3.149606e-02
3.150541e-02
3.152939e-02
3.155200e-02
3.156496e-02
3.158000e-02
3.159957e-02
3.163421e-02
3.163607e-02
3.166349e-02
3.167423e-02
3.169574e-02
3.173446e-02
3.174829e-02
3.177900e-02
3.179364e-02
3.185149e-02
3.185893e-02
3.187198e-02
3.189269e-02
3.189925e-02
3.193042e-02
3.195691e-02
3.197383e-02
3.201009e-02
3.202483e-02
3.207118e-02
3.207826e-02
3.209436e-02
3.210800e-02
3.213208e-02
3.216541e-02
3.218492e-02
3.219539e-02
3.220967e-02
3.223566e-02
3.226580e-02
3.227384e-02
3.230542e-02
3.232512e-02
3.236475e-02
3.238396e-02
3.240626e-02
3.243110e-02
3.246232e-02
3.246753e-02
3.249774e-02
3.254330e-02
3.256509e-02
3.256933e-02
3.260538e-02
3.263495e-02
3.265587e-02
3.267017e-02
3.267382e-02
3.269617e-02
3.273009e-02
3.275634e-02
3.276499e-02
3.278209e-02
3.279813e-02
3.284759e-02
3.286723e-02
3.288598e-02
3.291308e-02
3.295043e-02
3.296339e-02
3.297922e-02
3.300712e-02
3.303514e-02
3.304822e-02
3.308692e-02
3.309902e-02
3.309983e-02
3.313016e-02
3.315309e-02
3.318913e-02
3.320881e-02
3.322288e-02
3.323553e-02
3.328181e-02
3.332645e-02
3.334950e-02
3.336685e-02
3.340352e-02
3.341045e-02
3.343708e-02
3.344830e-02
3.347920e-02
3.350335e-02
3.354503e-02
3.355018e-02
3.357776e-02
3.360125e-02
3.364722e-02
3.367871e-02
3.368781e-02
3.371038e-02
3.373096e-02
3.375274e-02
3.377641e-02
3.379474e-02
3.381856e-02
3.385385e-02
3.387919e-02
3.388561e-02
3.389800e-02
3.392630e-02
3.394986e-02
3.397650e-02
3.398313e-02
3.402437e-02
3.406124e-02
3.406662e-02
3.410355e-02
3.413612e-02
3.416162e-02
3.418029e-02
3.420630e-02
3.422027e-02
3.425500e-02
3.428243e-02
3.429238e-02
3.432445e-02
3.434053e-02
3.436670e-02
3.438238e-02
3.439658e-02
3.443745e-02
3.445500e-02
3.449358e-02
3.450666e-02
3.451215e-02
3.453812e-02
3.455824e-02
3.458588e-02
3.461129e-02
3.466305e-02
3.467541e-02
3.467988e-02
3.469823e-02
3.472541e-02
3.477987e-02
3.479271e-02
3.481427e-02
3.486646e-02
3.488306e-02
3.490859e-02
3.492197e-02
3.493338e-02
3.494682e-02
3.502583e-02
3.506277e-02
3.508512e-02
3.510771e-02
3.511715e-02
3.513520e-02
3.517869e-02
3.519616e-02
3.522754e-02
3.525963e-02
3.527399e-02
3.528284e-02
3.529150e-02
3.532508e-02
3.535791e-02
3.537083e-02
3.539863e-02
3.542475e-02
3.545365e-02
3.546775e-02
3.547276e-02
3.550775e-02
3.554061e-02
3.557004e-02
3.558800e-02
3.559666e-02
3.562451e-02
3.567751e-02
3.568576e-02
3.570120e-02
3.573840e-02
3.576450e-02
3.581438e-02
3.582748e-02
3.583912e-02
3.588130e-02
3.589062e-02
3.590548e-02
3.592641e-02
3.596331e-02
3.597688e-02
3.600212e-02
3.603496e-02
3.605699e-02
3.606658e-02
3.609544e-02
3.611267e-02
3.613185e-02
3.616006e-02
3.617998e-02
3.621464e-02
3.623455e-02
3.626981e-02
3.629434e-02
3.632293e-02
3.636081e-02
3.638214e-02
3.639490e-02
3.641206e-02
3.643292e-02
3.646548e-02
3.649428e-02
3.651452e-02
3.654143e-02
3.657391e-02
3.658220e-02
3.661066e-02
3.662811e-02
3.666093e-02
3.667669e-02
3.669849e-02
3.671266e-02
3.673156e-02
3.676282e-02
3.677679e-02
3.682188e-02
3.682904e-02
3.687170e-02
3.689457e-02
3.691247e-02
3.694223e-02
3.695243e-02
3.696710e-02
3.699418e-02
3.700248e-02
3.706828e-02
3.709686e-02
3.710137e-02
3.714828e-02
3.715769e-02
3.718110e-02
3.719591e-02
3.723326e-02
3.724810e-02
3.727737e-02
3.730335e-02
3.732709e-02
3.733051e-02
3.735519e-02
3.739171e-02
3.741702e-02
3.743489e-02
3.746115e-02
3.748842e-02
3.751655e-02
3.754358e-02
3.756699e-02
3.757171e-02
3.760071e-02
3.763793e-02
3.764464e-02
3.769093e-02
3.771305e-02
3.772776e-02
3.774957e-02
3.776487e-02
3.778526e-02
3.780917e-02
3.782686e-02
3.786155e-02
3.788574e-02
3.790270e-02
3.791768e-02
3.793049e-02
3.797126e-02
3.798866e-02
3.801730e-02
3.805152e-02
3.809049e-02
3.813245e-02
3.815633e-02
3.815887e-02
3.819659e-02
3.821216e-02
3.822748e-02
3.824279e-02
3.825356e-02
3.829071e-02
3.831691e-02
3.835019e-02
3.836683e-02
3.837542e-02
3.837836e-02
3.841920e-02
3.843846e-02
3.846097e-02
3.849252e-02
3.850675e-02
3.853957e-02
3.857782e-02
3.859304e-02
3.860751e-02
3.864298e-02
3.868635e-02
3.871923e-02
3.873760e-02
3.875198e-02
3.875774e-02
3.879263e-02
3.881907e-02
3.886117e-02
3.887859e-02
3.891398e-02
3.892261e-02
3.895245e-02
3.897187e-02
3.897709e-02
3.899498e-02
3.901919e-02
3.903548e-02
3.908366e-02
3.910402e-02
3.911790e-02
3.914171e-02
3.918022e-02
3.920534e-02
3.922661e-02
3.925383e-02
3.927857e-02
3.929233e-02
3.930630e-02
3.934062e-02
3.935387e-02
3.938092e-02
3.941625e-02
3.944066e-02
3.945688e-02
3.949280e-02
3.952451e-02
3.952960e-02
3.956391e-02
3.958374e-02
3.960804e-02
3.964602e-02
3.966290e-02
3.969704e-02
3.971556e-02
3.972526e-02
3.978368e-02
3.981995e-02
3.984269e-02
3.985513e-02
3.987411e-02
3.988531e-02
3.992250e-02
3.994034e-02
3.995464e-02
3.999894e-02
4.000883e-02
4.003777e-02
4.005985e-02
4.008460e-02
4.014158e-02
4.017012e-02
4.017782e-02
4.019128e-02
4.022852e-02
4.024359e-02
4.028348e-02
4.031413e-02
4.034420e-02
4.038728e-02
4.038968e-02
4.042437e-02
4.043116e-02
4.046539e-02
4.047015e-02
4.051946e-02
4.055380e-02
4.055999e-02
4.061837e-02
4.065300e-02
4.065880e-02
4.068153e-02
4.072332e-02
4.075503e-02
4.078009e-02
4.079148e-02
4.080683e-02
4.085471e-02
4.087868e-02
4.088779e-02
4.092322e-02
4.094273e-02
4.095630e-02
4.100000e-02
4.102810e-02
4.105769e-02
4.107216e-02
4.110479e-02
4.112262e-02
4.115700e-02
4.118822e-02
4.119247e-02
4.122340e-02
4.122965e-02
4.126219e-02
4.131564e-02
4.132725e-02
4.135096e-02
4.139900e-02
4.140875e-02
4.143944e-02
4.144992e-02
4.146681e-02
4.148350e-02
4.152192e-02
4.160365e-02
4.161821e-02
4.163586e-02
4.167241e-02
4.168242e-02
4.170111e-02
4.171728e-02
4.174775e-02
4.179230e-02
4.184918e-02
4.186619e-02
4.188360e-02
4.189794e-02
4.191719e-02
4.193338e-02
4.198977e-02
4.199294e-02
4.206683e-02
4.207840e-02
4.208361e-02
4.211808e-02
4.213313e-02
4.216011e-02
4.218604e-02
4.219961e-02
4.227528e-02
4.230380e-02
4.231816e-02
4.236187e-02
4.236715e-02
4.241992e-02
4.242920e-02
4.245128e-02
4.250160e-02
4.252587e-02
4.255304e-02
4.257919e-02
4.259006e-02
4.262871e-02
4.265379e-02
4.268709e-02
4.269726e-02
4.271653e-02
4.272955e-02
4.276745e-02
4.282252e-02
4.284241e-02
4.285778e-02
4.288471e-02
4.294382e-02
4.294614e-02
4.296206e-02
4.301663e-02
4.304532e-02
4.306412e-02
4.312261e-02
4.314041e-02
4.316654e-02
4.318905e-02
4.322326e-02
4.325666e-02
4.326671e-02
4.328931e-02
4.335894e-02
4.338134e-02
4.340379e-02
4.342879e-02
4.344760e-02
4.346690e-02
4.347392e-02
4.349016e-02
4.351777e-02
4.358792e-02
4.359620e-02
4.364754e-02
4.366354e-02
4.370189e-02
4.372184e-02
4.373475e-02
4.379498e-02
4.382183e-02
4.383283e-02
4.384167e-02
4.389721e-02
4.391823e-02
4.393350e-02
4.396234e-02
4.404557e-02
4.404729e-02
4.407391e-02
4.409057e-02
4.410037e-02
4.414556e-02
4.415559e-02
4.419728e-02
4.421478e-02
4.425391e-02
4.428138e-02
4.431086e-02
4.435902e-02
4.437879e-02
4.440457e-02
4.442190e-02
4.445109e-02
4.451112e-02
4.451780e-02
4.457169e-02
4.460437e-02
4.460647e-02
4.464006e-02
4.465949e-02
4.467279e-02
4.470584e-02
4.471489e-02
4.477703e-02
4.478620e-02
4.483390e-02
4.486176e-02
4.489436e-02
4.489791e-02
4.494040e-02
4.495588e-02
4.497360e-02
4.500824e-02
4.503226e-02
4.505677e-02
4.508746e-02
4.510033e-02
4.512897e-02
4.514706e-02
4.516067e-02
4.523365e-02
4.526226e-02
4.527800e-02
4.531182e-02
4.535094e-02
4.538251e-02
4.539653e-02
4.541804e-02
4.544108e-02
4.545910e-02
4.547529e-02
4.549711e-02
4.553212e-02
4.555754e-02
4.558247e-02
4.561257e-02
4.561595e-02
4.569663e-02
4.570907e-02
4.572516e-02
4.573994e-02
4.576126e-02
4.582905e-02
4.586039e-02
4.591653e-02
4.592529e-02
4.593968e-02
4.594911e-02
4.598726e-02
4.601392e-02
4.604359e-02
4.605752e-02
4.606531e-02
4.611956e-02
4.614397e-02
4.617510e-02
4.620693e-02
4.623440e-02
4.626860e-02
4.629492e-02
4.634654e-02
4.635763e-02
4.638528e-02
4.641157e-02
4.645567e-02
4.646972e-02
4.651159e-02
4.652676e-02
4.656638e-02
4.659615e-02
4.662137e-02
4.666665e-02
4.668441e-02
4.674771e-02
4.677263e-02
4.678607e-02
4.682379e-02
4.684203e-02
4.686995e-02
4.687666e-02
4.689266e-02
4.696092e-02
4.698534e-02
4.703438e-02
4.704905e-02
4.705851e-02
4.708280e-02
4.711508e-02
4.714230e-02
4.716829e-02
4.718571e-02
4.719521e-02
4.724009e-02
4.726619e-02
4.729980e-02
4.733316e-02
4.735534e-02
4.740310e-02
4.744287e-02
4.746764e-02
4.749719e-02
4.751841e-02
4.753066e-02
4.753372e-02
4.754287e-02
4.761908e-02
4.763952e-02
4.767996e-02
4.771273e-02
4.776558e-02
4.780388e-02
4.782670e-02
4.783274e-02
4.785333e-02
4.786116e-02
4.790322e-02
4.793150e-02
4.795385e-02
4.797909e-02
4.800525e-02
4.803220e-02
4.807475e-02
4.809340e-02
4.811445e-02
4.816473e-02
4.819812e-02
4.823049e-02
4.823635e-02
4.827172e-02
4.830928e-02
4.834003e-02
4.837588e-02
4.838893e-02
4.843150e-02
4.845221e-02
4.846645e-02
4.847575e-02
4.853957e-02
4.856843e-02
4.860852e-02
4.863490e-02
4.864921e-02
4.868928e-02
4.876341e-02
4.881211e-02
4.885114e-02
4.885891e-02
4.889216e-02
4.890729e-02
4.897206e-02
4.899019e-02
4.901922e-02
4.903551e-02
4.907179e-02
4.908229e-02
4.911054e-02
4.915007e-02
4.921205e-02
4.922929e-02
4.925894e-02
4.928966e-02
4.929998e-02
4.935839e-02
4.935885e-02
4.939826e-02
4.941917e-02
4.944819e-02
4.948482e-02
4.951057e-02
4.954547e-02
4.960600e-02
4.961100e-02
4.966155e-02
4.967131e-02
4.968574e-02
4.974636e-02
4.978202e-02
4.979874e-02
4.983119e-02
4.985286e-02
4.989167e-02
4.992864e-02
4.996996e-02
4.999163e-02
5.003947e-02
5.004471e-02
5.008952e-02
5.012188e-02
5.015886e-02
5.020099e-02
5.022023e-02
5.025431e-02
5.026184e-02
5.028768e-02
5.029116e-02
5.034060e-02
5.038587e-02
5.043183e-02
5.048011e-02
5.048538e-02
5.052222e-02
5.053913e-02
5.058290e-02
5.060125e-02
5.063855e-02
5.068772e-02
5.069464e-02
5.072671e-02
5.075074e-02
5.076387e-02
5.082185e-02
5.086824e-02
5.089181e-02
5.093945e-02
5.097393e-02
5.099023e-02
5.103419e-02
5.108476e-02
5.112706e-02
5.115209e-02
5.116546e-02
5.118751e-02
5.125336e-02
5.127750e-02
5.128802e-02
5.135605e-02
5.136933e-02
5.140222e-02
5.144284e-02
5.149220e-02
5.150854e-02
5.154781e-02
5.157306e-02
5.160798e-02
5.163763e-02
5.166934e-02
5.167962e-02
5.172242e-02
5.178399e-02
5.180762e-02
5.184059e-02
5.189130e-02
5.190844e-02
5.195646e-02
5.198665e-02
5.203939e-02
5.207800e-02
5.209676e-02
5.211681e-02
5.217105e-02
5.219193e-02
5.225647e-02
5.228927e-02
5.234133e-02
5.238309e-02
5.240541e-02
5.241802e-02
5.245096e-02
5.251295e-02
5.252255e-02
5.255495e-02
5.262439e-02
5.266185e-02
5.270741e-02
5.274486e-02
5.278051e-02
5.279362e-02
5.288257e-02
5.288691e-02
5.293689e-02
5.298436e-02
5.302467e-02
5.304525e-02
5.307581e-02
5.309537e-02
5.311959e-02
5.319168e-02
5.323974e-02
5.324934e-02
5.331579e-02
5.332220e-02
5.338877e-02
5.343021e-02
5.348765e-02
5.349821e-02
5.354290e-02
5.355316e-02
5.358845e-02
5.362657e-02
5.369043e-02
5.370581e-02
5.377441e-02
5.380230e-02
5.381688e-02
5.385796e-02
5.389239e-02
5.394676e-02
5.398175e-02
5.403477e-02
5.406247e-02
5.408954e-02
5.411584e-02
5.413972e-02
5.418760e-02
5.422680e-02
5.425207e-02
5.428333e-02
5.431477e-02
5.433687e-02
5.436877e-02
5.445727e-02
5.449193e-02
5.451321e-02
5.452130e-02
5.456528e-02
5.459017e-02
5.466856e-02
5.468460e-02
5.471069e-02
5.477573e-02
5.481659e-02
5.481725e-02
5.483300e-02
5.488430e-02
5.493213e-02
5.497268e-02
5.500235e-02
5.502980e-02
5.505597e-02
5.511112e-02
5.513075e-02
5.519361e-02
5.519933e-02
5.522093e-02
5.524820e-02
5.529653e-02
5.536232e-02
5.537956e-02
5.541121e-02
5.545533e-02
5.545736e-02
5.549013e-02
5.552919e-02
5.555889e-02
5.557997e-02
5.566032e-02
5.569131e-02
5.572167e-02
5.576065e-02
5.577259e-02
5.581617e-02
5.583456e-02
5.585296e-02
5.593255e-02
5.594272e-02
5.602635e-02
5.605704e-02
5.611672e-02
5.614598e-02
5.616512e-02
5.620118e-02
5.625114e-02
5.629628e-02
5.633072e-02
5.635067e-02
5.642258e-02
5.643292e-02
5.644969e-02
5.647388e-02
5.649602e-02
5.657349e-02
5.658975e-02
5.660986e-02
5.661868e-02
5.666558e-02
5.667096e-02
5.673310e-02
5.675998e-02
5.680570e-02
5.682912e-02
5.686844e-02
5.688425e-02
5.694593e-02
5.699867e-02
5.700597e-02
5.705150e-02
5.711800e-02
5.713816e-02
5.718230e-02
5.721581e-02
5.724870e-02
5.728328e-02
5.733363e-02
5.737982e-02
5.740789e-02
5.744478e-02
5.748811e-02
5.755070e-02
5.758458e-02
5.762801e-02
5.765646e-02
5.768941e-02
5.771375e-02
5.780821e-02
5.784645e-02
5.787194e-02
5.788016e-02
5.792881e-02
5.796612e-02
5.798295e-02
5.801957e-02
5.807118e-02
5.812911e-02
5.817007e-02
5.819129e-02
5.820597e-02
5.822531e-02
5.828260e-02
5.829714e-02
5.833777e-02
5.836490e-02
5.838221e-02
5.843990e-02
5.845433e-02
5.850097e-02
5.857631e-02
5.862026e-02
5.869194e-02
5.871854e-02
5.873192e-02
5.883602e-02
5.887609e-02
5.891066e-02
5.894837e-02
5.896062e-02
5.898278e-02
5.901044e-02
5.909386e-02
5.918365e-02
5.922264e-02
5.928200e-02
5.930345e-02
5.935218e-02
5.941690e-02
5.945929e-02
5.948089e-02
5.953239e-02
5.960271e-02
5.962723e-02
5.965717e-02
5.968422e-02
5.970925e-02
5.978052e-02
5.981538e-02
5.983672e-02
5.986306e-02
5.991126e-02
5.996694e-02
5.999667e-02
6.004083e-02
6.006176e-02
6.012637e-02
6.020726e-02
6.022020e-02
6.026926e-02
6.028820e-02
6.034555e-02
6.040033e-02
6.045677e-02
6.050493e-02
6.052148e-02
6.054733e-02
6.058223e-02
6.060911e-02
6.065594e-02
6.067199e-02
6.070384e-02
6.076645e-02
6.080308e-02
6.086098e-02
6.088742e-02
6.091629e-02
6.098830e-02
6.102354e-02
6.105416e-02
6.106797e-02
6.112729e-02
6.114522e-02
6.124581e-02
6.127487e-02
6.130840e-02
6.136396e-02
6.138016e-02
6.138602e-02
6.143198e-02
6.145357e-02
6.152896e-02
6.159017e-02
6.164619e-02
6.165511e-02
6.167171e-02
6.174671e-02
6.177523e-02
6.184485e-02
6.187228e-02
6.191218e-02
6.195415e-02
6.198549e-02
6.206309e-02
6.207776e-02
6.213196e-02
6.217377e-02
6.224800e-02
6.229418e-02
6.232856e-02
6.237167e-02
6.239230e-02
6.241119e-02
6.248268e-02
6.250347e-02
6.254763e-02
6.257344e-02
6.261236e-02
6.263699e-02
6.269180e-02
6.271089e-02
6.276089e-02
6.281997e-02
6.285985e-02
6.288829e-02
6.298509e-02
6.305378e-02
6.307480e-02
6.312165e-02
6.313718e-02
6.319750e-02
6.324617e-02
6.328684e-02
6.334712e-02
6.337485e-02
6.343629e-02
6.347361e-02
6.349404e-02
6.353991e-02
6.356096e-02
6.363297e-02
6.367956e-02
6.371554e-02
6.374573e-02
6.382876e-02
6.383686e-02
6.387933e-02
6.394071e-02
6.397278e-02
6.402020e-02
6.409522e-02
6.413143e-02
6.415004e-02
6.419008e-02
6.422373e-02
6.425555e-02
6.437281e-02
6.443881e-02
6.445542e-02
6.449947e-02
6.452973e-02
6.459697e-02
6.466265e-02
6.468927e-02
6.471412e-02
6.480956e-02
6.488628e-02
6.490627e-02
6.498005e-02
6.507200e-02
6.509996e-02
6.511006e-02
6.519412e-02
6.520827e-02
6.527052e-02
6.532444e-02
6.535765e-02
6.544752e-02
6.546654e-02
6.552819e-02
6.557400e-02
6.561227e-02
6.565182e-02
6.571257e-02
6.579777e-02
6.583909e-02
6.587158e-02
6.589899e-02
6.596860e-02
6.604190e-02
6.608854e-02
6.617201e-02
6.621605e-02
6.623854e-02
6.625314e-02
6.633882e-02
6.637746e-02
6.644109e-02
6.646510e-02
6.649015e-02
6.655734e-02
6.658499e-02
6.666826e-02
6.667714e-02
6.670021e-02
6.673522e-02
6.679183e-02
6.681273e-02
6.690740e-02
6.696359e-02
6.698871e-02
6.706051e-02
6.712475e-02
6.719303e-02
6.720997e-02
6.725714e-02
6.732562e-02
6.737841e-02
6.739382e-02
6.745791e-02
6.747881e-02
6.755288e-02
6.757815e-02
6.764068e-02
6.768674e-02
6.771249e-02
6.775625e-02
6.782185e-02
6.785495e-02
6.791147e-02
6.791316e-02
6.796547e-02
6.801074e-02
6.805971e-02
6.809671e-02
6.816320e-02
6.817764e-02
6.825462e-02
6.828742e-02
6.832928e-02
6.839344e-02
6.847905e-02
6.850408e-02
6.855673e-02
6.860218e-02
6.862987e-02
6.870414e-02
6.877261e-02
6.878797e-02
6.884951e-02
6.887276e-02
6.895319e-02
6.903244e-02
6.911557e-02
6.912954e-02
6.918324e-02
6.923176e-02
6.924021e-02
6.933689e-02
6.940899e-02
6.947233e-02
6.950693e-02
6.954135e-02
6.957331e-02
6.961010e-02
6.967815e-02
6.969764e-02
6.972085e-02
6.979409e-02
6.989205e-02
6.994604e-02
6.998632e-02
7.002685e-02
7.007103e-02
7.009998e-02
7.017634e-02
7.019637e-02
7.024859e-02
7.029328e-02
7.035501e-02
7.043926e-02
7.046987e-02
7.051573e-02
7.057304e-02
7.059413e-02
7.064035e-02
7.073933e-02
7.076005e-02
7.079345e-02
7.083798e-02
7.095122e-02
7.099547e-02
7.105330e-02
7.106392e-02
7.114328e-02
7.120279e-02
7.124991e-02
7.126322e-02
7.129232e-02
7.132439e-02
7.134934e-02
7.139755e-02
7.148021e-02
7.152627e-02
7.154883e-02
7.161091e-02
7.165497e-02
7.171698e-02
7.180111e-02
7.181972e-02
7.186166e-02
7.193682e-02
7.203786e-02
7.210986e-02
7.213850e-02
7.215665e-02
7.220507e-02
7.223024e-02
7.226919e-02
7.232092e-02
7.240036e-02
7.243787e-02
7.250668e-02
7.253849e-02
7.267529e-02
7.269777e-02
7.275737e-02
7.283541e-02
7.287375e-02
7.289045e-02
7.298020e-02
7.301275e-02
7.310541e-02
7.312300e-02
7.317275e-02
7.319556e-02
7.321705e-02
7.332386e-02
7.333722e-02
7.341706e-02
7.346472e-02
7.352272e-02
7.362206e-02
7.366940e-02
7.369353e-02
7.377038e-02
7.379027e-02
7.385018e-02
7.390795e-02
7.395640e-02
7.408269e-02
7.412011e-02
7.418089e-02
7.419944e-02
7.426984e-02
7.432642e-02
7.434987e-02
7.440865e-02
7.447232e-02
7.451633e-02
7.463599e-02
7.468899e-02
7.478853e-02
7.479118e-02
7.480712e-02
7.486364e-02
7.493105e-02
7.501631e-02
7.507822e-02
7.516164e-02
7.521627e-02
7.526263e-02
7.527214e-02
7.535889e-02
7.540062e-02
7.542757e-02
7.551944e-02
7.556706e-02
7.562674e-02
7.565478e-02
7.569290e-02
7.574995e-02
7.581402e-02
7.585971e-02
7.588911e-02
7.600656e-02
7.604721e-02
7.607178e-02
7.615953e-02
7.623767e-02
7.628340e-02
7.636614e-02
7.637339e-02
7.646227e-02
7.648834e-02
7.655275e-02
7.663283e-02
7.665756e-02
7.674808e-02
7.687416e-02
7.696712e-02
7.702125e-02
7.708730e-02
7.714077e-02
7.719738e-02
7.727064e-02
7.730467e-02
7.735592e-02
7.742725e-02
7.751900e-02
7.760251e-02
7.762130e-02
7.770793e-02
7.772252e-02
7.785479e-02
7.792866e-02
7.797566e-02
7.799676e-02
7.803745e-02
7.808334e-02
7.813495e-02
7.823806e-02
7.830311e-02
7.837026e-02
7.839125e-02
7.849804e-02
7.853885e-02
7.855595e-02
7.861225e-02
7.868209e-02
7.873784e-02
7.881418e-02
7.891097e-02
7.896234e-02
7.911819e-02
7.917956e-02
7.924723e-02
7.927132e-02
7.935799e-02
7.945325e-02
7.948591e-02
7.957379e-02
7.965028e-02
7.967272e-02
7.976648e-02
7.981074e-02
7.991686e-02
7.996567e-02
8.002378e-02
8.006551e-02
8.013948e-02
8.025410e-02
8.029270e-02
8.035543e-02
8.041150e-02
8.047350e-02
8.051033e-02
8.059749e-02
8.066579e-02
8.086595e-02
8.090763e-02
8.095260e-02
8.102748e-02
8.106186e-02
8.114888e-02
8.120873e-02
8.125466e-02
8.132227e-02
8.137685e-02
8.146150e-02
8.150608e-02
8.158656e-02
8.164981e-02
8.169735e-02
8.177530e-02
8.180497e-02
8.185277e-02
8.189398e-02
8.195520e-02
8.199255e-02
8.205990e-02
8.214518e-02
8.218407e-02
8.221604e-02
8.231010e-02
8.236702e-02
8.239352e-02
8.246911e-02
8.251837e-02
8.264721e-02
8.274307e-02
8.276514e-02
8.284303e-02
8.285548e-02
8.293119e-02
8.297354e-02
8.307993e-02
8.313500e-02
8.317430e-02
8.324679e-02
8.331471e-02
8.334394e-02
8.336895e-02
8.345513e-02
8.351311e-02
8.357798e-02
8.364483e-02
8.368979e-02
8.376521e-02
8.387884e-02
8.391233e-02
8.400689e-02
8.402361e-02
8.419986e-02
8.421575e-02
8.425894e-02
8.438651e-02
8.443510e-02
8.454110e-02
8.456581e-02
8.471494e-02
8.473227e-02
8.477238e-02
8.484711e-02
8.492081e-02
8.504695e-02
8.509981e-02
8.516503e-02
8.526345e-02
8.529517e-02
8.539316e-02
8.549033e-02
8.556658e-02
8.558163e-02
8.563423e-02
8.579818e-02
8.591085e-02
8.594028e-02
8.604163e-02
8.606435e-02
8.623313e-02
8.642243e-02
8.646873e-02
8.652984e-02
8.660249e-02
8.671313e-02
8.674343e-02
8.679154e-02
8.683840e-02
8.695726e-02
8.697070e-02
8.700639e-02
8.711169e-02
8.715831e-02
8.727760e-02
8.737993e-02
8.743230e-02
8.757514e-02
8.764978e-02
8.772566e-02
8.778596e-02
8.788668e-02
8.790902e-02
8.797260e-02
8.806703e-02
8.813982e-02
8.823836e-02
8.844852e-02
8.848404e-02
8.854570e-02
8.865457e-02
8.881950e-02
8.895540e-02
8.899693e-02
8.905981e-02
8.914557e-02
8.925962e-02
8.935846e-02
8.939048e-02
8.950321e-02
8.952250e-02
8.958681e-02
8.975563e-02
8.986340e-02
8.991851e-02
9.001530e-02
9.006334e-02
9.011945e-02
9.016817e-02
9.023049e-02
9.028709e-02
9.040219e-02
9.054439e-02
9.058792e-02
9.064770e-02
9.079736e-02
9.093112e-02
9.098913e-02
9.101309e-02
9.112904e-02
9.122265e-02
9.127349e-02
9.133304e-02
9.141047e-02
9.143548e-02
9.147837e-02
9.154177e-02
9.163522e-02
9.165375e-02
9.184622e-02
9.187150e-02
9.198787e-02
9.208797e-02
9.218490e-02
9.230691e-02
9.233285e-02
9.243012e-02
9.257381e-02
9.265957e-02
9.274740e-02
9.280963e-02
9.284409e-02
9.301245e-02
9.302543e-02
9.313328e-02
9.317628e-02
9.333980e-02
9.340536e-02
9.343815e-02
9.349322e-02
9.358246e-02
9.365883e-02
9.384485e-02
9.392620e-02
9.396889e-02
9.407231e-02
9.413560e-02
9.425352e-02
9.432195e-02
9.443299e-02
9.459132e-02
9.467976e-02
9.479368e-02
9.486790e-02
9.500057e-02
9.513786e-02
9.519717e-02
9.532911e-02
9.548230e-02
9.562964e-02
9.567570e-02
9.579586e-02
9.586176e-02
9.597406e-02
9.600296e-02
9.608889e-02
9.622588e-02
9.624384e-02
9.633402e-02
9.637932e-02
9.640836e-02
9.655348e-02
9.657769e-02
9.669510e-02
9.681333e-02
9.684983e-02
9.691035e-02
9.700698e-02
9.707964e-02
9.723912e-02
9.726063e-02
9.740216e-02
9.748628e-02
9.760512e-02
9.768329e-02
9.789435e-02
9.792032e-02
9.806999e-02
9.812339e-02
9.816398e-02
9.827426e-02
9.831845e-02
9.858612e-02
9.862146e-02
9.869023e-02
9.891370e-02
9.895651e-02
9.905527e-02
9.921875e-02
9.926543e-02
9.931598e-02
9.939050e-02
9.944520e-02
9.950218e-02
9.956436e-02
9.975932e-02
9.986663e-02
1.000987e-01
1.002263e-01
1.003026e-01
1.003887e-01
1.004748e-01
1.006684e-01
1.007811e-01
1.009169e-01
1.009772e-01
1.010871e-01
1.012904e-01
1.014370e-01
1.015049e-01
1.015844e-01
1.017992e-01
1.019512e-01
1.020809e-01
1.021581e-01
1.022779e-01
1.023988e-01
1.025352e-01
1.026021e-01
1.027031e-01
1.027262e-01
1.029408e-01
1.030390e-01
1.031538e-01
1.032759e-01
1.033435e-01
1.034347e-01
1.034683e-01
1.036392e-01
1.036858e-01
1.036941e-01
1.038966e-01
1.039981e-01
1.041403e-01
1.043523e-01
1.043611e-01
1.044711e-01
1.045620e-01
1.046008e-01
1.047286e-01
1.048493e-01
1.049196e-01
1.050647e-01
1.051348e-01
1.052177e-01
1.054698e-01
1.056260e-01
1.056605e-01
1.058551e-01
1.061037e-01
1.061113e-01
1.062437e-01
1.062892e-01
1.063178e-01
1.065267e-01
1.065797e-01
1.068796e-01
1.069216e-01
1.069627e-01
1.071977e-01
1.072733e-01
1.072772e-01
1.075617e-01
1.076884e-01
1.077784e-01
1.081413e-01
1.082130e-01
1.082759e-01
1.083390e-01
1.086262e-01
1.086681e-01
1.088891e-01
1.090104e-01
1.090458e-01
1.091740e-01
1.092108e-01
1.093945e-01
1.094973e-01
1.097207e-01
1.098739e-01
1.099480e-01
1.101481e-01
1.101773e-01
1.102949e-01
1.105332e-01
1.105999e-01
1.106751e-01
1.107669e-01
1.108669e-01
1.109850e-01
1.111182e-01
1.113642e-01
1.115270e-01
1.117245e-01
1.118764e-01
1.120686e-01
1.121458e-01
1.123490e-01
1.124587e-01
1.125364e-01
1.126503e-01
1.127861e-01
1.128875e-01
1.129075e-01
1.130229e-01
1.131851e-01
1.133414e-01
1.136266e-01
1.137609e-01
1.138233e-01
1.138639e-01
1.140311e-01
1.141621e-01
1.142775e-01
1.145007e-01
1.145689e-01
1.146344e-01
1.148153e-01
1.149502e-01
1.150425e-01
1.151883e-01
1.153143e-01
1.154279e-01
1.156768e-01
1.157350e-01
1.159385e-01
1.160645e-01
1.161531e-01
1.162276e-01
1.163323e-01
1.164343e-01
1.166132e-01
1.166750e-01
1.167197e-01
1.168953e-01
1.170456e-01
1.172000e-01
1.175015e-01
1.177930e-01
1.178109e-01
1.180868e-01
1.183617e-01
1.184797e-01
1.186562e-01
1.190331e-01
1.190469e-01
1.195069e-01
1.196850e-01
1.198261e-01
1.200374e-01
1.201926e-01
1.207125e-01
1.208088e-01
1.208429e-01
1.210673e-01
1.214872e-01
1.217278e-01
1.218540e-01
1.221343e-01
1.223448e-01
1.224410e-01
1.226958e-01
1.228605e-01
1.231732e-01
1.235347e-01
1.236542e-01
1.237776e-01
1.238856e-01
1.241834e-01
1.244651e-01
1.247692e-01
1.249148e-01
1.249282e-01
1.252180e-01
1.252544e-01
1.253377e-01
1.255939e-01
1.258789e-01
1.261413e-01
1.263867e-01
1.266887e-01
1.269733e-01
1.272227e-01
1.273523e-01
1.275614e-01
1.277823e-01
1.280493e-01
1.284028e-01
1.286493e-01
1.288768e-01
1.291458e-01
1.296043e-01
1.296814e-01
1.297359e-01
1.297818e-01
1.299653e-01
1.302390e-01
1.307563e-01
1.308795e-01
1.309454e-01
1.312308e-01
1.312704e-01
1.314544e-01
1.316708e-01
1.317503e-01
1.317751e-01
1.324050e-01
1.324973e-01
1.328358e-01
1.328668e-01
1.331265e-01
1.333869e-01
1.335375e-01
1.336387e-01
1.339089e-01
1.343780e-01
1.346773e-01
1.352156e-01
1.356683e-01
1.357985e-01
1.362410e-01
1.364910e-01
1.365874e-01
1.366611e-01
1.367439e-01
1.371235e-01
1.375523e-01
1.376816e-01
1.379030e-01
1.379580e-01
1.381414e-01
1.387800e-01
1.388227e-01
1.391752e-01
1.393372e-01
1.399505e-01
1.401467e-01
1.401814e-01
1.404756e-01
1.405528e-01
1.409517e-01
1.410921e-01
1.414771e-01
1.419750e-01
1.423365e-01
1.423788e-01
1.425656e-01
1.428563e-01
1.430617e-01
1.434209e-01
1.435396e-01
1.436424e-01
1.438602e-01
1.440845e-01
1.442262e-01
1.445486e-01
1.447102e-01
1.449870e-01
1.453291e-01
1.454159e-01
1.457135e-01
1.458039e-01
1.465047e-01
1.469950e-01
1.475068e-01
1.479260e-01
1.480721e-01
1.486126e-01
1.494219e-01
1.498372e-01
1.503748e-01
1.504539e-01
1.510401e-01
1.510842e-01
1.512849e-01
1.525730e-01
1.532794e-01
1.540576e-01
1.543446e-01
1.546444e-01
1.551661e-01
1.552948e-01
1.555622e-01
1.558201e-01
1.559774e-01
1.561248e-01
1.565332e-01
1.574988e-01
1.578986e-01
1.582224e-01
1.587258e-01
1.593407e-01
1.596149e-01
1.605043e-01
1.606421e-01
1.616833e-01
1.618583e-01
1.622081e-01
1.626850e-01
1.630733e-01
1.636322e-01
1.639569e-01
1.640487e-01
1.644316e-01
1.647553e-01
1.656246e-01
1.657787e-01
1.658493e-01
1.671826e-01
1.677373e-01
1.681334e-01
1.693345e-01
1.694395e-01
1.703751e-01
1.706242e-01
1.714053e-01
1.717034e-01
1.727970e-01
1.728737e-01
1.737353e-01
1.740752e-01
1.746912e-01
1.750041e-01
1.756858e-01
1.768292e-01
1.771564e-01
1.781342e-01
1.789290e-01
1.792102e-01
1.796765e-01
1.814542e-01
1.815935e-01
1.826762e-01
1.832622e-01
1.838697e-01
1.839800e-01
1.846325e-01
1.849577e-01
1.854989e-01
1.864480e-01
1.876827e-01
1.877999e-01
1.887162e-01
1.891830e-01
1.893644e-01
1.900203e-01
1.910871e-01
1.914911e-01
1.918711e-01
1.922318e-01
1.926121e-01
1.926292e-01
1.931643e-01
1.941993e-01
1.944324e-01
1.947791e-01
1.959691e-01
1.973134e-01
1.984329e-01
1.997269e-01
2.000860e-01
2.011728e-01
2.027261e-01
2.036957e-01
2.043366e-01
2.054640e-01
2.110454e-01
2.119661e-01
2.148701e-01
2.173929e-01
2.177578e-01
2.230128e-01
2.264088e-01
2.308356e-01
2.336814e-01
2.348067e-01
2.413578e-01
2.422609e-01
2.478510e-01
2.501313e-01
2.561127e-01
2.581294e-01
2.694788e-01
2.798661e-01
2.926268e-01
1.000000e+00
