# sorted relative singular values (kkt) field=gauss eps=0.25 N=12 n=3601
1.825264378326526193e-03
1.874657014671271852e-03
1.932798767744744193e-03
2.040083726567220278e-03
2.085511106324336016e-03
2.143705840028679518e-03
2.196092287754159225e-03
2.265177403923993808e-03
2.313756536572430730e-03
2.410166885703964208e-03
2.499866195488081779e-03
2.529398145000710200e-03
2.646099148699098454e-03
2.668025669969295837e-03
2.737747418282876662e-03
3.000864531788161906e-03
3.039650725079846069e-03
3.136170885870571533e-03
3.192000407464646184e-03
3.276942812848890330e-03
3.374787166414804866e-03
3.402640592918081131e-03
3.770648915824772497e-03
3.905158300619039798e-03
4.493631783743899308e-03
5.006645007381016477e-03
5.058685952387128627e-03
5.203908602619879489e-03
5.337048373013494711e-03
5.446638432328773649e-03
5.517366814518982754e-03
5.625725046384822021e-03
5.701168677963229341e-03
5.802131047985023375e-03
7.779419955633997373e-03
7.954710314400672416e-03
8.114035204956524319e-03
8.426237401835300761e-03
8.602306366488643788e-03
8.911520294541633302e-03
9.007555686018966015e-03
9.048654129155283415e-03
9.130613318734390541e-03
9.424270655407206154e-03
9.852158237478520972e-03
9.920035972619565406e-03
1.003331169329515354e-02
1.014861772981247301e-02
1.039461740524714843e-02
1.060908082114063108e-02
1.075942272473159704e-02
1.099086523990809063e-02
1.123124541880738889e-02
1.153440532543721468e-02
1.176414572754266863e-02
1.187447921714940811e-02
1.196831759868568525e-02
1.209641476382030886e-02
1.223294568514227999e-02
1.229115870196338667e-02
1.261244566701808997e-02
1.279510144963048705e-02
1.286436525663227533e-02
1.352017146583048626e-02
1.356502016824178737e-02
1.363610682957339462e-02
1.376647394879500219e-02
1.389744106764232053e-02
1.410172572888272052e-02
1.422684778290912548e-02
1.428640061285318605e-02
1.432125657730641370e-02
1.445117291720921307e-02
1.461964490841088059e-02
1.483987790394033709e-02
1.509441243946873894e-02
1.517895218553858006e-02
1.526254456979759394e-02
1.568699201646354610e-02
1.573429292047796510e-02
1.597036548872889788e-02
1.660496468154164240e-02
1.662453076029938789e-02
1.675601654756780218e-02
1.714349406624976480e-02
1.746484853192495010e-02
1.758066326178312280e-02
1.781852062560833685e-02
1.807852872092577390e-02
1.817923053692587637e-02
1.826436717720057376e-02
1.837579170425000449e-02
1.879124850515564646e-02
1.888958374930541084e-02
1.906403866721890009e-02
1.917918430875530100e-02
1.929086459850848020e-02
1.970281554921591433e-02
1.986171873758566658e-02
2.000567027757326269e-02
2.015954827827251897e-02
2.029044634505759725e-02
2.051162529809942570e-02
2.060634316467816959e-02
2.075446688275704027e-02
2.086929188187170228e-02
2.093082293413314060e-02
2.096770286563485325e-02
2.100193093138063780e-02
2.125368155851017904e-02
2.138476376895670147e-02
2.148460682901114777e-02
2.162531594216889758e-02
2.171684503050859069e-02
2.188913173977201018e-02
2.200474526977200598e-02
2.203779883501002027e-02
2.212427247935337682e-02
2.213065053447710318e-02
2.236799910344563005e-02
2.245730780828160411e-02
2.264923144473044228e-02
2.283372555985231991e-02
2.299690482506510161e-02
2.313808534651509360e-02
2.327545267039186558e-02
2.331359956402250314e-02
2.347661604063861276e-02
2.360480079559763508e-02
2.371047774006614442e-02
2.393446167341682293e-02
2.407084541562120802e-02
2.411032274277817231e-02
2.424471766438367551e-02
2.439838724114790428e-02
2.454496436279492502e-02
2.493074828095129258e-02
2.503864495662179446e-02
2.527812505948043645e-02
2.543606776011507822e-02
2.560001240526999650e-02
2.576498878177731211e-02
2.589017733210202329e-02
2.604818049169796076e-02
2.631112785078840513e-02
2.641164783537653868e-02
2.674816314419152172e-02
2.750146447505087341e-02
2.765453035850069449e-02
2.880984485546012400e-02
2.881630253309143408e-02
3.015834254499308656e-02
3.024797729532951313e-02
3.046455362144912318e-02
3.061598296242620462e-02
3.087598569100403340e-02
3.129145946398196459e-02
3.167169835814185458e-02
3.190891671261979895e-02
3.208452081483358087e-02
3.266682870327382304e-02
3.299282393186933615e-02
3.302106061988814567e-02
3.355590066961632728e-02
3.356487844278904786e-02
3.376534606810896455e-02
3.384836677023016910e-02
3.394584749872026075e-02
3.419748446108591272e-02
3.427869218925411188e-02
3.457434843241957018e-02
3.475877116982493270e-02
3.501389439671490772e-02
3.504383173593467182e-02
3.548924945746802923e-02
3.558449917630528148e-02
3.565336806012697063e-02
3.579454463425675581e-02
3.589278392316459093e-02
3.603258778960992392e-02
3.635593882375936364e-02
3.652321295233632026e-02
3.672021519568003517e-02
3.691798490791821374e-02
3.714422166702370520e-02
3.728872005787584737e-02
3.747555792448942213e-02
3.757501933163833602e-02
3.759347109298500494e-02
3.775088027717198036e-02
3.788298159811238214e-02
3.809187448230627604e-02
3.836064325228195210e-02
3.872127994429291897e-02
3.877614414290374983e-02
3.907686884346123907e-02
3.930091128360736763e-02
3.943906314429600907e-02
3.964669526181199832e-02
3.990508562041370638e-02
4.003070575929704861e-02
4.011624919908795411e-02
4.023471634978913192e-02
4.056852216759591206e-02
4.082769247500207810e-02
4.127177446350285828e-02
4.136879351648715258e-02
4.157716246055147974e-02
4.159713772910345053e-02
4.191240616385482481e-02
4.204345670875322266e-02
4.217180472505199784e-02
4.220335866112016887e-02
4.246917120049242128e-02
4.278076631867623603e-02
4.283560151387653947e-02
4.316743653152798482e-02
4.324971934077568442e-02
4.349774113925646002e-02
4.380550605396756059e-02
4.386842042803117125e-02
4.401129714503457246e-02
4.409041854144787886e-02
4.422373957213195095e-02
4.425173699292699742e-02
4.436404403594344098e-02
4.452943176465470887e-02
4.472870301212705096e-02
4.486110471629531360e-02
4.486908737992943014e-02
4.521182972321532295e-02
4.535300854927182962e-02
4.543048346303189128e-02
4.560223623875744869e-02
4.586959363415196028e-02
4.605212767256338519e-02
4.614255782894079172e-02
4.643314221647255879e-02
4.668436090818530587e-02
4.686211787880719543e-02
4.689630383106478673e-02
4.705080952362721003e-02
4.719673348359164355e-02
4.736130955483140725e-02
4.747570079054968389e-02
4.750314779381482194e-02
4.798256902659709527e-02
4.825994998618902965e-02
4.832440160211252250e-02
4.859591737148390156e-02
4.886404222420336757e-02
4.894552534632125307e-02
4.912223690557048633e-02
4.962598435607059461e-02
4.968725648034579695e-02
4.990117915215264849e-02
5.018121364217845159e-02
5.034972517270541043e-02
5.051898450428050913e-02
5.064474766511969234e-02
5.072021252306518901e-02
5.099953783950145203e-02
5.118999199644273107e-02
5.133659296033546426e-02
5.148084460861514916e-02
5.176846069636505815e-02
5.198693647651125849e-02
5.217503700331541788e-02
5.251240442241845302e-02
5.252150236544531059e-02
5.273726350369492555e-02
5.282602088195900714e-02
5.301151792808488777e-02
5.314759213183724296e-02
5.330147041937414315e-02
5.343449293401488637e-02
5.346183030770174788e-02
5.357857286965558852e-02
5.373981951836192400e-02
5.380609650962907275e-02
5.408501123507122171e-02
5.428119032276936679e-02
5.443073230308384525e-02
5.460555502882158407e-02
5.480202698341211237e-02
5.497612260442186899e-02
5.510389001727866026e-02
5.515530845582373998e-02
5.553192013525004578e-02
5.568239859209062059e-02
5.582218669203374561e-02
5.593786964262747324e-02
5.605283395277737418e-02
5.630518124297606564e-02
5.643455238645244537e-02
5.651872011992985223e-02
5.698149922983350435e-02
5.712391836301323328e-02
5.727865035312191405e-02
5.735289166221343299e-02
5.759836661152011039e-02
5.777959482718605239e-02
5.798362682807304408e-02
5.812860130467426001e-02
5.821584157908429175e-02
5.830190964879977678e-02
5.849502049190469233e-02
5.880751990665607221e-02
5.899023852619837693e-02
5.932282955994881007e-02
5.939504140033723817e-02
5.962376305701535401e-02
5.972076465469828427e-02
6.000976792760203543e-02
6.009431323644414541e-02
6.018334215718562641e-02
6.027908545503608828e-02
6.045955002980457627e-02
6.063064761967647959e-02
6.076951262146693122e-02
6.082146208983112839e-02
6.102696096191263797e-02
6.108020121825381843e-02
6.157669288137252589e-02
6.159836643330195843e-02
6.191884303797326461e-02
6.209633278029123155e-02
6.227288321248130448e-02
6.243204216710728643e-02
6.259225581367662550e-02
6.269731511201802332e-02
6.280258625296575303e-02
6.298084695403532995e-02
6.313139562483909006e-02
6.316015553372876512e-02
6.346049040230727911e-02
6.372361713465173050e-02
6.381007580449526984e-02
6.407873962223385733e-02
6.420070921084086724e-02
6.426497446209221420e-02
6.450453651293339141e-02
6.465127093285366611e-02
6.473973320400272513e-02
6.489002657096085147e-02
6.500247847626607067e-02
6.509130376050342726e-02
6.518602034385656552e-02
6.547197264763467139e-02
6.573105383531623047e-02
6.588938270804955977e-02
6.594336457282984343e-02
6.618929067255360787e-02
6.625498263018014811e-02
6.634387997772625556e-02
6.643119428367803836e-02
6.675143180774988083e-02
6.678826077190880284e-02
6.699367329951008698e-02
6.713635055837395560e-02
6.738657205317571952e-02
6.765329927018945422e-02
6.769623831512863732e-02
6.788374102376412700e-02
6.805737875271856974e-02
6.824036879010451917e-02
6.841254286860481981e-02
6.854246336903299652e-02
6.862958931520021788e-02
6.880730119128483646e-02
6.898379552078874599e-02
6.904383498055646773e-02
6.935283479364721948e-02
6.955145403980514396e-02
6.956375143606609301e-02
6.978272661737430771e-02
6.998100840959568802e-02
7.019880046746257429e-02
7.028568543890216513e-02
7.045572980700665067e-02
7.066217739871177850e-02
7.083931750739440314e-02
7.091074275935682625e-02
7.108271867308994796e-02
7.117100054937268439e-02
7.127868863270502009e-02
7.147792773750366591e-02
7.175263276437392201e-02
7.195345639417213834e-02
7.207421680575229472e-02
7.220892122341049379e-02
7.254675877722795152e-02
7.263722887465419442e-02
7.293223342815947918e-02
7.309031890870139325e-02
7.316549574617525753e-02
7.328830404236889862e-02
7.342195456434129353e-02
7.350042019700785134e-02
7.375588911673183756e-02
7.381967014314309850e-02
7.393274190898123377e-02
7.401078593041610088e-02
7.427963546978721965e-02
7.450729600157171562e-02
7.466257049108004917e-02
7.489894737023813920e-02
7.506154532780411059e-02
7.521582501425648493e-02
7.542194922539925683e-02
7.554135934929567808e-02
7.586425893115851526e-02
7.609581118172507874e-02
7.622470741480480427e-02
7.633216312055549069e-02
7.660839576180866750e-02
7.677519651556319324e-02
7.695004987475055624e-02
7.709992165343657056e-02
7.713659615535822800e-02
7.717909622085777910e-02
7.734719854133105532e-02
7.750870974566523297e-02
7.769939460841529533e-02
7.773836544876436272e-02
7.787909629430753156e-02
7.807996931414250275e-02
7.852035298380002915e-02
7.855974892717726421e-02
7.873094233564348343e-02
7.891196468698130628e-02
7.904702661746784709e-02
7.913884434594639639e-02
7.929289219652178866e-02
7.963462851402500209e-02
7.995965918756045565e-02
8.008010909022127144e-02
8.030345558149022678e-02
8.069969903668439137e-02
8.121263975529174894e-02
8.129368582796307752e-02
8.147276976931552839e-02
8.163372475615743307e-02
8.185734014762793831e-02
8.189653183822499793e-02
8.205216334154616376e-02
8.228260464390228790e-02
8.245662446436208270e-02
8.277006548134853425e-02
8.282498146857618371e-02
8.297111205592157257e-02
8.304323979099485775e-02
8.328823838455007289e-02
8.354950763494645161e-02
8.359051425505618915e-02
8.384308241264205874e-02
8.425905492080210113e-02
8.429865320775753457e-02
8.443229513127861741e-02
8.465498882362830491e-02
8.483761921364842140e-02
8.490624679045759293e-02
8.509261150325145295e-02
8.525693373064442693e-02
8.531345130361948914e-02
8.542719603021990682e-02
8.566612656745960230e-02
8.599108993387717670e-02
8.609253347933273903e-02
8.615727432577391376e-02
8.628710000479744568e-02
8.630625960872376212e-02
8.661081702254706804e-02
8.667646542048923486e-02
8.690872957671529064e-02
8.703969790733181999e-02
8.715646854945349742e-02
8.732409197767869447e-02
8.755242197215544475e-02
8.770158520205981190e-02
8.777308898838574736e-02
8.783821566038831075e-02
8.797346485512000380e-02
8.817984628251290813e-02
8.832858405966270698e-02
8.842851556370466548e-02
8.867364419218110028e-02
8.883493654270836759e-02
8.896999754522383341e-02
8.907642296891930822e-02
8.920560856355580492e-02
8.926953162769947492e-02
8.935254019791129265e-02
8.966418893364741516e-02
8.983234885076100962e-02
8.991582946384329977e-02
9.014611602244991528e-02
9.023245441031195468e-02
9.045285766138309869e-02
9.057785294659623232e-02
9.073650245655923152e-02
9.086159709592830924e-02
9.102187632307306986e-02
9.110732058746506823e-02
9.136227437782756811e-02
9.144830049492234936e-02
9.159255891159001628e-02
9.167043803676278024e-02
9.177062832717895746e-02
9.189899353162521434e-02
9.204269162105546687e-02
9.212825604066830765e-02
9.248347141561838458e-02
9.261263145288205212e-02
9.293810834735927173e-02
9.325137991720525155e-02
9.338602795376707566e-02
9.352673317900410399e-02
9.360381591628047504e-02
9.367971077260239809e-02
9.387520243914419804e-02
9.408306320934334277e-02
9.420266705019086917e-02
9.446556321479737672e-02
9.451371022655398468e-02
9.465165769545241803e-02
9.485082983623166486e-02
9.494167044105360220e-02
9.503549518696952081e-02
9.522513544911058447e-02
9.542237442817404214e-02
9.568340376694559057e-02
9.578089256721000755e-02
9.593592555911960307e-02
9.635059079802062165e-02
9.642917795652976298e-02
9.680973975015136346e-02
9.685027688121528033e-02
9.697943393560057301e-02
9.707585076417298009e-02
9.730659442916861357e-02
9.755611143578746258e-02
9.764867578216150645e-02
9.776416427772180451e-02
9.793952484337056785e-02
9.811870519958232340e-02
9.830169632583632411e-02
9.841983820391807247e-02
9.869191944740231259e-02
9.880413758285552794e-02
9.901006291180590446e-02
9.905072240116886972e-02
9.910022067543748647e-02
9.921116949033577381e-02
9.934222162393416267e-02
9.947111945615295936e-02
9.956049061358313024e-02
9.958114178035659680e-02
9.974858437528127952e-02
9.999508051786226703e-02
1.000298477903415195e-01
1.003364261971128046e-01
1.004647545198828762e-01
1.005485753457639603e-01
1.006816520481508132e-01
1.006872118120481358e-01
1.007372130587811804e-01
1.009548376256270835e-01
1.010792444200079993e-01
1.012671920449769031e-01
1.013837071775823273e-01
1.015775123081804759e-01
1.015849316440884526e-01
1.017037166184778518e-01
1.018859957162923380e-01
1.020104837302671513e-01
1.020677952029942909e-01
1.023092343905794704e-01
1.024345938543036461e-01
1.025507340044771315e-01
1.026720022179125058e-01
1.027879097429132138e-01
1.029227870740943712e-01
1.031017368724807398e-01
1.032753375414554725e-01
1.034429148411699084e-01
1.035515101301256596e-01
1.035922956165030995e-01
1.038258344072083977e-01
1.039153060522905736e-01
1.041387013722805260e-01
1.041908082096836274e-01
1.043616738818673173e-01
1.043976593476785980e-01
1.044125155188454224e-01
1.045926245309225511e-01
1.047519743739150078e-01
1.050059705141761779e-01
1.051527941792410742e-01
1.052918125473376876e-01
1.055504992591135976e-01
1.056028879068975079e-01
1.056350154206279618e-01
1.058444481972182216e-01
1.059547246900724715e-01
1.060896539811357342e-01
1.061314302049288227e-01
1.061821536223094692e-01
1.063646530065218421e-01
1.064377884176912342e-01
1.064493417471432946e-01
1.066030248776472095e-01
1.066237644251196298e-01
1.069104598200223966e-01
1.070954482611728986e-01
1.071991883060168377e-01
1.073259045496452596e-01
1.074017512472872082e-01
1.076311835862061722e-01
1.077503539581293884e-01
1.080055541090352705e-01
1.080075356367212608e-01
1.080457493262850094e-01
1.080679487681884404e-01
1.082645585172094665e-01
1.083434940809852309e-01
1.084873856160723654e-01
1.084990468115257095e-01
1.085838312104911996e-01
1.088004339686029498e-01
1.088252299705539244e-01
1.090054638607682452e-01
1.090955158699934840e-01
1.091311111112382853e-01
1.091593546701515594e-01
1.092168590408896384e-01
1.095891845990328295e-01
1.096021405443402125e-01
1.096134100942618289e-01
1.097442234377939141e-01
1.097621039413633898e-01
1.099171965662581602e-01
1.100566253873875855e-01
1.100993156550597735e-01
1.102052196976481685e-01
1.102802709748292725e-01
1.103897317076393686e-01
1.104966413246146334e-01
1.106171944830237897e-01
1.106903916024659373e-01
1.109679789805672473e-01
1.110381828100438228e-01
1.112705143622191722e-01
1.113652911808320628e-01
1.114188152508359814e-01
1.115329474482664590e-01
1.115684943033926901e-01
1.117695485442813386e-01
1.118782084627313461e-01
1.120750059168625218e-01
1.122028722283915092e-01
1.123173610891356478e-01
1.123274871050908008e-01
1.124951082571789690e-01
1.125378816816924588e-01
1.127801048790098293e-01
1.128306810584581571e-01
1.128712137897330131e-01
1.129833126556549494e-01
1.131071275130103720e-01
1.132322802619941393e-01
1.132705128424900259e-01
1.134113127644202496e-01
1.134762690088784304e-01
1.135976659776533754e-01
1.137710341356008709e-01
1.138297197022801327e-01
1.138907993558991860e-01
1.139196121410182422e-01
1.140299105700310484e-01
1.142531166245147056e-01
1.144037810644034925e-01
1.145756090364716817e-01
1.147354775123533288e-01
1.147916334163201907e-01
1.150060175327577566e-01
1.151198538340113542e-01
1.151403056811740599e-01
1.152611274475941333e-01
1.154053919991710475e-01
1.154227243894657418e-01
1.155873692986893880e-01
1.156909954076161262e-01
1.158179359997493080e-01
1.160300961619470661e-01
1.160989317485318084e-01
1.163107629689273947e-01
1.163201730444531762e-01
1.164228782591445882e-01
1.164819560248080560e-01
1.166556309282749393e-01
1.167499278187212053e-01
1.168467822043232351e-01
1.169099205649323514e-01
1.170788867027155872e-01
1.170931581197111188e-01
1.171587644272314849e-01
1.171981341530545645e-01
1.173076254291882670e-01
1.173475294445199824e-01
1.175305454321528970e-01
1.175995522368819407e-01
1.177069241794960475e-01
1.178420468035350221e-01
1.178505926060373493e-01
1.180052276225841690e-01
1.180887217786818072e-01
1.183159555112956451e-01
1.184772837249871424e-01
1.186072822916385272e-01
1.186850902626906956e-01
1.187721391452944003e-01
1.189071807498100902e-01
1.191068201776002144e-01
1.191604569341845055e-01
1.192142945770237328e-01
1.193372612855054665e-01
1.193999289140895981e-01
1.195772176871491149e-01
1.197530310138673476e-01
1.198864714764151379e-01
1.199704167518948761e-01
1.200649617414180914e-01
1.202260287158785079e-01
1.204029699018450555e-01
1.205302363971251789e-01
1.206179392450032334e-01
1.206764695932843745e-01
1.207034208674838821e-01
1.208445828946304729e-01
1.208853190294150448e-01
1.210061802230188444e-01
1.211246144437341798e-01
1.213080026524173127e-01
1.214042943410308661e-01
1.215340319138634301e-01
1.216290139518714924e-01
1.217280110494024653e-01
1.217880721220996054e-01
1.220114124602016265e-01
1.220327789693668313e-01
1.222022291170031943e-01
1.222816154997766747e-01
1.224236248269033461e-01
1.224848376529641680e-01
1.226186016597038270e-01
1.226435957753866379e-01
1.228674526747796369e-01
1.228979878219618460e-01
1.229606079303687399e-01
1.231458683725390052e-01
1.233605016098387047e-01
1.234755880522567517e-01
1.234763888764003892e-01
1.235990959886237028e-01
1.237389553577279006e-01
1.238988085114517967e-01
1.239728820923213376e-01
1.241584890062326502e-01
1.242208039456810659e-01
1.243553940039712480e-01
1.244170138519207908e-01
1.246377409188044461e-01
1.247529370036943308e-01
1.248986883321980407e-01
1.249464639004517069e-01
1.250612761434692632e-01
1.251818502316291992e-01
1.252674512873153678e-01
1.253767712719933702e-01
1.255071594637107157e-01
1.256344642195255379e-01
1.257110218930842516e-01
1.258528034630467529e-01
1.259389160448189660e-01
1.259522359792344948e-01
1.261245108641594059e-01
1.262036310807128081e-01
1.262721778286515772e-01
1.264420492017087339e-01
1.265437273831366283e-01
1.267532560123648955e-01
1.268706893772786337e-01
1.269158856461444496e-01
1.269939749104204707e-01
1.271695646686553938e-01
1.274074806108162761e-01
1.274656879529254550e-01
1.275524752492617486e-01
1.276105813255305477e-01
1.277288255598030553e-01
1.278942397277464671e-01
1.279882844031430822e-01
1.281268615849829873e-01
1.281479781834396203e-01
1.282231818644176680e-01
1.284332850387546188e-01
1.284656999803170663e-01
1.286218393747271538e-01
1.287209193009918318e-01
1.288996779742921095e-01
1.289245641532298092e-01
1.289553880356560933e-01
1.291860843067842990e-01
1.292314229963467676e-01
1.294191345286742345e-01
1.294727706175316240e-01
1.295443919497358265e-01
1.295893515167454157e-01
1.297429092999416722e-01
1.298223347778572900e-01
1.299068212571773406e-01
1.299800452720582811e-01
1.301717072446843815e-01
1.301773599669816817e-01
1.303203701755432931e-01
1.304527264523241137e-01
1.305605840403195606e-01
1.306582485154832995e-01
1.307852379678160759e-01
1.307898993713286218e-01
1.309369450093900988e-01
1.310235412713394443e-01
1.313067886505138449e-01
1.314840903074376566e-01
1.316623479446020206e-01
1.318673804758658807e-01
1.318814568006512755e-01
1.319639071242156569e-01
1.320673793372779126e-01
1.321572389610235210e-01
1.323957038407903575e-01
1.324398798273587474e-01
1.325022193203381493e-01
1.325570780789123715e-01
1.325996829606880811e-01
1.327080954776938826e-01
1.328839827789480288e-01
1.332023326835125587e-01
1.332518957856280717e-01
1.333329921533501217e-01
1.335284385385681061e-01
1.335942775781573666e-01
1.337201021235353005e-01
1.338367594218866363e-01
1.338764450047823240e-01
1.339750013504235060e-01
1.340432921509278341e-01
1.342455732052353912e-01
1.343773743088734762e-01
1.344267483543962471e-01
1.345331315394851790e-01
1.346818278753022513e-01
1.347263470253125262e-01
1.349565661640603487e-01
1.351450847993996285e-01
1.351901140921198674e-01
1.352146734910093795e-01
1.353072433161474075e-01
1.353406878804520874e-01
1.355537490038575266e-01
1.356261945710342531e-01
1.356390181118701244e-01
1.357090413729782341e-01
1.359059432629998454e-01
1.360190124890180430e-01
1.360831884641767742e-01
1.361996673674165936e-01
1.362498780674784582e-01
1.365070062740633416e-01
1.367708613951044427e-01
1.368055331054247592e-01
1.368803985025411341e-01
1.369850339039563880e-01
1.370867316723472507e-01
1.371783603662125040e-01
1.373144251906213420e-01
1.374113316543512930e-01
1.375867663112225192e-01
1.376987361672810384e-01
1.377070519569795204e-01
1.377932412616726665e-01
1.378452092228608927e-01
1.379043967775555324e-01
1.380281359663430296e-01
1.381504582272238546e-01
1.382631043017617245e-01
1.383095925672846449e-01
1.383594587362154960e-01
1.384970873332712626e-01
1.386332690551420332e-01
1.387599152641955380e-01
1.388853491614777391e-01
1.389791361784405710e-01
1.391760938758507260e-01
1.393129163569665485e-01
1.393576094656160946e-01
1.395507240501968338e-01
1.396766558111454948e-01
1.397365924995613018e-01
1.398463277802669269e-01
1.400296206619423278e-01
1.401487998003967117e-01
1.402069315652234027e-01
1.402226937570127396e-01
1.402908974411469223e-01
1.405372925179147470e-01
1.406478053379852655e-01
1.406764049585736698e-01
1.408104517730218164e-01
1.409864542959160527e-01
1.410826464254084367e-01
1.411759999226622764e-01
1.412546395296666035e-01
1.413321664431336222e-01
1.413356012397094519e-01
1.415008793256515296e-01
1.416416502662614374e-01
1.417894900427051907e-01
1.418899246535808012e-01
1.419276805828412202e-01
1.420161742530126614e-01
1.422128432610085536e-01
1.422614656083446560e-01
1.423461409258474641e-01
1.423879275763854368e-01
1.425778098716269093e-01
1.426540354891625284e-01
1.427546701920771322e-01
1.428570484392526763e-01
1.429173862975061937e-01
1.429982931400068935e-01
1.431435784190116245e-01
1.433148588240144850e-01
1.434183437549587936e-01
1.435337880004595723e-01
1.436184114423401104e-01
1.436448461376349239e-01
1.437522119892164496e-01
1.439997358220070633e-01
1.440169355133177620e-01
1.440746685725293463e-01
1.441877015362856840e-01
1.442763993594152194e-01
1.444292494646271519e-01
1.444404728667273152e-01
1.445141959680066313e-01
1.445906233321466172e-01
1.447258489010426474e-01
1.448039556868200572e-01
1.448724714824397020e-01
1.449986593477378405e-01
1.450545915016966947e-01
1.450959618301074783e-01
1.452549866907445475e-01
1.453188960637991356e-01
1.454714990734025382e-01
1.455534158370293540e-01
1.457227919515812764e-01
1.458363859969531440e-01
1.459336837465694536e-01
1.460197701392460523e-01
1.460205973734679530e-01
1.461651049371452959e-01
1.462035892068515031e-01
1.463106429303978051e-01
1.464816782164579112e-01
1.465119275236604623e-01
1.466477890463886158e-01
1.467058294604923763e-01
1.467866667374351786e-01
1.467995583408875926e-01
1.468663915230741523e-01
1.470472730454044363e-01
1.471203531481826143e-01
1.472336224646250413e-01
1.472857859016150350e-01
1.473475779169050592e-01
1.474707754465196530e-01
1.475230461741586507e-01
1.476487099805756376e-01
1.478407336108524261e-01
1.479257044580644942e-01
1.481096314364215849e-01
1.481988240260679046e-01
1.482455065558784812e-01
1.483802344304608334e-01
1.484130402479033606e-01
1.486060449082643176e-01
1.487281634296265254e-01
1.487917145688352205e-01
1.489706895926969366e-01
1.491477396478364248e-01
1.491656738090165191e-01
1.492906573384215063e-01
1.493551493725582824e-01
1.494810710905705720e-01
1.496453817130135866e-01
1.496899818276938576e-01
1.498658005181162378e-01
1.498800352423253768e-01
1.499286680048073084e-01
1.500423429230392514e-01
1.500767316440708432e-01
1.501730717457238629e-01
1.503513704394291162e-01
1.504873927756423813e-01
1.506183538852371995e-01
1.506766355007128633e-01
1.507061976071879805e-01
1.508819014376146794e-01
1.510114068886322936e-01
1.511781843337042519e-01
1.512509713039563164e-01
1.512771150661250119e-01
1.514302292938751460e-01
1.515350030868872766e-01
1.515956290682407004e-01
1.516487421730509100e-01
1.517194149779451384e-01
1.518860881258987106e-01
1.519282977730988526e-01
1.520606313215583649e-01
1.522577250346987543e-01
1.523635507612212947e-01
1.524047217984636216e-01
1.525496354047931047e-01
1.526121223530119697e-01
1.527018211043338625e-01
1.527953671475281994e-01
1.529021816920411170e-01
1.529506378489377538e-01
1.531096238900365447e-01
1.531933756907379873e-01
1.533198942931067732e-01
1.533640874490227179e-01
1.534335347385042403e-01
1.535678654585075631e-01
1.535725959951728670e-01
1.537896465065718976e-01
1.539712373710349913e-01
1.540713772288857253e-01
1.542804030510004087e-01
1.544463438204425609e-01
1.546149263722920442e-01
1.546890739113606361e-01
1.547729950493446915e-01
1.548208698426635499e-01
1.549866825739012466e-01
1.550202522742671618e-01
1.550543349073777721e-01
1.551301316115753781e-01
1.552897756019091247e-01
1.553800400789711322e-01
1.555374193811713546e-01
1.555687847156539128e-01
1.556666174228226451e-01
1.558347194862813312e-01
1.558696164324713251e-01
1.559377696655160628e-01
1.559991088560362393e-01
1.560224843621043633e-01
1.561639830871686119e-01
1.563780609807605970e-01
1.564206366140607762e-01
1.564457337936593084e-01
1.566377463655629076e-01
1.566534428552211200e-01
1.566891937477649099e-01
1.567483747422578344e-01
1.568450634473104732e-01
1.570371701406831078e-01
1.571643425768875779e-01
1.572756831003112865e-01
1.574394574102139233e-01
1.575140939952255625e-01
1.576027300790142638e-01
1.579594399925870474e-01
1.580313624512953430e-01
1.580398641794284742e-01
1.580445633094331725e-01
1.581511374510802259e-01
1.582266465671189337e-01
1.583635236125610635e-01
1.584274618027884940e-01
1.585038851347014555e-01
1.586454179140916187e-01
1.587156579747189822e-01
1.588952401371254430e-01
1.589724530079907050e-01
1.590223162756364828e-01
1.591263427346746862e-01
1.592858590428506971e-01
1.592880882066477211e-01
1.593918842511966860e-01
1.594550967472824210e-01
1.596751625639942496e-01
1.597634266205289755e-01
1.598410825395439605e-01
1.599133668752428794e-01
1.599870779706388246e-01
1.599993029586354309e-01
1.601413838472072193e-01
1.602294042601902224e-01
1.602961685859072560e-01
1.605399010327657194e-01
1.606268041509104905e-01
1.608460495441328686e-01
1.609003221593036936e-01
1.610502642286072705e-01
1.611171941454069001e-01
1.612601978022735749e-01
1.613922286915789872e-01
1.614631354846647604e-01
1.615951409667697736e-01
1.616386469112104374e-01
1.616852145537937546e-01
1.618365468204253088e-01
1.619649220990436733e-01
1.620579816106080262e-01
1.622063582735147613e-01
1.623266961423324439e-01
1.623465892451265713e-01
1.624487820147910155e-01
1.626037534517007221e-01
1.626888341434735985e-01
1.628889678710333522e-01
1.629604203989348521e-01
1.629693538691524279e-01
1.630753808724718368e-01
1.631122686322555304e-01
1.631542677460723345e-01
1.633188075001534012e-01
1.635196584574027945e-01
1.637132551148739179e-01
1.638712286993737333e-01
1.639031529706127255e-01
1.639730236662925444e-01
1.639987149427192537e-01
1.641129089629345117e-01
1.642777265686739818e-01
1.644399671615169867e-01
1.644670284799880922e-01
1.646013999482778267e-01
1.647232063545455982e-01
1.647900358172110502e-01
1.649171004883025760e-01
1.650432006934662854e-01
1.651642063179969144e-01
1.652040409737248194e-01
1.652324314652163506e-01
1.652828005933281441e-01
1.653896407698283444e-01
1.655204373893098824e-01
1.656938146413926283e-01
1.658980066512275864e-01
1.659676547281543624e-01
1.661637631443909635e-01
1.662087910215153119e-01
1.663463408746162497e-01
1.664755787862715608e-01
1.665447230558013136e-01
1.665921617924085718e-01
1.667559024000257462e-01
1.668024591357834263e-01
1.670806435290097536e-01
1.672042656592397647e-01
1.672152213677248478e-01
1.672498936834330985e-01
1.672946953217228083e-01
1.675002712653990977e-01
1.676233120323937509e-01
1.677037506149529622e-01
1.678638152097738923e-01
1.679094380633470718e-01
1.680493900144226505e-01
1.681463968190435587e-01
1.681962736740960918e-01
1.685518878815406851e-01
1.685839228662038558e-01
1.686096495134992990e-01
1.687685555782782454e-01
1.689286863274399586e-01
1.689746062231606005e-01
1.690589036081363850e-01
1.691629263661743876e-01
1.693815582202924108e-01
1.694726156822886909e-01
1.695374011363676436e-01
1.695473135471653181e-01
1.697736731949280320e-01
1.698587253976587552e-01
1.699663383682491202e-01
1.701644217343445675e-01
1.702645662987644359e-01
1.704000679885114555e-01
1.706611270232380462e-01
1.707278124434092881e-01
1.708717985278056795e-01
1.708909636865389992e-01
1.709636096975718500e-01
1.710383696672815035e-01
1.712124107942528117e-01
1.713264837800849150e-01
1.713468651959245137e-01
1.714043269647088086e-01
1.716401359818278127e-01
1.716817260064364692e-01
1.717560727814915200e-01
1.718878125106508836e-01
1.720444204299997060e-01
1.721489984169383425e-01
1.721632470089476397e-01
1.722431735566523070e-01
1.723187215510629533e-01
1.724479453794881545e-01
1.724891025282966894e-01
1.726118793371902715e-01
1.727248657642252438e-01
1.729772611683294548e-01
1.730786204371897730e-01
1.731416381207609989e-01
1.732743872368780469e-01
1.733672073045672557e-01
1.735252886772122860e-01
1.738124753582297455e-01
1.739598089304642270e-01
1.740135560910835155e-01
1.741177959962708355e-01
1.742010563328199035e-01
1.742885714134186914e-01
1.744336648608884877e-01
1.746418267471268881e-01
1.748097271067772518e-01
1.748989013276001092e-01
1.749206465703472269e-01
1.749835811562410470e-01
1.750053345809500505e-01
1.751609680958650661e-01
1.752551844928017521e-01
1.752948306445159254e-01
1.754121259812343736e-01
1.754501221987432857e-01
1.756435278601999883e-01
1.757807783988748207e-01
1.758345606501196534e-01
1.759169307016388295e-01
1.760307997583211992e-01
1.761639142715057949e-01
1.763417417513152841e-01
1.763933305271256913e-01
1.764477681322392799e-01
1.764762057672411844e-01
1.765601495968867063e-01
1.767960280612236590e-01
1.769273808573845197e-01
1.770182877563582502e-01
1.771985962253351810e-01
1.773446960781298321e-01
1.774788839572855048e-01
1.775304312715641764e-01
1.776103157803274046e-01
1.777147078453664431e-01
1.777231353251809420e-01
1.779732519298163063e-01
1.780491719260366423e-01
1.781237620063863270e-01
1.782619514632949875e-01
1.784319382799547660e-01
1.785167906510404523e-01
1.786744542408097158e-01
1.788123814723611982e-01
1.788626727611308531e-01
1.789240362984136634e-01
1.790450436760644692e-01
1.790469091755348963e-01
1.791735015236721740e-01
1.792931768815028415e-01
1.794751121090220058e-01
1.795132786768903477e-01
1.795980873631458641e-01
1.797195381301051609e-01
1.797648286163469888e-01
1.799822915683145785e-01
1.800900286995689992e-01
1.801931225668866043e-01
1.802429526582629837e-01
1.804488657950208685e-01
1.805225470701349311e-01
1.806536120085621977e-01
1.806776170155834638e-01
1.808231076947676152e-01
1.808824320012948073e-01
1.809432257229331709e-01
1.811339813256737374e-01
1.812378357637278448e-01
1.813271907386724280e-01
1.814663878594475199e-01
1.815916701439838632e-01
1.816522264370088180e-01
1.817098779378110707e-01
1.819201074084559888e-01
1.819573192089283531e-01
1.820939415208839285e-01
1.823579274575689024e-01
1.824023312290455612e-01
1.825068685051845496e-01
1.825780345436142371e-01
1.827436436489994764e-01
1.828117576171072456e-01
1.830355789854025694e-01
1.830757300249065966e-01
1.832185564320645277e-01
1.832861921207346589e-01
1.833553809049639771e-01
1.834847971798097832e-01
1.836093798618552708e-01
1.836813971717901062e-01
1.837629345138626080e-01
1.838787257833187916e-01
1.839617584845633091e-01
1.840409504306290966e-01
1.840857511906662802e-01
1.843004928994785296e-01
1.843411102692703585e-01
1.844660921563868183e-01
1.845484654225582055e-01
1.846856483841025631e-01
1.848835036097395135e-01
1.849076168295168132e-01
1.849891563023721985e-01
1.850370202656223262e-01
1.851083482335604824e-01
1.853256219537482985e-01
1.853947751468718597e-01
1.855186904673783166e-01
1.858215972060928145e-01
1.859839221665791631e-01
1.860645583015189397e-01
1.862620096293369498e-01
1.863888498208486344e-01
1.864897254933254034e-01
1.865856973634500704e-01
1.866309654342704072e-01
1.867595632776018477e-01
1.868171625103822453e-01
1.870062715079331417e-01
1.871185998927947514e-01
1.872949340217375802e-01
1.873768388574441335e-01
1.874303597597047899e-01
1.876316618246091361e-01
1.877770446061010068e-01
1.879470846283905761e-01
1.880709067900513953e-01
1.881645534939528630e-01
1.884221097303951376e-01
1.885970908023810733e-01
1.887024114431539168e-01
1.888435799634807510e-01
1.889326580682144652e-01
1.889804275280661805e-01
1.891926084662885477e-01
1.892633628762279974e-01
1.892851347344910173e-01
1.894361492019847326e-01
1.896674411709022845e-01
1.897616038824515017e-01
1.898022432197966347e-01
1.898958434064239587e-01
1.899766717006284855e-01
1.901600281024660721e-01
1.902741950688211781e-01
1.905250881996329027e-01
1.905450566954777769e-01
1.905658901223001300e-01
1.906947835143996406e-01
1.907944065179688897e-01
1.909612574050030265e-01
1.911482293453398984e-01
1.912706088771011503e-01
1.913484112356513833e-01
1.913979537071220649e-01
1.914666554531525011e-01
1.916370555420457145e-01
1.918669582002739127e-01
1.919879679853224441e-01
1.920037194885027554e-01
1.921391574781936284e-01
1.921731853566639170e-01
1.923590661090573972e-01
1.923733804636938993e-01
1.925738818942708264e-01
1.926612869490033630e-01
1.928343635663752609e-01
1.929918533479394460e-01
1.931852441958455679e-01
1.932610242356909980e-01
1.933318477870872021e-01
1.934429677595894403e-01
1.935313387029549137e-01
1.936879704338052011e-01
1.939367053847238509e-01
1.940519027438560029e-01
1.941611574465948731e-01
1.942759904029093820e-01
1.945032139968587148e-01
1.946310210387248441e-01
1.947488062264749464e-01
1.950165615585275902e-01
1.950638047477532278e-01
1.953032686892440528e-01
1.953790527855165104e-01
1.954600234006681481e-01
1.955843574978536337e-01
1.955936399839396933e-01
1.957183781744583628e-01
1.958936538380543213e-01
1.959250289942946477e-01
1.960612072579778764e-01
1.961782226536301910e-01
1.962090020727740025e-01
1.965155237441258140e-01
1.966552427304525952e-01
1.967919534555348515e-01
1.969009910229061466e-01
1.969672934276125997e-01
1.970628550621061348e-01
1.971817618105966008e-01
1.974455552175466144e-01
1.975957798544192567e-01
1.976685542062988632e-01
1.977207863030844281e-01
1.978417412173022749e-01
1.978558514160422832e-01
1.980957672996333796e-01
1.981727901926800539e-01
1.983218175184089382e-01
1.984330021342997352e-01
1.985194889142253838e-01
1.987288881312837818e-01
1.988371349688944079e-01
1.988535804543130614e-01
1.989477131437741020e-01
1.991649738203502273e-01
1.993233358535046462e-01
1.995133350216103385e-01
1.996314227817411746e-01
1.996865222451733035e-01
1.998120412924980216e-01
2.002185776043921839e-01
2.003061815890557207e-01
2.003811250469066108e-01
2.004640439666643403e-01
2.007070828743614255e-01
2.007735238386469945e-01
2.008594818245149904e-01
2.009419033937002996e-01
2.012430461804965709e-01
2.014043721468722625e-01
2.015163151540899367e-01
2.015709773296615326e-01
2.016173744316492600e-01
2.016958636410625672e-01
2.018127174175964877e-01
2.020049471529989371e-01
2.022432309898215819e-01
2.022981879996986754e-01
2.023799600306034618e-01
2.025008014965999636e-01
2.025342720489694825e-01
2.026906436012202439e-01
2.027725667877031124e-01
2.030692770299014072e-01
2.031741782743607949e-01
2.032839946437760004e-01
2.033326990283380875e-01
2.033579278557449133e-01
2.035142072392869261e-01
2.036634693259365136e-01
2.038987241069649403e-01
2.039694536404902947e-01
2.040950131331091266e-01
2.041428087499230770e-01
2.043449313626720665e-01
2.045094689433807067e-01
2.045639155923007213e-01
2.048775465392658757e-01
2.049247361139472368e-01
2.050064006823686391e-01
2.051319036367413307e-01
2.052901938105880508e-01
2.054917291879633789e-01
2.055701364096785277e-01
2.056297450801108928e-01
2.056921445085828637e-01
2.058106406512835995e-01
2.061221605546818825e-01
2.062630978252677771e-01
2.063985756922265546e-01
2.064740743390832134e-01
2.067874930141025969e-01
2.068779692423065586e-01
2.070670604197644149e-01
2.071453330438779439e-01
2.072848773192675353e-01
2.075053198022303313e-01
2.076285489523941041e-01
2.078783230607499366e-01
2.079965367300661561e-01
2.081353075703156474e-01
2.082565511954263537e-01
2.084667915122921378e-01
2.086239798190668016e-01
2.088171967369424342e-01
2.088837261374139609e-01
2.090641509343264814e-01
2.092003401138836094e-01
2.093841952182037280e-01
2.095938617618229305e-01
2.098577424439241612e-01
2.098861472852016630e-01
2.100682873517801530e-01
2.102342467163861306e-01
2.104649626951443087e-01
2.105354054256970697e-01
2.107404799474452972e-01
2.108148644667351690e-01
2.109359312380295892e-01
2.110946625684684275e-01
2.111456204233503886e-01
2.111876782570612787e-01
2.112736720049194217e-01
2.114687093921235328e-01
2.116137126308580141e-01
2.117702999570525435e-01
2.119836931225356769e-01
2.120397417530434092e-01
2.122346691906251137e-01
2.122957403682985966e-01
2.124349363473213848e-01
2.126026611978253933e-01
2.128030348468915034e-01
2.130330326819519227e-01
2.131651303299200995e-01
2.132650545627237659e-01
2.134574180342992955e-01
2.136692559394212654e-01
2.137459597816628587e-01
2.142476347975721118e-01
2.143451609725992857e-01
2.146224365781198573e-01
2.147086746385221678e-01
2.147391634455317611e-01
2.149547198152780558e-01
2.150890291689510903e-01
2.152819586152386055e-01
2.153731206923604202e-01
2.156747025894843461e-01
2.157486134755446372e-01
2.159897806218607219e-01
2.161305020105659946e-01
2.162201808373797884e-01
2.164607844026016636e-01
2.166947654535695544e-01
2.168336271069393750e-01
2.169415423902703588e-01
2.170562004515509125e-01
2.172481659890395933e-01
2.172932203762908965e-01
2.176536171549441900e-01
2.177760579950002162e-01
2.178706336442156610e-01
2.180350782575172230e-01
2.181775848082122271e-01
2.183416967155846489e-01
2.184582397246823682e-01
2.187717617333522213e-01
2.188895970660600654e-01
2.189043363857422209e-01
2.190901377252197357e-01
2.191433256783735239e-01
2.192939056679877319e-01
2.193419439028239104e-01
2.196257683629725954e-01
2.197649566675270449e-01
2.199755063824820889e-01
2.202210545118450935e-01
2.202937024875147587e-01
2.203387800361814863e-01
2.205359175743910882e-01
2.207469589609717953e-01
2.209541031893848817e-01
2.211087593448288202e-01
2.212011482084985659e-01
2.212682545850923332e-01
2.214432624896626456e-01
2.215300060784952951e-01
2.217250259459143114e-01
2.220843384155168354e-01
2.221816983900728182e-01
2.223508166905414640e-01
2.224930620172783924e-01
2.225787920032856471e-01
2.227984707206564219e-01
2.228880516762480335e-01
2.229308568233842602e-01
2.230955648130585056e-01
2.233603613898011431e-01
2.235048100462881104e-01
2.235347908112784998e-01
2.236875023974936871e-01
2.238732772577411989e-01
2.239726161686454720e-01
2.240911986203840411e-01
2.242759184629844749e-01
2.244598835818988614e-01
2.246208332911520944e-01
2.247267125233353702e-01
2.248322688845184325e-01
2.249136223590139649e-01
2.250461508819895373e-01
2.252562895138180421e-01
2.253796483250963267e-01
2.255562240770668248e-01
2.257193055044672825e-01
2.259254862372006012e-01
2.260267764045763017e-01
2.261847719320018713e-01
2.262203911495495046e-01
2.265162787342685224e-01
2.268329245032854602e-01
2.269512364942778138e-01
2.270072867441495501e-01
2.271569344221950337e-01
2.272066860873305227e-01
2.275591409054747438e-01
2.277032171512831382e-01
2.278694520239669397e-01
2.279365133683978195e-01
2.281787580249303449e-01
2.282723807812003236e-01
2.284894383120920913e-01
2.286533218078926066e-01
2.287479636809755801e-01
2.288262482108744111e-01
2.289279136896575639e-01
2.291956378998753763e-01
2.292503917433328098e-01
2.294626577190178318e-01
2.295379655792831042e-01
2.297650192596115692e-01
2.298265345505824397e-01
2.298534434349816247e-01
2.299704029501354330e-01
2.300877738122347194e-01
2.302441614843154238e-01
2.303447501734812719e-01
2.306131027943386369e-01
2.309468344221933533e-01
2.311419852404914821e-01
2.312298035559774145e-01
2.313989635735801131e-01
2.314266839294525369e-01
2.315890940884722249e-01
2.316915608704837315e-01
2.320730237191247769e-01
2.321959622222535269e-01
2.324161746581776544e-01
2.324539316409624801e-01
2.326408632263861631e-01
2.328497915174760624e-01
2.331740663232819144e-01
2.332133032624588154e-01
2.334039091504194752e-01
2.334417500770309128e-01
2.337221034430768674e-01
2.340266189498657334e-01
2.342045942918264401e-01
2.342633905206203404e-01
2.344185439632096579e-01
2.344938945968757793e-01
2.346248394148655603e-01
2.347973394044943762e-01
2.349762592163867903e-01
2.352847146312679882e-01
2.353387767867711478e-01
2.354704338091351545e-01
2.356862647465498839e-01
2.359173548140326981e-01
2.360348043979965393e-01
2.361401579107298143e-01
2.363830528279808885e-01
2.365056391459444685e-01
2.367966674785569881e-01
2.370407353444977938e-01
2.371984481849756243e-01
2.373988310947601210e-01
2.376243341776767548e-01
2.378818384698510868e-01
2.379501325575765769e-01
2.380554868243929534e-01
2.381516946431498916e-01
2.383814606866985764e-01
2.384857651171777837e-01
2.387524314064560782e-01
2.388039645477377793e-01
2.391326490017974815e-01
2.392444789171273845e-01
2.393598663936430115e-01
2.396784694309532227e-01
2.398067824225605105e-01
2.399507043396888750e-01
2.401042069101006760e-01
2.404510104377497459e-01
2.405335516549652886e-01
2.407350120333469068e-01
2.407934714264461096e-01
2.408760250810757786e-01
2.411745438149787979e-01
2.414323998136666816e-01
2.416170710143077105e-01
2.418296555887396448e-01
2.419060879192969915e-01
2.420066827991398384e-01
2.421719031516187948e-01
2.425447214342262015e-01
2.427306852714044283e-01
2.430678968346164370e-01
2.432773777939736815e-01
2.434109040758665188e-01
2.435263517964829927e-01
2.437544039443600985e-01
2.438087307822940641e-01
2.439918793824484566e-01
2.442909228520456777e-01
2.444231797110543447e-01
2.445617246043054471e-01
2.447542366866688746e-01
2.449149151672694313e-01
2.450808734773717856e-01
2.451726022573276764e-01
2.455083806172816685e-01
2.457891023721045509e-01
2.459309695904202675e-01
2.460997427420785755e-01
2.462593027889420083e-01
2.464784578970280748e-01
2.465590674800067772e-01
2.467255288611930608e-01
2.469573946762048389e-01
2.471863288817672810e-01
2.473924643553518377e-01
2.475355172037370932e-01
2.475762064409142427e-01
2.477157779564665985e-01
2.478519756759114678e-01
2.480273041484228336e-01
2.481351792192186267e-01
2.482192550707088552e-01
2.484504299756079837e-01
2.485261114012433104e-01
2.487353861307670666e-01
2.489963743594971746e-01
2.493188255201682357e-01
2.494212288211379303e-01
2.496747845336034777e-01
2.499252925329467356e-01
2.502144944134155335e-01
2.504062571640829349e-01
2.505085171720486392e-01
2.507164412952584964e-01
2.508007475594020153e-01
2.508833461659273345e-01
2.511261144623742059e-01
2.513556426082908524e-01
2.515431276202779731e-01
2.517898389850363738e-01
2.519639304446745776e-01
2.521750342232219610e-01
2.523167043771022411e-01
2.524962823935153478e-01
2.526305216975516799e-01
2.528878386602702588e-01
2.529882964095729880e-01
2.532301211945804931e-01
2.533987444490434782e-01
2.536971273230841928e-01
2.539301928154417132e-01
2.539834584764975034e-01
2.541379642350777845e-01
2.542352274277190349e-01
2.543478879685725502e-01
2.545914139080215355e-01
2.549208072327953656e-01
2.549894265096296908e-01
2.550648193374461248e-01
2.550759537474837635e-01
2.553180257271220888e-01
2.555440585894978578e-01
2.557577596255640739e-01
2.558319674315781000e-01
2.559869552684014282e-01
2.562013193914634557e-01
2.562653160436149657e-01
2.564922441287670329e-01
2.568590046742709743e-01
2.569046288607312878e-01
2.570656562477506846e-01
2.572012190270488996e-01
2.573608440850586043e-01
2.577356119376664201e-01
2.578224912819199188e-01
2.579373888500932632e-01
2.581486995798264461e-01
2.582486086754947618e-01
2.582721280331408686e-01
2.584297152161330602e-01
2.587056639579254358e-01
2.589263426625452169e-01
2.591161817930205391e-01
2.592481878424536812e-01
2.595128895553017179e-01
2.596626905230561277e-01
2.597177736129859804e-01
2.599707646760253121e-01
2.600613628470386796e-01
2.602676768795562090e-01
2.605635262382153261e-01
2.606651169918083322e-01
2.607807401939960523e-01
2.611791431349228532e-01
2.613645777580917984e-01
2.614011717519201250e-01
2.614779583374572391e-01
2.617421120154101999e-01
2.617841044505376802e-01
2.621257311186409034e-01
2.622917295700852303e-01
2.625244190866115601e-01
2.627150558615104492e-01
2.628328701840406678e-01
2.630693143855665772e-01
2.633207265980023748e-01
2.633399933420133010e-01
2.635795073112950915e-01
2.637726670954303465e-01
2.639433809308837087e-01
2.640915100455883402e-01
2.644209737258116921e-01
2.645650367231240363e-01
2.648850918551018951e-01
2.649460271584557769e-01
2.651890786581467263e-01
2.653729117718783281e-01
2.654082331967077546e-01
2.655290595699257294e-01
2.657594442873932872e-01
2.659675840112016298e-01
2.661176274949933473e-01
2.662534198971957533e-01
2.664003201030480383e-01
2.666415417682465039e-01
2.667840655702504726e-01
2.670299734623589605e-01
2.671646263679572919e-01
2.672631760839063730e-01
2.674211776330620016e-01
2.675038082340179812e-01
2.677369317552185102e-01
2.681522650139993025e-01
2.682539917750140779e-01
2.686733148813614802e-01
2.687824695043508627e-01
2.688922187722902479e-01
2.690746340452388474e-01
2.693130706145751563e-01
2.694037705280873940e-01
2.695929542723313754e-01
2.696392447102128331e-01
2.698154010624717047e-01
2.698715212095500471e-01
2.700345418532946740e-01
2.701033438252530838e-01
2.702402814275279841e-01
2.704048408881200016e-01
2.705665700232338655e-01
2.708535761953743126e-01
2.711628647050753904e-01
2.714049731837319124e-01
2.715213498098785205e-01
2.717651490577331352e-01
2.718947029975684049e-01
2.720626570301472036e-01
2.721374437679234259e-01
2.724972582436588908e-01
2.725390477368403452e-01
2.726470209375068676e-01
2.728715026050672621e-01
2.729148325781163842e-01
2.730547493199034226e-01
2.733310391726817001e-01
2.735254618835069040e-01
2.736343068951757607e-01
2.739191657474114305e-01
2.740151697129326602e-01
2.742437886173424988e-01
2.745056654377429628e-01
2.746169623926523751e-01
2.749882051424809015e-01
2.751322565406436049e-01
2.751482261521245865e-01
2.754006083872558297e-01
2.755546601142603858e-01
2.758839047597964056e-01
2.761012658536907138e-01
2.762377654731439924e-01
2.763797813763311795e-01
2.765706780582705138e-01
2.766362876190084918e-01
2.767704151949413882e-01
2.769208563144107127e-01
2.770838421462007428e-01
2.773495428307126143e-01
2.775668417407266553e-01
2.778832474356537352e-01
2.779485155412872444e-01
2.780917426157581973e-01
2.782874322666040734e-01
2.785544957452706916e-01
2.789148255576108792e-01
2.789428620518787927e-01
2.790261965428403879e-01
2.792343664669111880e-01
2.794291560126596075e-01
2.796133938994102563e-01
2.799187008462284409e-01
2.802517959774780132e-01
2.803445781892787703e-01
2.805198568630060119e-01
2.806029949508112020e-01
2.809208988653256744e-01
2.810734253715456710e-01
2.812705336337008588e-01
2.814447041018106610e-01
2.815351593032809352e-01
2.820159083166268177e-01
2.821987690102356616e-01
2.823146765945041547e-01
2.826125980019677519e-01
2.827431785526425823e-01
2.828958973995228665e-01
2.830324608816532361e-01
2.832452282678266653e-01
2.834534047997163131e-01
2.836499255163993927e-01
2.839976373409903720e-01
2.841364595368449653e-01
2.842216559880298421e-01
2.844443040693368507e-01
2.846334906396473241e-01
2.847155215582319321e-01
2.847676493076396476e-01
2.850709960352576511e-01
2.853363246136133013e-01
2.856367591122176974e-01
2.856982655216481204e-01
2.860634998122605910e-01
2.862782527419570067e-01
2.863409387303785247e-01
2.865649968103315959e-01
2.866995058692790588e-01
2.868529510962955498e-01
2.871355532476173034e-01
2.873304080618273026e-01
2.875874463444025864e-01
2.878877126912479101e-01
2.879075072165945270e-01
2.881416246347780485e-01
2.884713423694000856e-01
2.886189085122478626e-01
2.888770453704188057e-01
2.890384764666035222e-01
2.890779805413766224e-01
2.894011060662015078e-01
2.894255786938759734e-01
2.894909023329931275e-01
2.897374919671486526e-01
2.899458543495981311e-01
2.904482060430211843e-01
2.905269586362997369e-01
2.907451596195850252e-01
2.908948112214946868e-01
2.910909305117798662e-01
2.913238940174405767e-01
2.914477510790877690e-01
2.915124304166075153e-01
2.917755455593675773e-01
2.920100807074177407e-01
2.920954499968980156e-01
2.924459740689457909e-01
2.925699787034327093e-01
2.927440901957570896e-01
2.928156561038462447e-01
2.931047385949208661e-01
2.933568550411035369e-01
2.935282309816561463e-01
2.935476555380887032e-01
2.939192260740641216e-01
2.942771466771122446e-01
2.943043656968310495e-01
2.944377710821189931e-01
2.944954363336506065e-01
2.948677138139530474e-01
2.950262770474705309e-01
2.952440727542185450e-01
2.954153484823879294e-01
2.955420688053038147e-01
2.957679284770702854e-01
2.958443456342215172e-01
2.959483263724562163e-01
2.961353275486851011e-01
2.963636079039400073e-01
2.966726652139269338e-01
2.968773872780681167e-01
2.971354399514076761e-01
2.973346064344982720e-01
2.974135263845918420e-01
2.976658337390515885e-01
2.977786550185792525e-01
2.978843338802583118e-01
2.979890741583079983e-01
2.983386012545615751e-01
2.984379881022277137e-01
2.986583901599348945e-01
2.987889806708579066e-01
2.990741637558412269e-01
2.992517743350504023e-01
2.993057107896303637e-01
2.994281723494005565e-01
2.995493168149524488e-01
2.998919420010616732e-01
2.999290297056420584e-01
3.001187787582613731e-01
3.001761472242450157e-01
3.004018558553980811e-01
3.005350089375540823e-01
3.006966234880333877e-01
3.007472050805050645e-01
3.011665399228364293e-01
3.012449873293222558e-01
3.015774900037707096e-01
3.016780804224005186e-01
3.017270659459699855e-01
3.021317917199478620e-01
3.023049877531097662e-01
3.025816465063014271e-01
3.026932745186093898e-01
3.029159212304525783e-01
3.030561518745364946e-01
3.033204284409141693e-01
3.034852974661125802e-01
3.035262558187133974e-01
3.036532281395229460e-01
3.038715712802423918e-01
3.042344966047784149e-01
3.043507573675394151e-01
3.044165748545050176e-01
3.046094171758261804e-01
3.047838826078430596e-01
3.050122889797496351e-01
3.051245534617261224e-01
3.054045360127958797e-01
3.055157091543773129e-01
3.057434434360827846e-01
3.059169852103675868e-01
3.060234411522710918e-01
3.063271323170540517e-01
3.063625128321778024e-01
3.065983704341810334e-01
3.068679720438872160e-01
3.071279112637095299e-01
3.073514097583287530e-01
3.077051035772774834e-01
3.077155143293615613e-01
3.078641844253456883e-01
3.080063046085185774e-01
3.080503381474876123e-01
3.081502247070606049e-01
3.082325434184749469e-01
3.084939359510424639e-01
3.085930460118000984e-01
3.089160985354602595e-01
3.089232643835027603e-01
3.091008609965044118e-01
3.092415746157156087e-01
3.096638018029895245e-01
3.097639364781002991e-01
3.098919588668143099e-01
3.099497767082499688e-01
3.103333928302551281e-01
3.106144503333773677e-01
3.108333437129975341e-01
3.108643982438748510e-01
3.110791029081265147e-01
3.113592400785032410e-01
3.114597411913948011e-01
3.115760437146846695e-01
3.117971283915851877e-01
3.119207297855037808e-01
3.120156048510940860e-01
3.122451010799275339e-01
3.124938472037644965e-01
3.127385705138019389e-01
3.130303581819678382e-01
3.132405543691625938e-01
3.132653696783893604e-01
3.134181365129857233e-01
3.136168990846902593e-01
3.138961015178298175e-01
3.140578447799886042e-01
3.141487875127415008e-01
3.142734207370637134e-01
3.143756408957378290e-01
3.145055108342624806e-01
3.145916600344987324e-01
3.148698811264125652e-01
3.148884412178832304e-01
3.150565803670835607e-01
3.154100217592216704e-01
3.156309731795867157e-01
3.157743482683331160e-01
3.159819384983188484e-01
3.162541272433776474e-01
3.163904208430204368e-01
3.165295036939708151e-01
3.166991448647663021e-01
3.169001395602956683e-01
3.170653039454320865e-01
3.173285325763993692e-01
3.174710751425241506e-01
3.176620880890626553e-01
3.178772198693036732e-01
3.179896331450898783e-01
3.181131788262439586e-01
3.183179850156668822e-01
3.185197573717815644e-01
3.188010681284092485e-01
3.189809426136080428e-01
3.191114823438326309e-01
3.191557561925364439e-01
3.194401122725205044e-01
3.195046849563158986e-01
3.196886179077558787e-01
3.199827736839884196e-01
3.200787225385959278e-01
3.201254867497407841e-01
3.204416944827403468e-01
3.207849379408923007e-01
3.208382194176681579e-01
3.209773351220454596e-01
3.211739636349524862e-01
3.211934925438791333e-01
3.215801714240365539e-01
3.218358714904332452e-01
3.218824304639469891e-01
3.220314594051968959e-01
3.222339676354197824e-01
3.224719531650653837e-01
3.225734504454107476e-01
3.227490795833060644e-01
3.230497138726577955e-01
3.232055452304959386e-01
3.233365299809917159e-01
3.236225675164425275e-01
3.238343874030300551e-01
3.239152405337135110e-01
3.240823587536562078e-01
3.243096692844577023e-01
3.244088504773465220e-01
3.245297150182381851e-01
3.249233799038441783e-01
3.251414426522126755e-01
3.253601171396468539e-01
3.255163108462200694e-01
3.257328327312214444e-01
3.259080310452538987e-01
3.260141759134080330e-01
3.261579740672643224e-01
3.263175132767179298e-01
3.263638206466951686e-01
3.265697370012574097e-01
3.268150322379460015e-01
3.268312458686905564e-01
3.270808899916866630e-01
3.271409982903135671e-01
3.274399290903055038e-01
3.276936609186889005e-01
3.277699915152249566e-01
3.279340981554299539e-01
3.281822983514339209e-01
3.283065586376729961e-01
3.285835396036528855e-01
3.286996400279030839e-01
3.290752945156488751e-01
3.292837424852858019e-01
3.293627494702767167e-01
3.295292306365519286e-01
3.297775260668533992e-01
3.299011453181089348e-01
3.300014662586863157e-01
3.302828100865410899e-01
3.303061200891732607e-01
3.307140500866142530e-01
3.308517864487484084e-01
3.309003970466018463e-01
3.310877297020030086e-01
3.313847409169557445e-01
3.314347862971872560e-01
3.315494726607750575e-01
3.316278598078171158e-01
3.319384126592910822e-01
3.319508703752876988e-01
3.324139008150245878e-01
3.325165836751773352e-01
3.327790734680932117e-01
3.331261662980348204e-01
3.333015540672567556e-01
3.333979536716673575e-01
3.335094457467628337e-01
3.338419532851480409e-01
3.339380630968020180e-01
3.340759324663453156e-01
3.341688727093036770e-01
3.341801649006737596e-01
3.345080238151879048e-01
3.346758291851918421e-01
3.349679139950895723e-01
3.351849518632779024e-01
3.352243894839958549e-01
3.354563925699530214e-01
3.355340496942154638e-01
3.356617019130325175e-01
3.357344322503209022e-01
3.360303766329373332e-01
3.361044874418779860e-01
3.365504396922234798e-01
3.366932891471702827e-01
3.368728370865470834e-01
3.370262656398192447e-01
3.372450573883087888e-01
3.373173879228671401e-01
3.373804692514358883e-01
3.374986736449646640e-01
3.380226543405186468e-01
3.380485868917648684e-01
3.383111278780287501e-01
3.383951532674208673e-01
3.385838919422034521e-01
3.386971815179516399e-01
3.387729761677328866e-01
3.390693201729530482e-01
3.392364712624518774e-01
3.395122251036655769e-01
3.395509881802197261e-01
3.396633141144599910e-01
3.398469151896168494e-01
3.400915366732012446e-01
3.403406468753196190e-01
3.404072437057960587e-01
3.405653465625201326e-01
3.407664696348740030e-01
3.410533124358246515e-01
3.411887265938597924e-01
3.412666401172492203e-01
3.414272289934273674e-01
3.415725526393040834e-01
3.418369316138044622e-01
3.419536624101119915e-01
3.421656905456795794e-01
3.423505119837176314e-01
3.425655166471976432e-01
3.427783263561587912e-01
3.428650836413179581e-01
3.429531531444319770e-01
3.431286016751290413e-01
3.432555527896091196e-01
3.433425373225987842e-01
3.437063605468833050e-01
3.440823154323412458e-01
3.441012395484035480e-01
3.443116436955465653e-01
3.444567593776206027e-01
3.445321106252665633e-01
3.446525353599032560e-01
3.448486093685906861e-01
3.450562778186673230e-01
3.452830161977457069e-01
3.454487205991730314e-01
3.454792767716576840e-01
3.456987377660372118e-01
3.457705938874049423e-01
3.462230830561554562e-01
3.462646936147190657e-01
3.463313054505197108e-01
3.464123204350381124e-01
3.465928833173370638e-01
3.469069477317443528e-01
3.470063799746737621e-01
3.471137510984809160e-01
3.474879386075562793e-01
3.475817208285287840e-01
3.478799248254936249e-01
3.479160852908765866e-01
3.480874424371088738e-01
3.482777132438687473e-01
3.486327822257276887e-01
3.487255825425389366e-01
3.488285994577403071e-01
3.490043161432104246e-01
3.491734448033331772e-01
3.494832964698326716e-01
3.495561576580806795e-01
3.498230174370868251e-01
3.501151864790805202e-01
3.501517302161106238e-01
3.503104357739726393e-01
3.504450311651036709e-01
3.505850680388833962e-01
3.508729566103154784e-01
3.510715387055470260e-01
3.510934791189298521e-01
3.514023594775391168e-01
3.515718655820700422e-01
3.516599848023805874e-01
3.518956022124815619e-01
3.521639124447515368e-01
3.523416798645840897e-01
3.524826270149534757e-01
3.526536853346626810e-01
3.527818358500309226e-01
3.529589202921697422e-01
3.531882061865349032e-01
3.533496339158467836e-01
3.534321918494565673e-01
3.536995336814979241e-01
3.537955627753049392e-01
3.540914174811359283e-01
3.541738605400223117e-01
3.544050071769438981e-01
3.544594170761488083e-01
3.546328472760866268e-01
3.549316205797181101e-01
3.550021799253532118e-01
3.551825154253836492e-01
3.553571133723003594e-01
3.555597717923449919e-01
3.557445536173260980e-01
3.558624325934322541e-01
3.560248206004937299e-01
3.560877903430058056e-01
3.561956164989349971e-01
3.564701283250873987e-01
3.567909484515282559e-01
3.569385229058144038e-01
3.571826538004395646e-01
3.572480789288071112e-01
3.575767246664111054e-01
3.575906089233151786e-01
3.578845118861890828e-01
3.579944296772220591e-01
3.582876622669343147e-01
3.584932851918066210e-01
3.588059226924020795e-01
3.588546450100187357e-01
3.588877958551867642e-01
3.589890419941788036e-01
3.590960325096016481e-01
3.597118350733925496e-01
3.597980679608881460e-01
3.598813911576645985e-01
3.600615931482343823e-01
3.603767985438173227e-01
3.604505439304258596e-01
3.605503796792743354e-01
3.607685778459662207e-01
3.610804333512638298e-01
3.611049506528746789e-01
3.612580724249471742e-01
3.612919056046380861e-01
3.616958760635065606e-01
3.619080765913182396e-01
3.619714418822994606e-01
3.623488681706467651e-01
3.625080571286115050e-01
3.625812511799810789e-01
3.626675133767516268e-01
3.627426316373439930e-01
3.632796015798281375e-01
3.633524635354652421e-01
3.634204284531715734e-01
3.635195037504952431e-01
3.637077252764170376e-01
3.637889720265065074e-01
3.639019011213397436e-01
3.642278005653450390e-01
3.644097783783455391e-01
3.644637149885454619e-01
3.646962620069574834e-01
3.647279635120424524e-01
3.650412057963320911e-01
3.652759972243554976e-01
3.654348482095344797e-01
3.656563126527021534e-01
3.659933781445992018e-01
3.660147054317977044e-01
3.663540847481495666e-01
3.664613573884890063e-01
3.665883782079539244e-01
3.669973480477297101e-01
3.670938876382033866e-01
3.673452392149951229e-01
3.674453639671656502e-01
3.677934480021428088e-01
3.678783745448024334e-01
3.680189718100278506e-01
3.682434127619148567e-01
3.683212957180228564e-01
3.685324720900084450e-01
3.685696876527180810e-01
3.689648467280027822e-01
3.690816058800030497e-01
3.692642155446829166e-01
3.694445267649059672e-01
3.695762696080689969e-01
3.698644438425005010e-01
3.698942842303005740e-01
3.701754968718412031e-01
3.702827150396665323e-01
3.705583896492608553e-01
3.707608427518939709e-01
3.709446460908805143e-01
3.710643849027912000e-01
3.712474062998372681e-01
3.714054648791324520e-01
3.716609157581970413e-01
3.717780385139980992e-01
3.719588344258237811e-01
3.721221877471613260e-01
3.723844689016927445e-01
3.726264172733136926e-01
3.726975527969707547e-01
3.731023104442495741e-01
3.732925776847734189e-01
3.734227381269096813e-01
3.735304016986967790e-01
3.736303470413442351e-01
3.738811626303950031e-01
3.740331102089706206e-01
3.741890658320309315e-01
3.743863579771626870e-01
3.745556314568972422e-01
3.746258469511341005e-01
3.750597179381722768e-01
3.751294979770062876e-01
3.752483895011090032e-01
3.753923414731175634e-01
3.755781354238126868e-01
3.756886495496723488e-01
3.759576049376632256e-01
3.761879100441715695e-01
3.763180817659282362e-01
3.767371612350923771e-01
3.768109957403363852e-01
3.769864477159295957e-01
3.771819015796469832e-01
3.775667176960543769e-01
3.777629402574364526e-01
3.779354724951455302e-01
3.780219611562882220e-01
3.782540309716792004e-01
3.785462274291206963e-01
3.786402300524465692e-01
3.787179026177689978e-01
3.790220603808158173e-01
3.791183686532841324e-01
3.791613891836387307e-01
3.792750878003180448e-01
3.794770282604841838e-01
3.797422925503945446e-01
3.798841490137879751e-01
3.800229935505426981e-01
3.803158392698907653e-01
3.804135349822516665e-01
3.805930222906971361e-01
3.807159805543299802e-01
3.808045948129690772e-01
3.810978165250782368e-01
3.813119229276571431e-01
3.814883193837614317e-01
3.816458845691733104e-01
3.817751474567581682e-01
3.819887868134301256e-01
3.822324258198337432e-01
3.825557871483779016e-01
3.827564564308686412e-01
3.828298541713029968e-01
3.829542947339061865e-01
3.830749677251374941e-01
3.831893422081798506e-01
3.834114961713830927e-01
3.835859484713594059e-01
3.839429045184827860e-01
3.841455598333479715e-01
3.842231627585919740e-01
3.844987307780327601e-01
3.845905210842932020e-01
3.846697875589892290e-01
3.850856442088841924e-01
3.851753136330199889e-01
3.853484871301661729e-01
3.855038814097694333e-01
3.856244688590398928e-01
3.860216448139826007e-01
3.861679385631762162e-01
3.863041832678479337e-01
3.863693412824528162e-01
3.864949827967966711e-01
3.867750299874029851e-01
3.869298634582247209e-01
3.870442439464842899e-01
3.873470203156139657e-01
3.876181988894562003e-01
3.877922756968030238e-01
3.879118307067550564e-01
3.879328377658976534e-01
3.881403070445477166e-01
3.884237264051416116e-01
3.886109774334896017e-01
3.887621476831117362e-01
3.887907965778669706e-01
3.890979699395600289e-01
3.893385945352577648e-01
3.893961185548893145e-01
3.895752171912787998e-01
3.896096991112550922e-01
3.900204205094391363e-01
3.900771490311573109e-01
3.901723100167248104e-01
3.905652006636332607e-01
3.907873207226020273e-01
3.909136129857150310e-01
3.910778709037956991e-01
3.911473116860530452e-01
3.913766341112128178e-01
3.915650226695311376e-01
3.917457411937224632e-01
3.920769575397481388e-01
3.921590452209033351e-01
3.924460032316521851e-01
3.925243905387907906e-01
3.928194778467796189e-01
3.929602702084173393e-01
3.930410279116502981e-01
3.931279333718418201e-01
3.933347880805850849e-01
3.936180693645551232e-01
3.936699694633880031e-01
3.938114032755004046e-01
3.940500314021275208e-01
3.943687626895931442e-01
3.944814908913505391e-01
3.946706327422740967e-01
3.948040852534072664e-01
3.951045839491693634e-01
3.952330716104096031e-01
3.954568815905022405e-01
3.955907952716392062e-01
3.956657636416477386e-01
3.957624788776655245e-01
3.960122702309201159e-01
3.962620737158005779e-01
3.962958487995087986e-01
3.964726040734561918e-01
3.966969372966531182e-01
3.969686285439887330e-01
3.971901815635406341e-01
3.976124452391953668e-01
3.977285748014819378e-01
3.978701260464242440e-01
3.981346544156000866e-01
3.981902902154669799e-01
3.985608334591351221e-01
3.986833526459613863e-01
3.987945723396914555e-01
3.989427895041985361e-01
3.991052264654004200e-01
3.991926880944692835e-01
3.996067281145622152e-01
3.998734548782420517e-01
3.999679914636670164e-01
4.001327178298317300e-01
4.004096392995416531e-01
4.006027599782746029e-01
4.006809221810129773e-01
4.010570297471262036e-01
4.012989661895299820e-01
4.013495229022548405e-01
4.015151781345297488e-01
4.017459855957642989e-01
4.017693178010341426e-01
4.019936652392943066e-01
4.021764652116091021e-01
4.023487454780742545e-01
4.024989744887103593e-01
4.027089863290704286e-01
4.029098570502745447e-01
4.030368792801853894e-01
4.031200775542156389e-01
4.033568741726521467e-01
4.034387918672955320e-01
4.038293502732918094e-01
4.038906474109463796e-01
4.039992179707735387e-01
4.044482420956241331e-01
4.045332078841238910e-01
4.049418714111523432e-01
4.051255618841362871e-01
4.051569376764693753e-01
4.052565880357140715e-01
4.053976602920024153e-01
4.055397347837040867e-01
4.057157055321329864e-01
4.060603856643686393e-01
4.061402352272230898e-01
4.063090129653504912e-01
4.063593750773140667e-01
4.066611719990322338e-01
4.070402513560186231e-01
4.072014737999654632e-01
4.073635565369976286e-01
4.074707608522885049e-01
4.076875271343913254e-01
4.079118906614508933e-01
4.080511789961543956e-01
4.082005051135687568e-01
4.085253290919779734e-01
4.089639881613441053e-01
4.090369241388713273e-01
4.093939864525923955e-01
4.094881211373255780e-01
4.095450968616025644e-01
4.096567551944392260e-01
4.098291965372268253e-01
4.101137915766665532e-01
4.101205002217446216e-01
4.103037325662631241e-01
4.103532288304578279e-01
4.105301118704007268e-01
4.109529748017600737e-01
4.110662292712136123e-01
4.111554262104926138e-01
4.113537823651361447e-01
4.115283282135356879e-01
4.117342114298837008e-01
4.119457966288843642e-01
4.120547951405761355e-01
4.125032860086558228e-01
4.126524514392187482e-01
4.128479256999908475e-01
4.131138132148594044e-01
4.132099603708941915e-01
4.133433809240085188e-01
4.136305486045812052e-01
4.137576781268736958e-01
4.139037334742171614e-01
4.143126745527757060e-01
4.143233405234603151e-01
4.144897883725300325e-01
4.145857309223207610e-01
4.148115936938081560e-01
4.151099723789643536e-01
4.152120118251261816e-01
4.154166425748478386e-01
4.158381590139093031e-01
4.161088283762686135e-01
4.162575106780516676e-01
4.163181312177658966e-01
4.164460052962903891e-01
4.165685001611874605e-01
4.167545412073597744e-01
4.171051566496290497e-01
4.172270928150380032e-01
4.175338410827239555e-01
4.176599037164032691e-01
4.178801527926366277e-01
4.179812374638362527e-01
4.181573208990117529e-01
4.184815791720105649e-01
4.185544061681290562e-01
4.186690775327510106e-01
4.189598925442831190e-01
4.193183171384469721e-01
4.193412091595126734e-01
4.195288774385900754e-01
4.196347259590622047e-01
4.197644633987464013e-01
4.201769867889191268e-01
4.202071933524244018e-01
4.205335685582476946e-01
4.205868498574965031e-01
4.207696741170127708e-01
4.209028124774584767e-01
4.209485999586016214e-01
4.214865913807144260e-01
4.215248964733011028e-01
4.216999724757400925e-01
4.217714268721456938e-01
4.222021770266308760e-01
4.224880597670329085e-01
4.225058356802725013e-01
4.228630101489437854e-01
4.230206570965079904e-01
4.231577871816373793e-01
4.233920514983023353e-01
4.234903561788523896e-01
4.236506610495598402e-01
4.237245775071216136e-01
4.240109760179308074e-01
4.242848628456604154e-01
4.244192281777288689e-01
4.248093287015182740e-01
4.250692427975409915e-01
4.251184314368262607e-01
4.254650542082439868e-01
4.255465765920966037e-01
4.256189255954126449e-01
4.259339337225861444e-01
4.261695908435816915e-01
4.262749634343667160e-01
4.265067291291743112e-01
4.266898341344126377e-01
4.269030888831655268e-01
4.269332466978749685e-01
4.270719470926854222e-01
4.271832490590916631e-01
4.275566019398089335e-01
4.277072608902103834e-01
4.280062970891525542e-01
4.282029625213515933e-01
4.283240131694839858e-01
4.286361045113365464e-01
4.289553966536236440e-01
4.290181670519874757e-01
4.291474376727577589e-01
4.293108256246415677e-01
4.294615300233407540e-01
4.295782098619014833e-01
4.298011638016476788e-01
4.298927661139046452e-01
4.300968151486745383e-01
4.303065972808368667e-01
4.304884156398357531e-01
4.305605023434643797e-01
4.307707780081765359e-01
4.311298417937213800e-01
4.312506892031331418e-01
4.313512178922994100e-01
4.315359790496369752e-01
4.317356580913113140e-01
4.318851016205146887e-01
4.321266214343705281e-01
4.322878082538165190e-01
4.323835922940830190e-01
4.325900694500627863e-01
4.328862149613676991e-01
4.330641218294558614e-01
4.331172685011348555e-01
4.335402794734715126e-01
4.336729137645044529e-01
4.338412780619374520e-01
4.340023166659976450e-01
4.343327798578717203e-01
4.344275015401395934e-01
4.346187439344567083e-01
4.348767738017976225e-01
4.349208888351749902e-01
4.350192073864037057e-01
4.354412579262468275e-01
4.355390222804448319e-01
4.357034648852558534e-01
4.360762004713806261e-01
4.361130106597571054e-01
4.364317691260203302e-01
4.366057352168441485e-01
4.367029271609877417e-01
4.368558030054275898e-01
4.370291797714114246e-01
4.374130735991610952e-01
4.376071184282334658e-01
4.377200170740864205e-01
4.379508952660436383e-01
4.380517586681332842e-01
4.383919688226893263e-01
4.386916445659576613e-01
4.387573093083872444e-01
4.390204001802444633e-01
4.392971039977171532e-01
4.394891597788255777e-01
4.397323663538655336e-01
4.399001988189231716e-01
4.400240171840408276e-01
4.401954652724536787e-01
4.403792906120803097e-01
4.406466045879930959e-01
4.407133966800296232e-01
4.410044074350341625e-01
4.410568876057648913e-01
4.413841334572103925e-01
4.416356571498658012e-01
4.420201831520537139e-01
4.421077885036079902e-01
4.421904980476568103e-01
4.423893245624520576e-01
4.427215640251517259e-01
4.429210076160990939e-01
4.431479314603841146e-01
4.433457919551343496e-01
4.436491543999148690e-01
4.437634765010283755e-01
4.440877993322254191e-01
4.442064626300914476e-01
4.443601335179372946e-01
4.445298282750597685e-01
4.446732231220380527e-01
4.448657419821429593e-01
4.452441854047997638e-01
4.453111525803205573e-01
4.453783259410174500e-01
4.454629493160471854e-01
4.456627790006007506e-01
4.460071355148034211e-01
4.460644462187182135e-01
4.464925452375881898e-01
4.465582137275262431e-01
4.470549994035226682e-01
4.471054260348183429e-01
4.473299247596444483e-01
4.474939322705142608e-01
4.475828854105622367e-01
4.478834868883961318e-01
4.479792789293005617e-01
4.484279366733811556e-01
4.485912004040067402e-01
4.486740540517171749e-01
4.489561078541113304e-01
4.490697834897792728e-01
4.492820780112719570e-01
4.494825031926461545e-01
4.495969138656367714e-01
4.497413468657916469e-01
4.499294896857530257e-01
4.500264054616761045e-01
4.503477418458285975e-01
4.505176000221087218e-01
4.510675474312320632e-01
4.512341621770244449e-01
4.513122517398636679e-01
4.514807422567762574e-01
4.517231509412173995e-01
4.517525902965210949e-01
4.521147600155993596e-01
4.524199035838072924e-01
4.525936943853943739e-01
4.527956845639874439e-01
4.530095948480611368e-01
4.532627787899703997e-01
4.533356377901109902e-01
4.534383609516497993e-01
4.536888568537462696e-01
4.539523651245118141e-01
4.541569408500394367e-01
4.542728521175883327e-01
4.544561004348453004e-01
4.548236211320462186e-01
4.550979154838628582e-01
4.555304937778927865e-01
4.555403161339624529e-01
4.556853421895061262e-01
4.561027661219060336e-01
4.562024876422772768e-01
4.564540984371260879e-01
4.568014335824277516e-01
4.569799332706115380e-01
4.570752673878538674e-01
4.572992155816478776e-01
4.576354488706427248e-01
4.578037305946194291e-01
4.578410839324123516e-01
4.582479612377025613e-01
4.584721471755769939e-01
4.586261800262026456e-01
4.589663145267722788e-01
4.591389973779052558e-01
4.592382367895325723e-01
4.596221812766301262e-01
4.599857646275667955e-01
4.601244488916244602e-01
4.602224158387323016e-01
4.604532701956717267e-01
4.607446774036034198e-01
4.608039928627094550e-01
4.611152825052133863e-01
4.612954745107920584e-01
4.613749334347018727e-01
4.616055525526129300e-01
4.617765752130884582e-01
4.619734620386619639e-01
4.620256126368316174e-01
4.622517480732767914e-01
4.627832466077800300e-01
4.630300170828812734e-01
4.630677263381581255e-01
4.633496290102799842e-01
4.637078256217168071e-01
4.638491781548164661e-01
4.640091894221367030e-01
4.641876440901739342e-01
4.644437209847814829e-01
4.649319759090171922e-01
4.650912953139494377e-01
4.653265798431573952e-01
4.653738979597041303e-01
4.654208061472403513e-01
4.658100902444687330e-01
4.659283818282858869e-01
4.662589788395371526e-01
4.664008892173925891e-01
4.665406579235245044e-01
4.666538486481600079e-01
4.669223117196564798e-01
4.671849852441911644e-01
4.672747244816182199e-01
4.675765724802439238e-01
4.677414229658727329e-01
4.679589584181931272e-01
4.682135154577714564e-01
4.685251859767477489e-01
4.686025664878370467e-01
4.689240459209162992e-01
4.692223866935913423e-01
4.693750948136809487e-01
4.696444004146128059e-01
4.698250713728223116e-01
4.698828323895369863e-01
4.702590074260806219e-01
4.703639849948184626e-01
4.708024582545061731e-01
4.710938302501739283e-01
4.711341702263738829e-01
4.715449360503815024e-01
4.717124350902668350e-01
4.719773659957589573e-01
4.721640183181384787e-01
4.725424856404199514e-01
4.728856131083462033e-01
4.729414247333403321e-01
4.730482611728117348e-01
4.732012091492949213e-01
4.736395177652227839e-01
4.738237591060460163e-01
4.738624822206449205e-01
4.741103972438754921e-01
4.742136885760981913e-01
4.744601761443008048e-01
4.747156867727025942e-01
4.750589644905964248e-01
4.752393318277118861e-01
4.754315222471368063e-01
4.756909453070708449e-01
4.758634298015630426e-01
4.761430083670208369e-01
4.766413155609584007e-01
4.767452807825838246e-01
4.768802783164504677e-01
4.769950876135174433e-01
4.773878461148653995e-01
4.776867877940106366e-01
4.780249553570877774e-01
4.782207853334137782e-01
4.784409350182611265e-01
4.786736190976821903e-01
4.790451975922896399e-01
4.791946686994688065e-01
4.794214007058136273e-01
4.796325044721130859e-01
4.797720352104596908e-01
4.800690190441309069e-01
4.801033413824002949e-01
4.801809890436106731e-01
4.803471401379485473e-01
4.808517544583921222e-01
4.808860581972929649e-01
4.809776960544994706e-01
4.812184904009721431e-01
4.815373693716306636e-01
4.815734802535400205e-01
4.819083830772049049e-01
4.820654566078826364e-01
4.822608191057938809e-01
4.825535024047162280e-01
4.830630565831149914e-01
4.831726823734268650e-01
4.833636484158298496e-01
4.834865449178237795e-01
4.837780154425135870e-01
4.840574691442842692e-01
4.841767136972219276e-01
4.842839873808569284e-01
4.846521173753839951e-01
4.846605545651755942e-01
4.849349641114964471e-01
4.851262814089877251e-01
4.855954289863406714e-01
4.856634808251968916e-01
4.858227939007806473e-01
4.861679011507649695e-01
4.865442404053681447e-01
4.865703882566553284e-01
4.868869552637521969e-01
4.869808997711312926e-01
4.872102625665214459e-01
4.875556581100196629e-01
4.877667370546747150e-01
4.878361289951674284e-01
4.883528702753183737e-01
4.887461045532053849e-01
4.889979658023961839e-01
4.891683019446217418e-01
4.895832571359826635e-01
4.898298717985791195e-01
4.900402995736246603e-01
4.902258229885119167e-01
4.905004603874331681e-01
4.905400272078208612e-01
4.910752867133602040e-01
4.911672056911492446e-01
4.912308695600549613e-01
4.914755595622122830e-01
4.917421268996854389e-01
4.917741511343540761e-01
4.918140084031656922e-01
4.920885785714340654e-01
4.923655552481466802e-01
4.924977445653376251e-01
4.928734683290211249e-01
4.931164566560553575e-01
4.932806264292127763e-01
4.934856515483660999e-01
4.936490077884751471e-01
4.939483549906750204e-01
4.942011424920272900e-01
4.945550117436078308e-01
4.948026318493859432e-01
4.950077495494422108e-01
4.951872287642041237e-01
4.953550077136221197e-01
4.954926114392325109e-01
4.957873699754435926e-01
4.962496213646758747e-01
4.964138026473691179e-01
4.966866685883066235e-01
4.969512027325257431e-01
4.973202941969153135e-01
4.974043530370926280e-01
4.978662159571010104e-01
4.980106975122849944e-01
4.983439659285907042e-01
4.983791197687704733e-01
4.987409770330333281e-01
4.990834494531826149e-01
4.992075587344060317e-01
4.995095506741648594e-01
4.997221396197021326e-01
4.998186503077695630e-01
5.004404858689137647e-01
5.006513160840893040e-01
5.010480507647613324e-01
5.013322984108622427e-01
5.014104017122271717e-01
5.017231453494699345e-01
5.018868389993242918e-01
5.019493091946097829e-01
5.023066905231046153e-01
5.025564892828959795e-01
5.026699302673908187e-01
5.028241227882758180e-01
5.029530683658752777e-01
5.034252645772919754e-01
5.034946704668534778e-01
5.039622960037936084e-01
5.043330765030237250e-01
5.043778843712647397e-01
5.046090782468869440e-01
5.048765127452742307e-01
5.053939598749238593e-01
5.055424830657206936e-01
5.056852604625378111e-01
5.060052019081293651e-01
5.062681547597301934e-01
5.063964488005553433e-01
5.066370971874476492e-01
5.068242332798217342e-01
5.071977101601823357e-01
5.073593657207920993e-01
5.077155826812674855e-01
5.080839250719323408e-01
5.083051459658095572e-01
5.085965271127479426e-01
5.087718607623087363e-01
5.088637863076453938e-01
5.090049875888688069e-01
5.093595675908043630e-01
5.095104693465501988e-01
5.098260275818875531e-01
5.100479889496353225e-01
5.102366987461697256e-01
5.106743077747731840e-01
5.109479983810899517e-01
5.109916350571662713e-01
5.112368014041456243e-01
5.113564611614432875e-01
5.116659248484235478e-01
5.118104774217662190e-01
5.122178111097762665e-01
5.124494445165286294e-01
5.126091789903624019e-01
5.129168829465616808e-01
5.132112380876278079e-01
5.133735096650725582e-01
5.140026223376572556e-01
5.142468781737502548e-01
5.147505463753735411e-01
5.148074627733015829e-01
5.151714848235706690e-01
5.153549714214863409e-01
5.155673243993837973e-01
5.158685759992588382e-01
5.162610901476201164e-01
5.163722846275209388e-01
5.165923721016977277e-01
5.167826001903390587e-01
5.171480783455666419e-01
5.173453849832365670e-01
5.176972492610913967e-01
5.178820929904934811e-01
5.180147893101056944e-01
5.185383198802221427e-01
5.187958411738519127e-01
5.191701006650807360e-01
5.195413897935280412e-01
5.198822860178875516e-01
5.200111041848887172e-01
5.200654444129332310e-01
5.204532807453668974e-01
5.206074881903002272e-01
5.209816278584017413e-01
5.213281983428247335e-01
5.216027387449709840e-01
5.219479047240722647e-01
5.221376686779901632e-01
5.224502326233316785e-01
5.227199370390313016e-01
5.229306648996346896e-01
5.232416321551648375e-01
5.233419260914339288e-01
5.236420281678412225e-01
5.239348728650169429e-01
5.244053497432709099e-01
5.246446481051800781e-01
5.252206938134711400e-01
5.254545427316276163e-01
5.255296465016606744e-01
5.257440976715358483e-01
5.261317396932143620e-01
5.264662719679159553e-01
5.265684999616088158e-01
5.270712490814893902e-01
5.271816693135018550e-01
5.273068094206434520e-01
5.276453645433527573e-01
5.280100089741035507e-01
5.283087849791447965e-01
5.286947232411635111e-01
5.292601814975923524e-01
5.293932863840525860e-01
5.296506598643631047e-01
5.299357505645878597e-01
5.300099607361854481e-01
5.303553474036981630e-01
5.306146931533944899e-01
5.309598379872723095e-01
5.310765733970995717e-01
5.315880443806224598e-01
5.319124769804699504e-01
5.322737055350589275e-01
5.328377927400705927e-01
5.329661277075061765e-01
5.331949827226929450e-01
5.333830047678262964e-01
5.335867490068976204e-01
5.341888984932885442e-01
5.345521571401469219e-01
5.347986359592513672e-01
5.356791852966749090e-01
5.361070919482721076e-01
5.362483923951436582e-01
5.362859684626469781e-01
5.367269471368159017e-01
5.370171271804765611e-01
5.372309706107336602e-01
5.375101115594009826e-01
5.376677544670640518e-01
5.380417861274556790e-01
5.381293127505724083e-01
5.384542152489620870e-01
5.386800019770922043e-01
5.391317855099200251e-01
5.394289171944319783e-01
5.398218865327797378e-01
5.400366052110727733e-01
5.402812635871920843e-01
5.405146625315948583e-01
5.412779314538239683e-01
5.413871561728005322e-01
5.418454400641313784e-01
5.422406899988360118e-01
5.427547562454326791e-01
5.431907228295922430e-01
5.433239969395997626e-01
5.436574705234937799e-01
5.440743408250807711e-01
5.442707342853481123e-01
5.446025461444150562e-01
5.449378871808334690e-01
5.452566178642433981e-01
5.455248789951634425e-01
5.456469902249497794e-01
5.463697169442197632e-01
5.465256583177727778e-01
5.469373945147080196e-01
5.471030446646476531e-01
5.474696368389273538e-01
5.479269652902989396e-01
5.480773884469531954e-01
5.484132164172493829e-01
5.488007938374594996e-01
5.491236244783879172e-01
5.496875534834961829e-01
5.501960371248173498e-01
5.504487076890971498e-01
5.506557058098370261e-01
5.506850192247751963e-01
5.511563785913388136e-01
5.513632091346053476e-01
5.518182935680490120e-01
5.524887622346797977e-01
5.527722373700014735e-01
5.529856689156967819e-01
5.532300987815582660e-01
5.536813537076370473e-01
5.538511541482253886e-01
5.544537971922177677e-01
5.551073210511816569e-01
5.554073975910261973e-01
5.557873954772225567e-01
5.560168292708548288e-01
5.561112384184287993e-01
5.566003215189715414e-01
5.569710706798381983e-01
5.573801341771322804e-01
5.578790911489894810e-01
5.579946142088632044e-01
5.586624637948884864e-01
5.588100027925906321e-01
5.592144184892762215e-01
5.593994063190346200e-01
5.599340644911351417e-01
5.600534339107692272e-01
5.605592785873196870e-01
5.610904935954479367e-01
5.613243806522668633e-01
5.614746706546396293e-01
5.617182441854126074e-01
5.617912274298375586e-01
5.622088184049238713e-01
5.627882913081293514e-01
5.633009969936697559e-01
5.639759402450136294e-01
5.642106556293398079e-01
5.646146325709142655e-01
5.648951231285505026e-01
5.652586117954057077e-01
5.656671190667194038e-01
5.660612818756629583e-01
5.667216369715423196e-01
5.670054111071496372e-01
5.671208359855771652e-01
5.677532965418948807e-01
5.680290494822924918e-01
5.684910497827928566e-01
5.688174532171080822e-01
5.690592233129611044e-01
5.694672634212776252e-01
5.698138640634895502e-01
5.702603200414085860e-01
5.705947920947268548e-01
5.712203085938821756e-01
5.714216554582473018e-01
5.723945223214083056e-01
5.726050218043400308e-01
5.727706956256215509e-01
5.732806416929400184e-01
5.733846785111427202e-01
5.738336980608831350e-01
5.747720473353752357e-01
5.750858397436534597e-01
5.753652940411313477e-01
5.754281123185173152e-01
5.761737197557740275e-01
5.764901245330369406e-01
5.766098184681648364e-01
5.771359731915501889e-01
5.775540474073356245e-01
5.780942267229099985e-01
5.784117538995103835e-01
5.790961379694353761e-01
5.794617100413878008e-01
5.800904057127445057e-01
5.805984012884805034e-01
5.806979597530372850e-01
5.809331653037530518e-01
5.817210781941932751e-01
5.821854098271241895e-01
5.825042479262412254e-01
5.825674958536758430e-01
5.831321575845892502e-01
5.835791563160777073e-01
5.836778918414129436e-01
5.842364106261348500e-01
5.851812176994090064e-01
5.853462716178288172e-01
5.856653599215558836e-01
5.861857241780530359e-01
5.862619438473207767e-01
5.868944135007237994e-01
5.873562269440187888e-01
5.883944833334189273e-01
5.887610396689784142e-01
5.892860555247008136e-01
5.894153356462628057e-01
5.903940190945979882e-01
5.906272649571846500e-01
5.909721254490294395e-01
5.915373772906435956e-01
5.918466984890085048e-01
5.920199451150033321e-01
5.923981267777198578e-01
5.927700513868521259e-01
5.934910393686879670e-01
5.941546661181634770e-01
5.948714474040152078e-01
5.954248128586928646e-01
5.957017464683972419e-01
5.962905088180872060e-01
5.973203841993218743e-01
5.977437130003560029e-01
5.979036720174785158e-01
5.981994789397413470e-01
5.984368304845678610e-01
5.988927711353084771e-01
5.992525380735759244e-01
5.999074013975580488e-01
6.000116848982181006e-01
6.008095529346579866e-01
6.012305021106572056e-01
6.021405442815520592e-01
6.028886149931736993e-01
6.031545641959843440e-01
6.034882534963912359e-01
6.035936289663935694e-01
6.046600643333677194e-01
6.051347723848781168e-01
6.053714834061478811e-01
6.058458184564895488e-01
6.061299632748626820e-01
6.070746899006789210e-01
6.072431449226767253e-01
6.084795827084521491e-01
6.086929789939935498e-01
6.090511789942542054e-01
6.095881523460594531e-01
6.098633148922832925e-01
6.102725649319680201e-01
6.111491187316372420e-01
6.115475968596219003e-01
6.117927164463634604e-01
6.124251772227649049e-01
6.133285850489340607e-01
6.138349929848547770e-01
6.140684712667472400e-01
6.148521342331555450e-01
6.153915889306975640e-01
6.162757154593452302e-01
6.163521247388557001e-01
6.170635301158168273e-01
6.180852501639617635e-01
6.186679131493585393e-01
6.195299175513314660e-01
6.200518201198850221e-01
6.204639177509012615e-01
6.211700376675470814e-01
6.215704827133098354e-01
6.220946628006792656e-01
6.230378177338027346e-01
6.232485780376838536e-01
6.238821541488388522e-01
6.242312438058588153e-01
6.255225503927323016e-01
6.259510979781246487e-01
6.267132859128157207e-01
6.268643578768441360e-01
6.273790680981606860e-01
6.286770065419273745e-01
6.290377889961588087e-01
6.297126993519878146e-01
6.300473943029692991e-01
6.309734210557103040e-01
6.313695989438088407e-01
6.318469029157081085e-01
6.327142302046394606e-01
6.330088926566977969e-01
6.340559128883347384e-01
6.348064760589204880e-01
6.354968865948210643e-01
6.365270390130560729e-01
6.369698569095512131e-01
6.375711802381900384e-01
6.384073414401970625e-01
6.392877941360050054e-01
6.396401272091842838e-01
6.402746147242227570e-01
6.407502844142634046e-01
6.413608436448337002e-01
6.423689524668305673e-01
6.426837829022844506e-01
6.429717478001577557e-01
6.435402170411088640e-01
6.451280910380591260e-01
6.454224132309179796e-01
6.460899982016553578e-01
6.467546800506651650e-01
6.474623403217981688e-01
6.488396271743255284e-01
6.488710952666686405e-01
6.503270253553565805e-01
6.508298766862687934e-01
6.512747150332692803e-01
6.516797066030395325e-01
6.529394381470631226e-01
6.539177060729504110e-01
6.546543696457708394e-01
6.555877479547718156e-01
6.564496862422076751e-01
6.569548107562019901e-01
6.576773750134937702e-01
6.581286200386718965e-01
6.587620895100213536e-01
6.597808919478771461e-01
6.607289311314796798e-01
6.616407881272533542e-01
6.619279401841333677e-01
6.624259604022263437e-01
6.632363405791585897e-01
6.638922606139511240e-01
6.647785568040205373e-01
6.660716701735449607e-01
6.672792457678874412e-01
6.677210196824142630e-01
6.686363128885112195e-01
6.693257850106596463e-01
6.706540865601270385e-01
6.712135112930444070e-01
6.725020760371540618e-01
6.727757381247925217e-01
6.740838587711071028e-01
6.759156015507666870e-01
6.765658081682868197e-01
6.771123301346011480e-01
6.777888688804800665e-01
6.784117814870824770e-01
6.796393578856938511e-01
6.801317566357740763e-01
6.814422221114782019e-01
6.828417719329368252e-01
6.832775064875421522e-01
6.841079906390887810e-01
6.854253565793515524e-01
6.856754731713804452e-01
6.878706229933431171e-01
6.882493317709832414e-01
6.888193508822874067e-01
6.904247796547559046e-01
6.919678819914593104e-01
6.926376656589856573e-01
6.956538081589787037e-01
6.968238444436363199e-01
6.974478964562348393e-01
6.994968452577694507e-01
7.003727970730507790e-01
7.017632785091953984e-01
7.020683717086617648e-01
7.038249115353890639e-01
7.052628034869961038e-01
7.062684008213371278e-01
7.082264369072089893e-01
7.092047158969279064e-01
7.098833666512123219e-01
7.103220666298875052e-01
7.112092396514521075e-01
7.118505601886275791e-01
7.143208603049761019e-01
7.151485189423836264e-01
7.159686581876875122e-01
7.188471696316912629e-01
7.194000968426381704e-01
7.217238102690528567e-01
7.246941927229357816e-01
7.271260701907377166e-01
7.290737338265548262e-01
7.296485774779695177e-01
7.303587344444957274e-01
7.317980053243006155e-01
7.334289941122479339e-01
7.345458744371442528e-01
7.350192995401764184e-01
7.371636350723832498e-01
7.407293065035712720e-01
7.423146869520966806e-01
7.434466179298181432e-01
7.461001415774860535e-01
7.479062366620039537e-01
7.497728346308732972e-01
7.505517359281325129e-01
7.524821366329128569e-01
7.543613233881019120e-01
7.553896055111583019e-01
7.570437519679316107e-01
7.578015667284986323e-01
7.589231024299527562e-01
7.624804594971575922e-01
7.650979371706954080e-01
7.677328757627144284e-01
7.699706753766262235e-01
7.744457271514852970e-01
7.778697606188135216e-01
7.868038205328177215e-01
7.875920074251707703e-01
7.903161807408742856e-01
7.913328257462071136e-01
7.922777466617269004e-01
7.958853919069218685e-01
7.983691387112988869e-01
8.014560014681313405e-01
8.122527903709200192e-01
8.157125368957041101e-01
8.216160082195469450e-01
8.260529523719176703e-01
8.286774104516743122e-01
8.308777107777057802e-01
8.442556003864956082e-01
8.529478926517188864e-01
8.559321467882622381e-01
8.671662242293367573e-01
8.778505433026870808e-01
8.974020171977961091e-01
9.054605669341964092e-01
9.188096741687834523e-01
9.318474946679418114e-01
9.894801259860690479e-01
1.000000000000000000e+00
