# sorted relative singular values (reduced_hessian) field=gauss eps=1 N=12 n=3311
1.352295014521727294e-04
1.660735200230151892e-04
1.759359894837743236e-04
1.908926984187967152e-04
2.070297725164463060e-04
2.221972966053202070e-04
2.489615211662211990e-04
2.611306699661577351e-04
3.009158467729643703e-04
3.092122797268727482e-04
3.296176182503755760e-04
3.416982663468872338e-04
3.729601794596569672e-04
4.075502333543461132e-04
4.306012493535649427e-04
4.647177085322718782e-04
4.835808689859856556e-04
5.098825213421830961e-04
5.256590036642298791e-04
5.531772704288654644e-04
5.767058065326282831e-04
6.006381852660079568e-04
6.235506287784716231e-04
6.539406287180090684e-04
6.669653189868620389e-04
7.043369859172961137e-04
7.248769426873421986e-04
7.420331948648750111e-04
7.604268617171193456e-04
7.833197836386892980e-04
7.926038616927685854e-04
8.090711338987328872e-04
8.337848499430751880e-04
8.492784939389342105e-04
8.680445231632642278e-04
8.884516447092684560e-04
9.033472456552402727e-04
9.256649292163884922e-04
9.518162461130911384e-04
9.867597891831921333e-04
9.922198603740087133e-04
9.990690884105802878e-04
1.020278176361813288e-03
1.025574754365953401e-03
1.060432643918857295e-03
1.070401628919233437e-03
1.114871459197499170e-03
1.128391593808082856e-03
1.138090817214493797e-03
1.146562382760182115e-03
1.150702106736664837e-03
1.181391793349462899e-03
1.193511937142786731e-03
1.222250309113130954e-03
1.227684920471819796e-03
1.249340711007764643e-03
1.268381838703944251e-03
1.280486042700321962e-03
1.296229050618985653e-03
1.317213144132137236e-03
1.327236216737669129e-03
1.349683386415109288e-03
1.378115069452641624e-03
1.393137429964434303e-03
1.403433097096405289e-03
1.414705220165270172e-03
1.424394953723010339e-03
1.440258230821849297e-03
1.454370138917424407e-03
1.461498228039619617e-03
1.470456121529409559e-03
1.501036607882467750e-03
1.508966817662556409e-03
1.540527049559417419e-03
1.553389411990699224e-03
1.568556724031540048e-03
1.581762182728110649e-03
1.588598609635406703e-03
1.607116253341565838e-03
1.618666368418254396e-03
1.625910123052450333e-03
1.656662809586219396e-03
1.672166072236911001e-03
1.680018234032633687e-03
1.683015898860956315e-03
1.708752813666252878e-03
1.723240045854543918e-03
1.738062916805513305e-03
1.761753408992784101e-03
1.771145210964670657e-03
1.791576973931681416e-03
1.808951783916279595e-03
1.813635409368528949e-03
1.839883088822856245e-03
1.842766450207058071e-03
1.865082982822288725e-03
1.868841984486815195e-03
1.880673774553457854e-03
1.896147652570594287e-03
1.908544311854503675e-03
1.940223480225392039e-03
1.962646094509337170e-03
1.966869926627993082e-03
1.968390543655026362e-03
1.980755300755534035e-03
1.987211994852524158e-03
2.005314266183998682e-03
2.026955596887487342e-03
2.031414007146624054e-03
2.036759962778895636e-03
2.065081095589338823e-03
2.068703980749101584e-03
2.096328333078190196e-03
2.100085431767872556e-03
2.117196794815838154e-03
2.125698310512467385e-03
2.128436536607768246e-03
2.150347936335836926e-03
2.157246629887838319e-03
2.172137801677062607e-03
2.187916509083345611e-03
2.198893910810867641e-03
2.220417199607059317e-03
2.233267486140732422e-03
2.244903370632139478e-03
2.252410682851133973e-03
2.267999485910828211e-03
2.277533814365912800e-03
2.300244252900168155e-03
2.308391980164520643e-03
2.326648003330101990e-03
2.334448004945101005e-03
2.350207320410787303e-03
2.361047058130200972e-03
2.364707021230599056e-03
2.374888617046983733e-03
2.392152853661343691e-03
2.405688045707285623e-03
2.414243106660869751e-03
2.420178730471529444e-03
2.455944991223252619e-03
2.466646911479067859e-03
2.481960762012171747e-03
2.489529454433370148e-03
2.503206881653290312e-03
2.511679450433199155e-03
2.524979643275289919e-03
2.535151500705901031e-03
2.549999112224030258e-03
2.568004201093534652e-03
2.576142056489006196e-03
2.586881836339114792e-03
2.593191994432863211e-03
2.614375875359161838e-03
2.621259624022853271e-03
2.635435764520633641e-03
2.649531427055179956e-03
2.652702775209433376e-03
2.663599263511905440e-03
2.687828384908711853e-03
2.689614368105839974e-03
2.702928843245695767e-03
2.709263458113832408e-03
2.721967335818831560e-03
2.732474442796598360e-03
2.761404334457487168e-03
2.781901336258513907e-03
2.784147194944463621e-03
2.801817754409581529e-03
2.808401944667843816e-03
2.824996809330790511e-03
2.838103783093604959e-03
2.850986594805865817e-03
2.862704001606795629e-03
2.877952496504264379e-03
2.885077761358634772e-03
2.891512999931229559e-03
2.914470680933256563e-03
2.927414529726731808e-03
2.937253795122189790e-03
2.953105909836991044e-03
2.959797006967219025e-03
2.964421607389078773e-03
2.980568000521416090e-03
2.990041347448901387e-03
3.009676139102716082e-03
3.014570054409738704e-03
3.029947564566723081e-03
3.035682707234812431e-03
3.047344728185122885e-03
3.052890564799678325e-03
3.061951227696264009e-03
3.077968642510816189e-03
3.088123847651162712e-03
3.098004677634749651e-03
3.120423137036683423e-03
3.130302026757033826e-03
3.149408487152000839e-03
3.156990123839863854e-03
3.161002477855948383e-03
3.182829757626532991e-03
3.199349012001776078e-03
3.207778572096917687e-03
3.219353892423761510e-03
3.233414206567850058e-03
3.243044398928703921e-03
3.258091945197402837e-03
3.263477686189520006e-03
3.282449160178794057e-03
3.301153546751807270e-03
3.304454946247338803e-03
3.320682506339150009e-03
3.332160888584399881e-03
3.341967518735535804e-03
3.366960105498228648e-03
3.373255975732738447e-03
3.377581015522093319e-03
3.391932662271592448e-03
3.404713993748358959e-03
3.411260839432787764e-03
3.419273272944168152e-03
3.435686084726960118e-03
3.452019110680179179e-03
3.462385663238758300e-03
3.472728001704917904e-03
3.487269414757707218e-03
3.498297771072291125e-03
3.507616737482156365e-03
3.523693983389923363e-03
3.529993996878480738e-03
3.536280063897422228e-03
3.547037703870602708e-03
3.563393337595591442e-03
3.574227410009774529e-03
3.581822025493703633e-03
3.588703430818902199e-03
3.610183181813115660e-03
3.626215674370720631e-03
3.640864639214709542e-03
3.647800953472930038e-03
3.663514751796664512e-03
3.681612089871187654e-03
3.684110852509043816e-03
3.694827783808145045e-03
3.706990253294021025e-03
3.710513379760600923e-03
3.718997994545625036e-03
3.726530300390377970e-03
3.743994272398609800e-03
3.753363050906708114e-03
3.766661198732229598e-03
3.773447152926703504e-03
3.789102309965328066e-03
3.798064204421007766e-03
3.802775735966830439e-03
3.818693334788253717e-03
3.827510111571021632e-03
3.833499784233745846e-03
3.847400158985441517e-03
3.858011964936251727e-03
3.868713195653230782e-03
3.882026949529475673e-03
3.896571310342183958e-03
3.906636150637145775e-03
3.910757563615780731e-03
3.922209499103126301e-03
3.928671005546010599e-03
3.932736649554516989e-03
3.941786102445940694e-03
3.947549631991092121e-03
3.961263020592627887e-03
3.971218947051742033e-03
3.976539701797680154e-03
3.993118330202496784e-03
4.006099162620738001e-03
4.011626186533479542e-03
4.026628537497459713e-03
4.027283523220122168e-03
4.039473362510083605e-03
4.046520881514468690e-03
4.068594388661793751e-03
4.078600065449002054e-03
4.088578771652516021e-03
4.100712644268145191e-03
4.113278168401839074e-03
4.115517697633184688e-03
4.125981126497611784e-03
4.137033849134904781e-03
4.149970271529036456e-03
4.160079998455442143e-03
4.167670010699437919e-03
4.195271984226550503e-03
4.198713678271116106e-03
4.209119274672790470e-03
4.227789674913331845e-03
4.232558807587771810e-03
4.242717492686805432e-03
4.246387935519578376e-03
4.253040911046724638e-03
4.271246939512254696e-03
4.284096717031876840e-03
4.287093752297203332e-03
4.299511475793660331e-03
4.313567792261782143e-03
4.334596013283856242e-03
4.341276817030437045e-03
4.345430618138074533e-03
4.362105255462877217e-03
4.373010986720471047e-03
4.381724245626689163e-03
4.397081640661127180e-03
4.402879560239445281e-03
4.418189160460747437e-03
4.424269200084134795e-03
4.431756570633528514e-03
4.440473171406921112e-03
4.446810302799301083e-03
4.453765346663237333e-03
4.470692447621489422e-03
4.486434821926892948e-03
4.499091240031084619e-03
4.506654609261141232e-03
4.507310628393265857e-03
4.532996675211169169e-03
4.539657158179913506e-03
4.548452268335363181e-03
4.554820105554072650e-03
4.564476966653921441e-03
4.577443946457064247e-03
4.616206851128241105e-03
4.624359976301011151e-03
4.632991982236285729e-03
4.637689454449456759e-03
4.646386209160045799e-03
4.664878305768043604e-03
4.666284272062767857e-03
4.671998033812663730e-03
4.683439926770545034e-03
4.689995541638998164e-03
4.707723820699176616e-03
4.721089999629000597e-03
4.728367851522856380e-03
4.750700224590885881e-03
4.755306988717058689e-03
4.760801186495146851e-03
4.772238176711510703e-03
4.780509733916352665e-03
4.786336011448719119e-03
4.798435869582766237e-03
4.810928026215099441e-03
4.818246140235887126e-03
4.828830611603677526e-03
4.851548491259439176e-03
4.861342950560379808e-03
4.868132234505820853e-03
4.883131222494475725e-03
4.894074788240470285e-03
4.896969540161762689e-03
4.902688596369597467e-03
4.910207617220607723e-03
4.918085742578529040e-03
4.925748264159056367e-03
4.939196357961419918e-03
4.948702451931277259e-03
4.959609895319845412e-03
4.969260610394606037e-03
4.988548527172887576e-03
4.989562310119209296e-03
5.000245344321148366e-03
5.009042657017976491e-03
5.014431822600361709e-03
5.034506552291697842e-03
5.044549036684995921e-03
5.051362554712968481e-03
5.064896037633754775e-03
5.073321818169088462e-03
5.075460875145911856e-03
5.096971277355291999e-03
5.108040285451987891e-03
5.113248299022546232e-03
5.127073455063755995e-03
5.147290815254828601e-03
5.151179344273765399e-03
5.155993239008205796e-03
5.165047677718962414e-03
5.178404506137842742e-03
5.185494349790933759e-03
5.195902775363535168e-03
5.205387335092049282e-03
5.222087429571756027e-03
5.232977365136457296e-03
5.238039795236633378e-03
5.248861029258084301e-03
5.279755252122633226e-03
5.286274897572635668e-03
5.296689126359460480e-03
5.303734585495292059e-03
5.316039283582767346e-03
5.323757040176427431e-03
5.329697430606562120e-03
5.340501710700123854e-03
5.348213022294196969e-03
5.359593516710960646e-03
5.369800163443705712e-03
5.380840111824546600e-03
5.389945119772266043e-03
5.401209033018848638e-03
5.404589240270376085e-03
5.419266930649898131e-03
5.437197663542155633e-03
5.437518725979079495e-03
5.448547120607068368e-03
5.455047263160027818e-03
5.457927029017430390e-03
5.470045282560858160e-03
5.478282629205919255e-03
5.503643095355808222e-03
5.522161241839313589e-03
5.534518183282773930e-03
5.538661716720711704e-03
5.550298149297260702e-03
5.552744616898632954e-03
5.577909983675642495e-03
5.589165562753929499e-03
5.601440087970712377e-03
5.606192881591195304e-03
5.622337491675270631e-03
5.631334281261060441e-03
5.645746919865592649e-03
5.656039019304349644e-03
5.669011677552864351e-03
5.673703118540296061e-03
5.678381627349688397e-03
5.684826924667186164e-03
5.704038347303494808e-03
5.721378932472680721e-03
5.732110690037451120e-03
5.737673092497931615e-03
5.753360864250488781e-03
5.759629884074762667e-03
5.778045428112635502e-03
5.786777686395911356e-03
5.791850228069523633e-03
5.811702544154070949e-03
5.813093670719705550e-03
5.828695153216605258e-03
5.834720636537898616e-03
5.848634067100169295e-03
5.855826629661515376e-03
5.861241956358357631e-03
5.872797215384537375e-03
5.877488622637633449e-03
5.897378068575533268e-03
5.900412703322151231e-03
5.923888602620963097e-03
5.929080865359486960e-03
5.946094086553999937e-03
5.956627777968788277e-03
5.968406457983208534e-03
5.978893557807289823e-03
5.983840076112321993e-03
5.996546706841246292e-03
6.008947591648174623e-03
6.025881524692677620e-03
6.040340670444625110e-03
6.047186849560230726e-03
6.058845415255172465e-03
6.062325141699213479e-03
6.073950868470034438e-03
6.090769366566229845e-03
6.100085489894656841e-03
6.112533112724740855e-03
6.121804633076705429e-03
6.133724540693791943e-03
6.138110283161113054e-03
6.147542518983697794e-03
6.158977676376276543e-03
6.164257223892173274e-03
6.178515247459988140e-03
6.200659989849961404e-03
6.207120900614549082e-03
6.216068348224458757e-03
6.220381842360939335e-03
6.232534771402893463e-03
6.252661369172620928e-03
6.254265816018320795e-03
6.272890183300770112e-03
6.283982610878430762e-03
6.297811183350341367e-03
6.303696273523801824e-03
6.307949826012356799e-03
6.315456147806092560e-03
6.339832690835748956e-03
6.343599900309995938e-03
6.350169744346314746e-03
6.369817150786444802e-03
6.377776996011398289e-03
6.382670597135413175e-03
6.394496433498902087e-03
6.401906576225139395e-03
6.417462013389916425e-03
6.427883518632401469e-03
6.442442347307394263e-03
6.444922852007615131e-03
6.452745546303824409e-03
6.468270247027493869e-03
6.478576211198380612e-03
6.482546774281877817e-03
6.504849563277556590e-03
6.509123890596585534e-03
6.511805646827444755e-03
6.518364161103994310e-03
6.541442516240202239e-03
6.556723407636735543e-03
6.557299537186738608e-03
6.567482625996968158e-03
6.579390189008612645e-03
6.583427352313039188e-03
6.595538381692894921e-03
6.608640108373502707e-03
6.619904593841753788e-03
6.629309104750714943e-03
6.643994796360336470e-03
6.649471999681158714e-03
6.667524800307099431e-03
6.680565843069157309e-03
6.689586249520360940e-03
6.701858197562569376e-03
6.710250562135607229e-03
6.722426261240271698e-03
6.730992861377244584e-03
6.749250850219224059e-03
6.755711899351009644e-03
6.767576787280008520e-03
6.774840277189667775e-03
6.782428125851197587e-03
6.792287190673651498e-03
6.803662432492545500e-03
6.815139439813426570e-03
6.819009709198416147e-03
6.832047765669930182e-03
6.844021232325537760e-03
6.851557775421180697e-03
6.867184305278691350e-03
6.875733378248817876e-03
6.878860242511304103e-03
6.886272262078219943e-03
6.897665415425074421e-03
6.921253567706901928e-03
6.930064400270074566e-03
6.938044695543903705e-03
6.948300440266929820e-03
6.954005959718479249e-03
6.956298395319904064e-03
6.970867854041533189e-03
6.985803401193951823e-03
6.995988186331163032e-03
7.008198287369756668e-03
7.010019034106723668e-03
7.024315467123090802e-03
7.032062415396654956e-03
7.039068454732238730e-03
7.044732886274001835e-03
7.052857905799191779e-03
7.058109761372159674e-03
7.078430301667736069e-03
7.088272526121683174e-03
7.103673422358883563e-03
7.108457661200318772e-03
7.122065680991070298e-03
7.131809704072743922e-03
7.143159153471254422e-03
7.149035074472706412e-03
7.165195185005465879e-03
7.176907868798900608e-03
7.182205587536303129e-03
7.194779774673614424e-03
7.211089998488572593e-03
7.220533965368517229e-03
7.237782215074757379e-03
7.250139643651731802e-03
7.255094924656046301e-03
7.262734216810041131e-03
7.271645904691164189e-03
7.281754055573711956e-03
7.287210583226086912e-03
7.298521710692833231e-03
7.315588170465035789e-03
7.332093215631217339e-03
7.351610599812666291e-03
7.362926946754358611e-03
7.369502794097879464e-03
7.372740600637719272e-03
7.385956598959757605e-03
7.396719631152039003e-03
7.402349972333891262e-03
7.412105710259173953e-03
7.428745487734894626e-03
7.446214939675592157e-03
7.450016397723252179e-03
7.456106323243463785e-03
7.468216132043452304e-03
7.484330825344115076e-03
7.491739176193306336e-03
7.497694848153999350e-03
7.504671369948654261e-03
7.523013484897367320e-03
7.533112295944156996e-03
7.547822207245116072e-03
7.563613742248532883e-03
7.568943610324519941e-03
7.591283370401973735e-03
7.600372834679223512e-03
7.603544139151484881e-03
7.619564067463006213e-03
7.638060141968120755e-03
7.644087324716779437e-03
7.664125257387389110e-03
7.665789030866288802e-03
7.675818671815970960e-03
7.686119305415864411e-03
7.696079168728289788e-03
7.708405737138853200e-03
7.716795554466220584e-03
7.719401820830959493e-03
7.728401069785896874e-03
7.752209583226263648e-03
7.771548041588322714e-03
7.784576731651825579e-03
7.799607900729339273e-03
7.822170755421914076e-03
7.827644627141043879e-03
7.833560786958879835e-03
7.851398818811189742e-03
7.857987581779749681e-03
7.873969239844074916e-03
7.880888813605319357e-03
7.895485299960966485e-03
7.908200626794134602e-03
7.921616193095044542e-03
7.928406437802040102e-03
7.939240374725575408e-03
7.948407738814647697e-03
7.985819907765166759e-03
7.992001433236188557e-03
7.998559299044563989e-03
8.004060133744207023e-03
8.023563937334858218e-03
8.030967641792573913e-03
8.044578428145718677e-03
8.054126146467282740e-03
8.059912756338874149e-03
8.077521454247780716e-03
8.084275515811752827e-03
8.108811251069774836e-03
8.116024131548556231e-03
8.122662423063805454e-03
8.132708925497830060e-03
8.137334462679972000e-03
8.152595942073952162e-03
8.157013603925738696e-03
8.178836738168484763e-03
8.193894449599814153e-03
8.198010843538612591e-03
8.214552447314006980e-03
8.223717486410696623e-03
8.224731735454694423e-03
8.238724063660543204e-03
8.255012891759450078e-03
8.263108135690805725e-03
8.288236411317033425e-03
8.298794579311624675e-03
8.306646358597026200e-03
8.316760844804878261e-03
8.322706193866057783e-03
8.331406939211550081e-03
8.347938920453146922e-03
8.364622425615661147e-03
8.370724997051572774e-03
8.379075044098379180e-03
8.389446167308915042e-03
8.400891558360885913e-03
8.413434944155792627e-03
8.421845903658325971e-03
8.425780499704575363e-03
8.446356742821200733e-03
8.454038587979448641e-03
8.469225352127565318e-03
8.487102139505835544e-03
8.492921123725781854e-03
8.499588263613473693e-03
8.520509163417514659e-03
8.527063523508040394e-03
8.539539677107013324e-03
8.547147807554245427e-03
8.560997422117971531e-03
8.573179154514873335e-03
8.591478438424287808e-03
8.604222327091839637e-03
8.616457456322371491e-03
8.618619991696925206e-03
8.641890569057964974e-03
8.645189413032532827e-03
8.658029622354018393e-03
8.671668933189094139e-03
8.678503042930935454e-03
8.691463284596315231e-03
8.703889633932671357e-03
8.715789667231995178e-03
8.721425392460978310e-03
8.726858260718371035e-03
8.752568304927288781e-03
8.756178880690619268e-03
8.760335388726751479e-03
8.782617411431582755e-03
8.798708314108260806e-03
8.811931695894052730e-03
8.816734001444765864e-03
8.823821154874135139e-03
8.834360445808575255e-03
8.847953112953551441e-03
8.851172398005684866e-03
8.872385121034392572e-03
8.880667054227391749e-03
8.890771325888774737e-03
8.903049282582068541e-03
8.911447971300839530e-03
8.916290763426626062e-03
8.933620745098080212e-03
8.941571972631264312e-03
8.950823639503294182e-03
8.968326828912961263e-03
8.984214406353564428e-03
8.995265135315734864e-03
9.005111424245730231e-03
9.011265999074412683e-03
9.027205149362555262e-03
9.038955677488344498e-03
9.044407594337397840e-03
9.061046064141009895e-03
9.077359932867680795e-03
9.082977881608418971e-03
9.098327592816203915e-03
9.103749507501363372e-03
9.112280872014072441e-03
9.122017952313810768e-03
9.134213888377628807e-03
9.141048478306237207e-03
9.151247303962680921e-03
9.164088356433411353e-03
9.177502584940312041e-03
9.188475770603308362e-03
9.205562341634110357e-03
9.220499002170548519e-03
9.227336849657414783e-03
9.244761769365237095e-03
9.267315961196743654e-03
9.274769892200889973e-03
9.291029726012887957e-03
9.300998398446289409e-03
9.306088576825107331e-03
9.314917328684455336e-03
9.332348251776090287e-03
9.341618127116868564e-03
9.348762450626074694e-03
9.357112633096398985e-03
9.372422304473226190e-03
9.377885735657039493e-03
9.384310168172470615e-03
9.415131586430102589e-03
9.419880553003060278e-03
9.427503092863576475e-03
9.431981726331742019e-03
9.451057702489775239e-03
9.458150439473024182e-03
9.469787567755613700e-03
9.484852162685106919e-03
9.491175492005680253e-03
9.494138445229944115e-03
9.511551047203232676e-03
9.523305341906502380e-03
9.528804799967637365e-03
9.552554052176502261e-03
9.569818298518545721e-03
9.578195237493675185e-03
9.587075638216643186e-03
9.596624228191298969e-03
9.602266401159919446e-03
9.617063096316333728e-03
9.638931986714983913e-03
9.652625406836633573e-03
9.661572269930938928e-03
9.674511425942042275e-03
9.690215040166283780e-03
9.703000335943942622e-03
9.714140970644932066e-03
9.737678520328411913e-03
9.741070691653178418e-03
9.757338923030748137e-03
9.771426409653229464e-03
9.783121805434363827e-03
9.789384026014672988e-03
9.806707734302470836e-03
9.810406946575320544e-03
9.823647178921243728e-03
9.829441637458245437e-03
9.854717041343467529e-03
9.870549918235582351e-03
9.882389908522149977e-03
9.885470564781308894e-03
9.910527874498224407e-03
9.921777897831848478e-03
9.928212465200083811e-03
9.942889401670162303e-03
9.949550843919780993e-03
9.968595495395060277e-03
9.973096426047609389e-03
9.985138924477032427e-03
1.001678515341400053e-02
1.003781185560201003e-02
1.004374138759417390e-02
1.005250296547475358e-02
1.006492666443307982e-02
1.007620857722080210e-02
1.009658458822782108e-02
1.010184760062300506e-02
1.012608975819499248e-02
1.013661644934609266e-02
1.014869356355288868e-02
1.016697233617329041e-02
1.017555148460493053e-02
1.018605482484783407e-02
1.020335991083025015e-02
1.021633847338973555e-02
1.023065152351879462e-02
1.024903798781833485e-02
1.026003456051810363e-02
1.026868243457060119e-02
1.028486361553721841e-02
1.029191023774014488e-02
1.029318342480709490e-02
1.031092362196696713e-02
1.032625338484043608e-02
1.033006477009137253e-02
1.034826205327375563e-02
1.036615082584192195e-02
1.037169833541230594e-02
1.038428809127496175e-02
1.040555773359418644e-02
1.041067734535398685e-02
1.043315756772942790e-02
1.044033533230871030e-02
1.046348132068650703e-02
1.048046548973355536e-02
1.049765369953198704e-02
1.050866530200711586e-02
1.052264996677902860e-02
1.053218744861294728e-02
1.055236669116775203e-02
1.056402520637230412e-02
1.058138543337611669e-02
1.060046057984480664e-02
1.060047628557828081e-02
1.060956431204803860e-02
1.063112684364819066e-02
1.064369212233310519e-02
1.064491003444568464e-02
1.066588256934278278e-02
1.068876634837098716e-02
1.070050329064703952e-02
1.070625345798134273e-02
1.070982416195345385e-02
1.072873534037641421e-02
1.074070361807423664e-02
1.076238020017210827e-02
1.077015028272146173e-02
1.078712517322995973e-02
1.079588317578196975e-02
1.082527137453532726e-02
1.083686303093853165e-02
1.084152152421699079e-02
1.086059959864239116e-02
1.086807962718149174e-02
1.087831467796817816e-02
1.089438391078664456e-02
1.090497179091481569e-02
1.090948477438157850e-02
1.091923458607209178e-02
1.094132966478552314e-02
1.095148925275211092e-02
1.096232921999626929e-02
1.098070036799433241e-02
1.099389998948735458e-02
1.101849044515590403e-02
1.103076866009024444e-02
1.104167246847624802e-02
1.106500209851489502e-02
1.106639853470088933e-02
1.107749486298565712e-02
1.109193222166631430e-02
1.110541426797652387e-02
1.111709505307006789e-02
1.112893408948981665e-02
1.113863471066494845e-02
1.115253340622554892e-02
1.116905296155309112e-02
1.118464368437631536e-02
1.120004088981929602e-02
1.121790236689552619e-02
1.122792284620141405e-02
1.123393096714192865e-02
1.125560463186392468e-02
1.126340980989138339e-02
1.129164397782139728e-02
1.129298472379072597e-02
1.129857470856437431e-02
1.132089416264964871e-02
1.132902594297059695e-02
1.134707564664039908e-02
1.136916736303962734e-02
1.138636185513295512e-02
1.139331601713702673e-02
1.140150500395201508e-02
1.141321683067900161e-02
1.142883580010567099e-02
1.143913975899816908e-02
1.145632595214119212e-02
1.146052978975421570e-02
1.147813732851014207e-02
1.149530966041813033e-02
1.150570437332635795e-02
1.152596948225935794e-02
1.153813442029914989e-02
1.155801142509423236e-02
1.157901732191976736e-02
1.159377423559929988e-02
1.160787156368561779e-02
1.162030363962455494e-02
1.162898861680346750e-02
1.163746391931278976e-02
1.166176603494224751e-02
1.168282235458827957e-02
1.170233437737841324e-02
1.170625042836858157e-02
1.170858752931532541e-02
1.173362810044372741e-02
1.173491085084599553e-02
1.174985732676627967e-02
1.177163093708525829e-02
1.178307254537269699e-02
1.181257216063111466e-02
1.181537008396994597e-02
1.182239369221616335e-02
1.183216650388484517e-02
1.185386546797484800e-02
1.186075717775841171e-02
1.187328247273778878e-02
1.189955169824630059e-02
1.190648414817010309e-02
1.191443526161809624e-02
1.192527458792808429e-02
1.195240237967010871e-02
1.195632599885105424e-02
1.196736933771690332e-02
1.197447618982693147e-02
1.198975027247594152e-02
1.199933690038406525e-02
1.201985568847310608e-02
1.202647554960802230e-02
1.205059788118773532e-02
1.205865684131823129e-02
1.207809332250744244e-02
1.207951201067892708e-02
1.209443694460547898e-02
1.209889969810193366e-02
1.212666132985203149e-02
1.213254850461995167e-02
1.217103116184412026e-02
1.217735885360962667e-02
1.219094766331805385e-02
1.219927511340458681e-02
1.223039004729229058e-02
1.224372091421615898e-02
1.225328447290381477e-02
1.226053776714769970e-02
1.227978581012226754e-02
1.228911475445134197e-02
1.230536044515391850e-02
1.232563702002171038e-02
1.233598160215914306e-02
1.234385701521764980e-02
1.235908709077552896e-02
1.237335500550571996e-02
1.237756968267641686e-02
1.238805418802618741e-02
1.240238556051805920e-02
1.241202551490712055e-02
1.243954874664455687e-02
1.244306292349750369e-02
1.246531602046596805e-02
1.248876658890773171e-02
1.250302027731724393e-02
1.251889190372181340e-02
1.252959959788684310e-02
1.254024484650731117e-02
1.255257840276194012e-02
1.256527601674814650e-02
1.257169255583816259e-02
1.258244639576437326e-02
1.260147524771058035e-02
1.260630142341564140e-02
1.262692711204768496e-02
1.263575024283981538e-02
1.266953773572627485e-02
1.268562118538624738e-02
1.270862678714759254e-02
1.271751508918429405e-02
1.272629389010506915e-02
1.274322335150267042e-02
1.275031853197831910e-02
1.276313115058685596e-02
1.277206063894534456e-02
1.278337304589048824e-02
1.280954139394226664e-02
1.283343085453963334e-02
1.283780265483386827e-02
1.284502923931146387e-02
1.287239771844877340e-02
1.288941395048746365e-02
1.290035909367072409e-02
1.291824190861431965e-02
1.292073254659111513e-02
1.293969596738652438e-02
1.295696223124711069e-02
1.296001937542984143e-02
1.297120873967757756e-02
1.298222603312727298e-02
1.301094779383796425e-02
1.302535952455328820e-02
1.304058309840546055e-02
1.306316759931814425e-02
1.307871673927800057e-02
1.309597034747382767e-02
1.310857843607947208e-02
1.312965402969777998e-02
1.313582285398406414e-02
1.315115661589064990e-02
1.317874769760009855e-02
1.319143225700318903e-02
1.320162522851926756e-02
1.321092304882872867e-02
1.323217154950852813e-02
1.324181294198280637e-02
1.327251100346234225e-02
1.327655362138303527e-02
1.329923346540162581e-02
1.331179723301305524e-02
1.335410211609625725e-02
1.336229613628551333e-02
1.337720337477076894e-02
1.338766425957863167e-02
1.339938762039229701e-02
1.341753084990411106e-02
1.344264905563055668e-02
1.344819891963106376e-02
1.345998658967576325e-02
1.347968185069791866e-02
1.348733161989282975e-02
1.350773072914117530e-02
1.352145016298515745e-02
1.353646936633034689e-02
1.356009569877826733e-02
1.356926831075649410e-02
1.359331505326564007e-02
1.361631951436925551e-02
1.363728179931488621e-02
1.365419709825053951e-02
1.367095418323276308e-02
1.367735712301283366e-02
1.370417713451210946e-02
1.371112697257339218e-02
1.371369894024483324e-02
1.376043604387380478e-02
1.378148953750145053e-02
1.378778880005854419e-02
1.380273412347673631e-02
1.381057812251663269e-02
1.384122910188792001e-02
1.385447181676968155e-02
1.386637000581421829e-02
1.387555101955861500e-02
1.390263599563341598e-02
1.390835154968223138e-02
1.392046625421252716e-02
1.392596482473952568e-02
1.396410303020652506e-02
1.398066177111323416e-02
1.399150844653446538e-02
1.400738329669445371e-02
1.402054327331997592e-02
1.404065027374436919e-02
1.406342193158052756e-02
1.408394330070382970e-02
1.410371919877113564e-02
1.411925481404799343e-02
1.413210448046111484e-02
1.413806569179348709e-02
1.414996589200960379e-02
1.415596820288963706e-02
1.418473166332314891e-02
1.420074422912350268e-02
1.421066966346761287e-02
1.422129356120581910e-02
1.425156762178881112e-02
1.428702216529778059e-02
1.430491253163965366e-02
1.431622781473902185e-02
1.432182205771887450e-02
1.434504468392247892e-02
1.436229900441150786e-02
1.437261653103378764e-02
1.439524536542086119e-02
1.440847020664454310e-02
1.441508327753877883e-02
1.443783742573908832e-02
1.444478547122147148e-02
1.447172492702853211e-02
1.451033792815627221e-02
1.451471947653776816e-02
1.452476278533839683e-02
1.455119668042502944e-02
1.457681809860419432e-02
1.458981829072544464e-02
1.460598431157621169e-02
1.461130710646501955e-02
1.464006249178703527e-02
1.466185412519045543e-02
1.467320791295231505e-02
1.469944514177521158e-02
1.470603463385713842e-02
1.474835792006470511e-02
1.476094536078816945e-02
1.476613018223628220e-02
1.478360772046878949e-02
1.480432799170805155e-02
1.482005142451135390e-02
1.484318379167703927e-02
1.487082167811786503e-02
1.487589758834999103e-02
1.490015040593270848e-02
1.490643908560454825e-02
1.493233286873571486e-02
1.495442359167892775e-02
1.496416577416873062e-02
1.498029476408864295e-02
1.499354828537127586e-02
1.502399938366178259e-02
1.504009199941948142e-02
1.505277341011370881e-02
1.507286998730443701e-02
1.507926610004730293e-02
1.508300817116855000e-02
1.512698431845654716e-02
1.513985116811500907e-02
1.514839996558353143e-02
1.515495348447514976e-02
1.518190534109587278e-02
1.520581120499106195e-02
1.521185746704754177e-02
1.524320443551105235e-02
1.524738792052423610e-02
1.526279520173561173e-02
1.529223965932161901e-02
1.531237626141863928e-02
1.534541012415804352e-02
1.535353903745059236e-02
1.536367042821452922e-02
1.538639043885015392e-02
1.538969768130081690e-02
1.541233409095288387e-02
1.544559104198727807e-02
1.547517752718208239e-02
1.548047056202638688e-02
1.549531585702585562e-02
1.550639345215340352e-02
1.553681956530343286e-02
1.555127406439798035e-02
1.556119648715092833e-02
1.557562295703964102e-02
1.559273800663193640e-02
1.560130879398597022e-02
1.563793197496011686e-02
1.564998253666000441e-02
1.568976457502979649e-02
1.570085460278649453e-02
1.571562511416322791e-02
1.573425342510707120e-02
1.575985661327935355e-02
1.577168621514710850e-02
1.579013537588187452e-02
1.579585179787746860e-02
1.583442749885660694e-02
1.584316871931627096e-02
1.585348515245643686e-02
1.587528218877217595e-02
1.588593063754865226e-02
1.593435507621127414e-02
1.595174241899485063e-02
1.595752834922708335e-02
1.598785114538047586e-02
1.600484078643335528e-02
1.602994058787786044e-02
1.604001345800688816e-02
1.605482673609372191e-02
1.606326980913239458e-02
1.610545587562026149e-02
1.611141137400177656e-02
1.611704177982086969e-02
1.614279002231678792e-02
1.616937746440599497e-02
1.620668485519492080e-02
1.621562018416554396e-02
1.625477478532197373e-02
1.626952291057548808e-02
1.627436123313639321e-02
1.629420604937314304e-02
1.629992078037419828e-02
1.632699871680867373e-02
1.634620587627607161e-02
1.637366807394871615e-02
1.637915408534071013e-02
1.639242886504245142e-02
1.642058987474035586e-02
1.644790017427999809e-02
1.645506915213349255e-02
1.648154080318849427e-02
1.648748115253603763e-02
1.651909440376439150e-02
1.653296074731092774e-02
1.655886423037173857e-02
1.657813014347769148e-02
1.659581847301060814e-02
1.661898983831739535e-02
1.664901650537416872e-02
1.666085162080653895e-02
1.667197847736116845e-02
1.669568938294534871e-02
1.671540622552284208e-02
1.673235664436998130e-02
1.674221616334164650e-02
1.678451356286159851e-02
1.680826912279193702e-02
1.681651608781924503e-02
1.684585532783426653e-02
1.687535309982688900e-02
1.691204818424969780e-02
1.692713805384348305e-02
1.694302431682944907e-02
1.699147825963023134e-02
1.699877517233692667e-02
1.700727868141351309e-02
1.701762140151098779e-02
1.704779394258692030e-02
1.708057808737623029e-02
1.708970941886567285e-02
1.710528809698729988e-02
1.713917847605885003e-02
1.715385393869175990e-02
1.717535507991095264e-02
1.718318565812377435e-02
1.720001347912930578e-02
1.722383462522418529e-02
1.723685486240676690e-02
1.726080592116664356e-02
1.726746163342121609e-02
1.730074405627859274e-02
1.733438123338604600e-02
1.734522407668865479e-02
1.736435468105983551e-02
1.739273884173539800e-02
1.740335470197753448e-02
1.743799712647949030e-02
1.745158663699313689e-02
1.746972618953293241e-02
1.749433187404982742e-02
1.750414857112088385e-02
1.754133782403960798e-02
1.756843342684892215e-02
1.758450511007374900e-02
1.760786091079136195e-02
1.763084252996250170e-02
1.766831632986750125e-02
1.767625523804414178e-02
1.769381201137040088e-02
1.772162899310925424e-02
1.774613611964244442e-02
1.776530927091552262e-02
1.778733098585712907e-02
1.781181985384603858e-02
1.782587246822724472e-02
1.783542065903114329e-02
1.787363393040073897e-02
1.790686954185354354e-02
1.792194938697558651e-02
1.792441667816940462e-02
1.794308198021546744e-02
1.797451494854385157e-02
1.800622419444822264e-02
1.803543672434382641e-02
1.804734810430343173e-02
1.807631661212652507e-02
1.807910714298474261e-02
1.810133177393842552e-02
1.811494992559990747e-02
1.813721956228016643e-02
1.814379084931559347e-02
1.818436951593126183e-02
1.819881221521657544e-02
1.821967526030005002e-02
1.823507986897343267e-02
1.826067018075187495e-02
1.828859776167336693e-02
1.830568497083554305e-02
1.834160536509969741e-02
1.836101275963883048e-02
1.839900301211158315e-02
1.841075729532275912e-02
1.844507537936780628e-02
1.846111540867171816e-02
1.846910847521169088e-02
1.848078917126176265e-02
1.849940324856800059e-02
1.852024636750610603e-02
1.853144468262143615e-02
1.857430424587354703e-02
1.860750966981619334e-02
1.861778861510738139e-02
1.863586547754033859e-02
1.866156982147449545e-02
1.870040009499768230e-02
1.870387223219021483e-02
1.871939765890965127e-02
1.876044041506451029e-02
1.878473174325771475e-02
1.879548647703247963e-02
1.882268644843484995e-02
1.883408976475520885e-02
1.886661997883482336e-02
1.887894516425417737e-02
1.891396192321358194e-02
1.892985848565555823e-02
1.896983646170881388e-02
1.898013547826575900e-02
1.900172363503610864e-02
1.900953889675322320e-02
1.903547833742628287e-02
1.904600066994107180e-02
1.906781061713382422e-02
1.908277718003443396e-02
1.909397763838779211e-02
1.910074092276925831e-02
1.915414818881741588e-02
1.917714982553261893e-02
1.917938518152889973e-02
1.919729018857809638e-02
1.922683740195008789e-02
1.925131721254885742e-02
1.926311069175571170e-02
1.930606495697111125e-02
1.933876006008987403e-02
1.936936467002752307e-02
1.937435506612632946e-02
1.939795936677583127e-02
1.941269504084402325e-02
1.945375424334925066e-02
1.945795896154233970e-02
1.947815647452102311e-02
1.949376012850837989e-02
1.951494429870388389e-02
1.955287789757534714e-02
1.956295918686143734e-02
1.958930462438953496e-02
1.960071110955917406e-02
1.964821148369488499e-02
1.966803980989590903e-02
1.969277796388652427e-02
1.972836052040836952e-02
1.975187150404809217e-02
1.976951086983071149e-02
1.977216118181688090e-02
1.979692604180332757e-02
1.982946017147450488e-02
1.984371122230298157e-02
1.985525177828803903e-02
1.986712767932452550e-02
1.987851700706390681e-02
1.989965932610577790e-02
1.993084596896056021e-02
1.995211561576645462e-02
1.996344213616746757e-02
1.997775475520899638e-02
2.002427952556528473e-02
2.007392393251010085e-02
2.008414816927848665e-02
2.010618231879545206e-02
2.011918947493717552e-02
2.013399955609255707e-02
2.015404884767317897e-02
2.018623407468514430e-02
2.018903664160245914e-02
2.022408116152034710e-02
2.022959657796899458e-02
2.027166533963912012e-02
2.030683461349139241e-02
2.034524003091980893e-02
2.036004709380956693e-02
2.037547510934338904e-02
2.039681554464010255e-02
2.042551072206996721e-02
2.043933252268926096e-02
2.045764462356503000e-02
2.049730821595426716e-02
2.050977830471201538e-02
2.053805749051855131e-02
2.057325118739644632e-02
2.059088435829324257e-02
2.062110442171784935e-02
2.062964983879983852e-02
2.065907383102405168e-02
2.068955970241697501e-02
2.072799342444851464e-02
2.073239541063829142e-02
2.076647861615127377e-02
2.079876127339128425e-02
2.081280597913202912e-02
2.083483170177440405e-02
2.086256382403862616e-02
2.088966316809242815e-02
2.091643977325067724e-02
2.092734869836894440e-02
2.095257886244682177e-02
2.097599244527256074e-02
2.099539885207908976e-02
2.102922384252684310e-02
2.105280370574770174e-02
2.107194557827533898e-02
2.110115809367129128e-02
2.112872119086745687e-02
2.115119259351778622e-02
2.116002772910745983e-02
2.117495543836447891e-02
2.118101631369100415e-02
2.125160641673222786e-02
2.126020906254151924e-02
2.128805159850001918e-02
2.131403131301408752e-02
2.132361463322307929e-02
2.134912760511019705e-02
2.140395882241782552e-02
2.142715239432753729e-02
2.143534561606203273e-02
2.148851371592843881e-02
2.151817631725935417e-02
2.154175753488270922e-02
2.155715066488689269e-02
2.158632546997691151e-02
2.161990595671695048e-02
2.162916753785321111e-02
2.166711401023791589e-02
2.167740262208613447e-02
2.169436730177697406e-02
2.171624496296219869e-02
2.172138450945523477e-02
2.178528311001757395e-02
2.179715208960499029e-02
2.181086506998126603e-02
2.184693731179883011e-02
2.186136161232045058e-02
2.188482757009410640e-02
2.188797157051227890e-02
2.194671698544004707e-02
2.197893258958429769e-02
2.199077304414280218e-02
2.200530271229004034e-02
2.205812963913736380e-02
2.207957437024337180e-02
2.211595931530880091e-02
2.214317872699000586e-02
2.216864850469843495e-02
2.219448583940515987e-02
2.219562790715038161e-02
2.223482665184956311e-02
2.225445949796456269e-02
2.228353702240542383e-02
2.233657432346105101e-02
2.235258792899405891e-02
2.236862706344749235e-02
2.239335196527571237e-02
2.241378138773177445e-02
2.243289438665386701e-02
2.247594388848750055e-02
2.250788665662113025e-02
2.251233492721765178e-02
2.253377544587521417e-02
2.257183102230989752e-02
2.262986873631178675e-02
2.264998051888118813e-02
2.266170414576327424e-02
2.267990375241638393e-02
2.273231838984028294e-02
2.274401774421596495e-02
2.275354092874474349e-02
2.277275473955973212e-02
2.279581190937353050e-02
2.284374909786922661e-02
2.287395583783265185e-02
2.288625057334987833e-02
2.293612802277832097e-02
2.295308102216613369e-02
2.296439548855794960e-02
2.298772027639246068e-02
2.303419809314542419e-02
2.304872000827699885e-02
2.307451022724454556e-02
2.308538818340453644e-02
2.312332917171217375e-02
2.315033518857530226e-02
2.316458362282363195e-02
2.318335058938982007e-02
2.319954926814893348e-02
2.325936437020967654e-02
2.328970955870037288e-02
2.331540653334404287e-02
2.332446574762047156e-02
2.335572964839715757e-02
2.338119581017442106e-02
2.339793969172994370e-02
2.344596207363182361e-02
2.345881042195971031e-02
2.348167502404603993e-02
2.353242114019833686e-02
2.355408866377305122e-02
2.355659870377998025e-02
2.361667681995541224e-02
2.363881881659757322e-02
2.364726069024623151e-02
2.368042269513473755e-02
2.369939118494698502e-02
2.371189393247629881e-02
2.374401332967926437e-02
2.376190758831457986e-02
2.378033896967826979e-02
2.380876722817517471e-02
2.384394212580320457e-02
2.385203936767678334e-02
2.387041694163552497e-02
2.389783193092335709e-02
2.394106177517028519e-02
2.395777488301912769e-02
2.402123311509062401e-02
2.403767343389502653e-02
2.408202714323895779e-02
2.410524073002619921e-02
2.412877525212390670e-02
2.414951853115697433e-02
2.417441382424855706e-02
2.419812720303966824e-02
2.422505546068265403e-02
2.426372440978196918e-02
2.427989421408243559e-02
2.434061491711950534e-02
2.435039288927676182e-02
2.438537215274923925e-02
2.440681996986010516e-02
2.442839570311058917e-02
2.444565890912848288e-02
2.449957937419273979e-02
2.452061829235908930e-02
2.454984766834878915e-02
2.457402168520593164e-02
2.460617396569275694e-02
2.463126744069482968e-02
2.465787952262247368e-02
2.468407172761042864e-02
2.471566421620111434e-02
2.474864146861096431e-02
2.477163901054622863e-02
2.477900652086964528e-02
2.484171134001276690e-02
2.487123237951401056e-02
2.488647395214950778e-02
2.491631852581550205e-02
2.494368088665057867e-02
2.497990232338184735e-02
2.500935821776156115e-02
2.502256781860627208e-02
2.504057272251569363e-02
2.511564229821461325e-02
2.513903439254224978e-02
2.517249968995215192e-02
2.522031799624899900e-02
2.523130434692333335e-02
2.525544573496051742e-02
2.530758435160001055e-02
2.534974227119246581e-02
2.539646746049074866e-02
2.541039084669835524e-02
2.541759194980866901e-02
2.546191748322851681e-02
2.548123746699009623e-02
2.553292935690247914e-02
2.554498703596018785e-02
2.556704689054433571e-02
2.559935677618491515e-02
2.561281722474922917e-02
2.564468844282656243e-02
2.568487905091850973e-02
2.570691161847907594e-02
2.575982655127110124e-02
2.579265429497865081e-02
2.581689431610950311e-02
2.584806337111001870e-02
2.586485127755369304e-02
2.588209874561477400e-02
2.590167217828574092e-02
2.593198074196854594e-02
2.597414639665466055e-02
2.602753264159743396e-02
2.605282302923858304e-02
2.607491949993419669e-02
2.608889592988789322e-02
2.611500731115539223e-02
2.617481449766876495e-02
2.619324778007329699e-02
2.624504724491313196e-02
2.625851200877258110e-02
2.631931799482326723e-02
2.632693574939078476e-02
2.636980419687874611e-02
2.638620533415335020e-02
2.642079734050674020e-02
2.648713296882415288e-02
2.650195957440007119e-02
2.652310004204719296e-02
2.655382138568353201e-02
2.659454283073942396e-02
2.662715167396664112e-02
2.669671814510992530e-02
2.671473324829310228e-02
2.673711192533228045e-02
2.675092721409136343e-02
2.675433119072887639e-02
2.679895471905193241e-02
2.683703713639072272e-02
2.687514998702952504e-02
2.691249286491376527e-02
2.692303523329935000e-02
2.694826883552911903e-02
2.698117642559250823e-02
2.699708301819466610e-02
2.707600232501937085e-02
2.708761228336811419e-02
2.710727009530187331e-02
2.714402629192642913e-02
2.719615301415232930e-02
2.720618560200068273e-02
2.722739345098400959e-02
2.726761495839246860e-02
2.729460385299411346e-02
2.730970139402390945e-02
2.736564786379554540e-02
2.741220947858613588e-02
2.742703090583238981e-02
2.746708701275276179e-02
2.747952669598728581e-02
2.751584408608901897e-02
2.758044485215307290e-02
2.763207134297885476e-02
2.765204541177969030e-02
2.767583177031198924e-02
2.772733457260943141e-02
2.777511655380037608e-02
2.779509696574963828e-02
2.782111588146560233e-02
2.783033837941594618e-02
2.787928688537978303e-02
2.791484496278676813e-02
2.795331795362947930e-02
2.799491687013259955e-02
2.803951020098344182e-02
2.805417902849415349e-02
2.807766517997546327e-02
2.811359654761800067e-02
2.816486959483597077e-02
2.821652508243720561e-02
2.823531967624808015e-02
2.827277419706889297e-02
2.830258900266944405e-02
2.832640070456907133e-02
2.839096455621162654e-02
2.841269926434467075e-02
2.847972280563548092e-02
2.849111669242475678e-02
2.851354922147905646e-02
2.853821155421531683e-02
2.857269771780044515e-02
2.861194490435909482e-02
2.863727721084741509e-02
2.865673478817823416e-02
2.866558548556464789e-02
2.870407437646120205e-02
2.876431924058068038e-02
2.878880941016277034e-02
2.883866302292400693e-02
2.885089025826940642e-02
2.891780308345964431e-02
2.895858269094682066e-02
2.898336345362461861e-02
2.899411117586586303e-02
2.901254543714536921e-02
2.905521738898828032e-02
2.911020175585861750e-02
2.911225581724111514e-02
2.914270859756019558e-02
2.919858466871826097e-02
2.922809851003306189e-02
2.925543137580781383e-02
2.928653305177816163e-02
2.931532068766827190e-02
2.937288345072437690e-02
2.941076241301226329e-02
2.942588026286396818e-02
2.943553156097392098e-02
2.945490787070954505e-02
2.949854804511716291e-02
2.952347959982550701e-02
2.957140790187725785e-02
2.959260240731269309e-02
2.961393995995052417e-02
2.964804647167971693e-02
2.971475112386689696e-02
2.973306499497307964e-02
2.976111868240118377e-02
2.978904733650359488e-02
2.982326235626155814e-02
2.985033759578867296e-02
2.989251764119893809e-02
2.993052553765658541e-02
3.000958718359190633e-02
3.001872676499712372e-02
3.003537692218316221e-02
3.007612961143450031e-02
3.010507432241003867e-02
3.017578833656227658e-02
3.020755657378664666e-02
3.021243050986106848e-02
3.026747775766873080e-02
3.030122794253361368e-02
3.031540984648087647e-02
3.037822566875317265e-02
3.042438502806453157e-02
3.043732554674988267e-02
3.047738095424318630e-02
3.050239005187331889e-02
3.056021108451815321e-02
3.057488468780371685e-02
3.063319765093221875e-02
3.068284778855905406e-02
3.068782701891770506e-02
3.071251427243311405e-02
3.076170531994865814e-02
3.081396853811342942e-02
3.082883095689839537e-02
3.090264944929529620e-02
3.094329941504278536e-02
3.097254405317515988e-02
3.100941434023239685e-02
3.103667970927928565e-02
3.106836413022329504e-02
3.115412376355149171e-02
3.118581440109832736e-02
3.121144641449994511e-02
3.126172424441770598e-02
3.130921828994445710e-02
3.133909616060041869e-02
3.138943991662162397e-02
3.142216039910551706e-02
3.145609080744753150e-02
3.151922577981466217e-02
3.155426048848440634e-02
3.159315992598570044e-02
3.160859684108489887e-02
3.163424214009623314e-02
3.164501698162539012e-02
3.167552778764275850e-02
3.174830405450647375e-02
3.176055286981621650e-02
3.180974159982433158e-02
3.183208201591167241e-02
3.185789111145200664e-02
3.192491887464252859e-02
3.197446882974849108e-02
3.201421605592558867e-02
3.204236719150105328e-02
3.205889168636116143e-02
3.210037402113376237e-02
3.214825284139668365e-02
3.217893775532482126e-02
3.223727670962692887e-02
3.226285550726794293e-02
3.228289664514195217e-02
3.235609995600060435e-02
3.236410750309473561e-02
3.239532632783735655e-02
3.242723039673440361e-02
3.248712509433772377e-02
3.255915246811085656e-02
3.257735165195166371e-02
3.259918699275056453e-02
3.263646903560019075e-02
3.268107236693514051e-02
3.270215802323524212e-02
3.273611807260045498e-02
3.278568914315537625e-02
3.287031311323474619e-02
3.289021472082122310e-02
3.291839184658331557e-02
3.294377250731354151e-02
3.299843677387089003e-02
3.302058813571409623e-02
3.307527149239950642e-02
3.308652475146103833e-02
3.316814483033526939e-02
3.319330714074675281e-02
3.321915119548663614e-02
3.326551705388319791e-02
3.329094004452714389e-02
3.331792234832604144e-02
3.335003704626127857e-02
3.337115292627304552e-02
3.341216816609846735e-02
3.345923590528460806e-02
3.349039844461922794e-02
3.353291366388534700e-02
3.357991270103888315e-02
3.361465780310660123e-02
3.366299736863565678e-02
3.369263010891303256e-02
3.376461768613361197e-02
3.378906778755259160e-02
3.381910309706535889e-02
3.384453489815404670e-02
3.387983732749104415e-02
3.395921628010482862e-02
3.400402795392953176e-02
3.405099324287572116e-02
3.407958196187220457e-02
3.415255776897595241e-02
3.416815584686745677e-02
3.418631447924982969e-02
3.425039662995203738e-02
3.429734183381551865e-02
3.432890897013802373e-02
3.434563888719256719e-02
3.447089005064008643e-02
3.449854885647270220e-02
3.451735192559601817e-02
3.453838732107682857e-02
3.459760932348970169e-02
3.462309138752158594e-02
3.465873015800850082e-02
3.468524852299730010e-02
3.472758034875279842e-02
3.475188156371513543e-02
3.480458801414939435e-02
3.485957774292969269e-02
3.489837988611035197e-02
3.492011837120536505e-02
3.498136577677018327e-02
3.500826516160204099e-02
3.503524238298637988e-02
3.509142314714829014e-02
3.510933379818179101e-02
3.515190621338689508e-02
3.515591327614014938e-02
3.518885114131901914e-02
3.524784210224016917e-02
3.534973847920919177e-02
3.538408843431291306e-02
3.539741643079243744e-02
3.541882252167820322e-02
3.546942966777407585e-02
3.553389409521835046e-02
3.554513834094175095e-02
3.563381485735691440e-02
3.565370436547379146e-02
3.567542047966199698e-02
3.571573125495933199e-02
3.572886458293118850e-02
3.577331880832471112e-02
3.579822747978831515e-02
3.583658523085971742e-02
3.591082744786805447e-02
3.595397934833698128e-02
3.595826254461206156e-02
3.599140350251669312e-02
3.603279430629947877e-02
3.614385964928482076e-02
3.617098453760625443e-02
3.620366436434778457e-02
3.625677939904754093e-02
3.626959856441409197e-02
3.632212829087984318e-02
3.633884762283898229e-02
3.638591637693518177e-02
3.639900788210011229e-02
3.643116904469034106e-02
3.646367546938274196e-02
3.652576892512021667e-02
3.659869749270041467e-02
3.664704210230031872e-02
3.667374538919170035e-02
3.668883528736336525e-02
3.671281521167267525e-02
3.673849991718804164e-02
3.677743511997884351e-02
3.683728976805631522e-02
3.684910547794620350e-02
3.689074942315638539e-02
3.695167313761280048e-02
3.698695750283044481e-02
3.703402829620246889e-02
3.707361560251496574e-02
3.713912171557277875e-02
3.716700100523585154e-02
3.721466162510762149e-02
3.729232510070537576e-02
3.733153646340632570e-02
3.739285425960615916e-02
3.742512210783263682e-02
3.746252958999863464e-02
3.751745679084636520e-02
3.755816149931590076e-02
3.764094834887286856e-02
3.766354749662537138e-02
3.769918360646473676e-02
3.777548628664302577e-02
3.784491331022320215e-02
3.788524977892212403e-02
3.791093380339713437e-02
3.794941682387562715e-02
3.796646408688697516e-02
3.802475024254078212e-02
3.807599658635180129e-02
3.811468777254332918e-02
3.816741731302067397e-02
3.819877294337967188e-02
3.828495669264389556e-02
3.830692851589376224e-02
3.833585769481916150e-02
3.836753044670088153e-02
3.842682968663680559e-02
3.846437435568270807e-02
3.849608066695790753e-02
3.858448901509561185e-02
3.862725523143621664e-02
3.867774757095099325e-02
3.869601584860057897e-02
3.872234821071341565e-02
3.882036578287687001e-02
3.887826069331616619e-02
3.891345676494264993e-02
3.893831422909418277e-02
3.897631268899546392e-02
3.905689855594125098e-02
3.909802811247745091e-02
3.910593067719411731e-02
3.917213369639102605e-02
3.921408112637025239e-02
3.924755509662353897e-02
3.929505993933838509e-02
3.931587001901106632e-02
3.934154764576234392e-02
3.937117753467450632e-02
3.942048802360142989e-02
3.943952451262057457e-02
3.946457581282292876e-02
3.955147255962986053e-02
3.958392338481529771e-02
3.962830957708830121e-02
3.963803436076218656e-02
3.972182466198252021e-02
3.975801720785518412e-02
3.976404526482095469e-02
3.983133362202465749e-02
3.983530879541936909e-02
3.991762552600035957e-02
3.996146917992221548e-02
3.999846325181449086e-02
4.012418271417955012e-02
4.016945773089175553e-02
4.019238537448997783e-02
4.023442830046111002e-02
4.029225306836231590e-02
4.036470493737285420e-02
4.038991499196695895e-02
4.040962458157348197e-02
4.042537016696590851e-02
4.049825784067812712e-02
4.056370872638797448e-02
4.062797796154930807e-02
4.068613823264177753e-02
4.073365719062450180e-02
4.074810900946029130e-02
4.077890269895352582e-02
4.079740770943952183e-02
4.083274461173446584e-02
4.087706398739517077e-02
4.094720140408988213e-02
4.098693533575834685e-02
4.107560874297421644e-02
4.113177524623610332e-02
4.119549116644331821e-02
4.120913889391172868e-02
4.123156306840915913e-02
4.129893671891206319e-02
4.133904563197690618e-02
4.140255206055715176e-02
4.146269571204730386e-02
4.150793792106099306e-02
4.157458287722425039e-02
4.162235470136738807e-02
4.167224198237325788e-02
4.172471767873719289e-02
4.175833855100623965e-02
4.176650124067285419e-02
4.181514842940773496e-02
4.188697744426812114e-02
4.189795176942475580e-02
4.195969468519999274e-02
4.201443514334542162e-02
4.206640605935010879e-02
4.211839732502027644e-02
4.214477287428758379e-02
4.218984502864867731e-02
4.227747054192497467e-02
4.231720157562773865e-02
4.232927465333665568e-02
4.238018914046830926e-02
4.242358004831676965e-02
4.248682753269899387e-02
4.254909087658955563e-02
4.261491071451802698e-02
4.266841538558094338e-02
4.267439779291285623e-02
4.272388019395041703e-02
4.278122263050748025e-02
4.280728430447536259e-02
4.283619738509333863e-02
4.294017041041507665e-02
4.298342956528637682e-02
4.300751821575500566e-02
4.307949477038371805e-02
4.315556074701348138e-02
4.321930149127023446e-02
4.323334926731391831e-02
4.333394447523380988e-02
4.334914332815711924e-02
4.344481392827657246e-02
4.344717443765001852e-02
4.350385251833763928e-02
4.352484114012729333e-02
4.356100521018118482e-02
4.362189543058877378e-02
4.363950795309176622e-02
4.368982621561056517e-02
4.380850458555129306e-02
4.382855689045533215e-02
4.389169078236537791e-02
4.392281741763904429e-02
4.395406274524826795e-02
4.400609090688178959e-02
4.401877320520679315e-02
4.408791269219978354e-02
4.414174848921983280e-02
4.416077700223004082e-02
4.423517695746920914e-02
4.427422509611714935e-02
4.430743017154313568e-02
4.434659810516481532e-02
4.440343012213545520e-02
4.444949125861649003e-02
4.449139987261138685e-02
4.451672961700776227e-02
4.460980265340636769e-02
4.468215312534591643e-02
4.472644106971216532e-02
4.477221498684733764e-02
4.479459790108410167e-02
4.487746835428102488e-02
4.488738516333309891e-02
4.498158681871504416e-02
4.500087015236853283e-02
4.503525433757154389e-02
4.506088106580668357e-02
4.511641453278319308e-02
4.517355657633964627e-02
4.523992917405155606e-02
4.532266448906103334e-02
4.540049949157583947e-02
4.542507810071246682e-02
4.544990794326655981e-02
4.554505568599827997e-02
4.556650092833432197e-02
4.558770504241376614e-02
4.565680521753329169e-02
4.575074502462615766e-02
4.576686065400205339e-02
4.582717316106826866e-02
4.587588576094649845e-02
4.591941965836764811e-02
4.595477430915141659e-02
4.597601207341141943e-02
4.603444449616826001e-02
4.608696315334206983e-02
4.609244882068212756e-02
4.613313582921245437e-02
4.619575242601337006e-02
4.624715870090490011e-02
4.631536332331574746e-02
4.638303980102103513e-02
4.643298279001931844e-02
4.647466649257437493e-02
4.651120277446516710e-02
4.654381331689965567e-02
4.661359576525423570e-02
4.666326504071823672e-02
4.673226393789144811e-02
4.680798384257177369e-02
4.683444073843555377e-02
4.691835553813222814e-02
4.696501573960555620e-02
4.701602075538879877e-02
4.703969805310755786e-02
4.708597650752396196e-02
4.714061784267777749e-02
4.719014550819901344e-02
4.725182023624182465e-02
4.728960024658097894e-02
4.732781385478327524e-02
4.742534052796382876e-02
4.745360089501765577e-02
4.751202442011796812e-02
4.756917601671554335e-02
4.764763481037992410e-02
4.768146461201427239e-02
4.772363643517953807e-02
4.778133486525790868e-02
4.787384358961099817e-02
4.793355473950090817e-02
4.797656402059861935e-02
4.798666507588131985e-02
4.802258419646798088e-02
4.811232798558502666e-02
4.814352697299233153e-02
4.824258022106633903e-02
4.826761280602225729e-02
4.835747761936442374e-02
4.839564208539758050e-02
4.848030907808099227e-02
4.852161392614369462e-02
4.856662079898640266e-02
4.858316432149310804e-02
4.864254601890704438e-02
4.876349356860326667e-02
4.879351242769894986e-02
4.885633093681261002e-02
4.892465457619746272e-02
4.897593631851320656e-02
4.906117880676878068e-02
4.910736401720743050e-02
4.913936766695410630e-02
4.919733269246898827e-02
4.920958334815641461e-02
4.928889175062656225e-02
4.935112529102590739e-02
4.936566385905857834e-02
4.941427004984309118e-02
4.942832288355861886e-02
4.955640381535209721e-02
4.962274342589631515e-02
4.966499896768114541e-02
4.975714820907822800e-02
4.982233745996150764e-02
4.988075656396047386e-02
4.989382100461672853e-02
5.001398096495403983e-02
5.006580331157264863e-02
5.010566478747891656e-02
5.013613614174651512e-02
5.019839902076692756e-02
5.025170676272816550e-02
5.031513999446855095e-02
5.042423493753995373e-02
5.046167755919751807e-02
5.047601208182952992e-02
5.054263184238091261e-02
5.062157157155526555e-02
5.067626689739972157e-02
5.074060718933112724e-02
5.082765983113748248e-02
5.086593012625693216e-02
5.088119733093168090e-02
5.089620523889868547e-02
5.104376025574035997e-02
5.111516740235493017e-02
5.113109948665608279e-02
5.118927060477976299e-02
5.128783923200271738e-02
5.136019507152467939e-02
5.141577066602610185e-02
5.150243635392508929e-02
5.154144488548289410e-02
5.155925891120591992e-02
5.163233407072433806e-02
5.164769208522725086e-02
5.171012467051201017e-02
5.176510664553657382e-02
5.186588565106715204e-02
5.197179368094582280e-02
5.200729356494365047e-02
5.207490320133450340e-02
5.214683816593010390e-02
5.222583451923423076e-02
5.227342998007503128e-02
5.230022090245027566e-02
5.233892186444885630e-02
5.236637761013837600e-02
5.248695013392035147e-02
5.252637332095465295e-02
5.258028377476131610e-02
5.262675016299332015e-02
5.266031720903547458e-02
5.273750291819341574e-02
5.275434865232671994e-02
5.284906106524310532e-02
5.287782229414809965e-02
5.293929570846947485e-02
5.295566926440615357e-02
5.302263945325993988e-02
5.314361747351746545e-02
5.316026560639100507e-02
5.325447728559857402e-02
5.332802874836605617e-02
5.335934229178519034e-02
5.338470779639060276e-02
5.348653370861438522e-02
5.350154125496734553e-02
5.357151505702763272e-02
5.362192341930994283e-02
5.366257271798758471e-02
5.378259106547378376e-02
5.387263919551564528e-02
5.389107835677710984e-02
5.393977553909047595e-02
5.401182194603420389e-02
5.404589841023321739e-02
5.409483104729011921e-02
5.412025953128999506e-02
5.425407743322958193e-02
5.426252356996118242e-02
5.433522739840185301e-02
5.434109517057887639e-02
5.444675182779831757e-02
5.449179495328197731e-02
5.460629026788610396e-02
5.469666606226989553e-02
5.478141905515968718e-02
5.482716847244201858e-02
5.483103254506610513e-02
5.492015481486053896e-02
5.497345371537775555e-02
5.503050652792267766e-02
5.513032371565903395e-02
5.518774634939369039e-02
5.521494409083282928e-02
5.522295246658080747e-02
5.532615552406391912e-02
5.539835546885304995e-02
5.541567999681965700e-02
5.548605705692215284e-02
5.553147222382064097e-02
5.559835747871843398e-02
5.566209065014948026e-02
5.569983046531673532e-02
5.576436787824088498e-02
5.587945367828025395e-02
5.592143993600756646e-02
5.595225335711594139e-02
5.597641903782203665e-02
5.605711485932715621e-02
5.611723582210037531e-02
5.618787727003110577e-02
5.625690995728881150e-02
5.635403062418950504e-02
5.638126804795997454e-02
5.643604555486282648e-02
5.649731154254326176e-02
5.654542920720368598e-02
5.656519321140920237e-02
5.661158949019451381e-02
5.668300313441185928e-02
5.671866366400886428e-02
5.688336508821478094e-02
5.690409525449435790e-02
5.694986155002002004e-02
5.699415896004428328e-02
5.708039585813855232e-02
5.713334091414386251e-02
5.723401075082215628e-02
5.725485183354040580e-02
5.729315126404492531e-02
5.734522066822925201e-02
5.739482165252261098e-02
5.748403012285915187e-02
5.752911402212067954e-02
5.756349336098290359e-02
5.759538505594002933e-02
5.770499787823854532e-02
5.787768515289466731e-02
5.790351489547519021e-02
5.792922952295560812e-02
5.802757482202244854e-02
5.807295782915559285e-02
5.810307881390263524e-02
5.818016460595579198e-02
5.823302293712667027e-02
5.830335830046624868e-02
5.832604697965857593e-02
5.837977106722083004e-02
5.846552740618390920e-02
5.849434953621915345e-02
5.858219225587760204e-02
5.867736742316719684e-02
5.871641366516215654e-02
5.878860551405327983e-02
5.887599317194908838e-02
5.892056658990754703e-02
5.899350133006285579e-02
5.900393967217549412e-02
5.905317419883639174e-02
5.916260970736131330e-02
5.919146668279924584e-02
5.924326244457484708e-02
5.939886152454856155e-02
5.949910970085906664e-02
5.957285522493745850e-02
5.958089473979129302e-02
5.963621060090363440e-02
5.970637909553690170e-02
5.975926787106924931e-02
5.982442384421886999e-02
5.986441788865227293e-02
5.993537997759425945e-02
6.000158628216637619e-02
6.005867429459395279e-02
6.007449237587420693e-02
6.010168818382709277e-02
6.027277870575606378e-02
6.032292413035342249e-02
6.036881317151776560e-02
6.044374402418385694e-02
6.050046536773699690e-02
6.061682984831185533e-02
6.063219895130697590e-02
6.069690298647471144e-02
6.076961070807825743e-02
6.078611020367032103e-02
6.085875586183968344e-02
6.087622908961613788e-02
6.102660853335308000e-02
6.108218198716309361e-02
6.111992712742558148e-02
6.121230981724456316e-02
6.128265595234651947e-02
6.131942496839831724e-02
6.139072190143746166e-02
6.142238079654262911e-02
6.155427923933707440e-02
6.162573733013026328e-02
6.164889438650703740e-02
6.179545293906078818e-02
6.180903092961097939e-02
6.191716334975456287e-02
6.192403046436068675e-02
6.201757337072500570e-02
6.211338525419796142e-02
6.214127774125545456e-02
6.227073314165444684e-02
6.227539174250398823e-02
6.233505880302964153e-02
6.244944898139174333e-02
6.250103469751518148e-02
6.256175104285142952e-02
6.258466121800566884e-02
6.271848105421734543e-02
6.279321083560392147e-02
6.285675978333014891e-02
6.296318136577973290e-02
6.304428794828735583e-02
6.309036560237814284e-02
6.316773256422107685e-02
6.327311854943573621e-02
6.336265317812074527e-02
6.339961905855198698e-02
6.348361006280886509e-02
6.361618929096882202e-02
6.365673167637268814e-02
6.371619827435294481e-02
6.381712323751538574e-02
6.390985777046116756e-02
6.394740512030254453e-02
6.398752314838669630e-02
6.405263923569687323e-02
6.412443572901474487e-02
6.422950396037575838e-02
6.428108013373413920e-02
6.434022642612623188e-02
6.441267541601954083e-02
6.445780534578486598e-02
6.455637475769807065e-02
6.459585401108457192e-02
6.461007369915419685e-02
6.469857457042636761e-02
6.473981924711365299e-02
6.476691919719232415e-02
6.484025017799981139e-02
6.494656323868157333e-02
6.503515113523299085e-02
6.515054777082894544e-02
6.526091757024787832e-02
6.530289873353069263e-02
6.538416028771656952e-02
6.546481756943650643e-02
6.552863386714943839e-02
6.556722657392732856e-02
6.562305229876008728e-02
6.568401131956443095e-02
6.571186862005323759e-02
6.576967827694371604e-02
6.591511759729341835e-02
6.605755906404454925e-02
6.608359512604077002e-02
6.615274566255126276e-02
6.621452068248359635e-02
6.637020564180598492e-02
6.640167176502316526e-02
6.643753707925477425e-02
6.647908712218326965e-02
6.649680749306692562e-02
6.655596653020730280e-02
6.661265573924676775e-02
6.667288820448159792e-02
6.679191712279240745e-02
6.688829255417874653e-02
6.695189455193711892e-02
6.707435112648325870e-02
6.714557838050057292e-02
6.721609059379764217e-02
6.727844965695213564e-02
6.738193032408951177e-02
6.749152126238944227e-02
6.751978496938194907e-02
6.752279481449988130e-02
6.763159018000465539e-02
6.769850724394507746e-02
6.773348126760317389e-02
6.782916199862573658e-02
6.788414905391329524e-02
6.795386254840159179e-02
6.798664378061373970e-02
6.817352886959635039e-02
6.824556824212181516e-02
6.835801992108077318e-02
6.842754420047006403e-02
6.850569840126380372e-02
6.854677446042771460e-02
6.864463761016344201e-02
6.869931728166767115e-02
6.884598362367790048e-02
6.891119832818697055e-02
6.899562158206690166e-02
6.910433027900773906e-02
6.911222600393478188e-02
6.918948700190630241e-02
6.927683679796266258e-02
6.931084518821041540e-02
6.933229309750102431e-02
6.939298156089854230e-02
6.942090053277759354e-02
6.958010582131259059e-02
6.962792107768468741e-02
6.968474972455214467e-02
6.982762316546060888e-02
6.989020332977584349e-02
7.000698237686536762e-02
7.007528567772715322e-02
7.015138753436715724e-02
7.020841079653020178e-02
7.036742985743936474e-02
7.039168328876438396e-02
7.044669780132928327e-02
7.052185292837791220e-02
7.062674625751282076e-02
7.071380514831716868e-02
7.075223148663116468e-02
7.078551012589819058e-02
7.087206514114184619e-02
7.096306913296766827e-02
7.103059993550689399e-02
7.108177158251702266e-02
7.118281720825350711e-02
7.126812209750613136e-02
7.136685357530826723e-02
7.143902111979649749e-02
7.144648569653060111e-02
7.161582646181044454e-02
7.166638890838257503e-02
7.169711725789805479e-02
7.181277432117814941e-02
7.186189843490844997e-02
7.188217432870569468e-02
7.199393224919448109e-02
7.208406548048114371e-02
7.209921089139643968e-02
7.215530014734680697e-02
7.225143042136891736e-02
7.226136500487188863e-02
7.228566263076659226e-02
7.253530891183437856e-02
7.263238453908636705e-02
7.270802166061664240e-02
7.274132382500574090e-02
7.285107222862699516e-02
7.294348377170405129e-02
7.308371324658337331e-02
7.308972551447547039e-02
7.311885092422425181e-02
7.321014490801537600e-02
7.331103938498564898e-02
7.347115372753962315e-02
7.351418820770767859e-02
7.357829582565525439e-02
7.369203416087592717e-02
7.379942297101711735e-02
7.389017038625415867e-02
7.396831900861693121e-02
7.399459602829913663e-02
7.407888687526545390e-02
7.419798928324726484e-02
7.423933168571564267e-02
7.436512502758343968e-02
7.447833429667678751e-02
7.452777214456289545e-02
7.458188379113230015e-02
7.465342247087349004e-02
7.476281489794420199e-02
7.488345576882209087e-02
7.493964373530159762e-02
7.501216785726284864e-02
7.512724528034188387e-02
7.523495383137082659e-02
7.536867049486749293e-02
7.539964018496536635e-02
7.541919706833433157e-02
7.549492256061268725e-02
7.562492252443962781e-02
7.570109503834406006e-02
7.587201225205414401e-02
7.591555516073955623e-02
7.594593539639496460e-02
7.612991879703116804e-02
7.622069823045091175e-02
7.624797063006322206e-02
7.639073050964838296e-02
7.641316907593422025e-02
7.651163620570260171e-02
7.659359392423184532e-02
7.669706380390299560e-02
7.680285104523962292e-02
7.692288945254667498e-02
7.711966432675526617e-02
7.716438272080780592e-02
7.728258611763731689e-02
7.734461515971473300e-02
7.742383058224348857e-02
7.752232172003868660e-02
7.763622137795569977e-02
7.774564158975177941e-02
7.792071702914320219e-02
7.802521438662909925e-02
7.807829545993219544e-02
7.820142888875407372e-02
7.828513177321207162e-02
7.833682577175585249e-02
7.845055356722988038e-02
7.850737059997819900e-02
7.861064630313863155e-02
7.865887573986575509e-02
7.878434383907120808e-02
7.880539680898675237e-02
7.897074858271356523e-02
7.914743894409261016e-02
7.916313819392914453e-02
7.929152935399894075e-02
7.937560500661874907e-02
7.942338628000518430e-02
7.961435716931533624e-02
7.977757632376909769e-02
7.990906201721188762e-02
7.999142599367384254e-02
8.002611738745955827e-02
8.015183614495011155e-02
8.017210332736229850e-02
8.026300865327416767e-02
8.038941837633110932e-02
8.052111358950070352e-02
8.052922878708712595e-02
8.062984381101470643e-02
8.069048201964569567e-02
8.082846844236031558e-02
8.090498225306311242e-02
8.100011741869166115e-02
8.112090759854433120e-02
8.122777076238126004e-02
8.129406721056388341e-02
8.146656494898216194e-02
8.149148034611566893e-02
8.153973993734586756e-02
8.177932919602673434e-02
8.183021058319332741e-02
8.188804971419033629e-02
8.195326518715936870e-02
8.204377053494545102e-02
8.205734065697543878e-02
8.218563405729445437e-02
8.222840913185192058e-02
8.234692756757569509e-02
8.247268598277911200e-02
8.257011838996439201e-02
8.276655984629967266e-02
8.279325118598257482e-02
8.293194019061164712e-02
8.295279379709205592e-02
8.315506506844833057e-02
8.315930390737628908e-02
8.326039131248279268e-02
8.341464794020979345e-02
8.352553520305766588e-02
8.358190774089480080e-02
8.362150050749525554e-02
8.370632873231999282e-02
8.379385209237472099e-02
8.392002704301448901e-02
8.409694342760870578e-02
8.416258003467817772e-02
8.428530287527556675e-02
8.442051355080641695e-02
8.452683495652178747e-02
8.465240489347183872e-02
8.475167609659516044e-02
8.488682889847055935e-02
8.496794745875201060e-02
8.498624103817151165e-02
8.500320819371061376e-02
8.517332530494048370e-02
8.518316017053732814e-02
8.532759028354371111e-02
8.541037570963896930e-02
8.555072909448636909e-02
8.556333156138291873e-02
8.566382239617978400e-02
8.577306359827403803e-02
8.585829387434550097e-02
8.597175347757872454e-02
8.607844786262673631e-02
8.614217658879208539e-02
8.616739749932136871e-02
8.634193714597702962e-02
8.647745695350485262e-02
8.654442774460814614e-02
8.662407339221736557e-02
8.669457604275035423e-02
8.684086173382596363e-02
8.685960723415940554e-02
8.696083091285254640e-02
8.704642607597655457e-02
8.704729777143140057e-02
8.716271627939703448e-02
8.739969257922500234e-02
8.746777867381297367e-02
8.764275209972478831e-02
8.767444304786886633e-02
8.772387914082391269e-02
8.783546192615000747e-02
8.786539281915617394e-02
8.807862149133585672e-02
8.822361204713968785e-02
8.831216314476249274e-02
8.844043276249836938e-02
8.849943048109365495e-02
8.859428738635773126e-02
8.867773464237978243e-02
8.879625807464885945e-02
8.890508637649850721e-02
8.900824214440981874e-02
8.917039358019576700e-02
8.920554646536792143e-02
8.942369761495079505e-02
8.957192038901287678e-02
8.968342948820694216e-02
8.973610600574512264e-02
8.982547050778967590e-02
9.002550019172270157e-02
9.004542580683938535e-02
9.020627415827224549e-02
9.022903292784006934e-02
9.032780487324683361e-02
9.043709850991234200e-02
9.056915596246527256e-02
9.070143440659322875e-02
9.076350162437624158e-02
9.085025526832241072e-02
9.089391910122068818e-02
9.122652024241385826e-02
9.128395747517524528e-02
9.134467255770495342e-02
9.141545496427172512e-02
9.159955780385047042e-02
9.177628467333537321e-02
9.182197315923537606e-02
9.192642924993169040e-02
9.200630781415615467e-02
9.212775259680784645e-02
9.242831055303671328e-02
9.246053476176314956e-02
9.259156089912537468e-02
9.265904016708383095e-02
9.278525418065765307e-02
9.287630781879638309e-02
9.301202795943266932e-02
9.321262407494164404e-02
9.323382134009912392e-02
9.333615137635921377e-02
9.352399687789197946e-02
9.370781039691288006e-02
9.377749402490349884e-02
9.396873874095883206e-02
9.413888009861091921e-02
9.417589631798434224e-02
9.430204960660315550e-02
9.448654494208266752e-02
9.450757317248688338e-02
9.458703988652703010e-02
9.476778366493268657e-02
9.490714567993070727e-02
9.506321411016845080e-02
9.513688096970825125e-02
9.519765986512288003e-02
9.548462918519200204e-02
9.554091848236723195e-02
9.594562444121867983e-02
9.601011567025964644e-02
9.617918602240095594e-02
9.628365858946726086e-02
9.642338848742725010e-02
9.643446313325038100e-02
9.647009189481171865e-02
9.664106473466646530e-02
9.677620044003737432e-02
9.686808655146379732e-02
9.700205775423580146e-02
9.713609045271337505e-02
9.719011535846805439e-02
9.731852024381762445e-02
9.739155897280354912e-02
9.750458806748109331e-02
9.756622743543651166e-02
9.761501406039110873e-02
9.780497244587921246e-02
9.790136297745186122e-02
9.794330838449503973e-02
9.811307175198331898e-02
9.822076501900620094e-02
9.836650357765179542e-02
9.844381043047825686e-02
9.870395676523588402e-02
9.878531407126117658e-02
9.908110961731368682e-02
9.915836837953684313e-02
9.921687149596922217e-02
9.945972685039108918e-02
9.955279356293338100e-02
9.957803238967979920e-02
9.961254621174124579e-02
9.969332620703644232e-02
9.995108778530130411e-02
1.001228198836122685e-01
1.002338218503398826e-01
1.003563123894663095e-01
1.004551053640414665e-01
1.005830085787976780e-01
1.007008346325416331e-01
1.008538125176889066e-01
1.009299495570813998e-01
1.010807509417187694e-01
1.011676298882790564e-01
1.012627222196357257e-01
1.014301746611111082e-01
1.016432902549502804e-01
1.017204356082379024e-01
1.018112971618411744e-01
1.020037150930639680e-01
1.021167976866018401e-01
1.021808115839847042e-01
1.023099209929032999e-01
1.025868746626074773e-01
1.026589407318120317e-01
1.027386490228406335e-01
1.030097477151243196e-01
1.031111903128335422e-01
1.032934705208976428e-01
1.033338204651949727e-01
1.034288096073307794e-01
1.035506750408526355e-01
1.036357612688147273e-01
1.037844092721422889e-01
1.040214778655441652e-01
1.042372807313283606e-01
1.043245293025670678e-01
1.043399167653067533e-01
1.045217874362036614e-01
1.046490314393307280e-01
1.047660679766842656e-01
1.048490485126176153e-01
1.049437985823069852e-01
1.051740817922291321e-01
1.052635134359927449e-01
1.053806763478664643e-01
1.054259161358942626e-01
1.056865519800538888e-01
1.057328710132072747e-01
1.059034800790873559e-01
1.060974663743441959e-01
1.061661558587746468e-01
1.064768357239812557e-01
1.065982961854186617e-01
1.066778014390274837e-01
1.069424918753176107e-01
1.070173998957955758e-01
1.071277604472112566e-01
1.073772369154584183e-01
1.075027809666988521e-01
1.077872280858710174e-01
1.080611599625639629e-01
1.082590180731693857e-01
1.083093637248655761e-01
1.085520908540706791e-01
1.087127366301100101e-01
1.088543937015672008e-01
1.089703197321373884e-01
1.090551934457733435e-01
1.092232868550391672e-01
1.093693285163399170e-01
1.095406340006002260e-01
1.096260015635351220e-01
1.096885149703532569e-01
1.100775607154975827e-01
1.101948018339199004e-01
1.103948309344317535e-01
1.105183366498670994e-01
1.106992181955185200e-01
1.108416765808602211e-01
1.109541777380451399e-01
1.112024519755799440e-01
1.113167535956397225e-01
1.116408467495415002e-01
1.116767806339754310e-01
1.119465498558610966e-01
1.120287515441790727e-01
1.121320246318849856e-01
1.123043490016083223e-01
1.124627592650495334e-01
1.127294234467457607e-01
1.130076855425942023e-01
1.131215656584807494e-01
1.134848492743626147e-01
1.136134346033377263e-01
1.137079816134513588e-01
1.138636098529055146e-01
1.139192259076859948e-01
1.141996477653822867e-01
1.143303364046208831e-01
1.144374386456557535e-01
1.147250397150155476e-01
1.149179344199105224e-01
1.151660597284558524e-01
1.153403867581424130e-01
1.155835552421173862e-01
1.156934603001377737e-01
1.159775083089145953e-01
1.160499928959691229e-01
1.163673273295452726e-01
1.164668477694077442e-01
1.167684357455620464e-01
1.169953131631337045e-01
1.171270327100197434e-01
1.174855498534170400e-01
1.175566279653003088e-01
1.177289533976384472e-01
1.178686639425958887e-01
1.179531161896097413e-01
1.182516314228675564e-01
1.182814063213439848e-01
1.182995777659969772e-01
1.186703630356526762e-01
1.189965488931911397e-01
1.192008332492630190e-01
1.193839999399097102e-01
1.196552533620669351e-01
1.197763458924466229e-01
1.200418213020964103e-01
1.201385111093635633e-01
1.202801242494196954e-01
1.206782456112056312e-01
1.210412558003254452e-01
1.211901347148153091e-01
1.214855358723342521e-01
1.215440078250598493e-01
1.218004720571785882e-01
1.220816734193599096e-01
1.221551144490568425e-01
1.225492603629042554e-01
1.226287919999195369e-01
1.228055596080463441e-01
1.230695517381296955e-01
1.231648554189443828e-01
1.235259800150478871e-01
1.239298202448800429e-01
1.240547653414852958e-01
1.241554380151926179e-01
1.242855584516622675e-01
1.244625851687812673e-01
1.247790646099176531e-01
1.250436984992555067e-01
1.252990491578404308e-01
1.253975397225166877e-01
1.255078053028307605e-01
1.256924773853891342e-01
1.258925116291585433e-01
1.261867037683738757e-01
1.263765998061651130e-01
1.267992535832706547e-01
1.271189324336815252e-01
1.271880402399202525e-01
1.277220277605813081e-01
1.278372890858719968e-01
1.280805575807923424e-01
1.281629626028171487e-01
1.283093395127128111e-01
1.284565069306089768e-01
1.287959700414044728e-01
1.289593016282450377e-01
1.292698354275844397e-01
1.295795880847807613e-01
1.296622805190569550e-01
1.297941111140798465e-01
1.299540460319892621e-01
1.301045173473123484e-01
1.303332702935330323e-01
1.304393104526244407e-01
1.306244630520673744e-01
1.310376046538659078e-01
1.314147193783554435e-01
1.318334446856714304e-01
1.320753871868294016e-01
1.322361729240194295e-01
1.323082576306797986e-01
1.328892307006171447e-01
1.331337852193903992e-01
1.332234570307774535e-01
1.333769217062734658e-01
1.338076574628563609e-01
1.340597308953609956e-01
1.342462886676886735e-01
1.344463386733266985e-01
1.348050375544070090e-01
1.351271286090532375e-01
1.353208571045838582e-01
1.356709775313672817e-01
1.357514788195588462e-01
1.360844104647357666e-01
1.363186977450784598e-01
1.363609507074478311e-01
1.365378939321098828e-01
1.368639802055819643e-01
1.372116327334583497e-01
1.374413455426012898e-01
1.377261037302726643e-01
1.379630550009242063e-01
1.382956609621655009e-01
1.390918875133390353e-01
1.392716139017651789e-01
1.396497621952874912e-01
1.397071131263521448e-01
1.398913439911033119e-01
1.401001892275540173e-01
1.402181574734215341e-01
1.405972027341181041e-01
1.409615021039394844e-01
1.414863613175686707e-01
1.415699496430342097e-01
1.420429973050585382e-01
1.421988384032678021e-01
1.423912031405398793e-01
1.424830686247707534e-01
1.428543825057652650e-01
1.432879038633759483e-01
1.434365561912890608e-01
1.440149704200344438e-01
1.442148937158185817e-01
1.443339916327374961e-01
1.445192037846805000e-01
1.450410245052468072e-01
1.456964558986423297e-01
1.459596029352746849e-01
1.461249812682576532e-01
1.464206864956581478e-01
1.465814678648801883e-01
1.471585126224033424e-01
1.473089007418748042e-01
1.476990216506181841e-01
1.477743772095490293e-01
1.486740913090560667e-01
1.487125472536304227e-01
1.489386934918619509e-01
1.491564039034473377e-01
1.494261153058634717e-01
1.496753562990382480e-01
1.497037865245082200e-01
1.503246252612066014e-01
1.505988569271340671e-01
1.506195588321908307e-01
1.510010241029993150e-01
1.512013032724389971e-01
1.513243605909829204e-01
1.517421512700714015e-01
1.521574945957730463e-01
1.522404637275012185e-01
1.525858315644764984e-01
1.530590319910315744e-01
1.535150870625212605e-01
1.537401724686866533e-01
1.540762420064931137e-01
1.546007567308917419e-01
1.551395206409983130e-01
1.555355480984534078e-01
1.561448480001775552e-01
1.561795302049554801e-01
1.563903310356546672e-01
1.567525914148292232e-01
1.569892436148919157e-01
1.570970305039597059e-01
1.575747663413593347e-01
1.578237043784900262e-01
1.583722736770385719e-01
1.586902486585976269e-01
1.590275642610474160e-01
1.592538279209738117e-01
1.596455758017147897e-01
1.598293558424414285e-01
1.600452475758819826e-01
1.604797151584596848e-01
1.605869144524439962e-01
1.611856277153067563e-01
1.615478334672084682e-01
1.619013150878094165e-01
1.627734831720467623e-01
1.629707222841157988e-01
1.630172002750874261e-01
1.632995818047198733e-01
1.635660478962844833e-01
1.646027972811495432e-01
1.649970704908186314e-01
1.653155038901547302e-01
1.658873602356870092e-01
1.669056244870106009e-01
1.674203106249969319e-01
1.677830584894103028e-01
1.680805453585839382e-01
1.682446842324206437e-01
1.683403792121236087e-01
1.686513429624265370e-01
1.695446424979044353e-01
1.697137451009896048e-01
1.706355964750657095e-01
1.711631902996886001e-01
1.713320867037382844e-01
1.720728655962914244e-01
1.724705952747560278e-01
1.730799485128511894e-01
1.735269096794798405e-01
1.742214683179784118e-01
1.743126902033972914e-01
1.744283302377219180e-01
1.747578150889793625e-01
1.749523783769418306e-01
1.754047248596765640e-01
1.755878388286791214e-01
1.760879619588618106e-01
1.773221660695939450e-01
1.777716911057549143e-01
1.779258582324836913e-01
1.779792890287411611e-01
1.789935534841146925e-01
1.793287756050877535e-01
1.794824310862219441e-01
1.802027895768179844e-01
1.808209912566716149e-01
1.820744230937153540e-01
1.822746932831613431e-01
1.831926816630536359e-01
1.836738115401016225e-01
1.845133222314596644e-01
1.846777338476905117e-01
1.852030280011231766e-01
1.856147070111117403e-01
1.863184942938347355e-01
1.868186231168785516e-01
1.871591794109236651e-01
1.873143944841474395e-01
1.877799234978226595e-01
1.890182483235531563e-01
1.890850524900614671e-01
1.901230318017529397e-01
1.904018862362923670e-01
1.907855504120125056e-01
1.924613061451793117e-01
1.928626440243201290e-01
1.929100221212801947e-01
1.932240824243609822e-01
1.938186097586640233e-01
1.939242333519134998e-01
1.942208452366451510e-01
1.951476657545579418e-01
1.961367885308319681e-01
1.963000751693178836e-01
1.966268402104863200e-01
1.968879199056962626e-01
1.971669060953669950e-01
1.984582564130586702e-01
1.988284138182725980e-01
1.990885609433638848e-01
1.993917652354673664e-01
2.001706596345916855e-01
2.004034862839687570e-01
2.013035786723643417e-01
2.016555969761051614e-01
2.019451114929865509e-01
2.028435128093829809e-01
2.034124145929695759e-01
2.036111182706240308e-01
2.039638219000446118e-01
2.046982028379189245e-01
2.049257920205327654e-01
2.058555276586140348e-01
2.066552294477520813e-01
2.077686923616922088e-01
2.078808593472228905e-01
2.083743257008555672e-01
2.091896670042248663e-01
2.112408207461053955e-01
2.114011883244422130e-01
2.125792431283387574e-01
2.126382467039842628e-01
2.136986525028649886e-01
2.143947549150534704e-01
2.147012959273989219e-01
2.154561217491489655e-01
2.157897006734717238e-01
2.168248386696939867e-01
2.183668823323688946e-01
2.195623232564252181e-01
2.203923603565607903e-01
2.204080989963523585e-01
2.219563156149205463e-01
2.223593166762135587e-01
2.232447975546677232e-01
2.245004240221539493e-01
2.260722236470305568e-01
2.276767732033896374e-01
2.286329339648976999e-01
2.294010706272041344e-01
2.298107484679967338e-01
2.302792244536868149e-01
2.312403216434762709e-01
2.318443393342287939e-01
2.322935312275422604e-01
2.331086627300881509e-01
2.357600265425252861e-01
2.364590260550290812e-01
2.368130018803387693e-01
2.373708043697550230e-01
2.375767583872927802e-01
2.376521474995012817e-01
2.383182166578506900e-01
2.408590399322369235e-01
2.417941627233127500e-01
2.442849209510191966e-01
2.445888741702995361e-01
2.450807665262725588e-01
2.468399443816446381e-01
2.474681021469642694e-01
2.505179439658673513e-01
2.508209528679131717e-01
2.510479465025472479e-01
2.534424261580252025e-01
2.556488446435296047e-01
2.569155030879083368e-01
2.577694913786967579e-01
2.581908453200229547e-01
2.597127829830783163e-01
2.618900760923667526e-01
2.632438346666404194e-01
2.633326948827700020e-01
2.663908979203157279e-01
2.675626336471237932e-01
2.688021862251598892e-01
2.704459175108375746e-01
2.710742774023690571e-01
2.751769182641909950e-01
2.763449256504679208e-01
2.770543716835056069e-01
2.775996674002372822e-01
2.792434136014131929e-01
2.795572855634431142e-01
2.836765931590232714e-01
2.858546215837139970e-01
2.860114449687929383e-01
2.876310319865272302e-01
2.886968782287729351e-01
2.909452906876417999e-01
2.924566512420058717e-01
2.950010472839472153e-01
2.955467182356359968e-01
2.998982787337803324e-01
3.000592953670934704e-01
3.035733310961211684e-01
3.036269743457697401e-01
3.063957317497338906e-01
3.099154681701798419e-01
3.136465092934019316e-01
3.147878168634171692e-01
3.148475553544983208e-01
3.154163151809599164e-01
3.180266176507474674e-01
3.205454151930233753e-01
3.214056690304593067e-01
3.307342340457418706e-01
3.338921939363460045e-01
3.343241304015089344e-01
3.354643905587587072e-01
3.363077001539555022e-01
3.377923090680186036e-01
3.392578955122301787e-01
3.402689023629235088e-01
3.433685611141298888e-01
3.463733695257738554e-01
3.555985364026977846e-01
3.580002142662176423e-01
3.658590689713328570e-01
3.704519226829003364e-01
3.736957066605011146e-01
3.773448819630643714e-01
3.795687792612078559e-01
3.836478237177317618e-01
3.836485551121632254e-01
3.962270510313514738e-01
3.972787095956304415e-01
3.999379262972618254e-01
4.087328084039031917e-01
4.200962602192007678e-01
4.562937756531585953e-01
4.573621325944292049e-01
4.744820557950508721e-01
4.823796782825390261e-01
5.018508450459552295e-01
5.025850134875140540e-01
5.177096781072747511e-01
5.528058677363159035e-01
5.701198132938213314e-01
5.810044025676820434e-01
6.017750923619964443e-01
6.028841751742662902e-01
6.117919170342035473e-01
6.118669081131321574e-01
6.957268905309897944e-01
7.033626860207559117e-01
7.627218156347571609e-01
8.620980338619204097e-01
1.000000000000000000e+00
