# sorted relative singular values (kkt) field=lester2021 eps=0.25 N=12 n=3601
1.897181385165483920e-05
1.509210331179980770e-03
1.535338752218342977e-03
1.565364778885105796e-03
1.592641086074659228e-03
2.013022889813264899e-03
2.030206086649275973e-03
2.061898873248660825e-03
2.090251775613700871e-03
2.239379328633534123e-03
2.282982599878365972e-03
2.411994048512060458e-03
2.421186498021430170e-03
2.440184723280634793e-03
2.466277619311786976e-03
2.814585054755830169e-03
2.866029800985156212e-03
2.866536655997284962e-03
2.915232683722528920e-03
3.184783772904411538e-03
3.258613369823288360e-03
3.263560213309590896e-03
3.334222829810126396e-03
4.309621252965482353e-03
4.309862264227577559e-03
4.316072861166049719e-03
4.319987439601153181e-03
6.991118847275493847e-03
6.992815250969269120e-03
7.063174037424549759e-03
7.065664402993537992e-03
7.280769285190639636e-03
7.281305547900435160e-03
7.363921599488402331e-03
7.367949091914084356e-03
1.071881547691108487e-02
1.074779762593959520e-02
1.097397375205437335e-02
1.099391847375789238e-02
1.100122598105058615e-02
1.101472462928100929e-02
1.104758572340799015e-02
1.107462975632688383e-02
1.107778459393932852e-02
1.109218344065782992e-02
1.163738861645186376e-02
1.166326490309708454e-02
1.221857189482310375e-02
1.223157753762590082e-02
1.311575812751630821e-02
1.315174880595977244e-02
1.465463980582047514e-02
1.488329665667188252e-02
1.489550139130222349e-02
1.496017336253185025e-02
1.512664233926819951e-02
1.518169462601781823e-02
1.519024530784753545e-02
1.542786697843586373e-02
1.557253870418933914e-02
1.558978117973738343e-02
1.559596760259602741e-02
1.561712687660088417e-02
1.744263106676011491e-02
1.749360914876701284e-02
1.770906147520646956e-02
1.775964706616961139e-02
1.779387987935406382e-02
1.781809410983120970e-02
1.840591918323699130e-02
1.841176652751087828e-02
1.844651897832956869e-02
1.850185827425931961e-02
1.856793773763673952e-02
1.860560847223336617e-02
1.913674458472785708e-02
1.913698281998408093e-02
1.915856574481413291e-02
1.920858018678698112e-02
2.028839760043571472e-02
2.029533921434111335e-02
2.033556144114075787e-02
2.033828228496920715e-02
2.470640229756182124e-02
2.499610794995602361e-02
2.502282528554399671e-02
2.525485538542748820e-02
2.678394418034962809e-02
2.678781792192277272e-02
2.726006085054926212e-02
2.726983155340671761e-02
2.728990800690456534e-02
2.732815517027076258e-02
2.733453029822141209e-02
2.733644553065007338e-02
2.743996555549571212e-02
2.754817383139872289e-02
2.759821146807672071e-02
2.762796109873556089e-02
2.766446692149889322e-02
2.768185340719638704e-02
2.768742147576730775e-02
2.778838846544944702e-02
2.778854097921739513e-02
2.781054250531420080e-02
2.789101447846467283e-02
2.801523088233044689e-02
2.803883308751345740e-02
2.808076965279021966e-02
2.813733997382721411e-02
2.815539643390352342e-02
2.827977904537431336e-02
2.828663842455386712e-02
2.829085300305801340e-02
2.832693260437228050e-02
2.838551507418699688e-02
2.838815990655541716e-02
2.850413616094657140e-02
2.860942119170863801e-02
2.862776633203944002e-02
2.864363311747444157e-02
2.869047243513596010e-02
2.875075168321443095e-02
2.881642321563866738e-02
2.891215682548943511e-02
2.896267721538280104e-02
2.904084926059329400e-02
2.904692911550959752e-02
2.905581139923973932e-02
2.917881755475659408e-02
2.920734100191126753e-02
2.945030848311914681e-02
2.965466340253700150e-02
2.971936971122259019e-02
3.019047129220474995e-02
3.186276843802923059e-02
3.188471381133681920e-02
3.221464047372291778e-02
3.231978588376604317e-02
3.243757278955874263e-02
3.252057003377300387e-02
3.306166432760317131e-02
3.308087622393406091e-02
3.518991709590338357e-02
3.519561731177292541e-02
3.589811672942167659e-02
3.590047714117594602e-02
3.682492971777589358e-02
3.682556105055228429e-02
3.787939705081559694e-02
3.788001662530154912e-02
4.158780690937968066e-02
4.173367339628193673e-02
4.176709408217104541e-02
4.176885703441311076e-02
4.281650036966606204e-02
4.285404450761184925e-02
4.316306671929462380e-02
4.319639734373734857e-02
4.368820047070388901e-02
4.371194846230491010e-02
4.518472900080051230e-02
4.519603412177550239e-02
4.525184306437985554e-02
4.529563954873816467e-02
4.540858127764341862e-02
4.543428492442458388e-02
4.599150443416535200e-02
4.605192472004736304e-02
4.648939574888096699e-02
4.660347312030299616e-02
4.671445249587451859e-02
4.681839816454168302e-02
4.781650564387215918e-02
4.781785691002448518e-02
4.811229092462213086e-02
4.813798796611142017e-02
4.843400019408167223e-02
4.844715388635784797e-02
4.856736309619067576e-02
4.857019176271720751e-02
4.902253233785301006e-02
4.903156719771853411e-02
4.961843662675808481e-02
4.961888506752526462e-02
5.239679429384954540e-02
5.247754178500564637e-02
5.261483980250929865e-02
5.266739242569503515e-02
5.274737029194293686e-02
5.275101711499539936e-02
5.300981824780824636e-02
5.301170064302529461e-02
5.315004981552191171e-02
5.322659768962166582e-02
5.423890848191970787e-02
5.479094718041767342e-02
5.507196005227794899e-02
5.509965473655388524e-02
5.517328829037256022e-02
5.522267469076191926e-02
5.529529292351698100e-02
5.529606284763083357e-02
5.564281900925775737e-02
5.566205116879371223e-02
5.580249710051701784e-02
5.637683051865616246e-02
5.646304691446255020e-02
5.732900341344222134e-02
5.733948035634789386e-02
5.806187094847953950e-02
5.976090286955949848e-02
5.979219228321865087e-02
5.995521875630843711e-02
5.997306688929362334e-02
5.998750175547575697e-02
6.006907400502033145e-02
6.007373139605575590e-02
6.008301757402428195e-02
6.021797274885313384e-02
6.033249255291134316e-02
6.042681019241830792e-02
6.054430293487799569e-02
6.162746638897173557e-02
6.163480857860448997e-02
6.218933086819532913e-02
6.219340732964968865e-02
6.281397695592244590e-02
6.284894806779389720e-02
6.289088405940727877e-02
6.309677441929333053e-02
6.310827305525501529e-02
6.356579124716102425e-02
6.357216059585771295e-02
6.366598382842249271e-02
6.366806072950172146e-02
6.387089909259401066e-02
6.391207031632901991e-02
6.417703782982010774e-02
6.418831493607485283e-02
6.422337458761474827e-02
6.572454721987759652e-02
6.581742619468407274e-02
6.637848800629891910e-02
6.646626911145427086e-02
6.866227715017225730e-02
6.885834189205153333e-02
6.892495809187891564e-02
6.897466122750621487e-02
6.898798793604651869e-02
6.903669147542511320e-02
6.944432924393276196e-02
6.951509074491438178e-02
6.962801139730682987e-02
6.975051706736479229e-02
7.010137728622907460e-02
7.021231077468549631e-02
7.030352278024061541e-02
7.037514857341585495e-02
7.055677127484653866e-02
7.064147600985296038e-02
7.097761178995863618e-02
7.098099511389166505e-02
7.105751641120729156e-02
7.113097390346398430e-02
7.119701019615885806e-02
7.126705530688247359e-02
7.147807489440742568e-02
7.159973911305386740e-02
7.174359916545018645e-02
7.186834709599797255e-02
7.205268616707009854e-02
7.215206020033730627e-02
7.221775756056773854e-02
7.228333780050523460e-02
7.232568790948439019e-02
7.233518895051892217e-02
7.265406416939031164e-02
7.266811503891597301e-02
7.307896228062578381e-02
7.351807459378850718e-02
7.549662544282226273e-02
7.632950564094657941e-02
7.633110637771364781e-02
7.660787015401752942e-02
7.662671350078077703e-02
7.664771661434367778e-02
7.667265019789300251e-02
7.672820781182028427e-02
7.676796776896964436e-02
7.684499950987849770e-02
7.684750463849143731e-02
7.687986608151922696e-02
7.693737244210797910e-02
7.694052066740801610e-02
7.698760672457556631e-02
7.698941044115834020e-02
7.778479730462554975e-02
7.779210187263393972e-02
7.809142351014239369e-02
7.813188613155296058e-02
7.870001783659148764e-02
7.871298265566155361e-02
7.886170764683819723e-02
7.896672845485042114e-02
7.897278567393595239e-02
7.908614722832064958e-02
7.924673097241301256e-02
7.930014105475940989e-02
7.930113924146409143e-02
7.936154311631464509e-02
8.039999123189518759e-02
8.040588150850466742e-02
8.193614369440570255e-02
8.195049037028259709e-02
8.214569835762355887e-02
8.216919202207625950e-02
8.264820696836598646e-02
8.265519765594395163e-02
8.363582146780079718e-02
8.364129639564130136e-02
8.371892206691476657e-02
8.384968933298579674e-02
8.496487469294486394e-02
8.498258475094393194e-02
8.498732181484064396e-02
8.503142397059869351e-02
8.524423303838023214e-02
8.528063660187677752e-02
8.534495956366680569e-02
8.542827484297359220e-02
8.579714346357371346e-02
8.580380435321717514e-02
8.619124632278522824e-02
8.620169875545184712e-02
8.683028566985442898e-02
8.683472827852047049e-02
8.697483007196159244e-02
8.715661361712825905e-02
8.719112425686538492e-02
8.732443698226100004e-02
8.733728965773746022e-02
8.734976740830592556e-02
8.742463237148981325e-02
8.753084013458654888e-02
8.767018909751897460e-02
8.767103032298022292e-02
8.806335905373827155e-02
8.808846929935545966e-02
8.927668972111363344e-02
8.930646307527964622e-02
8.936502795628858964e-02
8.939558100903231830e-02
8.978152358711602443e-02
8.982303582316247814e-02
8.987816580071548989e-02
8.989810743228772438e-02
9.046132001923647137e-02
9.049793902597208506e-02
9.053084294498443818e-02
9.059140611447871749e-02
9.075089278050166297e-02
9.078963413494421653e-02
9.085051728596182929e-02
9.085105072211843713e-02
9.340479800207779348e-02
9.358035881613799289e-02
9.410104045486919477e-02
9.427469175344478647e-02
9.491828929671093651e-02
9.508396665640056478e-02
9.533062813020644344e-02
9.552427209045867562e-02
9.581941113342741512e-02
9.596215166247287764e-02
9.596334849464097094e-02
9.610395138417288097e-02
9.815417231114761942e-02
9.816343500920228504e-02
9.816655400615842408e-02
9.817864790313249324e-02
9.822212093548676748e-02
9.824498735403397465e-02
9.899003097421650577e-02
9.901396718016153287e-02
1.010171320345135682e-01
1.010245643643195995e-01
1.023490428821890452e-01
1.024044347748415684e-01
1.025045561410088540e-01
1.027004532815896515e-01
1.028701163628746862e-01
1.028804968941718356e-01
1.030340099168478851e-01
1.030617671729269769e-01
1.035907462152698688e-01
1.039604157568686377e-01
1.039631588582354271e-01
1.040480282806802437e-01
1.040799708107208871e-01
1.042561169095901769e-01
1.044898005800900392e-01
1.045074510309090959e-01
1.046939280216951651e-01
1.046940805832482640e-01
1.048850968178161591e-01
1.049010009383072595e-01
1.049631011536717035e-01
1.049881965582288301e-01
1.051246638946917583e-01
1.051412103882097965e-01
1.053504354258461562e-01
1.053845294374113478e-01
1.071335830469326428e-01
1.071402241145862078e-01
1.072035677940372661e-01
1.073463901302298962e-01
1.073989018030127029e-01
1.075009835239627981e-01
1.075120184569017950e-01
1.076678519851389515e-01
1.077898368334880841e-01
1.078209520186349663e-01
1.079598510829494623e-01
1.080853208014541933e-01
1.080882181770716488e-01
1.080945565315441920e-01
1.081494493512620003e-01
1.084562902614561175e-01
1.084671182994850352e-01
1.088038897160714114e-01
1.088044996527145480e-01
1.089804715486969028e-01
1.092370033758089248e-01
1.092383354749026508e-01
1.093831645499286909e-01
1.097412481243489196e-01
1.106201663631925930e-01
1.106567718774066483e-01
1.107451683000976184e-01
1.108486317419118544e-01
1.112033712084606052e-01
1.112036176332183018e-01
1.115372875708796896e-01
1.115437062191199369e-01
1.122146443750670630e-01
1.122161259271307610e-01
1.122687286984407062e-01
1.123645912430469296e-01
1.128797351563239765e-01
1.128797826437061003e-01
1.137357125672933678e-01
1.137358606885484208e-01
1.138997553675395735e-01
1.140510105205119196e-01
1.145736673357423685e-01
1.150283350808304905e-01
1.150452941923137545e-01
1.154132980279210657e-01
1.154179396795546458e-01
1.156394457515833446e-01
1.156429404172827358e-01
1.157614628523036954e-01
1.159466233605157548e-01
1.159495056372624733e-01
1.162335884397104058e-01
1.162338998061302198e-01
1.164119003154768239e-01
1.164153435146713933e-01
1.181513470302037877e-01
1.183500963743815970e-01
1.195694385519576464e-01
1.195731864556034418e-01
1.197228835872372332e-01
1.198299722306358506e-01
1.232662636929200278e-01
1.233132074154170005e-01
1.236698369339771092e-01
1.236836744438887664e-01
1.237788346812214724e-01
1.239541866136270182e-01
1.240513300024424087e-01
1.240880866709161146e-01
1.242420467376773030e-01
1.243830827297373182e-01
1.244206738329408646e-01
1.245322101738213366e-01
1.246019987019868491e-01
1.248282949630261929e-01
1.249666612442016100e-01
1.250844625642523189e-01
1.257701591584022283e-01
1.259664476751219120e-01
1.262195271319234147e-01
1.263209117947998450e-01
1.264552295423115313e-01
1.266362736546575996e-01
1.268296144319665808e-01
1.269081989512581832e-01
1.273154093654825514e-01
1.273174130743523480e-01
1.274558512860481940e-01
1.274590638303703116e-01
1.282265504376714771e-01
1.283143689938972543e-01
1.284410908692694420e-01
1.285269260422401416e-01
1.285839176098807768e-01
1.286256392664923420e-01
1.287435268577096781e-01
1.288379857412573215e-01
1.288647197845366743e-01
1.289036277133967789e-01
1.291918369636699815e-01
1.292213183181037672e-01
1.295960520847045383e-01
1.298042884570011490e-01
1.300008753218900026e-01
1.300550199801822626e-01
1.301977390718105088e-01
1.302625132257924645e-01
1.303183238812093137e-01
1.303431187210978004e-01
1.304937199857947594e-01
1.305845690917624979e-01
1.307116004780011220e-01
1.307743358717350923e-01
1.309082019553111098e-01
1.309391745533572682e-01
1.312559118564761984e-01
1.314304348675809364e-01
1.335900778783568055e-01
1.336342058140866096e-01
1.350160995298820277e-01
1.351403466050343227e-01
1.351889876788518463e-01
1.352883123033547519e-01
1.354037999216813892e-01
1.354295013526110036e-01
1.354606423779049218e-01
1.357584730080464708e-01
1.371746948224497886e-01
1.371770812856525357e-01
1.372401810895307328e-01
1.372700935895395380e-01
1.379780385902073525e-01
1.380761132114299017e-01
1.380886443355920090e-01
1.383049845359108909e-01
1.383246841631817492e-01
1.384665476475524237e-01
1.390682302940376980e-01
1.391593080990047582e-01
1.393511617690481597e-01
1.394635061034228685e-01
1.396199448690127187e-01
1.398159592850186372e-01
1.424352984132315481e-01
1.424529315914908334e-01
1.424826829266038208e-01
1.424841215949526618e-01
1.426250461129290326e-01
1.426606376420256894e-01
1.430335319004135131e-01
1.430907080589323976e-01
1.431253105814375981e-01
1.431934230605214908e-01
1.435451496171795682e-01
1.436060308505908156e-01
1.436162028289178494e-01
1.437127133623877784e-01
1.438491496647593959e-01
1.438892400424667817e-01
1.440176644810775286e-01
1.440241007656953842e-01
1.440390659785343863e-01
1.440421721598599547e-01
1.440859267592955739e-01
1.440879082656987276e-01
1.440943416862402182e-01
1.441125208493320986e-01
1.441554629214433503e-01
1.442815708325729807e-01
1.453218732259120294e-01
1.453323999206408423e-01
1.453338088333864242e-01
1.453466956405541077e-01
1.453687929055704209e-01
1.454379041112820459e-01
1.455704537400401288e-01
1.456075801363014288e-01
1.457591731733188789e-01
1.458060866072811712e-01
1.458545719182596789e-01
1.461456518497959156e-01
1.465072484721932633e-01
1.465196564909371779e-01
1.469702284674643811e-01
1.470029223779792116e-01
1.470571341469682769e-01
1.470689166825084049e-01
1.472434413284966215e-01
1.472569203289428863e-01
1.476082511496794869e-01
1.479112427436267141e-01
1.480772417290640852e-01
1.481261727880613666e-01
1.490840437222718251e-01
1.491241356012861230e-01
1.491873906036149111e-01
1.492045827096057653e-01
1.492226307031609966e-01
1.494041182161187087e-01
1.500995103319945345e-01
1.503125059767925209e-01
1.505721185052320554e-01
1.508866514231467226e-01
1.519623232830257242e-01
1.519962492871250459e-01
1.520068105403749870e-01
1.520118371136340574e-01
1.540307654225744616e-01
1.541160991620136866e-01
1.543599164396277923e-01
1.543769076411189156e-01
1.545225771167473561e-01
1.545640755391005927e-01
1.545728658209432338e-01
1.545808400588170040e-01
1.545811480577347352e-01
1.546350673053992208e-01
1.549385239257365654e-01
1.550109899363623367e-01
1.550384675996178130e-01
1.551079918609822861e-01
1.552904226577376812e-01
1.553670728698681169e-01
1.553792515721425793e-01
1.554376768457952640e-01
1.562403913339976136e-01
1.563117800038930916e-01
1.564083264417617525e-01
1.566821080881180273e-01
1.576264964296077986e-01
1.576292529855310709e-01
1.580816941363169248e-01
1.580975682097250090e-01
1.599350857378488699e-01
1.600508945860544263e-01
1.606949329817526917e-01
1.607008277167054910e-01
1.607814396803244339e-01
1.608187402972652835e-01
1.610988859706220244e-01
1.611636105146859455e-01
1.638129313372202189e-01
1.639971286367669923e-01
1.640330185988734812e-01
1.640436138175249137e-01
1.642017500641244909e-01
1.643423168245542743e-01
1.643756923485515109e-01
1.644530821751391536e-01
1.644651073635693406e-01
1.645798620183980543e-01
1.646363135410388312e-01
1.646616002749173857e-01
1.646994811344134890e-01
1.647272582131120156e-01
1.650072651846420935e-01
1.650414336299281803e-01
1.651404158504469200e-01
1.655284912938487785e-01
1.655390481946434900e-01
1.655817091767437521e-01
1.658102366582725473e-01
1.658144015779641489e-01
1.658652695658139054e-01
1.658674344900521180e-01
1.658931735052745493e-01
1.660405055245545436e-01
1.670221172480305105e-01
1.671161617764567453e-01
1.671513899499249833e-01
1.671879639848166399e-01
1.672312732521834544e-01
1.674448466432845173e-01
1.674457826668447613e-01
1.674593165319229193e-01
1.675109981658559066e-01
1.676178947648521156e-01
1.676325977974574000e-01
1.677319161463198816e-01
1.677808964235001088e-01
1.678419953855221636e-01
1.679231951632576547e-01
1.680248369910394002e-01
1.680855198725208777e-01
1.681232857501391009e-01
1.682072922645601043e-01
1.682077354963592564e-01
1.682395520465991001e-01
1.682788536638085974e-01
1.683661680251835879e-01
1.684130357662363686e-01
1.685269637487656069e-01
1.686024835214864626e-01
1.708121755087497196e-01
1.712104660593510019e-01
1.713475305372673674e-01
1.714737199165427828e-01
1.717889951355547618e-01
1.719460113916486121e-01
1.723682610869080867e-01
1.725556202932759242e-01
1.734919574145215582e-01
1.736089246024357935e-01
1.742779543349222138e-01
1.742890585923678459e-01
1.748573622939785244e-01
1.750250505533012535e-01
1.751963519856109819e-01
1.754856039933712364e-01
1.756245337169951848e-01
1.758899525352097537e-01
1.763299050293929138e-01
1.766679315782751225e-01
1.779390668281435328e-01
1.780453447318169902e-01
1.780706320380326946e-01
1.784594543958587243e-01
1.785359567193935126e-01
1.785365474041966105e-01
1.786573765541835390e-01
1.786849963495989180e-01
1.787060979033122388e-01
1.787684968832392030e-01
1.789556449858012155e-01
1.789560879468924948e-01
1.790108588324027250e-01
1.790765835344295120e-01
1.792017697546700317e-01
1.792238151303112703e-01
1.796319420940770406e-01
1.796925213301786561e-01
1.802100131796258442e-01
1.803369932161903166e-01
1.808770024152347444e-01
1.812907971094969428e-01
1.813289548581560606e-01
1.815649945759961192e-01
1.831598268077661296e-01
1.833235244286927634e-01
1.835358653149847530e-01
1.835740371873768872e-01
1.837494006668401458e-01
1.839810762288806301e-01
1.840423295699037953e-01
1.844522737907224041e-01
1.845164346625312868e-01
1.845367116586597300e-01
1.846165197274544367e-01
1.846806189490525496e-01
1.847864884556704446e-01
1.848777399023790735e-01
1.850498768695438834e-01
1.850767620473507680e-01
1.851517945738738458e-01
1.852263222625137040e-01
1.852271831561670135e-01
1.855405779419885548e-01
1.855451112749181286e-01
1.857954866972233166e-01
1.857996507601114844e-01
1.858366181487050017e-01
1.868603462232348300e-01
1.869633750490530821e-01
1.871536664501656233e-01
1.873894074270310572e-01
1.875498630691609381e-01
1.879934340591904729e-01
1.880997968632981132e-01
1.885046305571739800e-01
1.886866492721764044e-01
1.887665595514337047e-01
1.888365304385608290e-01
1.888786189069122934e-01
1.891637194053196191e-01
1.891974694581818606e-01
1.893195456032414903e-01
1.898454176057005616e-01
1.899605398395375344e-01
1.902369302955432273e-01
1.905698196319598192e-01
1.907927078499591644e-01
1.909214962692317441e-01
1.909675563099529905e-01
1.911299565931247058e-01
1.912653444644950851e-01
1.916221380738309665e-01
1.919333678234133866e-01
1.919363381789552514e-01
1.919534072102232480e-01
1.923641889296300034e-01
1.925447990338423065e-01
1.926538713395921087e-01
1.928449770078981551e-01
1.929198895129739522e-01
1.929936512012561112e-01
1.930973087147369871e-01
1.935280221600866324e-01
1.936078796297860394e-01
1.938564065210372223e-01
1.941270502526450392e-01
1.941683395179054916e-01
1.942758840094908346e-01
1.943396568270230051e-01
1.944656810466307284e-01
1.944842987467874929e-01
1.946902644230940060e-01
1.948274766627927090e-01
1.952727134547737053e-01
1.953554865623786108e-01
1.962025537522954499e-01
1.964057038098837860e-01
1.964346551406466468e-01
1.964974785313989281e-01
1.966857096586380194e-01
1.967228999280895285e-01
1.968792562356663500e-01
1.968831612316855606e-01
1.969170661573311776e-01
1.969324369178140910e-01
1.969450461185946744e-01
1.969564766607314887e-01
1.969911721033386631e-01
1.969953987971867215e-01
1.969984041415217546e-01
1.971812550860262969e-01
1.972240649641852639e-01
1.972462594405283431e-01
1.973812165367570537e-01
1.974273574377720109e-01
1.975619478900406401e-01
1.975668350213467817e-01
1.976554132642035777e-01
1.976578809588415142e-01
1.976900031841204164e-01
1.981041863406973746e-01
1.981045737463380252e-01
1.987926200009075828e-01
1.988571481508055461e-01
1.988858014426041765e-01
1.988861973912587067e-01
1.992757735345803138e-01
1.992765088889350000e-01
1.994051775010561578e-01
1.998014909586785237e-01
1.998539301180238537e-01
2.001457076745236374e-01
2.002609783774348118e-01
2.003080844473546507e-01
2.003761688909574401e-01
2.003836569742206142e-01
2.004118118566602935e-01
2.004671259875148714e-01
2.005017706406053979e-01
2.005744474381531139e-01
2.008129969039973428e-01
2.009170902077607457e-01
2.011396180441123172e-01
2.012582944544941410e-01
2.012953559549308102e-01
2.013430650414954892e-01
2.014378184200150967e-01
2.017050864317826431e-01
2.017051101360673449e-01
2.017100970918151437e-01
2.017101143715312739e-01
2.017757357367643833e-01
2.019153364394866701e-01
2.019330695777238338e-01
2.020243733925928820e-01
2.022422405311123939e-01
2.022754040864765956e-01
2.024415491964969005e-01
2.025717796986654939e-01
2.025927197157694482e-01
2.034494133562489981e-01
2.034743937075411957e-01
2.038437321315646200e-01
2.039297341166800559e-01
2.041125674493002584e-01
2.046528614120746437e-01
2.046729829543688095e-01
2.048167872448910520e-01
2.049230297442122262e-01
2.049236013628008557e-01
2.050050142991932667e-01
2.050630769841231549e-01
2.050860732541268661e-01
2.051312906542118453e-01
2.052163712676250973e-01
2.052535065599332964e-01
2.054877237251261091e-01
2.054953734892325246e-01
2.055969834959316955e-01
2.056998641460511812e-01
2.057047118313025946e-01
2.057823548866218044e-01
2.060427234902282023e-01
2.060826090777883868e-01
2.061011454766673023e-01
2.061446890678433341e-01
2.063032061154178587e-01
2.063562602600827467e-01
2.064285116060225189e-01
2.065735559161878399e-01
2.066241805536220555e-01
2.066686270444180185e-01
2.068005096989332936e-01
2.068697078454341531e-01
2.068884001277733753e-01
2.068924857322520516e-01
2.071150233014832365e-01
2.071657969833053115e-01
2.075524966536894389e-01
2.075967210240883820e-01
2.076132376340990016e-01
2.078211131366586861e-01
2.078828752017717330e-01
2.080554900206532665e-01
2.082231265437635426e-01
2.082628509534081296e-01
2.082672419402572250e-01
2.082966632495386883e-01
2.084822460871952332e-01
2.085766524593311022e-01
2.085813412934624522e-01
2.086258100551689754e-01
2.086379281658354012e-01
2.087232110332864488e-01
2.087335211788250433e-01
2.087560042080414124e-01
2.087789503591694629e-01
2.087839197661650603e-01
2.089646287558019067e-01
2.089699049273900933e-01
2.090795983423311688e-01
2.091890214166955697e-01
2.094127439081103215e-01
2.097214526350583141e-01
2.097800352625953657e-01
2.099110695914529756e-01
2.099977029234234294e-01
2.100453968119967429e-01
2.100471518249428793e-01
2.100893388038999055e-01
2.100894491768684480e-01
2.100902517678183146e-01
2.105317646874682869e-01
2.105686154517016906e-01
2.106844005838189871e-01
2.108240059351819407e-01
2.108830130566386185e-01
2.109243330218655843e-01
2.109609877083686025e-01
2.110361287256643237e-01
2.110927635905446298e-01
2.111769385232397378e-01
2.112720682836319308e-01
2.113782821446575644e-01
2.115893008217032967e-01
2.116585675660492827e-01
2.116917547247199327e-01
2.118125251691323485e-01
2.119211309132209009e-01
2.119588439847000239e-01
2.122730903637994326e-01
2.123459582178911786e-01
2.123981939931309515e-01
2.124117023957687589e-01
2.124527970273669963e-01
2.124822201585644943e-01
2.126690069112556203e-01
2.127053732406058717e-01
2.127631788535186141e-01
2.127773731647640276e-01
2.128386407900594302e-01
2.130314277038442838e-01
2.130756956991860795e-01
2.131742242920564023e-01
2.132455609382462591e-01
2.133221231957283526e-01
2.133643825871265332e-01
2.133798195114152141e-01
2.134119516984013254e-01
2.135277253829585553e-01
2.135986377351254961e-01
2.136464656533480222e-01
2.138812492725014058e-01
2.138985318066433661e-01
2.138987775730366858e-01
2.140665325634961980e-01
2.140725347190389205e-01
2.140872857230509962e-01
2.140954063691578591e-01
2.144949261085914438e-01
2.145838208930635205e-01
2.146570907417031937e-01
2.147913635871253613e-01
2.151372382141515660e-01
2.151391651542389205e-01
2.151787669101280220e-01
2.152326437504841206e-01
2.152559325617517949e-01
2.155093202135308084e-01
2.155773599444837374e-01
2.159268338549673316e-01
2.159959865721539363e-01
2.160017774297811610e-01
2.160304921999145478e-01
2.161782356425890617e-01
2.161990272849204087e-01
2.163829639009184347e-01
2.166027564049558818e-01
2.168881412516711904e-01
2.169131119714542422e-01
2.169344412260998112e-01
2.171194058465264198e-01
2.171224498967827821e-01
2.172135712588084688e-01
2.173462645094452195e-01
2.173800803582244812e-01
2.177130524316333582e-01
2.177267803673809121e-01
2.177658785446268119e-01
2.177824856327033043e-01
2.178555024868019663e-01
2.179462038553230396e-01
2.179508830308967415e-01
2.179851468884538013e-01
2.180986085823546083e-01
2.181297084456025603e-01
2.181877951246235514e-01
2.183370779999951883e-01
2.183400109460601757e-01
2.184916450934726861e-01
2.185230598846125416e-01
2.186822424426169975e-01
2.187760860569802346e-01
2.188208412402467551e-01
2.189571597732767327e-01
2.190644444364310273e-01
2.190815255436735498e-01
2.193187583727662926e-01
2.193995635863803806e-01
2.195452281432425656e-01
2.196163570907006257e-01
2.197305992056810264e-01
2.200124514687789579e-01
2.200279230174611300e-01
2.201136219217760259e-01
2.201682424427109375e-01
2.202748333255752367e-01
2.204048222737072515e-01
2.204729726404887624e-01
2.205287310966452252e-01
2.211907395102018226e-01
2.213019170763864951e-01
2.213328791258672990e-01
2.213604148281012596e-01
2.214429575986279763e-01
2.215980367746961943e-01
2.217105642553090505e-01
2.217851388141623692e-01
2.218106521243710938e-01
2.221290947499193202e-01
2.221940442102153523e-01
2.225473980731504930e-01
2.225648532375591182e-01
2.226923543169923303e-01
2.227449090676528742e-01
2.228240769946510103e-01
2.228260987750146915e-01
2.228599958635890665e-01
2.228678633545972121e-01
2.229028986911121557e-01
2.229651156223657060e-01
2.231995997816346999e-01
2.232040586118462511e-01
2.233130657079734072e-01
2.233376028986207573e-01
2.233450331337124561e-01
2.234014586020877102e-01
2.236051725669907231e-01
2.236058263152478354e-01
2.236374365614946791e-01
2.239175354737255319e-01
2.241304098408667400e-01
2.243639805269589116e-01
2.244714163455964751e-01
2.244943633864434629e-01
2.245037921672610459e-01
2.245563350711189954e-01
2.247521245239261500e-01
2.248441792412619045e-01
2.249121227402703926e-01
2.250035795217181778e-01
2.250737700949659581e-01
2.250867901832774298e-01
2.251254222491664014e-01
2.251563123835417235e-01
2.253286518282968665e-01
2.253735019817471874e-01
2.254106166807887390e-01
2.255615782716627327e-01
2.256354223901402833e-01
2.256503423829393229e-01
2.258114733642929695e-01
2.259918285767719692e-01
2.260192000148849578e-01
2.261160538215749305e-01
2.261379462878906343e-01
2.261906569687691659e-01
2.262592376892305357e-01
2.263684224143776291e-01
2.264718900577804284e-01
2.266268103301449510e-01
2.267196133939065605e-01
2.267301899156446976e-01
2.269291167200482295e-01
2.270309996338703840e-01
2.270333248307742635e-01
2.270699475108053922e-01
2.270717093388107954e-01
2.272925599278259323e-01
2.273594516676547828e-01
2.273611023379598084e-01
2.273922435132354203e-01
2.273929116463660471e-01
2.274341328161751108e-01
2.274592731325918160e-01
2.275792554157811398e-01
2.276763609666176968e-01
2.279383241600173582e-01
2.279390426715626194e-01
2.279396533214469722e-01
2.279516160748984999e-01
2.281997916143917726e-01
2.282281719961845035e-01
2.282984860514485348e-01
2.283000133618963423e-01
2.283047552935054125e-01
2.285037809186528379e-01
2.287162262267183888e-01
2.288781297367669110e-01
2.289180657861384360e-01
2.289919023414072885e-01
2.290702912090145371e-01
2.293308683451333874e-01
2.293578278605224174e-01
2.295363968190998194e-01
2.298632801754838806e-01
2.301499428329879804e-01
2.302153578507293297e-01
2.302261356391710478e-01
2.303431197452070478e-01
2.303660750182486283e-01
2.304998460655056924e-01
2.305282420786369246e-01
2.305806692178170025e-01
2.305808774061002264e-01
2.306935550958566228e-01
2.308347421579540759e-01
2.308531711266356146e-01
2.308902071462567707e-01
2.309460350283723540e-01
2.309969834198975502e-01
2.312189337186800475e-01
2.315977077716161459e-01
2.316208327792906863e-01
2.316653948443978539e-01
2.318443876605354170e-01
2.319418821926022001e-01
2.319708163694687852e-01
2.321253901419357002e-01
2.323262638310590877e-01
2.328134468198838070e-01
2.330524700386283621e-01
2.332922298798346394e-01
2.336305942120422696e-01
2.336339062771856934e-01
2.338920873591842642e-01
2.341001908915337493e-01
2.341240507333184062e-01
2.343064704185903457e-01
2.346680409488810792e-01
2.347390601366357021e-01
2.347542391755837454e-01
2.347765222069269908e-01
2.349199581597882780e-01
2.349941139101737186e-01
2.351032215553180149e-01
2.353109058250364705e-01
2.354039216439803850e-01
2.355511384962981625e-01
2.358983041879635367e-01
2.359909093803094216e-01
2.361850839389616763e-01
2.363684429349081906e-01
2.366325480023017125e-01
2.367926607162678665e-01
2.368317233795513566e-01
2.369204821461133592e-01
2.369454744096832211e-01
2.369843583753537264e-01
2.370510174173828533e-01
2.371499948057928797e-01
2.372626368521162654e-01
2.373351026724637158e-01
2.374051331378096430e-01
2.374925083323062569e-01
2.375354991514792846e-01
2.376223866656247963e-01
2.377627260152276878e-01
2.380238261557671986e-01
2.380452268107592917e-01
2.382360153253156032e-01
2.382680689571861632e-01
2.383758687707813184e-01
2.383832141163120533e-01
2.384219240108494120e-01
2.388514429952595386e-01
2.389272621830161036e-01
2.389733942898724650e-01
2.390508081199926305e-01
2.393597333073643196e-01
2.393937983703972872e-01
2.394842463178781800e-01
2.395319537417298361e-01
2.395359064282540362e-01
2.398114561305373094e-01
2.403828107034413075e-01
2.404342355706897971e-01
2.406959673572814373e-01
2.408732894438575245e-01
2.408780278924297080e-01
2.412856822614062591e-01
2.413349095263088717e-01
2.413541145172982960e-01
2.414189808801294468e-01
2.416015208190002150e-01
2.416081213227559699e-01
2.416466236517505195e-01
2.416513214721267011e-01
2.417618743196831288e-01
2.418170815046435662e-01
2.418608409186602803e-01
2.421184022142658376e-01
2.422689651487266727e-01
2.423003613247465549e-01
2.423400578460890575e-01
2.423897425396447924e-01
2.424942859926081107e-01
2.428055060381735797e-01
2.429059224619027069e-01
2.430132385039849852e-01
2.430669353037059333e-01
2.432219357123455994e-01
2.435462920286177446e-01
2.437177763922137586e-01
2.437599750865198645e-01
2.437818195572911961e-01
2.440569010577713360e-01
2.441166676031993610e-01
2.442711006906347904e-01
2.443341180863866646e-01
2.444143545040220189e-01
2.444805161806307692e-01
2.446926512261745346e-01
2.446996412563929024e-01
2.449963876936646079e-01
2.450706302281090709e-01
2.452595090945335066e-01
2.453913283428673098e-01
2.454835891113832658e-01
2.455039973144507170e-01
2.455615427048326027e-01
2.456687103259440341e-01
2.457917922786601594e-01
2.459004558631728565e-01
2.459515513627439365e-01
2.460144858539249912e-01
2.461720471267516142e-01
2.463283885846396237e-01
2.463777476571581970e-01
2.464075569814542233e-01
2.464922542124922955e-01
2.465729344549827395e-01
2.466134480057640133e-01
2.466138148519992079e-01
2.468567286013541029e-01
2.468622014298928191e-01
2.468717192961034090e-01
2.470702100448404492e-01
2.475198850352829105e-01
2.475542494333383969e-01
2.475582876575107283e-01
2.479230788784299311e-01
2.480065269890999180e-01
2.481372954310757661e-01
2.481377793621075134e-01
2.481556482242950890e-01
2.481557111975371266e-01
2.481557406511724628e-01
2.482619351366601723e-01
2.483039146479007198e-01
2.483073954892279223e-01
2.484117987954411189e-01
2.484169923123502322e-01
2.485173131888240017e-01
2.485315694262345831e-01
2.486992187253801168e-01
2.488930650176147674e-01
2.490408508315557767e-01
2.490894909710802962e-01
2.492560402543221310e-01
2.493814222270310521e-01
2.493862361828118046e-01
2.494616821493037262e-01
2.495945501560164481e-01
2.496243592089803787e-01
2.498864603570037923e-01
2.499458491370854518e-01
2.502713643224237505e-01
2.504390578586127569e-01
2.504535088050181546e-01
2.505754398097536084e-01
2.507535721988437549e-01
2.508445061637181173e-01
2.511516601530445758e-01
2.511605649306830612e-01
2.512317460884242459e-01
2.513725795046368727e-01
2.514615687379848086e-01
2.514744467019192076e-01
2.515642672646890010e-01
2.517866365851245125e-01
2.518636004784126081e-01
2.520808503251805166e-01
2.522881814566977354e-01
2.522939159068294801e-01
2.523929082441429550e-01
2.524378439426056553e-01
2.525635215145738965e-01
2.527140440235918217e-01
2.532212661501476725e-01
2.534031896944716200e-01
2.534784179691819128e-01
2.535729909354872968e-01
2.537571498090790412e-01
2.539553980663207255e-01
2.543737202767465400e-01
2.545043605261455566e-01
2.547694562844406985e-01
2.547822553621746922e-01
2.549408911572887404e-01
2.551108096139854675e-01
2.551301661106450402e-01
2.552051954283022783e-01
2.552868086079360110e-01
2.552896194592654266e-01
2.552927921569431158e-01
2.553161528533055002e-01
2.553382289912120573e-01
2.553479326761872725e-01
2.553691753123344399e-01
2.554271469779944015e-01
2.556185266544263035e-01
2.567144522812233598e-01
2.568947769819531768e-01
2.569298566359971558e-01
2.570012178646363110e-01
2.571073197686885026e-01
2.572361815944375629e-01
2.573761308290556937e-01
2.575166056285820293e-01
2.575383086934182608e-01
2.575653747048864406e-01
2.575947747722685532e-01
2.579306990216096995e-01
2.580484915204148133e-01
2.581107845125189537e-01
2.581898199375509129e-01
2.582951308843960403e-01
2.586148510601284367e-01
2.587624409477461418e-01
2.590102448202104557e-01
2.596900953301248816e-01
2.597292513386251223e-01
2.599101157707142673e-01
2.602685326856929438e-01
2.608131957761845032e-01
2.608861119757142633e-01
2.609006994725327488e-01
2.610114850875704384e-01
2.611018818297186073e-01
2.611696004272854865e-01
2.612034586466248087e-01
2.614017667082038643e-01
2.614608574441564803e-01
2.617191879749964367e-01
2.617237478979509979e-01
2.618708533463637855e-01
2.626253253221804695e-01
2.626634464993379825e-01
2.627854231677211327e-01
2.628772355153698448e-01
2.631204837172276267e-01
2.633564407520088690e-01
2.637280369754481657e-01
2.637449704934898276e-01
2.637750430239135246e-01
2.637992411935498605e-01
2.640069573423683980e-01
2.646978858009746971e-01
2.646979101154161573e-01
2.648653673319905644e-01
2.650082670945534957e-01
2.653307824159228390e-01
2.653438336459535973e-01
2.656026256310473066e-01
2.656466132649594747e-01
2.660899222381226670e-01
2.661633572606333931e-01
2.663391417364768254e-01
2.663491343349314588e-01
2.666307863757404473e-01
2.668239109679830245e-01
2.672388594814273377e-01
2.673582472131119103e-01
2.678886970278193114e-01
2.683421333017572685e-01
2.687810388087639724e-01
2.688086708794659718e-01
2.688409680755603492e-01
2.690143622100995002e-01
2.691308999375585653e-01
2.694662138090159753e-01
2.696758885347136925e-01
2.700067202506162278e-01
2.700136106633458932e-01
2.701394819738510145e-01
2.705411659222837772e-01
2.706855107186808551e-01
2.707116236783244645e-01
2.707272525953173803e-01
2.710267764810995184e-01
2.714613484039366531e-01
2.716321918854688877e-01
2.716325895667003332e-01
2.716367874297831997e-01
2.716445649636147208e-01
2.716984074083705347e-01
2.717329546790051564e-01
2.717610629270008071e-01
2.721040328439970901e-01
2.721408395445546469e-01
2.723279743261550756e-01
2.724114095676186675e-01
2.726022109593925213e-01
2.729508640941409325e-01
2.732571529142783229e-01
2.733319080054438799e-01
2.733409298707734636e-01
2.736834382784376074e-01
2.737919492904345997e-01
2.741639756342372225e-01
2.743273329970535857e-01
2.744540568714900486e-01
2.746896760207777066e-01
2.746915657852327941e-01
2.748898148133622765e-01
2.749827166285159219e-01
2.750554149050333241e-01
2.753006479006321894e-01
2.753162412669234449e-01
2.753914298313875908e-01
2.755782197832421510e-01
2.758521456658209470e-01
2.759164531756442273e-01
2.760460538111066953e-01
2.761437604122737866e-01
2.763569865448124996e-01
2.764162819299009755e-01
2.764897539773905066e-01
2.765177903981404506e-01
2.767234526202849154e-01
2.769394690964443462e-01
2.769772318508760267e-01
2.769975204250355594e-01
2.771162780220025046e-01
2.771766948137001085e-01
2.772102549886113487e-01
2.772560833436591432e-01
2.776488017547140141e-01
2.776922688446498144e-01
2.777154680555767308e-01
2.778271890521256116e-01
2.780572361593607877e-01
2.780772495457823901e-01
2.783100826415245144e-01
2.784360419190282654e-01
2.789491431740653837e-01
2.792559433878448738e-01
2.794747035442561867e-01
2.796175300007631148e-01
2.796980972171861368e-01
2.799594355381729849e-01
2.799912338501392428e-01
2.801549073538184276e-01
2.803357904008074164e-01
2.803706456708587869e-01
2.804035799854942002e-01
2.805353382806717311e-01
2.806107230065170710e-01
2.806817532212043109e-01
2.809356313629294832e-01
2.811002455383360132e-01
2.811890409465060969e-01
2.812372058002213238e-01
2.812527649182243183e-01
2.814509009550493213e-01
2.815369531153771310e-01
2.815819982271164923e-01
2.819624062793517627e-01
2.820044893186392509e-01
2.820201309902126141e-01
2.820363270479622209e-01
2.820372722378037267e-01
2.821793656642714865e-01
2.822407383768090194e-01
2.823635532075171040e-01
2.825443292948326968e-01
2.829525384559762324e-01
2.832489379018638953e-01
2.832690984964801317e-01
2.833093483068957474e-01
2.834931843198046919e-01
2.838161517894239871e-01
2.839029455598711671e-01
2.841363634005549810e-01
2.843121233382532309e-01
2.845049816586177061e-01
2.847598978509651158e-01
2.848799278866994689e-01
2.850320590657918762e-01
2.854610637764197767e-01
2.856726118682424431e-01
2.858508625960707872e-01
2.859592061433630650e-01
2.860635531230557582e-01
2.861974248599036263e-01
2.863216282575383187e-01
2.864614244250549002e-01
2.865189755244303971e-01
2.866434497402520765e-01
2.867557976761549443e-01
2.874606250621960513e-01
2.880323029338769381e-01
2.880821027720841809e-01
2.881138105846947628e-01
2.881725822488754862e-01
2.882137171242087348e-01
2.887862289691819906e-01
2.888304776166222276e-01
2.888549541398867104e-01
2.888592915644413450e-01
2.890721025720766058e-01
2.891888300637497355e-01
2.894887643554363565e-01
2.899888254008340382e-01
2.905441601751043157e-01
2.910318597601572188e-01
2.911762751074938871e-01
2.912224709934063682e-01
2.916641093663438489e-01
2.917068316331745126e-01
2.919174561973891247e-01
2.919212785208027960e-01
2.921032447522884934e-01
2.931402402454537093e-01
2.934195684540838456e-01
2.938536556627565632e-01
2.942614606119838827e-01
2.947892450819357690e-01
2.957088123523888834e-01
2.960486682993231922e-01
2.961113027665294717e-01
2.965121782189434341e-01
2.968038751201138026e-01
2.973629571756244427e-01
2.975025342762728231e-01
2.976889267272508355e-01
2.978022546669573667e-01
2.979783913611813162e-01
2.982574589442447688e-01
2.982951543984020404e-01
2.985935186802050612e-01
2.991070267178351227e-01
2.992822549345344751e-01
2.993894751529630471e-01
2.996670370446410381e-01
3.003225931928653059e-01
3.003465466935919537e-01
3.004466388208874572e-01
3.006869013813324720e-01
3.008556015550273299e-01
3.011232486226526617e-01
3.012313919260551365e-01
3.015069733604042734e-01
3.016062104043830128e-01
3.016594642746103228e-01
3.020374205359501185e-01
3.020654838488262550e-01
3.024620112973798736e-01
3.026306857232914926e-01
3.026997758892108759e-01
3.028520279272979288e-01
3.033343854566071252e-01
3.033893958048173300e-01
3.037740024077136280e-01
3.037850729759858925e-01
3.038364968745806416e-01
3.040798884044913497e-01
3.056436319011645031e-01
3.058183854553033765e-01
3.059434519098420679e-01
3.059880608715234152e-01
3.061882756520211690e-01
3.065313535387429456e-01
3.065738113198164805e-01
3.066036214722963060e-01
3.066602920792093068e-01
3.067531841935536296e-01
3.068832479463546314e-01
3.069114715903166757e-01
3.069491669886820207e-01
3.069653145117927084e-01
3.070472371901748487e-01
3.072259308702133263e-01
3.074848015450454275e-01
3.075050431127298034e-01
3.076810712012727489e-01
3.077347819288090980e-01
3.078404194803782135e-01
3.079060505437232753e-01
3.079945158606363642e-01
3.081843938422003104e-01
3.082504875223672225e-01
3.085477210095337597e-01
3.087478237864607067e-01
3.087479084245948191e-01
3.094560070281429653e-01
3.094624200212648946e-01
3.094680155624445761e-01
3.095228907880360203e-01
3.097404098577904996e-01
3.097553391173187842e-01
3.103063136782295839e-01
3.110263006117934825e-01
3.115415064102587395e-01
3.124289211917565257e-01
3.125647296842308243e-01
3.127125334023692083e-01
3.129744013355271193e-01
3.130340423876432632e-01
3.131425376284421858e-01
3.135295493238305919e-01
3.136267679659048291e-01
3.141791113820298631e-01
3.145268718443527955e-01
3.146062462826156314e-01
3.146894984482216384e-01
3.148168558416698515e-01
3.152503051062119366e-01
3.152646568003184546e-01
3.155231244546585767e-01
3.158017311692945528e-01
3.163345078266069366e-01
3.163948288471024051e-01
3.164703041822484186e-01
3.167019977586967849e-01
3.171519705057557204e-01
3.172488057921230564e-01
3.172823190015504613e-01
3.176301966246474207e-01
3.177003212484754147e-01
3.178090194022841763e-01
3.181093818640750026e-01
3.183659521989014585e-01
3.184298329876054101e-01
3.186751015044256286e-01
3.190534240237929420e-01
3.190899710328642946e-01
3.194249669084870402e-01
3.195809555787982315e-01
3.196959901584875974e-01
3.199657588049117374e-01
3.200528731112047276e-01
3.201701885045696860e-01
3.202625910986167113e-01
3.204969152548462485e-01
3.206274983026935477e-01
3.207565349486308781e-01
3.208354867471655547e-01
3.209931334940230307e-01
3.210035507604976357e-01
3.210920813757421888e-01
3.211070002374613597e-01
3.211750554833024407e-01
3.218600891690591714e-01
3.219369723771822733e-01
3.219466420895267245e-01
3.220994843192464541e-01
3.221631326128127082e-01
3.222914205100424478e-01
3.229319082984898337e-01
3.234927594251156280e-01
3.240085874397159449e-01
3.242438859748145163e-01
3.252234243965264615e-01
3.254249716444268525e-01
3.258434883470311960e-01
3.259585688186205643e-01
3.267297193910964626e-01
3.268065131964501546e-01
3.269177638547985931e-01
3.270675879527575325e-01
3.270857385294774766e-01
3.271208704721288441e-01
3.274468259975237272e-01
3.275139868158920553e-01
3.276732757207949098e-01
3.278763625011613669e-01
3.280324867157493052e-01
3.283380131901499355e-01
3.284928793670178204e-01
3.302732098096806124e-01
3.305640791145710855e-01
3.310109326519191653e-01
3.310191919759036261e-01
3.310934861450369748e-01
3.311314107228249815e-01
3.311328879352938293e-01
3.311871042386123065e-01
3.312722963479904359e-01
3.312818490520789139e-01
3.317257036129704351e-01
3.319103740719702711e-01
3.325155312059907553e-01
3.325709520278793963e-01
3.325746332932925653e-01
3.328315992225355791e-01
3.343136304527662972e-01
3.343684632855724592e-01
3.344991649099119946e-01
3.346478248027019986e-01
3.346896427526738216e-01
3.347992964073570055e-01
3.348336297698988329e-01
3.349246673310893319e-01
3.350768529821085417e-01
3.354384025313587037e-01
3.354412749195451182e-01
3.357923937663409020e-01
3.360782666147001940e-01
3.363055325633877435e-01
3.363602057477509399e-01
3.363760692736723623e-01
3.364535899963801424e-01
3.364919688979199353e-01
3.366509831804006536e-01
3.368349206697933695e-01
3.373238077654018285e-01
3.375355849885040560e-01
3.375523796117687048e-01
3.378760356958843136e-01
3.389696305091700057e-01
3.392985707939206730e-01
3.393081963843744275e-01
3.396231681987555429e-01
3.398911003854026558e-01
3.399597859769073471e-01
3.401785645699194616e-01
3.404495296009411587e-01
3.405364398782679825e-01
3.405580225756140167e-01
3.417552924468548747e-01
3.419812836272543288e-01
3.426677543175340457e-01
3.428349543101270047e-01
3.458893864768312620e-01
3.458901140581682743e-01
3.460777117233447275e-01
3.461246144572624472e-01
3.462063137285487646e-01
3.462899196927996526e-01
3.466269894278578012e-01
3.466303535229875443e-01
3.466648959393220375e-01
3.467870995210082241e-01
3.472200245934820573e-01
3.477095297878204927e-01
3.480209051516099938e-01
3.480503633917275685e-01
3.483715498708392366e-01
3.483755104299477434e-01
3.487872824134630734e-01
3.488835410802943460e-01
3.491515125467744007e-01
3.496915298939545780e-01
3.497117178939975202e-01
3.497298995973255886e-01
3.504998309325089711e-01
3.507944035450331066e-01
3.512688034093458533e-01
3.513809865739992988e-01
3.515051331353223896e-01
3.518027781012785238e-01
3.520407539825140542e-01
3.523242177844140843e-01
3.524056637315746698e-01
3.526452347967712897e-01
3.557898365492799253e-01
3.558094497794405120e-01
3.560194903178921511e-01
3.560553768703443867e-01
3.563769949829853068e-01
3.565090703029453190e-01
3.565418560217548105e-01
3.569413783953674923e-01
3.569774405311202936e-01
3.574454785706887572e-01
3.586113477995093723e-01
3.588556945336133230e-01
3.588599332718149237e-01
3.589229640866204996e-01
3.591960069403904443e-01
3.595214661079773055e-01
3.607103537530301773e-01
3.607618766819584710e-01
3.613850241779282269e-01
3.617820246927971328e-01
3.618402983417894347e-01
3.619543309620179561e-01
3.631677588316160610e-01
3.633009734326002604e-01
3.633842997052101342e-01
3.634927173184917537e-01
3.635030200821076085e-01
3.636617696307613556e-01
3.642138493189970849e-01
3.642469424036062220e-01
3.645209631425670449e-01
3.645251902369422425e-01
3.646001571499862814e-01
3.646996561731638553e-01
3.648180940460433175e-01
3.650912679612261513e-01
3.654190500167246447e-01
3.655878597524578333e-01
3.656016149835161766e-01
3.660099153715430931e-01
3.661156608695717574e-01
3.665218845736677999e-01
3.666141909242963681e-01
3.667947622146416342e-01
3.669124237090932161e-01
3.669226627727045775e-01
3.671759314649547523e-01
3.672139359464886565e-01
3.672186020652060678e-01
3.674370587871640392e-01
3.675078026915309382e-01
3.677588762307661963e-01
3.686307752820204287e-01
3.686445137818254447e-01
3.689951050802885435e-01
3.690089651028687912e-01
3.697333062180459540e-01
3.698698219079323279e-01
3.704936654305459043e-01
3.706433149046582387e-01
3.714047222980612628e-01
3.715276847049899245e-01
3.718874357996553304e-01
3.724360338928806580e-01
3.741502316295233221e-01
3.742026745493906570e-01
3.742381968182097451e-01
3.742732994194327145e-01
3.769074766563314527e-01
3.769281315127334109e-01
3.779566427672366724e-01
3.780696310001888105e-01
3.782294798037699191e-01
3.783479767086469492e-01
3.785178166785194698e-01
3.785688328870505659e-01
3.786890694515897549e-01
3.787106287844231312e-01
3.795353257125373414e-01
3.799382055430655658e-01
3.805230367591132534e-01
3.805746640687239224e-01
3.811857382981989062e-01
3.811976158845172269e-01
3.812644177588706551e-01
3.813030049273987143e-01
3.821620609890983289e-01
3.821888302564361295e-01
3.826146399557272537e-01
3.826344224274847994e-01
3.831155493367593423e-01
3.831841766592414822e-01
3.832175416507392907e-01
3.832413713829002644e-01
3.833994138271152319e-01
3.834155584192349142e-01
3.838009313473336737e-01
3.838172541938955074e-01
3.838731663831178587e-01
3.840506895180888502e-01
3.841395796865930690e-01
3.842610426277222602e-01
3.844156304424929949e-01
3.845021655015369300e-01
3.845877788474701409e-01
3.846730694040529364e-01
3.846788080863743908e-01
3.846812780493610306e-01
3.846953277983200525e-01
3.852829318150152171e-01
3.855785996948888905e-01
3.860063738954621071e-01
3.860756131637925748e-01
3.865828294831297751e-01
3.866329539220536016e-01
3.868264521977126669e-01
3.869139986581415780e-01
3.873225571364708464e-01
3.873563488270483357e-01
3.881157115075110076e-01
3.884246987524189731e-01
3.890326322437389073e-01
3.899703398609632998e-01
3.899782593419197640e-01
3.901760440143812736e-01
3.907699383325999309e-01
3.918311711590323210e-01
3.928760268119341204e-01
3.929171171903972359e-01
3.933331888023742784e-01
3.946469116688182677e-01
3.949191010146448355e-01
3.952119218434272940e-01
3.952299740777493464e-01
3.959813566997412715e-01
3.960489989005888112e-01
3.964595617207137268e-01
3.964796583373980110e-01
3.971731482901939558e-01
3.972204715381560947e-01
3.972468940766625822e-01
3.973720538514746159e-01
3.978858263599319156e-01
3.979775569307408833e-01
3.982462559818665260e-01
3.982656312807216215e-01
3.985184117042749885e-01
3.986389498840692824e-01
3.986612061887570002e-01
3.989617351416863134e-01
3.991401316386318787e-01
3.995063579795583020e-01
3.996720451672651220e-01
3.997427941374473437e-01
4.002186861293515197e-01
4.002778023350161973e-01
4.003679421489416690e-01
4.004632420090982747e-01
4.006017583259444681e-01
4.006272162716071894e-01
4.007538310169828089e-01
4.008098452444712745e-01
4.008978413167643140e-01
4.009036364121910112e-01
4.009394772191381962e-01
4.009905672036076507e-01
4.010136935502818245e-01
4.011677669832165449e-01
4.013870328197919890e-01
4.014580061117062337e-01
4.020576863524288891e-01
4.022722090448370702e-01
4.023089076751090176e-01
4.027235685473288251e-01
4.050538219701252385e-01
4.052114401648759245e-01
4.054313691360220129e-01
4.055077210267180043e-01
4.057600374840881208e-01
4.061607174981398116e-01
4.063371408377303706e-01
4.063605418142128833e-01
4.065267608155471724e-01
4.065605798902038881e-01
4.071285300060826784e-01
4.072809646047661492e-01
4.073457063782904841e-01
4.074529329733622696e-01
4.074542907582983653e-01
4.081381106193292529e-01
4.084011411069843889e-01
4.084059463496022557e-01
4.088767545659447444e-01
4.089385041959778810e-01
4.089550714372304774e-01
4.091906245001528664e-01
4.094681890259014301e-01
4.095641144172829651e-01
4.109827081488459100e-01
4.116086504055911366e-01
4.116091553406642789e-01
4.116734138303653756e-01
4.124983591918737202e-01
4.127827708159336195e-01
4.128051011545934013e-01
4.132770278179437318e-01
4.135377210967445261e-01
4.138951343278469697e-01
4.146084774336795120e-01
4.147003289340090992e-01
4.147509527703112098e-01
4.148261756192342387e-01
4.148463842968879711e-01
4.149901884145899000e-01
4.153022384204250739e-01
4.155056869778595563e-01
4.158994086688563852e-01
4.160031693967835564e-01
4.160234518177482466e-01
4.162588202462739195e-01
4.163082541147297699e-01
4.169474852195161896e-01
4.172174212069056365e-01
4.175643399090036567e-01
4.184300199853326907e-01
4.188322423904646263e-01
4.188586380032267575e-01
4.190770298466955923e-01
4.191831279046916992e-01
4.193561520967309386e-01
4.194611360540383416e-01
4.198930874534392288e-01
4.199868053186924799e-01
4.201921999220747939e-01
4.203687945744049026e-01
4.206019173786164078e-01
4.211451629560854504e-01
4.212712907654257988e-01
4.220133756327987817e-01
4.231119376052305259e-01
4.233226563365909412e-01
4.233818638417753966e-01
4.237968857200483108e-01
4.240401176067663536e-01
4.244803204570518629e-01
4.246025579208487777e-01
4.247167455621897458e-01
4.247266847431468428e-01
4.249727419307822718e-01
4.250949221504541908e-01
4.266131231028718052e-01
4.266826720761485725e-01
4.268874922456784016e-01
4.272915119038516729e-01
4.275046110219296591e-01
4.275251413529532196e-01
4.275830376526232324e-01
4.277988179019980852e-01
4.279535113038724914e-01
4.280499583771093519e-01
4.280956363717620672e-01
4.284989370655542529e-01
4.285476630388262986e-01
4.286887543764050790e-01
4.287893986463795493e-01
4.287927234206798666e-01
4.296154638540145565e-01
4.296525455168661023e-01
4.297702856037663444e-01
4.298285009747813690e-01
4.300406735046484186e-01
4.300845770635859378e-01
4.301605013052234860e-01
4.310772974913690825e-01
4.313522936722010148e-01
4.313938226888565652e-01
4.315609290805055287e-01
4.319697906070476545e-01
4.320799614813420897e-01
4.321786417244283252e-01
4.322456679629527732e-01
4.322944696753867611e-01
4.324062496974216407e-01
4.328317220375185181e-01
4.331597816390682087e-01
4.334638339987562650e-01
4.336465986066902478e-01
4.339783193380402637e-01
4.340343447697380119e-01
4.341502469925158647e-01
4.348446557111961819e-01
4.350155464405424111e-01
4.355485692270232856e-01
4.357321108601509563e-01
4.357402375386740245e-01
4.359198824049430598e-01
4.359274789000116557e-01
4.360351721334790875e-01
4.361668825445714770e-01
4.365186113584373362e-01
4.366177103112141578e-01
4.369353869945799551e-01
4.371028859706166947e-01
4.372963041042623455e-01
4.373054618619079958e-01
4.375288690709360218e-01
4.375468462607272069e-01
4.377094851623804517e-01
4.391146035291386696e-01
4.394725704830076407e-01
4.395121899309678559e-01
4.400259668020867765e-01
4.404139075499041711e-01
4.404392268978702951e-01
4.408048361417854499e-01
4.408070765035321803e-01
4.411340410294025127e-01
4.413259795184054091e-01
4.413732223114688047e-01
4.415326514708641792e-01
4.417441597764851791e-01
4.418898067003923513e-01
4.419083430637399945e-01
4.420552452624434414e-01
4.424387974337005702e-01
4.426538200276750601e-01
4.427082469337315085e-01
4.428193100012489114e-01
4.428938273686798266e-01
4.429587819135026860e-01
4.438277719913611974e-01
4.439846302843593051e-01
4.441400893201101763e-01
4.441673848540449998e-01
4.443003256818423563e-01
4.445038116727931810e-01
4.447360211698747068e-01
4.448476969454825403e-01
4.460650646596868718e-01
4.461257698615287426e-01
4.462823251787680356e-01
4.463777568662614104e-01
4.463962516978606243e-01
4.469180340774959181e-01
4.469617553930108067e-01
4.469795135895645588e-01
4.472217447310827265e-01
4.472433191970540678e-01
4.473389595979060940e-01
4.474667324856027029e-01
4.483379526523735281e-01
4.484008460544959274e-01
4.488603605563001864e-01
4.492175512387986958e-01
4.494842136694032209e-01
4.496017108611519153e-01
4.500403979945188371e-01
4.500932901298300148e-01
4.502744815232299080e-01
4.504826626606620033e-01
4.506135403268028417e-01
4.514989091653794362e-01
4.515350082914637575e-01
4.529964324002123677e-01
4.530334188367351467e-01
4.530954463942125643e-01
4.531079749511852661e-01
4.533929504004803324e-01
4.538080517762110855e-01
4.539413142922380517e-01
4.539955197782868379e-01
4.540603033343981187e-01
4.541682194914107851e-01
4.541852472555982789e-01
4.542751741444476243e-01
4.543293294809283012e-01
4.543529897542767371e-01
4.544006736128580193e-01
4.547024140838948902e-01
4.547893526298129596e-01
4.550041171116194771e-01
4.550774994242811067e-01
4.552183129483983182e-01
4.553170399976549931e-01
4.553637834114245830e-01
4.553747278213806093e-01
4.556053632213963867e-01
4.556362788501814864e-01
4.557856549877736252e-01
4.558237650641632221e-01
4.560345974219585652e-01
4.563077935018516884e-01
4.569040906396977797e-01
4.570991650893683200e-01
4.572150566682345874e-01
4.574864249680354322e-01
4.575112844517457700e-01
4.576862721521917643e-01
4.578893835232625276e-01
4.579990331219560007e-01
4.580665118046825524e-01
4.582081273956714051e-01
4.582581499385212642e-01
4.584379175473154988e-01
4.585504727531804492e-01
4.588299604544217591e-01
4.589811280674669924e-01
4.591739687837222972e-01
4.592789218051632205e-01
4.593355165471706969e-01
4.595610493478428094e-01
4.596191322100942611e-01
4.596530937829847452e-01
4.607054292945800267e-01
4.612413876940929525e-01
4.612587647208428732e-01
4.614935618490280667e-01
4.615704189793984336e-01
4.618650629774751493e-01
4.620860492500874495e-01
4.621027820654707852e-01
4.626362977359888551e-01
4.626806473016409904e-01
4.627583438039021835e-01
4.634444500980328119e-01
4.635172342214167740e-01
4.638780211839005907e-01
4.639424964928214323e-01
4.639537340975715130e-01
4.639837473089132303e-01
4.643601798514297441e-01
4.644318632296661753e-01
4.645415106575696007e-01
4.645731904214240870e-01
4.645779681582457021e-01
4.650645865440604654e-01
4.659015415476333577e-01
4.659068693050227306e-01
4.663576263854525283e-01
4.663751463687797472e-01
4.666162485190014642e-01
4.666638635518347011e-01
4.669316075530506316e-01
4.669417653453457051e-01
4.669740277726600053e-01
4.670474527669194464e-01
4.673896655073216944e-01
4.675304324135814982e-01
4.675380117791420043e-01
4.675416647847631113e-01
4.675977236241625201e-01
4.678172890783023341e-01
4.678466815906764942e-01
4.679201045092682976e-01
4.679674681552875026e-01
4.694579084655677859e-01
4.694605988918120199e-01
4.695817790870360220e-01
4.698665432617218918e-01
4.702468239567160757e-01
4.708371387331720115e-01
4.711493479902729709e-01
4.713248300674567348e-01
4.714849229297559119e-01
4.718019399047573281e-01
4.718995557659479978e-01
4.720413509306033428e-01
4.721038432741099800e-01
4.722989309537710678e-01
4.723400586108042476e-01
4.723704821413148291e-01
4.723968873298624027e-01
4.735673677762721745e-01
4.735784891376994543e-01
4.735952869066403781e-01
4.737244253014697981e-01
4.737344543444000355e-01
4.737429256961779300e-01
4.737524185319222925e-01
4.740004077525009074e-01
4.743006620254289207e-01
4.743287073228601991e-01
4.750160593874081516e-01
4.759918484988197029e-01
4.761799707195920606e-01
4.764184755960803597e-01
4.765837026605404536e-01
4.768951211986659500e-01
4.769618187934259734e-01
4.771013336859262766e-01
4.773250177437566300e-01
4.774033389319870535e-01
4.775101547950196257e-01
4.778446826961793015e-01
4.779693990196011710e-01
4.780967788938629837e-01
4.781386646635989446e-01
4.781581116199086212e-01
4.784243821864469504e-01
4.784900521972026421e-01
4.786845894336373974e-01
4.787022705065159256e-01
4.791447901413743438e-01
4.793968482768533046e-01
4.795646743602019479e-01
4.797823940058960068e-01
4.798758830003169717e-01
4.802911803140186842e-01
4.803470404992719600e-01
4.804749494386300057e-01
4.807518431990706609e-01
4.807836277008662451e-01
4.808272448100961993e-01
4.808698737679198976e-01
4.814359214788221930e-01
4.817087194166527198e-01
4.820534379194186814e-01
4.821028086277218128e-01
4.831580860222713381e-01
4.831698529191738034e-01
4.834896622025642299e-01
4.836545908157497964e-01
4.843565804601391855e-01
4.844603450700059599e-01
4.845557344387788068e-01
4.846519362398582498e-01
4.847604562694798891e-01
4.848575233483232716e-01
4.853371802364616627e-01
4.854011794970297666e-01
4.857463007531149790e-01
4.858381906096062575e-01
4.858688147754774977e-01
4.859899823992985257e-01
4.860069045338649696e-01
4.860494111838927211e-01
4.865785900394445362e-01
4.866358686207654660e-01
4.873645093550695861e-01
4.876194867790562548e-01
4.878583703812259253e-01
4.878983109169395260e-01
4.881525856745506098e-01
4.882327203329472898e-01
4.883057429624328982e-01
4.885494324504082164e-01
4.895594235254034365e-01
4.899780304198234626e-01
4.904264570592964945e-01
4.906375815709306254e-01
4.908643732053965536e-01
4.909770186211497300e-01
4.910258578895659864e-01
4.910737226425558322e-01
4.910999280171428061e-01
4.911155727354656886e-01
4.911262350845015390e-01
4.915490886325878939e-01
4.916966656690182069e-01
4.919754890858212271e-01
4.921697518001262872e-01
4.921778395119933980e-01
4.923570688382166716e-01
4.928301868108296846e-01
4.928590110363910703e-01
4.936244284170471230e-01
4.938963116612254400e-01
4.940012690184392707e-01
4.943558316561997290e-01
4.943970706972538598e-01
4.950381200378160540e-01
4.951166989126411511e-01
4.954683749963010309e-01
4.955193006730182481e-01
4.956876476465134629e-01
4.957099151508828627e-01
4.959842467954514444e-01
4.960549241394568987e-01
4.966236403282267564e-01
4.969455030852628075e-01
4.969715418940588436e-01
4.974960883539076839e-01
4.975546628494281198e-01
4.978373780596324627e-01
4.980462716247600619e-01
4.986683004024179966e-01
4.989070543376142863e-01
4.989431728718938808e-01
4.993489286215923584e-01
4.993809301013702462e-01
4.996096497412228499e-01
4.997555558648423268e-01
4.998324017103801808e-01
5.009143009411642922e-01
5.012345078750025662e-01
5.013095067386641457e-01
5.019061249553056214e-01
5.027255917133632845e-01
5.029741340559952256e-01
5.040998989338839609e-01
5.041807966980272893e-01
5.042136043012611646e-01
5.042832640626166985e-01
5.051696144182812320e-01
5.052268237031126707e-01
5.058178344765990042e-01
5.061958253570617572e-01
5.062327618474269375e-01
5.069008376909686087e-01
5.069856821770484245e-01
5.072863435566016266e-01
5.079405653247039965e-01
5.079687652624929051e-01
5.081352375385623787e-01
5.081595654586408273e-01
5.082238517372388298e-01
5.084854281562573020e-01
5.086148629665722121e-01
5.087471491978134974e-01
5.087937439150822527e-01
5.091353597508037065e-01
5.091980448660924363e-01
5.092239443305079938e-01
5.093464536677120291e-01
5.093958435482607294e-01
5.094750719583408527e-01
5.096158033744289106e-01
5.096531162582935703e-01
5.097761745760097662e-01
5.100271619930878408e-01
5.104571661283795470e-01
5.107277752917047664e-01
5.107293584857970359e-01
5.110284896677927957e-01
5.115409706331935924e-01
5.116716688838798266e-01
5.118892846909230965e-01
5.120137780425034757e-01
5.120178501908401181e-01
5.121152059837424941e-01
5.122617263123228071e-01
5.122710993518241329e-01
5.122934190688802625e-01
5.124518912647699764e-01
5.125367472701003457e-01
5.125406381870564188e-01
5.126216571170718606e-01
5.126413403286558257e-01
5.127392452371338782e-01
5.128239498248481354e-01
5.129206835483217652e-01
5.130733790279473627e-01
5.131579438816398220e-01
5.134894484321639307e-01
5.136114112847165458e-01
5.138749788365447602e-01
5.138776318631528284e-01
5.139151234179077932e-01
5.140443442993991585e-01
5.142670525542778481e-01
5.144675026120574257e-01
5.149218206716110746e-01
5.151309234378174118e-01
5.155154047804487716e-01
5.155792570503117123e-01
5.159527370989921424e-01
5.159634925599754229e-01
5.159853648098611245e-01
5.161147451952687870e-01
5.164204110177549323e-01
5.164380688363531258e-01
5.167296586047652740e-01
5.168340269237350348e-01
5.169625164367827042e-01
5.170560593280624229e-01
5.172020054445586323e-01
5.175474315994500474e-01
5.176301016822218992e-01
5.176636366782011445e-01
5.177606095366470429e-01
5.177639354249945480e-01
5.178531671501953593e-01
5.179074291601408753e-01
5.181349174795107926e-01
5.182497617077742591e-01
5.184700674710041035e-01
5.191437747946675563e-01
5.192487394876016404e-01
5.194820909120072550e-01
5.207558031081520600e-01
5.209296651042040205e-01
5.209748847078633505e-01
5.212063164324325371e-01
5.213215314793714361e-01
5.214701327480002480e-01
5.215060611544239944e-01
5.216861404448440709e-01
5.217922972586426233e-01
5.220034043355403774e-01
5.220068054572593041e-01
5.220207444474963543e-01
5.220863139626384930e-01
5.221590625806293851e-01
5.228136558700118286e-01
5.230668149441851655e-01
5.234416941693950109e-01
5.235334163217036929e-01
5.237147074070204189e-01
5.237690563114343334e-01
5.243715167354812134e-01
5.245163007873995253e-01
5.245834228646831798e-01
5.246459437495710754e-01
5.248091494382247646e-01
5.249622033011396294e-01
5.250389790151811509e-01
5.253495111945175600e-01
5.254693445117456507e-01
5.255513169568196696e-01
5.256674559273992742e-01
5.258589598023137857e-01
5.259210750380536314e-01
5.263972435650564607e-01
5.264812747026033080e-01
5.267474280931391251e-01
5.267480282929336566e-01
5.271077249866243930e-01
5.271516926540920078e-01
5.271985699707026907e-01
5.272117937488333128e-01
5.274690505295233089e-01
5.276042088915371409e-01
5.277022368455049905e-01
5.277390182171137756e-01
5.277938927040192185e-01
5.280087476551497128e-01
5.281251170477841983e-01
5.281604830586152932e-01
5.282555756199217578e-01
5.283518160576204936e-01
5.287440637374348773e-01
5.288371598287220365e-01
5.290410510019405432e-01
5.290993953624780755e-01
5.295304489558824157e-01
5.295946284834588402e-01
5.302768412732064007e-01
5.306585581834700749e-01
5.308541515550395662e-01
5.309677428803981636e-01
5.310804676240327149e-01
5.314834398134377080e-01
5.318137726582441438e-01
5.318538386396490791e-01
5.323355357073710215e-01
5.323888990249607822e-01
5.327438309345831069e-01
5.327659517662488575e-01
5.328936811343838453e-01
5.330115673441749857e-01
5.331340311867943660e-01
5.333164787800093176e-01
5.334425420499540049e-01
5.334974540848693714e-01
5.340269310272161007e-01
5.344501478733746369e-01
5.344961075866754285e-01
5.345315960173009362e-01
5.350754581451588887e-01
5.355763186691290256e-01
5.356068413951765583e-01
5.357781679620752247e-01
5.359537551785680254e-01
5.367384398739546425e-01
5.368438368600337851e-01
5.369340578072240300e-01
5.370350135245384182e-01
5.370461081477340137e-01
5.370614698903156681e-01
5.371617749789582286e-01
5.374344969062079258e-01
5.379295579626931501e-01
5.381505595844665590e-01
5.382700386722205632e-01
5.383066791903553527e-01
5.385712872097536685e-01
5.386371126300774081e-01
5.389171636690753830e-01
5.390530596956850662e-01
5.391191402093974405e-01
5.395241550245041262e-01
5.396047746793642963e-01
5.398774243674459017e-01
5.401393654681654333e-01
5.402657228286387170e-01
5.405715122758107949e-01
5.406630941656639378e-01
5.407084755092065320e-01
5.411250112975056759e-01
5.411523006152709758e-01
5.411981052399292835e-01
5.416978091087526481e-01
5.419521938048267318e-01
5.421237691996565466e-01
5.421360342668646304e-01
5.425832977936755341e-01
5.427747768906270309e-01
5.428172484613577042e-01
5.432140268892972079e-01
5.433631110082768334e-01
5.436827170815414778e-01
5.439020108740038051e-01
5.441885442611175128e-01
5.445719125124118820e-01
5.448421592924340695e-01
5.453269407423280146e-01
5.456729333904091206e-01
5.458944931019665825e-01
5.460490066013822252e-01
5.463197784399792534e-01
5.464323829877901773e-01
5.466291759115758930e-01
5.469165316643136432e-01
5.470954034545220113e-01
5.473387046643362064e-01
5.475187677853375900e-01
5.476075712326584632e-01
5.476930945146961660e-01
5.477881345262763935e-01
5.482623406244383490e-01
5.485101285838388518e-01
5.487124935548949312e-01
5.489493768650947070e-01
5.490546766339241547e-01
5.492743283987439051e-01
5.493898012505463724e-01
5.494350303086416032e-01
5.495671207610181019e-01
5.496375479162139976e-01
5.497748222110800942e-01
5.498102291434709965e-01
5.499159279313595716e-01
5.501243507374812269e-01
5.504043716458202340e-01
5.504610492440957792e-01
5.504650456196297226e-01
5.505638975369727683e-01
5.507302933264480727e-01
5.514568565014940082e-01
5.516688122311671494e-01
5.517290095962210650e-01
5.518969566071393329e-01
5.522380063339408229e-01
5.524815653504382418e-01
5.525290013732877537e-01
5.526210919798868471e-01
5.529225924404088666e-01
5.529332421122964414e-01
5.531552934494133877e-01
5.531943620685777496e-01
5.533497126118617215e-01
5.533574431123083892e-01
5.534647775615905152e-01
5.534951183074747760e-01
5.535222347486276062e-01
5.537290097697936675e-01
5.539473093100121259e-01
5.541242861223648619e-01
5.541384715401619365e-01
5.542036868503745772e-01
5.542075270425034228e-01
5.542774358205440066e-01
5.548811026164961469e-01
5.549135747095852444e-01
5.550817987483539495e-01
5.551904993233590657e-01
5.552157501744627854e-01
5.552278951696222320e-01
5.553751626124744378e-01
5.555868260064267261e-01
5.555868319854282422e-01
5.557513958032763712e-01
5.560836413283608559e-01
5.561882817610375174e-01
5.563944081297556021e-01
5.564837401118554183e-01
5.564945363316047278e-01
5.565585406755011455e-01
5.568604433207676729e-01
5.569832385720386858e-01
5.573666195507750443e-01
5.580084225095212069e-01
5.580332625260187029e-01
5.580658268588710724e-01
5.586317058800459590e-01
5.586429417271739917e-01
5.587485168198292884e-01
5.588803911607916897e-01
5.589345941713703692e-01
5.591071892590153691e-01
5.591566160142279474e-01
5.592249895461707254e-01
5.593712685147770314e-01
5.594227445017168066e-01
5.594304384833852506e-01
5.594639438730907299e-01
5.597453765304373219e-01
5.602922180586032974e-01
5.603292097628621571e-01
5.603785207180372874e-01
5.603876120614385004e-01
5.604642359255760375e-01
5.605547880688197537e-01
5.607106654293551040e-01
5.609199077413176138e-01
5.611237515384551733e-01
5.613279607688187456e-01
5.613597561611756159e-01
5.614251885488779070e-01
5.615529453053729192e-01
5.615803738539463241e-01
5.616480389346055757e-01
5.619543617909293909e-01
5.619636570577104528e-01
5.621290589829116557e-01
5.622434629429339248e-01
5.623733552191497731e-01
5.625535021424965532e-01
5.626232106223688634e-01
5.630139518427709211e-01
5.633099586750681675e-01
5.633183699484957119e-01
5.636901243863894351e-01
5.639177270403387121e-01
5.644158305353248473e-01
5.645165914692900078e-01
5.648461287620182292e-01
5.648616358305467156e-01
5.649331085810697095e-01
5.656190104219640524e-01
5.658866831217089777e-01
5.660398950638105831e-01
5.661542847415089730e-01
5.664123046614902846e-01
5.669294279504232259e-01
5.670596077538067048e-01
5.673143829399036608e-01
5.685159938678370217e-01
5.688441747785804026e-01
5.688487721774879713e-01
5.689203462988657867e-01
5.694586690059385559e-01
5.696448134255135409e-01
5.701806444425340237e-01
5.702899595941903765e-01
5.703122236237720966e-01
5.706591987623609308e-01
5.708674066509353828e-01
5.712390880119703196e-01
5.713198972821794674e-01
5.713486455439702461e-01
5.714515925178773603e-01
5.716356436382302730e-01
5.725892005891394243e-01
5.726534998284883438e-01
5.727053941690640748e-01
5.731330922052670918e-01
5.733618576084726914e-01
5.734084273773260021e-01
5.734459548742349977e-01
5.735591368530809087e-01
5.738014619871676381e-01
5.740826369411127228e-01
5.741720769276260627e-01
5.743415518923081775e-01
5.748267996310070238e-01
5.749763385144348593e-01
5.751593286140961325e-01
5.757316679381820901e-01
5.758118154928342225e-01
5.760948224765020109e-01
5.762194852700617265e-01
5.762315743131027901e-01
5.762936591236613726e-01
5.765070493911390592e-01
5.765813561288927191e-01
5.765857120545678782e-01
5.769061209738274298e-01
5.769695157110257266e-01
5.770857872691137480e-01
5.772334831235501618e-01
5.773036976981121837e-01
5.773245080635992510e-01
5.774726013025133220e-01
5.777584324044481301e-01
5.781352388306930656e-01
5.781499843389786841e-01
5.781630604456798883e-01
5.781945725064326913e-01
5.783389484094322297e-01
5.784951793336190473e-01
5.788802994282103986e-01
5.791105495058321839e-01
5.791524842219980540e-01
5.795028887012949603e-01
5.795258473787050502e-01
5.795581437380191714e-01
5.796862704616176920e-01
5.800321906394982907e-01
5.803425277951342887e-01
5.804441921934020421e-01
5.804640207363018778e-01
5.806713557000890980e-01
5.808642150992463504e-01
5.809147583116359703e-01
5.809549128297538667e-01
5.811851740703315450e-01
5.812330995150881696e-01
5.812392914033465141e-01
5.812829974647173437e-01
5.815969290179773266e-01
5.816721544017214862e-01
5.817183679579525091e-01
5.817795647270086468e-01
5.822167441991347170e-01
5.823866928246314023e-01
5.824038818163070896e-01
5.827103788718093202e-01
5.827174867189586216e-01
5.828399582325828332e-01
5.829526570128917839e-01
5.829823820005773927e-01
5.832119226846944615e-01
5.833228627358556517e-01
5.833292279386410595e-01
5.834387633929969397e-01
5.835751478052800811e-01
5.836058243322788108e-01
5.836885289412172551e-01
5.837521402497165557e-01
5.838345579034978083e-01
5.838878916120031626e-01
5.841914856154469815e-01
5.843622857170746032e-01
5.843804377872985345e-01
5.846078838293174984e-01
5.850164742331109835e-01
5.850630652401970222e-01
5.851587706507060949e-01
5.853582859102863800e-01
5.855829151352054396e-01
5.856516323657233736e-01
5.857400875201594914e-01
5.858943222836825448e-01
5.860061231795050674e-01
5.864478511058355270e-01
5.869377026614800430e-01
5.869695313331734221e-01
5.872795888278771193e-01
5.876862296670909425e-01
5.877173184707291664e-01
5.879008207879993231e-01
5.881604897949140875e-01
5.881858564549576895e-01
5.887834119998972549e-01
5.890259085572602249e-01
5.892643563179333910e-01
5.895069664771468432e-01
5.898953033444227501e-01
5.902693267083654050e-01
5.905579149523821902e-01
5.906768971312109651e-01
5.909833374723140187e-01
5.911984718703540143e-01
5.913184220332878827e-01
5.913937798295318959e-01
5.918998503093845232e-01
5.921322570630656035e-01
5.927420696723789684e-01
5.928314674243119198e-01
5.932055678738642479e-01
5.937172947525157785e-01
5.939227060531587776e-01
5.946972239876630040e-01
5.947646705111622190e-01
5.950923402036842891e-01
5.950980931006987218e-01
5.953440713974846865e-01
5.953675009595746914e-01
5.954136363290466472e-01
5.956188139251307190e-01
5.958864762887814415e-01
5.962290631967981369e-01
5.962465718131291226e-01
5.962825531600599582e-01
5.964496783645706346e-01
5.966598594596516092e-01
5.968166719472622894e-01
5.971079747458671871e-01
5.971702506467285732e-01
5.974080204838502217e-01
5.978860775905855407e-01
5.983447889178715728e-01
5.985999094670159115e-01
5.987030781730052764e-01
5.988843160882225680e-01
5.991529561497118683e-01
5.992046678657380054e-01
5.993383330931422170e-01
5.995400765531510023e-01
5.996275992098792917e-01
6.000341982139543173e-01
6.000962504839015832e-01
6.002084882446989678e-01
6.003102728117584164e-01
6.006622813241764280e-01
6.008854023589587090e-01
6.010006504898498525e-01
6.015507704202702755e-01
6.017690943647324708e-01
6.019103891074131241e-01
6.023015383598051553e-01
6.024664065498108734e-01
6.028142946655610235e-01
6.030724893515428953e-01
6.032830664108145280e-01
6.035218880493631310e-01
6.044222441952383784e-01
6.045566367157875209e-01
6.050299327642948422e-01
6.055495140576598878e-01
6.055778103303223192e-01
6.056825750395686825e-01
6.061010798189663262e-01
6.062354223341930304e-01
6.065639861795124599e-01
6.066657008128323314e-01
6.067759666179505240e-01
6.076278724802903763e-01
6.076639069233318313e-01
6.076665574990169905e-01
6.077555773750257240e-01
6.077984378566558821e-01
6.079777984037847416e-01
6.083232481304023942e-01
6.084416535457377595e-01
6.084909188788858447e-01
6.086443243938576275e-01
6.087493100022663972e-01
6.088723278019511076e-01
6.090806099560313047e-01
6.093346446316362242e-01
6.094272799570265020e-01
6.097349816955620616e-01
6.099656373640448548e-01
6.099695411544634460e-01
6.101917313431104439e-01
6.102529295966799827e-01
6.104414355434722994e-01
6.105305550893959099e-01
6.105476295983591761e-01
6.106963701807581746e-01
6.108603127844286496e-01
6.112646431563982796e-01
6.113598263546042855e-01
6.115041866233816847e-01
6.115059648364528089e-01
6.119304381439529816e-01
6.122616426949437640e-01
6.125678251012924846e-01
6.127894353414692352e-01
6.132729311068896294e-01
6.133896829427587516e-01
6.136135759102441245e-01
6.137503930076758651e-01
6.140119976723901196e-01
6.141251964822447285e-01
6.145897325281394208e-01
6.147707234197846704e-01
6.149864813663180607e-01
6.149879080663608333e-01
6.151926103827410897e-01
6.154920262846634849e-01
6.156758465828578997e-01
6.158831562466090537e-01
6.159531611025776954e-01
6.159594348815415898e-01
6.159760851535532877e-01
6.160580289428709833e-01
6.161981067831873160e-01
6.164102688393259255e-01
6.165192489210887805e-01
6.166606850918119331e-01
6.166667736901975116e-01
6.176344140030093355e-01
6.177456594273873502e-01
6.182282581256759446e-01
6.186218946797942264e-01
6.189037349284215450e-01
6.190451006453564498e-01
6.202229416130499162e-01
6.202706505590815933e-01
6.203130617401076963e-01
6.204103780397201007e-01
6.211695561344503513e-01
6.212604821419472900e-01
6.213645339702315029e-01
6.214294213691228252e-01
6.215161189943219089e-01
6.216532796115114001e-01
6.222717233786615454e-01
6.222839337125078973e-01
6.223616944598728828e-01
6.224330440238355910e-01
6.228208833594658378e-01
6.230534978648418765e-01
6.231448046768646165e-01
6.233243731572830626e-01
6.234926295470786251e-01
6.238297177893611378e-01
6.240921192633710479e-01
6.243171067727837364e-01
6.245018291037147673e-01
6.247380340796045983e-01
6.248107796314288365e-01
6.250090129036055542e-01
6.253333552076857371e-01
6.255196372601034005e-01
6.256289876373063441e-01
6.258479337454906366e-01
6.259199777298366518e-01
6.260857548634348735e-01
6.261667497848484309e-01
6.264026759966057067e-01
6.264967873888241945e-01
6.265713029838217984e-01
6.266320751020191260e-01
6.267942659966669883e-01
6.268298487864749635e-01
6.269738229923083050e-01
6.270815589909477517e-01
6.271114013484458960e-01
6.271319539204300852e-01
6.273627569134702098e-01
6.276590447045263810e-01
6.279191699730439780e-01
6.282198970716974529e-01
6.282845551420674912e-01
6.289010351437677171e-01
6.292399936582833142e-01
6.292840606291449923e-01
6.296985834274493321e-01
6.300102348151896958e-01
6.300579890739841371e-01
6.303889258912053206e-01
6.305123530775381679e-01
6.307145098766064883e-01
6.308697561493692429e-01
6.309034060783536013e-01
6.310179125107795439e-01
6.310603806801414750e-01
6.311671901139335183e-01
6.311724599721205697e-01
6.312714500868360501e-01
6.315071792790103444e-01
6.315134516298069878e-01
6.318124497173923659e-01
6.318987093940487965e-01
6.319137514799988420e-01
6.321443336955621106e-01
6.322225425735955584e-01
6.322309144673731174e-01
6.323654628797709121e-01
6.323959850988535303e-01
6.324344203363621020e-01
6.325634477826919122e-01
6.326217529627942149e-01
6.328759757069108982e-01
6.329072065520596757e-01
6.329775814508098453e-01
6.331166351389996283e-01
6.331857095836855853e-01
6.334058379090840019e-01
6.338979848603818468e-01
6.340106893951644729e-01
6.340214903646328448e-01
6.340674152869155700e-01
6.349804587680780710e-01
6.349826704768832819e-01
6.351428781123024114e-01
6.352852602299340345e-01
6.354831261817942556e-01
6.358314334801696832e-01
6.359970747981155137e-01
6.361448611964448663e-01
6.362186555484167227e-01
6.362882861266171419e-01
6.367910233984809265e-01
6.368989614534451560e-01
6.370074157317274777e-01
6.371991960767859897e-01
6.372135923194890417e-01
6.372510182631342390e-01
6.373318068459592478e-01
6.375459712682475244e-01
6.383323619402441196e-01
6.384334702273009032e-01
6.384814704396979401e-01
6.386281803820025305e-01
6.390501777352142199e-01
6.392405745360959513e-01
6.394252531496342762e-01
6.394968316196334435e-01
6.396129837032548116e-01
6.397430378870974099e-01
6.402006013274540441e-01
6.405817239161657461e-01
6.405844716045905329e-01
6.406911564961339511e-01
6.409113254008401706e-01
6.411892785045842924e-01
6.412164583396249284e-01
6.413169184907520082e-01
6.416897081924172186e-01
6.418542277649326167e-01
6.420573470859149978e-01
6.421288976869486964e-01
6.421943118101743897e-01
6.422634806068338031e-01
6.425142790315346852e-01
6.426494380498657399e-01
6.429926459810162420e-01
6.432862540365942294e-01
6.434094991604498714e-01
6.435553963744715666e-01
6.440350388447555474e-01
6.441287197458152036e-01
6.441805423522881657e-01
6.442501333797553409e-01
6.445209841788746008e-01
6.445464129810992704e-01
6.450227905775784976e-01
6.451695641988191010e-01
6.452008144815635227e-01
6.455190631337666129e-01
6.455850955558094517e-01
6.460949269409549389e-01
6.463155502100341732e-01
6.463556063220011749e-01
6.465420354229165500e-01
6.466790513575519928e-01
6.467590829986907819e-01
6.469938804343340344e-01
6.473091270127183661e-01
6.473656791719414327e-01
6.474988109974342265e-01
6.476297039955182244e-01
6.477958822334874966e-01
6.479779975796284841e-01
6.480025079256124254e-01
6.483298341601174686e-01
6.484254531897710727e-01
6.488108038944053746e-01
6.488895335027330402e-01
6.492796804564247015e-01
6.495482838260883129e-01
6.496153521045560097e-01
6.496595947005812111e-01
6.496951298571133071e-01
6.497439278705026133e-01
6.497542417174010376e-01
6.502353401523404131e-01
6.504164023488542279e-01
6.506125882709050678e-01
6.509318757269516587e-01
6.509646515249530863e-01
6.509928630277653783e-01
6.510669694298928389e-01
6.514158909237328654e-01
6.517397041843540073e-01
6.517663827177805347e-01
6.517822291428719828e-01
6.518371663718907083e-01
6.519538975637948486e-01
6.525288910166628931e-01
6.525460669546193637e-01
6.525511532420060767e-01
6.527785457238046707e-01
6.529772041600856447e-01
6.532638550166187663e-01
6.533836049391531509e-01
6.538143991297911128e-01
6.538455967103141697e-01
6.538996989983139052e-01
6.541319411358090807e-01
6.541469379096641612e-01
6.547394685071544762e-01
6.547460325863527775e-01
6.548306945383156608e-01
6.551850139062901368e-01
6.552275093300319320e-01
6.553605687699425308e-01
6.556185674597918567e-01
6.559516461076974059e-01
6.566549158897218019e-01
6.569934442237198580e-01
6.570733631271685748e-01
6.576610808729949076e-01
6.576659092626493397e-01
6.580180602413331359e-01
6.581202661609154569e-01
6.581603774425752729e-01
6.585223595807148111e-01
6.590545432628085454e-01
6.591688532477079088e-01
6.592822680041683370e-01
6.597539381003296732e-01
6.597968086269511145e-01
6.599307445010647033e-01
6.600666860834617511e-01
6.602171558933092044e-01
6.605883128304880225e-01
6.606021311889853642e-01
6.608077908518364962e-01
6.609178020571049306e-01
6.611560247391398137e-01
6.616927495031025286e-01
6.617221328785779511e-01
6.621356089317005367e-01
6.625942107597792008e-01
6.628381293363714288e-01
6.628594706873714992e-01
6.629784826591897939e-01
6.630831102298034851e-01
6.634730504207034807e-01
6.638138780188372889e-01
6.640097972130021287e-01
6.641604654994239798e-01
6.641676920285991548e-01
6.642505062348562639e-01
6.645614717728581811e-01
6.652411674742150227e-01
6.655740255903855873e-01
6.658085915283551426e-01
6.661771245718587364e-01
6.668166947187366134e-01
6.669548356190784233e-01
6.674635838906988194e-01
6.675353959939980264e-01
6.676765194308583728e-01
6.678688776696167784e-01
6.683496824168970729e-01
6.684074294100665892e-01
6.686737672531585241e-01
6.686958389200171604e-01
6.692786256101816988e-01
6.697309314913214573e-01
6.700737197668710232e-01
6.702903768251436967e-01
6.708142419198684925e-01
6.709850415542022439e-01
6.716644750924946061e-01
6.718331094353393595e-01
6.721980681316285233e-01
6.725313666126518930e-01
6.729005723782787163e-01
6.729133748612318167e-01
6.732351055812473284e-01
6.735660685439706086e-01
6.739373073438189587e-01
6.739394663513355033e-01
6.740576393825578050e-01
6.742591092946763620e-01
6.745768206039146619e-01
6.745986682106607235e-01
6.753271198317931656e-01
6.754114423774263409e-01
6.775246240963097577e-01
6.776537361852462693e-01
6.778097299235321671e-01
6.780720544281694240e-01
6.781966517038091613e-01
6.793124377324777363e-01
6.793665919494553673e-01
6.793763294453136758e-01
6.797324126722266158e-01
6.802069653141896710e-01
6.802794929387518952e-01
6.805924691946541039e-01
6.807935647099970788e-01
6.809952102321717993e-01
6.811128218568963666e-01
6.816489224571270489e-01
6.823656641423649916e-01
6.828349795694511615e-01
6.828648391200382584e-01
6.832108633735376468e-01
6.837124578301425615e-01
6.839221076478144701e-01
6.840780591143529321e-01
6.840897598899988719e-01
6.842844636424771920e-01
6.846692288900274592e-01
6.847129497851461855e-01
6.850443719844259149e-01
6.852128377289169459e-01
6.855815496869787085e-01
6.858379193697610177e-01
6.860364835837238218e-01
6.861645032865202332e-01
6.867108168525197787e-01
6.868862273676940022e-01
6.876253185538202528e-01
6.882481713129348089e-01
6.887739683738351992e-01
6.889518361784572331e-01
6.890797514247933853e-01
6.895084072798544073e-01
6.897304346364554473e-01
6.899614918688591336e-01
6.900578569900938097e-01
6.905454205742684870e-01
6.911604149510356399e-01
6.923587216102762287e-01
6.924987243548410554e-01
6.929414738681317631e-01
6.932535400413912807e-01
6.945314285008308275e-01
6.948963294060492846e-01
6.958410307147703255e-01
6.959078505467687359e-01
6.960856019862116106e-01
6.965658545649869859e-01
6.966841541044515029e-01
6.967535573993501874e-01
6.968837903079738716e-01
6.973358250025064597e-01
6.976271591593230514e-01
6.981471848139705338e-01
6.995227428954063909e-01
6.996218892436554260e-01
7.000329426664896326e-01
7.003457297398105741e-01
7.010028727442600971e-01
7.014840870954528462e-01
7.017456002965690720e-01
7.021395008335966637e-01
7.025364449362823116e-01
7.026014683696409913e-01
7.032701919361070697e-01
7.034763229253927497e-01
7.034781070790379065e-01
7.037090158206216195e-01
7.042057835791443177e-01
7.045896850800663636e-01
7.046010428534920100e-01
7.047036806930796482e-01
7.051432876466426913e-01
7.052273738849399454e-01
7.052677211825536530e-01
7.052693310017695838e-01
7.055021695350008892e-01
7.060611132020436775e-01
7.064098631954890406e-01
7.079613940635965941e-01
7.081680316734778602e-01
7.088076294804114275e-01
7.091852542644525581e-01
7.094160485556209039e-01
7.098484330550813848e-01
7.100624980065419756e-01
7.104220909091719660e-01
7.104527491665085792e-01
7.106892690820975078e-01
7.107773893749843586e-01
7.112799063371868513e-01
7.113239199509099331e-01
7.114534773368647036e-01
7.120556106615364422e-01
7.123115980756650201e-01
7.124628641768249171e-01
7.130366165822229485e-01
7.135519054032455344e-01
7.141323979331414273e-01
7.144500474527936129e-01
7.149855838443570644e-01
7.155666585396903701e-01
7.159934398267973066e-01
7.161514129362633874e-01
7.164966949448270395e-01
7.165034683581462671e-01
7.197382497349236186e-01
7.202856397447178205e-01
7.207616045308151698e-01
7.212428092596525619e-01
7.222837905296308758e-01
7.232725876043519797e-01
7.234691316789915172e-01
7.239841589350612949e-01
7.257793671743710817e-01
7.263592274075247879e-01
7.266942061582358781e-01
7.275132648480541198e-01
7.284038954005012112e-01
7.303743697754132569e-01
7.316177382888406910e-01
7.318451950471343004e-01
7.318703573517160166e-01
7.329317278156665116e-01
7.330814280194608568e-01
7.331899073559543512e-01
7.335253654448398164e-01
7.340206156827663309e-01
7.342391319151649887e-01
7.347621104216121024e-01
7.348626785179380727e-01
7.350469181991733381e-01
7.357670968982716886e-01
7.358091167332305726e-01
7.358447111069389424e-01
7.361296731722041242e-01
7.365422639030374530e-01
7.366389530108551353e-01
7.367548507841142902e-01
7.371463719796216285e-01
7.373345428364758147e-01
7.374580529093492931e-01
7.387580280735998040e-01
7.387818756248433205e-01
7.389421876216138996e-01
7.412023448034564810e-01
7.414547779520052062e-01
7.429208917398578693e-01
7.432428388312135592e-01
7.432979062790676661e-01
7.441300384851764482e-01
7.442125952366153152e-01
7.464129434788576711e-01
7.475769018642776098e-01
7.482329196672757865e-01
7.488317102132779901e-01
7.490346724347346496e-01
7.501485996225912833e-01
7.511316253833868473e-01
7.515209748716731308e-01
7.516968712823621779e-01
7.532122749601180001e-01
7.534064899751106159e-01
7.534067662270729215e-01
7.534803553755055061e-01
7.546831122778981937e-01
7.551424134570282609e-01
7.568326562183902428e-01
7.572636281571460959e-01
7.575235250862635272e-01
7.578639166473197797e-01
7.589911428074896937e-01
7.593030271561446165e-01
7.600054541296867860e-01
7.609800974765319470e-01
7.610330303956798215e-01
7.614478398750507138e-01
7.615588087705442710e-01
7.621327735868579367e-01
7.623676065728840490e-01
7.625163192414045055e-01
7.633427030546012793e-01
7.635107326280236029e-01
7.638917633938774321e-01
7.649433965115280953e-01
7.651618346339624788e-01
7.666650620577418751e-01
7.667624316029142406e-01
7.672472936061135451e-01
7.675728556001200076e-01
7.678986758188655060e-01
7.681076840364298164e-01
7.687246791791190192e-01
7.690678310623412228e-01
7.705175455422631492e-01
7.708637782952725281e-01
7.719610287659475212e-01
7.733967324779704722e-01
7.751608226872359619e-01
7.757357468680979862e-01
7.760773266782829971e-01
7.766127772365348791e-01
7.769045234497000685e-01
7.774670745661824700e-01
7.780303876042224953e-01
7.782588648182169333e-01
7.783254049872692093e-01
7.788173315533147845e-01
7.788289975423167144e-01
7.793171679473049895e-01
7.808062751446792626e-01
7.812201070303145256e-01
7.814855235550952628e-01
7.818449770143234279e-01
7.821826233226311098e-01
7.829185112247878386e-01
7.833060153275951398e-01
7.837070054259012153e-01
7.868433232933679244e-01
7.893985839770236712e-01
7.926691074142229176e-01
7.929559138342523461e-01
7.943131036440305159e-01
7.947525746972716743e-01
7.955866623814191740e-01
7.956595243391759720e-01
7.982375788460220889e-01
7.993219710583968629e-01
8.004695174610200192e-01
8.008576348007423462e-01
8.010218453870764366e-01
8.014185958270068078e-01
8.029192822423569798e-01
8.041683957466476684e-01
8.044524501322071197e-01
8.055131613280666070e-01
8.067048774783280862e-01
8.070678050600326170e-01
8.073825681686851441e-01
8.078878335990171689e-01
8.098497878995584154e-01
8.103466215780439352e-01
8.113794559013134400e-01
8.125247257761872843e-01
8.132127522721817048e-01
8.135948290437190478e-01
8.145418299684401564e-01
8.155654392555540255e-01
8.167006868617978643e-01
8.171084872438830748e-01
8.175190575690067796e-01
8.280048764230665270e-01
8.281720353169546023e-01
8.294463036887883556e-01
8.296302616183892642e-01
8.311827532202863411e-01
8.321613629725487238e-01
8.323337386696991747e-01
8.341636874263441692e-01
8.359040763282888920e-01
8.384017982757689946e-01
8.397769927094265174e-01
8.419673634119653194e-01
8.447258439041992473e-01
8.484739643345300397e-01
8.525356485866397716e-01
8.566682192937972173e-01
8.571197573465084707e-01
8.594581126061509035e-01
8.639861647015489865e-01
8.678071350933165284e-01
8.682734629091700684e-01
8.703697705212828373e-01
8.772783035129100293e-01
8.782534259869132498e-01
8.813131716394955184e-01
8.843670563489636205e-01
8.871761124565658019e-01
8.890422142858660504e-01
9.999632142796153200e-01
1.000000000000000000e+00
