# sorted relative singular values (hessian_L_full) field=generic3d eps=0.25 N=12 n=3456
2.032809427600146268e-03
2.109540048985991938e-03
2.169695322001128149e-03
2.186032547223850080e-03
2.255831152472520529e-03
2.266835362899499544e-03
2.372008011288810701e-03
2.421474909051300663e-03
2.580645117813712679e-03
2.591456598656501336e-03
2.634345448670529291e-03
2.690011540313181748e-03
2.694572992499202294e-03
2.753168216734407613e-03
3.126487599078324117e-03
3.183446117517468778e-03
3.302372368611455195e-03
3.379559740886843491e-03
3.618759746451960177e-03
3.628526715562094360e-03
3.772485673635315399e-03
3.792896863573165262e-03
4.820833261894946764e-03
5.002470202548479905e-03
5.132397309798689654e-03
5.154982415166929274e-03
5.240995548942807905e-03
5.244195806592342503e-03
5.516040733529940614e-03
5.522635572126583653e-03
5.602678967703613247e-03
5.621825487479715881e-03
5.649903575822268730e-03
5.661985614868978237e-03
6.234646969445544612e-03
6.467391495524804634e-03
8.593120925700721904e-03
8.600743531150660884e-03
8.910013184019856258e-03
8.915278460320490497e-03
9.160467094191349427e-03
9.164319608777731982e-03
9.177634925123075854e-03
9.183449099437645397e-03
1.160106964813330602e-02
1.175383089664375560e-02
1.186232663985800975e-02
1.204360105887485217e-02
1.230138384240238476e-02
1.258905601707906510e-02
1.260045820443123077e-02
1.270994661217823146e-02
1.278967947215335112e-02
1.303642822359988955e-02
1.320349547711409562e-02
1.333072394831830675e-02
1.344316563446901723e-02
1.370044394544870162e-02
1.388231442150127115e-02
1.395543013797833319e-02
1.409338664363278537e-02
1.410519762073790886e-02
1.413943771739638658e-02
1.423568356463731678e-02
1.426045195897190053e-02
1.430429106821197970e-02
1.540120620893730731e-02
1.542827999700867835e-02
1.553181906932756158e-02
1.554948989558935062e-02
1.622478512035957152e-02
1.638136093952389724e-02
1.660582057108577619e-02
1.664152653722359571e-02
1.677887135059733664e-02
1.708102375031818679e-02
1.713265236142299044e-02
1.745298952410449453e-02
1.771525661443763139e-02
1.781719653379516127e-02
1.820508341696063306e-02
1.828193713249482918e-02
1.865496856613140658e-02
1.866970689864301536e-02
1.885751266337127099e-02
1.918503221448291524e-02
1.938525326199143015e-02
1.951406429763417535e-02
1.977134786900404048e-02
1.981125676377254105e-02
1.986391309292517837e-02
1.991759599430977315e-02
2.003881010081372954e-02
2.041036130722174644e-02
2.052859463891728437e-02
2.081753794878312205e-02
2.094395408979939088e-02
2.109860845659749726e-02
2.133851225479894975e-02
2.139806052188381394e-02
2.141927989827869735e-02
2.166433027184335239e-02
2.199670420046542091e-02
2.215251114174086530e-02
2.220765041086704417e-02
2.234373490024324851e-02
2.249717318288766907e-02
2.256309310169901314e-02
2.264993185483361524e-02
2.285349901417452895e-02
2.290939763304321308e-02
2.319739073070721525e-02
2.329155100570601267e-02
2.338378288387117296e-02
2.342946408915315415e-02
2.351453143600844634e-02
2.380247433452603242e-02
2.387085769728317444e-02
2.403530417508772596e-02
2.413260998550126324e-02
2.428555034248861683e-02
2.433467799204943466e-02
2.439121840987076850e-02
2.454555293227872470e-02
2.470411791610770125e-02
2.484629535558646393e-02
2.490763323193240578e-02
2.498056177832221406e-02
2.530294199437200728e-02
2.548328176737333153e-02
2.558143123349243542e-02
2.560497275580867968e-02
2.607614907830742637e-02
2.613712442822836365e-02
2.622242646708019057e-02
2.633573682773142355e-02
2.653018104955873202e-02
2.678100630206468880e-02
2.688487534124916686e-02
2.699541685575938127e-02
2.704967204353001670e-02
2.762254626200265697e-02
2.808265846236464303e-02
2.835971524974290059e-02
2.851088767844663086e-02
2.854943309190638434e-02
2.867102996855962552e-02
2.871012357163164885e-02
2.882653170586928909e-02
2.888155409716368707e-02
3.239943203439273056e-02
3.245686300488523357e-02
3.253259825566359731e-02
3.266067957118400783e-02
3.329947454067877510e-02
3.339621285526858663e-02
3.398702749462967354e-02
3.415531333914158252e-02
3.536078430360638930e-02
3.553074017423229342e-02
3.562455791752890122e-02
3.564018624412089442e-02
3.570649335820461068e-02
3.613734312318432618e-02
3.625350703630889071e-02
3.626419587588466942e-02
3.627906097328319202e-02
3.651660691744246234e-02
3.672865032316244283e-02
3.682724394104923415e-02
3.700916080201396147e-02
3.708766910655546256e-02
3.717876603947706249e-02
3.725164401400189729e-02
3.738549576802587676e-02
3.749663139784121385e-02
3.802529432647059476e-02
3.814881948542545032e-02
3.827351166352405132e-02
3.853386182179717456e-02
3.868883008468221307e-02
3.871477710211961021e-02
3.900825017570456327e-02
3.912386710602363399e-02
3.941211015531526779e-02
3.943808586566707047e-02
4.025600728108436055e-02
4.045063772937793067e-02
4.080266074529780018e-02
4.083816160275614837e-02
4.091113208815370245e-02
4.094083389893174441e-02
4.121689407421024604e-02
4.133969024265641418e-02
4.152985233114333402e-02
4.160247252356581021e-02
4.172604467250803917e-02
4.181706747200427537e-02
4.186870238279688516e-02
4.198895599411712337e-02
4.211751978313186401e-02
4.228284090136177203e-02
4.242440165222553100e-02
4.251248323992772027e-02
4.301849069863167285e-02
4.314015396487490966e-02
4.342836525852231816e-02
4.354030979597792173e-02
4.394342378989251480e-02
4.399264308394000567e-02
4.414735121833680831e-02
4.427925706553648144e-02
4.433257376736512989e-02
4.439549776308308882e-02
4.450991363275470097e-02
4.485787050696612988e-02
4.491662491961698894e-02
4.497424008355423164e-02
4.501358667797623198e-02
4.516494130872113211e-02
4.529820107425312770e-02
4.567708479079871098e-02
4.599207399214368108e-02
4.606273951967466279e-02
4.648143355344946936e-02
4.679365710288097696e-02
4.690458538189201665e-02
4.698955763542145281e-02
4.732340694022258570e-02
4.744672330290339302e-02
4.772604485884583692e-02
4.821349521967373958e-02
4.829871314826377632e-02
4.835856839361046128e-02
4.837073685945488671e-02
4.862961768863482276e-02
4.869098003097412086e-02
4.875232343467726659e-02
4.888093157574667502e-02
4.892150084181247360e-02
4.914328119459027838e-02
4.955503667310720561e-02
4.963026796669216256e-02
5.028283679978140519e-02
5.071937295801309115e-02
5.097181841303920907e-02
5.112501907740825413e-02
5.147668115053875143e-02
5.152657077997149782e-02
5.184194482325343162e-02
5.200014404839403692e-02
5.246115380054623689e-02
5.259914947988793971e-02
5.296020887567634561e-02
5.316108893084665887e-02
5.328314545140892811e-02
5.345051167345284820e-02
5.376139091573044898e-02
5.382960811211132124e-02
5.404545350273833038e-02
5.413165071158591163e-02
5.418370326231464196e-02
5.441411812426480421e-02
5.453823365203554902e-02
5.482028854558358005e-02
5.507524021708393863e-02
5.523492136612308950e-02
5.546829671318668359e-02
5.557924745874872480e-02
5.583380925780036946e-02
5.597321780553151521e-02
5.611907907040296350e-02
5.624150912210035963e-02
5.643174239177008167e-02
5.661614258448324083e-02
5.681013297044898436e-02
5.692543681250870208e-02
5.704473892588737133e-02
5.712281241061607784e-02
5.718420439604685740e-02
5.735013356418192099e-02
5.756557336727891050e-02
5.764429940410467634e-02
5.777603919792846654e-02
5.790826295533554186e-02
5.808159353082791715e-02
5.820295656131854040e-02
5.841455369722640262e-02
5.852870186430068900e-02
5.870135423493124532e-02
5.894090817885423716e-02
5.903437617411869814e-02
5.924308764445657821e-02
5.952284727402656211e-02
5.968820516798242076e-02
5.983682540337128403e-02
6.012052488400394107e-02
6.032499945771992167e-02
6.036987731697424781e-02
6.040824318047998548e-02
6.064372449165465750e-02
6.072830638267556064e-02
6.083339270343809252e-02
6.087723327838810705e-02
6.093289769874620648e-02
6.105747560914817629e-02
6.132567683530937286e-02
6.146843980439820748e-02
6.162172640849401112e-02
6.181694362787024111e-02
6.184532372368991421e-02
6.199537420517899078e-02
6.226154446765389677e-02
6.236986001634779730e-02
6.257030454649556428e-02
6.259331532577595836e-02
6.274798473150168532e-02
6.283316704243184503e-02
6.292019325018899378e-02
6.315267353361903035e-02
6.330709546730639570e-02
6.341015976985589497e-02
6.370929515779027996e-02
6.379869559932616063e-02
6.387579865005313384e-02
6.404104186195247461e-02
6.417864503583560476e-02
6.426103195914634192e-02
6.445074751180923656e-02
6.462573968187203255e-02
6.489930903169084664e-02
6.500992172315195328e-02
6.517524021436925385e-02
6.521295038569244196e-02
6.554563588616453551e-02
6.562770749651535007e-02
6.566831847418934387e-02
6.578168891680952202e-02
6.590291897771957674e-02
6.600688374933447178e-02
6.624937475943820653e-02
6.658966293495534317e-02
6.685874827282432820e-02
6.717114120412336076e-02
6.732776257828708422e-02
6.758959780829898456e-02
6.775837228882813923e-02
6.783808748089124874e-02
6.795020203295216998e-02
6.808501581814409287e-02
6.841769437207619042e-02
6.861089926530575256e-02
6.886661921108783169e-02
6.938678592748497020e-02
6.963358667302768645e-02
6.981686481522440813e-02
6.999741991368751970e-02
7.008200108142964568e-02
7.059603983019037410e-02
7.117630745524460012e-02
7.130563857179927911e-02
7.147722500398893952e-02
7.168036435659377870e-02
7.183916222532815699e-02
7.190460839567547335e-02
7.197722358649068231e-02
7.213255557743433743e-02
7.225596425764130304e-02
7.229608001562273789e-02
7.245195584129709987e-02
7.265340752570864646e-02
7.306518540247181059e-02
7.337525435444837429e-02
7.348865953526279027e-02
7.356311613216134915e-02
7.357608459999878669e-02
7.364826912593203101e-02
7.383116293190204737e-02
7.407792327628016926e-02
7.416935646248026814e-02
7.435666220962301731e-02
7.440729825045035162e-02
7.453893556382831798e-02
7.471530608783541472e-02
7.492581764941244615e-02
7.517847944840268248e-02
7.529885306593539496e-02
7.533955613524442874e-02
7.541339139568944971e-02
7.555372125773712755e-02
7.579377124254314813e-02
7.587316636309453244e-02
7.627643729408234430e-02
7.661388704431439101e-02
7.666286790919517313e-02
7.700788464721886051e-02
7.711987987362101116e-02
7.731786842180315977e-02
7.739772766384324376e-02
7.760197372118997350e-02
7.773529714767760113e-02
7.817322892559576408e-02
7.869829711518119830e-02
7.874808450929011994e-02
7.886699950196809916e-02
7.895117392974956849e-02
7.904457475226042695e-02
7.930719388143304960e-02
7.951927372866196553e-02
7.973445545064575257e-02
7.992472412218777633e-02
8.013045035919159897e-02
8.028218849728543938e-02
8.040773158169384205e-02
8.054254954615970574e-02
8.073458463544265495e-02
8.100432288764523869e-02
8.106099597416739633e-02
8.126402110078044527e-02
8.135465570213040731e-02
8.149592722131410172e-02
8.166141611247926257e-02
8.199346499159609891e-02
8.232656177624719795e-02
8.244899934547858522e-02
8.277430631543766792e-02
8.280093612212316434e-02
8.299287285071685338e-02
8.313667379143682701e-02
8.343954923495938703e-02
8.353407141702784422e-02
8.354040841029250486e-02
8.379957245234866126e-02
8.411752683522356888e-02
8.418740477422204105e-02
8.453228493132919352e-02
8.469586486559420313e-02
8.492609152660027250e-02
8.524508721411772072e-02
8.534733266284084963e-02
8.567432242853327551e-02
8.571236891404331038e-02
8.653972018270805755e-02
8.666492231454880901e-02
8.687078721104990464e-02
8.706882430767376446e-02
8.761921845968370648e-02
8.811788795673743124e-02
8.823482223802664448e-02
8.834004803123900185e-02
8.861878451543535318e-02
8.883192422406227529e-02
8.886565847895266934e-02
8.897973344535950457e-02
8.909505433700400101e-02
8.954354238760291185e-02
8.984269828498779586e-02
8.986353488153019098e-02
8.990185855330536102e-02
8.997611764373082688e-02
9.023953039657656161e-02
9.040756452071994909e-02
9.062077029973866771e-02
9.075630815094136439e-02
9.094682824960996503e-02
9.110082412481040892e-02
9.130331559067791924e-02
9.133514415890107985e-02
9.149917060045219264e-02
9.166135046010316645e-02
9.189645603085812298e-02
9.199382190602341247e-02
9.213093862563249969e-02
9.226670135594733368e-02
9.261037623672774277e-02
9.280027226759166026e-02
9.313700101747646176e-02
9.332826146929348865e-02
9.336141610602897989e-02
9.358351437742666590e-02
9.379003064858650041e-02
9.381593523469793083e-02
9.389081426581696865e-02
9.394835778145753380e-02
9.398733465733495607e-02
9.413827414114762926e-02
9.417972163833965293e-02
9.429559506786881762e-02
9.437569198780999813e-02
9.457295256141383388e-02
9.464399790607697094e-02
9.484918546151865915e-02
9.488045865266833689e-02
9.498169568956944808e-02
9.514654624022997331e-02
9.525579479813417461e-02
9.536716197819782026e-02
9.565554540591900134e-02
9.573243597691662166e-02
9.583054413693133100e-02
9.604961523152465153e-02
9.611093151624795772e-02
9.638936509109768958e-02
9.657914530890339411e-02
9.671113350790623564e-02
9.674555810670985856e-02
9.685679046708325912e-02
9.695075033004718623e-02
9.725602228949588313e-02
9.732651390353071197e-02
9.779055036426675951e-02
9.793677646811876913e-02
9.816666532402450185e-02
9.864838813644169480e-02
9.873538144947731354e-02
9.901923879495344583e-02
9.915270523778489664e-02
9.937338739890408390e-02
9.946334121212847823e-02
9.956913947088687211e-02
9.971694066496919473e-02
9.990155117926938222e-02
9.996875421568780784e-02
1.002043774949454014e-01
1.005511106121735332e-01
1.006281163371830351e-01
1.008659979860818817e-01
1.011444983428413102e-01
1.012078393757011724e-01
1.014143804125795106e-01
1.014792667752608540e-01
1.017548889681211960e-01
1.017882095086826699e-01
1.020515350468437915e-01
1.021412617911581916e-01
1.022482920109115956e-01
1.023721679683886193e-01
1.024887829341640799e-01
1.025684957018793975e-01
1.027313859711121713e-01
1.028836875297100273e-01
1.029840316168848940e-01
1.030502582020898783e-01
1.031501042782331373e-01
1.035493566218636668e-01
1.036102547856972422e-01
1.038252018296464685e-01
1.041239109387569473e-01
1.043924989644757495e-01
1.044184737957566250e-01
1.048920781944134711e-01
1.049713467233708286e-01
1.051251235823328356e-01
1.053486279411952609e-01
1.054262024426262934e-01
1.055482337973015494e-01
1.059268804330409514e-01
1.061541094960512660e-01
1.062056719793086773e-01
1.063501687247572630e-01
1.064486745364408293e-01
1.065254357915662448e-01
1.067543430143657740e-01
1.069094026396939373e-01
1.071280946211841806e-01
1.072710936316893099e-01
1.072962446738895126e-01
1.074752229729334096e-01
1.075564550493913335e-01
1.076578656070951850e-01
1.077119423855510405e-01
1.079963323373992340e-01
1.080177575785928740e-01
1.082962113215574784e-01
1.084746073866904165e-01
1.087088714151579205e-01
1.087858839987527609e-01
1.088639593730290900e-01
1.090383270542606420e-01
1.091399165030993573e-01
1.093242862300161100e-01
1.094642105332132714e-01
1.095217861383580155e-01
1.098712926857978028e-01
1.101704308779288821e-01
1.102630769899904384e-01
1.103194496730781071e-01
1.103864385962703976e-01
1.106060311084400144e-01
1.107766259000033671e-01
1.109563532856994161e-01
1.109870698461916105e-01
1.111073622632725577e-01
1.111969708845456373e-01
1.114432500911150953e-01
1.115040661998055460e-01
1.116029427507781724e-01
1.118334508334970639e-01
1.120880538702114515e-01
1.121888537794128865e-01
1.122953205613085592e-01
1.125016457635058392e-01
1.126648746095640224e-01
1.127108082238975489e-01
1.129416260537325079e-01
1.131064178160909733e-01
1.131974050481336230e-01
1.132940528896479171e-01
1.135813753549240745e-01
1.137828129376883407e-01
1.139213327533511871e-01
1.140922586662548310e-01
1.142461084059748361e-01
1.142995378100059162e-01
1.144458985060694822e-01
1.145527372514199560e-01
1.146152928975257002e-01
1.147515683237646522e-01
1.149074951212644552e-01
1.150589478961023815e-01
1.152311276765419917e-01
1.153060915238120349e-01
1.153909861621221083e-01
1.155520760100550437e-01
1.155847880119038745e-01
1.159419014338922554e-01
1.160456996225339571e-01
1.161664148675657232e-01
1.162234559091644831e-01
1.163903343944611146e-01
1.164542984819909172e-01
1.165393976356408762e-01
1.166060007320207370e-01
1.168098487639955413e-01
1.169379425914800485e-01
1.170980237254554412e-01
1.171512663875593496e-01
1.174095453380047810e-01
1.174239208165831494e-01
1.175637367446346199e-01
1.176235052039940193e-01
1.176979670883371715e-01
1.180613248128651038e-01
1.181463234870361034e-01
1.183640484660117981e-01
1.184861077240986216e-01
1.186621780164866385e-01
1.187781381522790697e-01
1.189331456791502262e-01
1.189759059613927777e-01
1.190725560018352919e-01
1.193546170513162807e-01
1.194047901825632391e-01
1.196750690824678193e-01
1.197634598452603366e-01
1.198499743967624126e-01
1.200182377122556016e-01
1.200495244368450926e-01
1.201950955051585279e-01
1.203118633553551670e-01
1.204296988955567693e-01
1.206012682877263820e-01
1.207197567961181411e-01
1.208384758210544196e-01
1.209909899974366543e-01
1.211339400359141977e-01
1.212757035818235046e-01
1.214972828286349504e-01
1.216492252021269815e-01
1.217021969151256405e-01
1.217372246910588957e-01
1.219486922281999147e-01
1.220502759947664634e-01
1.221208265566116197e-01
1.222400267166404014e-01
1.225366047786898560e-01
1.226019891189630701e-01
1.226711914096986628e-01
1.227686242290278867e-01
1.228162831875100613e-01
1.229105127692261823e-01
1.229495236022355165e-01
1.230662397604417591e-01
1.232616801971062326e-01
1.233523513950353367e-01
1.233995683119218922e-01
1.235086294148789871e-01
1.235938888325959217e-01
1.237506149321733473e-01
1.238316472626193043e-01
1.239388644633128700e-01
1.241889789874544292e-01
1.244723296541856011e-01
1.245037267241643625e-01
1.246423194374881721e-01
1.247432394628247981e-01
1.249012014773102364e-01
1.249948093923127918e-01
1.251724616604317220e-01
1.253340008065787214e-01
1.254011752649885070e-01
1.255182148487307414e-01
1.255666828339198349e-01
1.257557146807256887e-01
1.258723994110316491e-01
1.259547279634902484e-01
1.259953252088248377e-01
1.263172835670447192e-01
1.264505227466624082e-01
1.266324078131254305e-01
1.267396317290759300e-01
1.268312680549544824e-01
1.269398653451117298e-01
1.271007392904149602e-01
1.271471931347138706e-01
1.272612399456733434e-01
1.274234026405374198e-01
1.274957192102021408e-01
1.276650432873759899e-01
1.277649047443364383e-01
1.280024455533886329e-01
1.281407356899423311e-01
1.281854617783904360e-01
1.282021331607617054e-01
1.284330200774582154e-01
1.285482124763006606e-01
1.286847537395370278e-01
1.287458140107224647e-01
1.288074252296010636e-01
1.289603515996902983e-01
1.290334748522237174e-01
1.291927430792724485e-01
1.292662520226055545e-01
1.294351464370777915e-01
1.295401483951025001e-01
1.295864285351142342e-01
1.297239838189674921e-01
1.298402432623643743e-01
1.300035681445738944e-01
1.302121412213660123e-01
1.302672166278825427e-01
1.304435748345625090e-01
1.304723407827740600e-01
1.305046298986960729e-01
1.306434218062666186e-01
1.308187439860319101e-01
1.308765533655949498e-01
1.309767485828251532e-01
1.310230585717987173e-01
1.311515086513868888e-01
1.313011393426732343e-01
1.314273011948066394e-01
1.315340634039905421e-01
1.316468100936470931e-01
1.318115701340470125e-01
1.318654657147073361e-01
1.319987822194425287e-01
1.320462577215907318e-01
1.322216477083772712e-01
1.323550640298466474e-01
1.324600078784445023e-01
1.326009872868549044e-01
1.326885219213681244e-01
1.327764742420182997e-01
1.328264247505954732e-01
1.329028411859635439e-01
1.330136915371052664e-01
1.330717466542758465e-01
1.333485732674446200e-01
1.333776990363419457e-01
1.335386301780306095e-01
1.336474605838624818e-01
1.338097756909114033e-01
1.340014738782495385e-01
1.340644197063794729e-01
1.341843518824142045e-01
1.342983261425836350e-01
1.343587705265044119e-01
1.345029978313727614e-01
1.346056765092477903e-01
1.346731861304972522e-01
1.347261698794221529e-01
1.349056361141196259e-01
1.351010389128678713e-01
1.351529260013615563e-01
1.353726098174754533e-01
1.354293343208011202e-01
1.355926158653762981e-01
1.356960564328140717e-01
1.357737935978141353e-01
1.359070049980196093e-01
1.360211103196210525e-01
1.361461625646402385e-01
1.362044780865393212e-01
1.363759406926864093e-01
1.365043000377934024e-01
1.365902321862649815e-01
1.366772608682449985e-01
1.368914473528258513e-01
1.369516592325164817e-01
1.369936918581409202e-01
1.371874864379758752e-01
1.372251289937687635e-01
1.374745340168665453e-01
1.376207077950918622e-01
1.376729823039451184e-01
1.378150117553268994e-01
1.379246248182827428e-01
1.380357248583854168e-01
1.381339844466534517e-01
1.382533063034645238e-01
1.383778011372759631e-01
1.384933423553478260e-01
1.385460899784012323e-01
1.385986544804073684e-01
1.388085280366960217e-01
1.389632731948277355e-01
1.389917108761319353e-01
1.391380610715714783e-01
1.392405643730372788e-01
1.393316486654413988e-01
1.394675354002161416e-01
1.395592925048680932e-01
1.396897756867967466e-01
1.396981234813599315e-01
1.398342438906085006e-01
1.398439931349592658e-01
1.400146685486591824e-01
1.402514016790126217e-01
1.403120182926953230e-01
1.404407730008438160e-01
1.405416801708216368e-01
1.406308327896118870e-01
1.408101203767135878e-01
1.408963363485472853e-01
1.410584458519299200e-01
1.412605079312721501e-01
1.413094519870281840e-01
1.413669323696234992e-01
1.413893946715709948e-01
1.415477707098714844e-01
1.417674274634218856e-01
1.417992256301131848e-01
1.421079160135829966e-01
1.422350117220021470e-01
1.422769414596163351e-01
1.424063697459346245e-01
1.424189071782867577e-01
1.425803080685866253e-01
1.426711172150476326e-01
1.429097172536587246e-01
1.429229123495030229e-01
1.431566845793802445e-01
1.432411578788663764e-01
1.433241464926432451e-01
1.434478152521650451e-01
1.437298747846660063e-01
1.438197075965171323e-01
1.438718888368428761e-01
1.440667337090711098e-01
1.441340300073045699e-01
1.442584126462163607e-01
1.444278009168110666e-01
1.444809285991175696e-01
1.445404960880387335e-01
1.446475240034845733e-01
1.447868395738162173e-01
1.449047364280671990e-01
1.450441721640587933e-01
1.452488142716267527e-01
1.452811961582702593e-01
1.453475566992872281e-01
1.454110866618023856e-01
1.455912382327954058e-01
1.456324857750900259e-01
1.458578755163380258e-01
1.460211991153319011e-01
1.461535830738507069e-01
1.462484253866927486e-01
1.463755019935109036e-01
1.464535679982787442e-01
1.464986526046942739e-01
1.465613620151806629e-01
1.465852314131585454e-01
1.467198754110684289e-01
1.469023499446695802e-01
1.469228256399468524e-01
1.471410888560305275e-01
1.472303797143085791e-01
1.473376886101963879e-01
1.475677022288146012e-01
1.476644506158110437e-01
1.477465561804030547e-01
1.478205606361580604e-01
1.480877784940838882e-01
1.481601653474839686e-01
1.482367785439716312e-01
1.483475413772164797e-01
1.485073917140314337e-01
1.487889987217829724e-01
1.488798410687854068e-01
1.490398529384323323e-01
1.490507682342402385e-01
1.490990963990535545e-01
1.491548596388367343e-01
1.492183098009497721e-01
1.493468655245009102e-01
1.494889010595289169e-01
1.495770629979104038e-01
1.496365544776450396e-01
1.496939923438496411e-01
1.499476364282269769e-01
1.499817012816113682e-01
1.500533402448645526e-01
1.501621023190760074e-01
1.504330818222832933e-01
1.506432035405889103e-01
1.506930334334377342e-01
1.507318413336317664e-01
1.510088036455093374e-01
1.511203750749972596e-01
1.511372621145593564e-01
1.513479286162547066e-01
1.514324042364318668e-01
1.515069724433161236e-01
1.515748977358850613e-01
1.518242781049262136e-01
1.518853937564696444e-01
1.519728917231695231e-01
1.520470950514495323e-01
1.520772115069758679e-01
1.522645053849036034e-01
1.523398722452893594e-01
1.525184776433169964e-01
1.526200599493048038e-01
1.526348473586180976e-01
1.527414830510114285e-01
1.529232125786800511e-01
1.530674794066144706e-01
1.532312310768521868e-01
1.532670435560279099e-01
1.533064305037987740e-01
1.535710733906772707e-01
1.536661615594217822e-01
1.536972612851809639e-01
1.538418171822194258e-01
1.538468129409631124e-01
1.540662149391112123e-01
1.540732907122925599e-01
1.543057245677433020e-01
1.543781711483965535e-01
1.545373968929491804e-01
1.546232796675304777e-01
1.547367047585854749e-01
1.548009339110544558e-01
1.549579767969770649e-01
1.550039793993411852e-01
1.552419742556349902e-01
1.552760905486144094e-01
1.553972400722126723e-01
1.555080036350944273e-01
1.555284050610760971e-01
1.557100547438759197e-01
1.558370632389489696e-01
1.559527437864186850e-01
1.560708975867958759e-01
1.561381341635615649e-01
1.562503880220725005e-01
1.563822996231437890e-01
1.565137475184084637e-01
1.566311678209074687e-01
1.567571188423440565e-01
1.568590243363280068e-01
1.568922790816449642e-01
1.570097113121527166e-01
1.572077088056678673e-01
1.572563083866720668e-01
1.573198368962890614e-01
1.573469043632357567e-01
1.575102571423507014e-01
1.575302479606170980e-01
1.577360468340175959e-01
1.579025811181996308e-01
1.580546251490959619e-01
1.580968336892230874e-01
1.582185869411989187e-01
1.582916354825398553e-01
1.583812778955981659e-01
1.584885028866735712e-01
1.586207937185262484e-01
1.587775072044792235e-01
1.589379996405800022e-01
1.589855102481386728e-01
1.590321130978670228e-01
1.592036911710794367e-01
1.593128961267582522e-01
1.594201713683827126e-01
1.595491796007546259e-01
1.596318788967871494e-01
1.596969148665974836e-01
1.597941692641943745e-01
1.598494091308740594e-01
1.600145463748486596e-01
1.601724811895503253e-01
1.602762799093249424e-01
1.603810243749794473e-01
1.604113253433813169e-01
1.605045279662904167e-01
1.606078911276417887e-01
1.607461428095581235e-01
1.609811417644232134e-01
1.610543566626460865e-01
1.611938171121303776e-01
1.612637186918604859e-01
1.613040343718185055e-01
1.614537228178443695e-01
1.615503728486684110e-01
1.617453993096211462e-01
1.617772396158886905e-01
1.618720886278082471e-01
1.620334375614861933e-01
1.620799170184732407e-01
1.622175987156219412e-01
1.623635623293904762e-01
1.623702967485616822e-01
1.625391265966956988e-01
1.625892858587998091e-01
1.627892923819360405e-01
1.628881654123143230e-01
1.630040212361531793e-01
1.630783098151518951e-01
1.631604887405022908e-01
1.631752720398959855e-01
1.634992977678418891e-01
1.635209378063193220e-01
1.635797005916139746e-01
1.636294404826966198e-01
1.637391112219823142e-01
1.638815891032880112e-01
1.639860576194734632e-01
1.641564139080216866e-01
1.642535686012355778e-01
1.644014375693458319e-01
1.644829108738881662e-01
1.645619078520045298e-01
1.647737865826906511e-01
1.648609125020821242e-01
1.649060490745516971e-01
1.650452864527227614e-01
1.650714388314875325e-01
1.652255935724433467e-01
1.653293950535972556e-01
1.653885776760587456e-01
1.655421574563916698e-01
1.656758290398714362e-01
1.657969414949064524e-01
1.659010267957204410e-01
1.659922498642250610e-01
1.660836679585875886e-01
1.661630473808674291e-01
1.661965966077011414e-01
1.663430735310523767e-01
1.665372471795721621e-01
1.665549294752988185e-01
1.667111462417437406e-01
1.667314053738747359e-01
1.668462213405918770e-01
1.669636182595496954e-01
1.670887603867788340e-01
1.673676389499350048e-01
1.674182779176538183e-01
1.674807742602533733e-01
1.675495073395599499e-01
1.677319534709760529e-01
1.679192219813371578e-01
1.679920721298076014e-01
1.680887562559368331e-01
1.682309384645999384e-01
1.683903785245550733e-01
1.684284609603737271e-01
1.685096535853492228e-01
1.686030560540243139e-01
1.687361621125125222e-01
1.688250344208611642e-01
1.688498952163205724e-01
1.690330463598995747e-01
1.691234090414236446e-01
1.692748243137553454e-01
1.694301469290311335e-01
1.695471750244091913e-01
1.695886779278651668e-01
1.697005443715369488e-01
1.697294974702735770e-01
1.698500536472710154e-01
1.699420163269926842e-01
1.700401415871295729e-01
1.702607633425969325e-01
1.704339633139665133e-01
1.704758924258326369e-01
1.705474464258126821e-01
1.706858656545507114e-01
1.707287212668302800e-01
1.708943246572954544e-01
1.710621137480037024e-01
1.711303543957836404e-01
1.712382490332924612e-01
1.713412462682283033e-01
1.714743907278953317e-01
1.715842404761941942e-01
1.716759720628953378e-01
1.717726396727906613e-01
1.718471782353827859e-01
1.719078588425151655e-01
1.720223998540710841e-01
1.722609985925404041e-01
1.723427531443090799e-01
1.725353734063242994e-01
1.726050496709726489e-01
1.727790186951407014e-01
1.728690546345953705e-01
1.730909607006493878e-01
1.731556105569872217e-01
1.732708929488024907e-01
1.733069695924537856e-01
1.733629078248897226e-01
1.734984313848633442e-01
1.736470074526660357e-01
1.737045835578608366e-01
1.739123548603631886e-01
1.739940473091901862e-01
1.741333208109828168e-01
1.742511151478208509e-01
1.743340470905695161e-01
1.744140886358850895e-01
1.745824814840398198e-01
1.747062532427112458e-01
1.748302032201932976e-01
1.749532722653116545e-01
1.750302066175588034e-01
1.751583876364226355e-01
1.753534742165061000e-01
1.753851184282038400e-01
1.754390628565625221e-01
1.755970943109032567e-01
1.757214572229639504e-01
1.758414230673283341e-01
1.758844001214848185e-01
1.760663992034280367e-01
1.761705028187774968e-01
1.764625671803650431e-01
1.765173314653177838e-01
1.765575746018568926e-01
1.767189676919226626e-01
1.770220127238003871e-01
1.771639792476104869e-01
1.772919151759186351e-01
1.774202009432698235e-01
1.774819236824251023e-01
1.776526188092983627e-01
1.777697419104137255e-01
1.779432914078355743e-01
1.780717387167337629e-01
1.782413886140227499e-01
1.782635963317162064e-01
1.783142530833456973e-01
1.785237097489578428e-01
1.786620428802349614e-01
1.786869246102878728e-01
1.788689654396141693e-01
1.789428050764274025e-01
1.790055706882649478e-01
1.791869931152164641e-01
1.792972172164155054e-01
1.794004687019579436e-01
1.794718587803998122e-01
1.795514283396927591e-01
1.796768326786907233e-01
1.798100686947970706e-01
1.798565843244242513e-01
1.801195906765984678e-01
1.801504212712426722e-01
1.802292893971342569e-01
1.804772360152364641e-01
1.805897499203607259e-01
1.806991915707585328e-01
1.808216176541069253e-01
1.809192844306753145e-01
1.810174911175184143e-01
1.810976702476901623e-01
1.813490733118011677e-01
1.814171384934574471e-01
1.815561399582598656e-01
1.816453602451113258e-01
1.818898002419561954e-01
1.820538846444008374e-01
1.822026730045125109e-01
1.822658403514234859e-01
1.824115688268853619e-01
1.825316266583981994e-01
1.825912745087653610e-01
1.827920865552074281e-01
1.828108495819467105e-01
1.829914477740487988e-01
1.830816504292820390e-01
1.831780241103739826e-01
1.832126018721540184e-01
1.833997691398916163e-01
1.834992315339044056e-01
1.837872271251406453e-01
1.838163265007920488e-01
1.840158885152606560e-01
1.840506168310262203e-01
1.841636958179169448e-01
1.842097320862395859e-01
1.843176346304415958e-01
1.843534494344818142e-01
1.846824792862777620e-01
1.848380979013207193e-01
1.848738498005227104e-01
1.849245077647732327e-01
1.850291152090483560e-01
1.852926999377178807e-01
1.854358682976357808e-01
1.856982413711041335e-01
1.857762551979469379e-01
1.858763854814565741e-01
1.859737977929907249e-01
1.860523096456407344e-01
1.861424232409762680e-01
1.862767937942870211e-01
1.865385218344483287e-01
1.865667286609286324e-01
1.866191199156458924e-01
1.867082452809344650e-01
1.870961662106799817e-01
1.871512196030535591e-01
1.872990199846236159e-01
1.873255649907042686e-01
1.875100413416576628e-01
1.877081772043746044e-01
1.878931805772354746e-01
1.880434303373271498e-01
1.881242250375490810e-01
1.882173687813250007e-01
1.883427498314576842e-01
1.884298360496620417e-01
1.886990866179618642e-01
1.887491488345610924e-01
1.888681581651872887e-01
1.889624218941775013e-01
1.890147217916340328e-01
1.891161877104464706e-01
1.891934888412014903e-01
1.893005298950070636e-01
1.894236645076711745e-01
1.894897614778362493e-01
1.896527714268624043e-01
1.899022502286003555e-01
1.900523194110902703e-01
1.902415301931519032e-01
1.902902079723839679e-01
1.904392870339675081e-01
1.904568323584829304e-01
1.905242979599917064e-01
1.907506720402294687e-01
1.909218548855726449e-01
1.911379162787888442e-01
1.911813405083338524e-01
1.912882117960883199e-01
1.914355081345950060e-01
1.914926444015088158e-01
1.915743507796011658e-01
1.917342105998994239e-01
1.919618501234257868e-01
1.920085084655374918e-01
1.921011036611569023e-01
1.921431124672770274e-01
1.922482045563564945e-01
1.923512788358137382e-01
1.923835925203883912e-01
1.926077647758941969e-01
1.926653137522154891e-01
1.928507474213052852e-01
1.929012884664067229e-01
1.929287649756395162e-01
1.931002807742700500e-01
1.932386208042440323e-01
1.934876050990831653e-01
1.935512224039192819e-01
1.937293806699788845e-01
1.937921535939579054e-01
1.938849093531989087e-01
1.940081161968968126e-01
1.941985856461224957e-01
1.942602388215838860e-01
1.943137690853936062e-01
1.943802405175817094e-01
1.945264755722091177e-01
1.946503637656109287e-01
1.948532577112216946e-01
1.949028069942347896e-01
1.949820126633450279e-01
1.950572991707250903e-01
1.952115347607394358e-01
1.953316099463446309e-01
1.954661102143692153e-01
1.955653015483233281e-01
1.957121627067951453e-01
1.957892228940888713e-01
1.958846819860670108e-01
1.959893296150846953e-01
1.962471378888402396e-01
1.963777821346164576e-01
1.964844152222891549e-01
1.965193559782361654e-01
1.966535331690253130e-01
1.967246873947370578e-01
1.967836023996688000e-01
1.969835602780889428e-01
1.971268374899218523e-01
1.972466393487425362e-01
1.973689928510136415e-01
1.975656810821219689e-01
1.976116848204564069e-01
1.977878102314534481e-01
1.978978970481783117e-01
1.980105384958045223e-01
1.980180081103689871e-01
1.981934115436012611e-01
1.982582577289398740e-01
1.984091224418080279e-01
1.985344609972363172e-01
1.986161519415924614e-01
1.986762766152666004e-01
1.989145594644024240e-01
1.990504815012298923e-01
1.991921214917389271e-01
1.993417695091621866e-01
1.994630569704322898e-01
1.995796529472551872e-01
1.997254375227445200e-01
1.998907317075901968e-01
1.999690465979993004e-01
2.000797650429309849e-01
2.002763721986561551e-01
2.003804192758944780e-01
2.005163227535544102e-01
2.008171579101298565e-01
2.009263308863774855e-01
2.009971197383205177e-01
2.010867754045287947e-01
2.012510175276424618e-01
2.013550832055932271e-01
2.014892890088587352e-01
2.015905922632288960e-01
2.016435665773033126e-01
2.018677956515346483e-01
2.018818386908743934e-01
2.020479185811280554e-01
2.021903663764662018e-01
2.023360686476627368e-01
2.025940937728925584e-01
2.027323356465725313e-01
2.028051433003071058e-01
2.029028021477517763e-01
2.029326925521681979e-01
2.030432090223380504e-01
2.033887363729126319e-01
2.034176659385018293e-01
2.035015367567660494e-01
2.036452333645192847e-01
2.037037631769086088e-01
2.037875124755222922e-01
2.040755246514076304e-01
2.041369170711658798e-01
2.042843746771585423e-01
2.045068417145228246e-01
2.046042457534092418e-01
2.047167359802654629e-01
2.048466926080935446e-01
2.049596170493223624e-01
2.050309252930885839e-01
2.052135798698552227e-01
2.054096153898022081e-01
2.054810119797063350e-01
2.055976017476223439e-01
2.056572519017704215e-01
2.059002358439832592e-01
2.061085920237057112e-01
2.062574333456127507e-01
2.063138884857899369e-01
2.064413871735731043e-01
2.065762593111036827e-01
2.067237031407201386e-01
2.068693839543739310e-01
2.070157966839022701e-01
2.071678118647380662e-01
2.072489165781158937e-01
2.073649577666435984e-01
2.076256642129697683e-01
2.077600414046084087e-01
2.078389900277138880e-01
2.080137775417526536e-01
2.081337176390873067e-01
2.084334414370010713e-01
2.084696356360426495e-01
2.085958579017428149e-01
2.086876957711779890e-01
2.087199976509920007e-01
2.089863321687316366e-01
2.091840165382103378e-01
2.093141801512969635e-01
2.094018758418584591e-01
2.094981257617404002e-01
2.096332768150593051e-01
2.097299148253193024e-01
2.097943720064646966e-01
2.100678695553228892e-01
2.102142283780392973e-01
2.102404786861478136e-01
2.104300222800492559e-01
2.105679484539930424e-01
2.106547269902366848e-01
2.108288881433265649e-01
2.108772908143963509e-01
2.110641247871205828e-01
2.113110884416528057e-01
2.113749213884852929e-01
2.114811376026142498e-01
2.116253583054281129e-01
2.118429332451765568e-01
2.119236446577618393e-01
2.121836672009789482e-01
2.122700508989965318e-01
2.124086801705827310e-01
2.126520026962482324e-01
2.127661951414143160e-01
2.128894947659213943e-01
2.131269922567862185e-01
2.131534436106583552e-01
2.132808172073179243e-01
2.135388803199292362e-01
2.135694527320596836e-01
2.136393490841521636e-01
2.137504036612559721e-01
2.139788419381228046e-01
2.141322782280027925e-01
2.142265799887055344e-01
2.143270163743132284e-01
2.145154916790352750e-01
2.145685875400466236e-01
2.147956596214920522e-01
2.148547780094619830e-01
2.150843328607576488e-01
2.151729664269391995e-01
2.153591978360883674e-01
2.154751893925466177e-01
2.155406981473983741e-01
2.159526249265873166e-01
2.159929177211036555e-01
2.160461667925762663e-01
2.161374083929000212e-01
2.163100345995349616e-01
2.164105244628745928e-01
2.166414391180497556e-01
2.167261278442907391e-01
2.168766095462155152e-01
2.170980237679665248e-01
2.173357787191990687e-01
2.174163663626019483e-01
2.174567023834789448e-01
2.176447407939091916e-01
2.177956593567534627e-01
2.179556446126265923e-01
2.179685892806002279e-01
2.180747632491331078e-01
2.181216052855442789e-01
2.183073143151889883e-01
2.183715815676572081e-01
2.186544795706961142e-01
2.188093126555357981e-01
2.190129306795211839e-01
2.190762710398640456e-01
2.193319271029803563e-01
2.194383746777992528e-01
2.195445437291690116e-01
2.196333262230537597e-01
2.199620487981633066e-01
2.200297876364992744e-01
2.202500744845829195e-01
2.203227080361775947e-01
2.206514341121132150e-01
2.206929974267807237e-01
2.208600354501149832e-01
2.209171430682080051e-01
2.211065520127995787e-01
2.212056892784946549e-01
2.214003317418722083e-01
2.214926643963204544e-01
2.215101878473813846e-01
2.217342635197873668e-01
2.220313380268758019e-01
2.221199389522232615e-01
2.221489783239393445e-01
2.221671696840654409e-01
2.224190539015385715e-01
2.224777869481817105e-01
2.227958142928037344e-01
2.230913689528648824e-01
2.230972297910575330e-01
2.232077813948669387e-01
2.233719760826673173e-01
2.235343827860076238e-01
2.235645140780877782e-01
2.238585033692340187e-01
2.239423319100052046e-01
2.242760441911102742e-01
2.243144960257081322e-01
2.245226259985782513e-01
2.246249401981416927e-01
2.249019852695499366e-01
2.249462086263551430e-01
2.250451594049041049e-01
2.252294003807786271e-01
2.253422746181416303e-01
2.254215226087385449e-01
2.255513295276826147e-01
2.257357950163371152e-01
2.259447793294246110e-01
2.260264638289209704e-01
2.261650034230476558e-01
2.262798533975761417e-01
2.265481904116349310e-01
2.268076549476300829e-01
2.269450643647208110e-01
2.270314099125486096e-01
2.271117861122515513e-01
2.271583470516285730e-01
2.275840142074945782e-01
2.276612911798920058e-01
2.277832994479719320e-01
2.278528984353981601e-01
2.280435201653529809e-01
2.281736363676626633e-01
2.282503211961056933e-01
2.285069044505714519e-01
2.287665548808629490e-01
2.288340538168526783e-01
2.291395563421773918e-01
2.293425424590086747e-01
2.293745125224551928e-01
2.295323390890552651e-01
2.296916850902352425e-01
2.299476619633718799e-01
2.300268611056256463e-01
2.301611513972727785e-01
2.302094112419061922e-01
2.303236922445166812e-01
2.305057173508091029e-01
2.307503583747888276e-01
2.308704600029455878e-01
2.310907417134497044e-01
2.311470560897190274e-01
2.312677075498389134e-01
2.314863756878949019e-01
2.316260177828586841e-01
2.317280368940141944e-01
2.318231932242156013e-01
2.321113828242365451e-01
2.322982659007289119e-01
2.325246342236867436e-01
2.327310508344979378e-01
2.327786588370192866e-01
2.330897549742522445e-01
2.332006929818181140e-01
2.333574432787219599e-01
2.334420376000343467e-01
2.334897095273533729e-01
2.336446850022557142e-01
2.337846823223632409e-01
2.340509172483570821e-01
2.341374437489436855e-01
2.342590312313029555e-01
2.343785982014524039e-01
2.346645915643860991e-01
2.348202544051177787e-01
2.350229206097531609e-01
2.351190109677963325e-01
2.352626183590016129e-01
2.353752754530184232e-01
2.355496773524946852e-01
2.358676422629190084e-01
2.359620114522156253e-01
2.361615544095564678e-01
2.363203283780983543e-01
2.365136194842425155e-01
2.366700693734172245e-01
2.367467999232682474e-01
2.368538903919170935e-01
2.370501770769880834e-01
2.371890096303597706e-01
2.372728495099236112e-01
2.373281489831753632e-01
2.375283466391741871e-01
2.378849029568475548e-01
2.379651066123256720e-01
2.381479610453936246e-01
2.384036123224147485e-01
2.384721548946195646e-01
2.386873537711835247e-01
2.389096621207874027e-01
2.390058707198665644e-01
2.390414567519766054e-01
2.392596523685096011e-01
2.393351930124151816e-01
2.395323461605280146e-01
2.398822007298971604e-01
2.399208887105074850e-01
2.402443657191832005e-01
2.403172605984029986e-01
2.403902167962623515e-01
2.407093694547944029e-01
2.410419513930843194e-01
2.411832265646649820e-01
2.413759269849100331e-01
2.414246861907748398e-01
2.415492295958637237e-01
2.416540537209439232e-01
2.418653891733197614e-01
2.421513512719687122e-01
2.422508279913921092e-01
2.424561531288435823e-01
2.427524268848795519e-01
2.429084802073018523e-01
2.430069155809868597e-01
2.432228666974552145e-01
2.433463824962759092e-01
2.434674198794485322e-01
2.435812367523399469e-01
2.436621431454455700e-01
2.439314221975069086e-01
2.441035363512468748e-01
2.442103970516921185e-01
2.443159486934468883e-01
2.445423123400631005e-01
2.446325458108948303e-01
2.448804552549209146e-01
2.449682210468277221e-01
2.450812340004707990e-01
2.451696283706308044e-01
2.455503161253708433e-01
2.457907163726289757e-01
2.459423926852494779e-01
2.460578622796944781e-01
2.462091508036071408e-01
2.462917992655716537e-01
2.465011668350680085e-01
2.466830381720070409e-01
2.467979989864653445e-01
2.470358286363920908e-01
2.471099681796697922e-01
2.472132418545116561e-01
2.473531330017981200e-01
2.474955528759785750e-01
2.478006342396739115e-01
2.479556777442945836e-01
2.482480833331040526e-01
2.483663676209199866e-01
2.486169728676496937e-01
2.487155234887917232e-01
2.488636227753695807e-01
2.490141366226826247e-01
2.490802166370936765e-01
2.493149570772499601e-01
2.495336678868669278e-01
2.496648287174121905e-01
2.498855106848170693e-01
2.500129016064133736e-01
2.501218152777452408e-01
2.502619774489946991e-01
2.505472163099431437e-01
2.506476036367275007e-01
2.507826863999708111e-01
2.510590641366740039e-01
2.512437549086505295e-01
2.513089578388014167e-01
2.514982257975182933e-01
2.516051053971972706e-01
2.519787000277560751e-01
2.520792134314338018e-01
2.523081743460996451e-01
2.523347956236086653e-01
2.524260695828293155e-01
2.527015978932978801e-01
2.528444314526682724e-01
2.530282270575401338e-01
2.532589656418482438e-01
2.534367555320104493e-01
2.537095202146404938e-01
2.538717698984932492e-01
2.541279922637798006e-01
2.543895092784520529e-01
2.546148951902714175e-01
2.547938510153464620e-01
2.548980115318393302e-01
2.549218513333835756e-01
2.551575591250121455e-01
2.552477997688257227e-01
2.554435162361110012e-01
2.557852380446383744e-01
2.559945735107909681e-01
2.561884251591453054e-01
2.563732849188672391e-01
2.565846039956051761e-01
2.567773449615774473e-01
2.569867545066356618e-01
2.571703729384697268e-01
2.572905363042644611e-01
2.574902554984840330e-01
2.578181235471514454e-01
2.579809276748569746e-01
2.580998592004628001e-01
2.581821887983477559e-01
2.583344700775367375e-01
2.585797424840504677e-01
2.587526460875311796e-01
2.587904579069754130e-01
2.589345510384045701e-01
2.590431228955450971e-01
2.592563416929987707e-01
2.595488291197714514e-01
2.596675212396004628e-01
2.599561571587331033e-01
2.601208786411221552e-01
2.603201015112928118e-01
2.604826529543263214e-01
2.606878965008454507e-01
2.607831850425896270e-01
2.608165112436998667e-01
2.609803440704713817e-01
2.611950625628961520e-01
2.612538599554367624e-01
2.614352056428587701e-01
2.616547300623180417e-01
2.617031997558532108e-01
2.619666450590685258e-01
2.620968143822993146e-01
2.621550398325273590e-01
2.623828019921987664e-01
2.626292240154542990e-01
2.627908042436468139e-01
2.630636380826031906e-01
2.631470604202299501e-01
2.633598125181526028e-01
2.634794587982009495e-01
2.635662448435317495e-01
2.638304235501997552e-01
2.640573823154341859e-01
2.642998104171843665e-01
2.643992524986223946e-01
2.644710661203907298e-01
2.645498097966909046e-01
2.649978483713213984e-01
2.652051184483387725e-01
2.653903285123243583e-01
2.657015188116489401e-01
2.658590047522654265e-01
2.660496667514141711e-01
2.661922762759869054e-01
2.663912053920668987e-01
2.665855527486225562e-01
2.667028465560607464e-01
2.668060880841856553e-01
2.672441956918678030e-01
2.672755228129967131e-01
2.673605366100906267e-01
2.674560844086358302e-01
2.676288382716863201e-01
2.678575477982930719e-01
2.680010403688118381e-01
2.683584349725366969e-01
2.684655379037342859e-01
2.685940541888700017e-01
2.687175178667574604e-01
2.690217500821155405e-01
2.690919903746721298e-01
2.693914071114523745e-01
2.694772326228740966e-01
2.695376180250743658e-01
2.697239484295400613e-01
2.699694455575444296e-01
2.700905590897649811e-01
2.701872044566677178e-01
2.704638605843469046e-01
2.706052766639607809e-01
2.707781288746616832e-01
2.711013860477111126e-01
2.711328819750964958e-01
2.713688181568147395e-01
2.715662726180284592e-01
2.717244539047337648e-01
2.719598733275899183e-01
2.721052110345008046e-01
2.722014956229504290e-01
2.725652574127519490e-01
2.726148147770416919e-01
2.728903500870371590e-01
2.731117650639892647e-01
2.731757003642200643e-01
2.733556976674972883e-01
2.736131165322986947e-01
2.737976775889792713e-01
2.738696898645897604e-01
2.740694889790045718e-01
2.741778713988939908e-01
2.743802778087356398e-01
2.744927213808251998e-01
2.747049168080255011e-01
2.749224787366087996e-01
2.750409620062881366e-01
2.752499899640363790e-01
2.754054725657112956e-01
2.756801133513605007e-01
2.758070767064186302e-01
2.760140260885243779e-01
2.761098252843401935e-01
2.763624006529514232e-01
2.765362611460409070e-01
2.766965070868090404e-01
2.767229418320215073e-01
2.769754630180539801e-01
2.772772625555189885e-01
2.775075562371205340e-01
2.776007163285978407e-01
2.776516236906847457e-01
2.778483987856315562e-01
2.781005488348116117e-01
2.783520507779093656e-01
2.785021597783557401e-01
2.786122816431252369e-01
2.788971513859057061e-01
2.790533534111778735e-01
2.792395480526869700e-01
2.795297896222609380e-01
2.796735732661213003e-01
2.798235680022910787e-01
2.800335149748307551e-01
2.800940875529470131e-01
2.804354198349970351e-01
2.805251890085835864e-01
2.808273257211151286e-01
2.810363079284129983e-01
2.811816507337359661e-01
2.815372435305854015e-01
2.816664419056003066e-01
2.818323250238152777e-01
2.819728386854781776e-01
2.822420413691262842e-01
2.823442714547368948e-01
2.824955983386793767e-01
2.826777200941509305e-01
2.830867758879564988e-01
2.831638136167259345e-01
2.834421792060271561e-01
2.836125624945005641e-01
2.838404801279033052e-01
2.840711302482140099e-01
2.841666141466517304e-01
2.842685345876784786e-01
2.846004152848153890e-01
2.848661829270665580e-01
2.849634123268300345e-01
2.851352657983557415e-01
2.853515436734861410e-01
2.854079468245329654e-01
2.857360442415632917e-01
2.858519710596698626e-01
2.860766612100815731e-01
2.861477890031560722e-01
2.862313582627308284e-01
2.865004170043622400e-01
2.866627319250327210e-01
2.869235402577112737e-01
2.870600989752489784e-01
2.872450769983142527e-01
2.874069124504566308e-01
2.877518452591097953e-01
2.879960376522499033e-01
2.881378703592175627e-01
2.884435228061502099e-01
2.886287721431276543e-01
2.888400046849655678e-01
2.889540250373650587e-01
2.890794257723218186e-01
2.895552494805896382e-01
2.896325646728430403e-01
2.899240837910638247e-01
2.899805862720731819e-01
2.900454178954233742e-01
2.902262198341710731e-01
2.905138547651949787e-01
2.905961910651600477e-01
2.907102975200975825e-01
2.910287485225847570e-01
2.912790732128819893e-01
2.916062175919724164e-01
2.917590156213333286e-01
2.918257329749426865e-01
2.919741162125197298e-01
2.921243797562559918e-01
2.922471435632132408e-01
2.924284254618958467e-01
2.927267718496818216e-01
2.930747724209852301e-01
2.931888357446149063e-01
2.932889075680901736e-01
2.935063752374926227e-01
2.936401018996562251e-01
2.937946274899021493e-01
2.938796825538284030e-01
2.940264592074045558e-01
2.944520293422116519e-01
2.944991634247722256e-01
2.945830049334959844e-01
2.949041601362072940e-01
2.950982301970114796e-01
2.952898341898354539e-01
2.953454074240927651e-01
2.955427874130466259e-01
2.958739254754079173e-01
2.959996445188466385e-01
2.961047101476247945e-01
2.962327891351048126e-01
2.963888734134040304e-01
2.965415662387149709e-01
2.966922095026084394e-01
2.969061179300841458e-01
2.969576181566833117e-01
2.973219457971702506e-01
2.974423878038379709e-01
2.975737614729314084e-01
2.980245852607759649e-01
2.981451320453242793e-01
2.983871170986479582e-01
2.985855715225304574e-01
2.987191169064233320e-01
2.990057692258812350e-01
2.991997447508330521e-01
2.995359933401347541e-01
2.996412765507493470e-01
2.997733756587523946e-01
2.999034622114365445e-01
3.003532902477666910e-01
3.006051724858976870e-01
3.007491952415888847e-01
3.007976795221694588e-01
3.011753262027516698e-01
3.012822475917146248e-01
3.014937253018350471e-01
3.016276318052673044e-01
3.018767092031561794e-01
3.021403879401751702e-01
3.024240008592182782e-01
3.026129964443476372e-01
3.027336248161143772e-01
3.029658440173926270e-01
3.031346480528475107e-01
3.033989624187687917e-01
3.034749492785258074e-01
3.035742762488236601e-01
3.037316957865650591e-01
3.038712023325390033e-01
3.040813936898839609e-01
3.043986675909203243e-01
3.044304809652733090e-01
3.047910774426713099e-01
3.048941756672139958e-01
3.049892203321957762e-01
3.052752518383482494e-01
3.056827080577280142e-01
3.059073300504273618e-01
3.060658496240977189e-01
3.062906794826760204e-01
3.065651171174113010e-01
3.066615059881422911e-01
3.068372250471996243e-01
3.070510505362674114e-01
3.070995422901828809e-01
3.072913496316855841e-01
3.076491256012933717e-01
3.078139294392491787e-01
3.080338801039959051e-01
3.081847410211529525e-01
3.084652072875714302e-01
3.086004401106332007e-01
3.088488774322802888e-01
3.089931629533876345e-01
3.090796208592410110e-01
3.093816326913655379e-01
3.095695879414470109e-01
3.098499958225801043e-01
3.100411942478708549e-01
3.101175066963945959e-01
3.104250634161811462e-01
3.104708095961697945e-01
3.106327407682503150e-01
3.108188468831815654e-01
3.110418133169953747e-01
3.112430569373366707e-01
3.114989340959576358e-01
3.116641672650689032e-01
3.117187330992390870e-01
3.119535252883101628e-01
3.121112447347608176e-01
3.124576988503475206e-01
3.125557320871881761e-01
3.128412538845282143e-01
3.129595848968599880e-01
3.134731562598974675e-01
3.135880604241151337e-01
3.139008238002354290e-01
3.141353615636158225e-01
3.142170846960772312e-01
3.142376917831620209e-01
3.146315855140652262e-01
3.149252054358966935e-01
3.150530194219721136e-01
3.152455660748152977e-01
3.154073907011079037e-01
3.155375892952362316e-01
3.157623590373134781e-01
3.158560135954072701e-01
3.161390052070485734e-01
3.163365942315877199e-01
3.165141126568087881e-01
3.168832187960420876e-01
3.170399073268050927e-01
3.170931839027009702e-01
3.173079667442632035e-01
3.175960143333612096e-01
3.178461740359196930e-01
3.180889954507167272e-01
3.181969099828538816e-01
3.183697478881653553e-01
3.186375101924982522e-01
3.187420980212414823e-01
3.189216669131682558e-01
3.191185410829924796e-01
3.193794782874105342e-01
3.195611584614162504e-01
3.197893500338684358e-01
3.198910431820011779e-01
3.200933802182869825e-01
3.202223552456269218e-01
3.204137925765997985e-01
3.207067521062817450e-01
3.208957838862393497e-01
3.209713306047554116e-01
3.210493448938980809e-01
3.213715550850068658e-01
3.217287081991228037e-01
3.218638569739993294e-01
3.220756738727285073e-01
3.221709027121393842e-01
3.221851187548396833e-01
3.223253143371465623e-01
3.224776992157814548e-01
3.228331010923420896e-01
3.230467825044003316e-01
3.230954508828264293e-01
3.234319668860135000e-01
3.235273650074073637e-01
3.236443204453262057e-01
3.239058343600190182e-01
3.240778760745195441e-01
3.242199165882992951e-01
3.243752625545803236e-01
3.246352749230607682e-01
3.247753245669627309e-01
3.248488821511600344e-01
3.250266672436760151e-01
3.250969612563917033e-01
3.252558490430085270e-01
3.252860565711778729e-01
3.255526777368367708e-01
3.257877088140403443e-01
3.259929942629475330e-01
3.260994157022750750e-01
3.263830912208086632e-01
3.265840147124787207e-01
3.267380142328893955e-01
3.271924435953770249e-01
3.274559205934471917e-01
3.275261226164432604e-01
3.275859543767698501e-01
3.278680220784195298e-01
3.280821415199063895e-01
3.281592096142394999e-01
3.282027142367831551e-01
3.284166512009736305e-01
3.285136790222076830e-01
3.288037168317029524e-01
3.289165576948923086e-01
3.292901107434822450e-01
3.294975630716121540e-01
3.295558726233656643e-01
3.298419345418076576e-01
3.299256952286631073e-01
3.299641472676597687e-01
3.302497458073073711e-01
3.304618618390280371e-01
3.307063027177521430e-01
3.307488366883140629e-01
3.310207900570140138e-01
3.310759589213483345e-01
3.313402525571123025e-01
3.314836416421162446e-01
3.317849343413302177e-01
3.318595052544897617e-01
3.321502915166739678e-01
3.321914794192906140e-01
3.324152761462066397e-01
3.325689282713153450e-01
3.327186644680771854e-01
3.329862295204952249e-01
3.331446215072377259e-01
3.332779502126400062e-01
3.335303087219047558e-01
3.336088171221650578e-01
3.339489769045624334e-01
3.339850709765191938e-01
3.343368867499151853e-01
3.345090962852295124e-01
3.346912310641069754e-01
3.347413193919917540e-01
3.350968273094013794e-01
3.351251100228707092e-01
3.352834574135961088e-01
3.353464895962809944e-01
3.354809817188247334e-01
3.357389700315788206e-01
3.359013361442714785e-01
3.360438268998660605e-01
3.362537603396327790e-01
3.364016117653261251e-01
3.365342402191490168e-01
3.366523604342708254e-01
3.368933129734824616e-01
3.369178741210930306e-01
3.369866234757511458e-01
3.372149034319730232e-01
3.377927837944553202e-01
3.378844321400371054e-01
3.380938214422774535e-01
3.383783015465879340e-01
3.385734133341606888e-01
3.387507041284375520e-01
3.388575976297611425e-01
3.390094334200090542e-01
3.392452492558196142e-01
3.393795866075992040e-01
3.394915633927364507e-01
3.396841502483676223e-01
3.398492063889770320e-01
3.400298065484341770e-01
3.403585546183162669e-01
3.404012194859532547e-01
3.406397356263138887e-01
3.406815695028253543e-01
3.408219536674128580e-01
3.411101921022141048e-01
3.413035652644326179e-01
3.414297292699315922e-01
3.416628557817395495e-01
3.417898314062821075e-01
3.419397368193231590e-01
3.421606894558069101e-01
3.422570635757459789e-01
3.423801586621288973e-01
3.426035103326899867e-01
3.427982224009835099e-01
3.429369053142472534e-01
3.431185847071046013e-01
3.432908639684080221e-01
3.433583739941550306e-01
3.436611525903172648e-01
3.438387288965570887e-01
3.440590578158445600e-01
3.443173640543371605e-01
3.444307471680777000e-01
3.446581397760782317e-01
3.447236396570835248e-01
3.450711026592926389e-01
3.452690782066117903e-01
3.453488953140080864e-01
3.455396213074671263e-01
3.458161970866090451e-01
3.459440516013703171e-01
3.461218512834663419e-01
3.463533256931103921e-01
3.464040071471738425e-01
3.468004932751482250e-01
3.470009709356954852e-01
3.470392414497839861e-01
3.471585534049941857e-01
3.474136928404630842e-01
3.477063111274760754e-01
3.477591951153830019e-01
3.478007817312881444e-01
3.478844764416697544e-01
3.482881354758035064e-01
3.483634592980829336e-01
3.486959925704516960e-01
3.487197165755827055e-01
3.490193289506270946e-01
3.493619228494757589e-01
3.494577587959296627e-01
3.497857395635886602e-01
3.499910056216178900e-01
3.499990473519949408e-01
3.500826899247788115e-01
3.504177532694074393e-01
3.506456347119207284e-01
3.506727984546189059e-01
3.508042275012621669e-01
3.510145242995311166e-01
3.511044989886927814e-01
3.513480002309865569e-01
3.514894464330319268e-01
3.517412313361804044e-01
3.518921476009063687e-01
3.521504828022180011e-01
3.522691389940963980e-01
3.524654306219618949e-01
3.525069506121388252e-01
3.528194213469987850e-01
3.529280459225407340e-01
3.531192940690983662e-01
3.534833930716077544e-01
3.536853153089465351e-01
3.538183125371801574e-01
3.540869239166964388e-01
3.542830613068085333e-01
3.544096350567562115e-01
3.545720382185595376e-01
3.547954086293754195e-01
3.549185576781915263e-01
3.550043846188060681e-01
3.551807144229119362e-01
3.553309402506213965e-01
3.555475691593526499e-01
3.557029315532767577e-01
3.558746877551492993e-01
3.560835807118678531e-01
3.561800833078669348e-01
3.562245443120358179e-01
3.564671575026715500e-01
3.566803022488017616e-01
3.568125858333753286e-01
3.569908058009468310e-01
3.571357907662190967e-01
3.572560237571741903e-01
3.574880117860613771e-01
3.576954681763994115e-01
3.577814316941675954e-01
3.581721261123442801e-01
3.582478036746274408e-01
3.583034155452474723e-01
3.584125433145239348e-01
3.587951636448717951e-01
3.588546391971548788e-01
3.591376067791421933e-01
3.591972183541187746e-01
3.594630425471974089e-01
3.595857155172130226e-01
3.597312546605395678e-01
3.602951075886692833e-01
3.604623847383107704e-01
3.605031821750046550e-01
3.607933581658513966e-01
3.608836164031896665e-01
3.609948463798430263e-01
3.612532134339139778e-01
3.615197027771190341e-01
3.616621939520843210e-01
3.617179295669943340e-01
3.619055098492858780e-01
3.621195864007275000e-01
3.621740300301017901e-01
3.624675728826952659e-01
3.625995769180986317e-01
3.629117023144642906e-01
3.630087001950429992e-01
3.633252146262819782e-01
3.635875332364217893e-01
3.637953250411466999e-01
3.639511142770184282e-01
3.641613017283535370e-01
3.643510756358253611e-01
3.644056052460343254e-01
3.645959927512368304e-01
3.647926378200967990e-01
3.649165662978954838e-01
3.651200295579046240e-01
3.653744220374848806e-01
3.656108335065576531e-01
3.656765904859388683e-01
3.658206623498481136e-01
3.660085660711277500e-01
3.663515449698480086e-01
3.665737986131152870e-01
3.667911470944364982e-01
3.669250833164094394e-01
3.669993000713790976e-01
3.672310253224910781e-01
3.674457698841365749e-01
3.674888948627774155e-01
3.678303820989751172e-01
3.680076891356620639e-01
3.682502544816225187e-01
3.682936896132326665e-01
3.684652393659982872e-01
3.686253738315357076e-01
3.687872127828016322e-01
3.689484931671770385e-01
3.689704937244492888e-01
3.693641429195610448e-01
3.694646707536868857e-01
3.696305724054456676e-01
3.697134430414263373e-01
3.702317264109609152e-01
3.704104135141623733e-01
3.704659653251154428e-01
3.705766599675753836e-01
3.706817541710170083e-01
3.709805276243657302e-01
3.711662614173139585e-01
3.712288374536777402e-01
3.716650880295298554e-01
3.717498867495663273e-01
3.718641938273533620e-01
3.720597386248143401e-01
3.723766689921804707e-01
3.724214987107841157e-01
3.725605936256361495e-01
3.728307917570494734e-01
3.729746649887301091e-01
3.731900732236735352e-01
3.733337994829463158e-01
3.736110289414381058e-01
3.736488629342257228e-01
3.740214531499144179e-01
3.741870323030983547e-01
3.742655113412494683e-01
3.746273443014800364e-01
3.748529466885011097e-01
3.750159047713598204e-01
3.750609912654936373e-01
3.751479336309135326e-01
3.755031013823590946e-01
3.757051012828863668e-01
3.758217216072335387e-01
3.761207697164712926e-01
3.762883277742346544e-01
3.764062166668580289e-01
3.765952007661459988e-01
3.768855275059033172e-01
3.769740630819725657e-01
3.771121021732826151e-01
3.773744722289099074e-01
3.775421716960351559e-01
3.778137988383082901e-01
3.780549397365451925e-01
3.781946260013672179e-01
3.782255778697536375e-01
3.785408581602686118e-01
3.788285732631900271e-01
3.788434838180290698e-01
3.792984992890523488e-01
3.793464354092634383e-01
3.794655148427407143e-01
3.797123807651160421e-01
3.797983388111498271e-01
3.800353451525415038e-01
3.801541902060142641e-01
3.803263336228984715e-01
3.807469472508799302e-01
3.809453952706309265e-01
3.810029253663108628e-01
3.811523728532593691e-01
3.812631735913337705e-01
3.814907017348657670e-01
3.816085934698192905e-01
3.818116041095538926e-01
3.819541743646435172e-01
3.819818344321644910e-01
3.821757555289264086e-01
3.824257796156944611e-01
3.826229087397567397e-01
3.828779014538556402e-01
3.831103177333692877e-01
3.832644814757006912e-01
3.833666895459930113e-01
3.834629933768960997e-01
3.835923140516708796e-01
3.838486493951200895e-01
3.843592247827364861e-01
3.844620975103514859e-01
3.845913131617501035e-01
3.847012695426820228e-01
3.847837443807359259e-01
3.852145084690216659e-01
3.854648943357685820e-01
3.855976191364283157e-01
3.858797225058975822e-01
3.860014669462649706e-01
3.860450499577688377e-01
3.862092247813980750e-01
3.865706591656543623e-01
3.866448746183736573e-01
3.867840152831880651e-01
3.870667974831684122e-01
3.870971762906097458e-01
3.871885970664392107e-01
3.875795507856316102e-01
3.876119029436424501e-01
3.878326245881885126e-01
3.880447428993019643e-01
3.884416054755960301e-01
3.885085072944730600e-01
3.885315527216673392e-01
3.888709859917492406e-01
3.889377758098370719e-01
3.890929843980979186e-01
3.892626850461502475e-01
3.892907625663803439e-01
3.894552738657871549e-01
3.897015281428269362e-01
3.901044086921432452e-01
3.902611523491287815e-01
3.905256431571684228e-01
3.906326074464702702e-01
3.907442421922502906e-01
3.910880100985886232e-01
3.912628531430798473e-01
3.914714026481480036e-01
3.917877923209028834e-01
3.919523622724943035e-01
3.919989552427798341e-01
3.923073504273297263e-01
3.926678446352073748e-01
3.927709146344426916e-01
3.928175757700643200e-01
3.931687330483414344e-01
3.933738798324943886e-01
3.934779109431784661e-01
3.936461042502934493e-01
3.939378342500534647e-01
3.940697895230279024e-01
3.941430150409313549e-01
3.944554990449624099e-01
3.945749183666950044e-01
3.946875020830177827e-01
3.951674203789244388e-01
3.953280623587662190e-01
3.955126981827664090e-01
3.956003981689622528e-01
3.957511074876786106e-01
3.958808937686861817e-01
3.962659252804522914e-01
3.964478784860918092e-01
3.966012365472715295e-01
3.968531734528290555e-01
3.971081900999522962e-01
3.971827544714355840e-01
3.973877320224530885e-01
3.974444873895844332e-01
3.977700278298760272e-01
3.979507503577163763e-01
3.981893187659157340e-01
3.982951511587805027e-01
3.985989990212848166e-01
3.989407149720524126e-01
3.990177132139737237e-01
3.991093569119510409e-01
3.994263679629417862e-01
3.994989606260005988e-01
3.998838342463688078e-01
4.000071803153336103e-01
4.001526901256003965e-01
4.003385046006662784e-01
4.005232113923973825e-01
4.006143522336544360e-01
4.009155373029662517e-01
4.010568896602775824e-01
4.012681360332736036e-01
4.013616261835246668e-01
4.015526982194949634e-01
4.017928262859513655e-01
4.019995639947893107e-01
4.021370525599723411e-01
4.023518021375054876e-01
4.024590787210812204e-01
4.028384798318417892e-01
4.029709307002487528e-01
4.031412642584095707e-01
4.033070379159747199e-01
4.035230359636119979e-01
4.036523671505178323e-01
4.036856174974745581e-01
4.042921589301354257e-01
4.046133701276832251e-01
4.046751669828133058e-01
4.048905918093532175e-01
4.049307193796124471e-01
4.051527828395547481e-01
4.052586527889809331e-01
4.054715873308522012e-01
4.055853852806310389e-01
4.059247198432813231e-01
4.061407699444580244e-01
4.062289597572890099e-01
4.064417920384623684e-01
4.066020379060649170e-01
4.068334001034258351e-01
4.070708569363041263e-01
4.071607579804153998e-01
4.074839375216530724e-01
4.076800311102868890e-01
4.077746281639655912e-01
4.078471024900099384e-01
4.080466724350901297e-01
4.082870091433927207e-01
4.083841035675920272e-01
4.084156689974415277e-01
4.089573938206796933e-01
4.091644170941311498e-01
4.094558738979316992e-01
4.096630929268929577e-01
4.097284740754768562e-01
4.099451725506947919e-01
4.100219452578058310e-01
4.102596120461875495e-01
4.104754067858843447e-01
4.108209422091176344e-01
4.110119337871313006e-01
4.110830472169823557e-01
4.113172380909117520e-01
4.114707950720218887e-01
4.115863544416282216e-01
4.117701054054769827e-01
4.121706486314232198e-01
4.123936424847926552e-01
4.125944804707619706e-01
4.128111892855071408e-01
4.129295314341683287e-01
4.132447377035110003e-01
4.135178374833559101e-01
4.136144840768818942e-01
4.137824929058928070e-01
4.139870789896002989e-01
4.141450867863784024e-01
4.143668773207301315e-01
4.146583806430794161e-01
4.147154677034505244e-01
4.148563329550706280e-01
4.150966289980618229e-01
4.153109832470878171e-01
4.156359452278440836e-01
4.157617318666502748e-01
4.159683783671840329e-01
4.160726197303808438e-01
4.162644568026466207e-01
4.164851644328779190e-01
4.165733883560901463e-01
4.169228815993186732e-01
4.171184243372201284e-01
4.172508273831231351e-01
4.174934517567017167e-01
4.176216376940192765e-01
4.177868963876464337e-01
4.180686241657300961e-01
4.180767296789633103e-01
4.184018838548298480e-01
4.185563826285064737e-01
4.188116630536423135e-01
4.188744704271878394e-01
4.191395338348125610e-01
4.194064770955226451e-01
4.195849142642902874e-01
4.198782029494624868e-01
4.200450528348512735e-01
4.202780945573470484e-01
4.203757513958199521e-01
4.205664013737598905e-01
4.207077257137846749e-01
4.211152273180319705e-01
4.211998365576094527e-01
4.215695358555631711e-01
4.216181974490849638e-01
4.218081951464501267e-01
4.220087918465875165e-01
4.220785421546144889e-01
4.222767944548499464e-01
4.224020300101763437e-01
4.225297350058410117e-01
4.231067470233568217e-01
4.231963728791067747e-01
4.233287952300889279e-01
4.235936442990906325e-01
4.237992836927815254e-01
4.239431801548875778e-01
4.241594360390322782e-01
4.244179780302682614e-01
4.247020409088603232e-01
4.247535978909949828e-01
4.250283706082835788e-01
4.253737072723551282e-01
4.255376649522585875e-01
4.256820391400900627e-01
4.258343670786008950e-01
4.261538075347385268e-01
4.262371844859312864e-01
4.264869008474333478e-01
4.265695469863690636e-01
4.268346619139121723e-01
4.270874240206445904e-01
4.271545043426255295e-01
4.273826324105497454e-01
4.277535751258496055e-01
4.278751286607150317e-01
4.280484578481182356e-01
4.281475977949490419e-01
4.282778972495096537e-01
4.284399803765223669e-01
4.287387392311359235e-01
4.288167908230652303e-01
4.289185214216710840e-01
4.290709338416475727e-01
4.296510968406486719e-01
4.297127039236068868e-01
4.300069081937700766e-01
4.301774057841217247e-01
4.302758293030073955e-01
4.307951946766548912e-01
4.309285144243802379e-01
4.313315764688381293e-01
4.315138663717908440e-01
4.317375874487261456e-01
4.318946512398037507e-01
4.321456999001033750e-01
4.321855313504264773e-01
4.324254049153278823e-01
4.324978400314052340e-01
4.327405456695280206e-01
4.329990925966149540e-01
4.331946425399383904e-01
4.332204739925111237e-01
4.334208587926832168e-01
4.337583264877531986e-01
4.338168162743221146e-01
4.340746530063171460e-01
4.342253779576223383e-01
4.343114333524145110e-01
4.347032026959286033e-01
4.350150984961047018e-01
4.351887427728051150e-01
4.353132164046016883e-01
4.355933442586318871e-01
4.357602036876567775e-01
4.359040105201068549e-01
4.362123806197677478e-01
4.362652868069439860e-01
4.363912395846097914e-01
4.366652879770095419e-01
4.370553703440475668e-01
4.372982666560477627e-01
4.374887005468112156e-01
4.377782859343142263e-01
4.378914588986667633e-01
4.382681236482341425e-01
4.384033402911005073e-01
4.385425180170550163e-01
4.387285479153779644e-01
4.390842908052315363e-01
4.391604178283622373e-01
4.394037493283272089e-01
4.397411301750356882e-01
4.399267646855550273e-01
4.400389601747379809e-01
4.403717632303164042e-01
4.405185459910609946e-01
4.405377226498940479e-01
4.405980844120005457e-01
4.411755321533815666e-01
4.412635079281208572e-01
4.415494262705470518e-01
4.417550356220212304e-01
4.420486051211054979e-01
4.422523699533145169e-01
4.424441347151775172e-01
4.426870010075729667e-01
4.428088900516062854e-01
4.430609755069025435e-01
4.432585960037705997e-01
4.436122104851395465e-01
4.437625590708852430e-01
4.439521650259533048e-01
4.440055489987064230e-01
4.441041376693247722e-01
4.447859319434911973e-01
4.449954725926603127e-01
4.452931286732073057e-01
4.453859398110897039e-01
4.456115951366464434e-01
4.456841898816699121e-01
4.458782457403147603e-01
4.460166903711078046e-01
4.462352334438928758e-01
4.466359349941376733e-01
4.466761268620879077e-01
4.468826874782359515e-01
4.471928906158992856e-01
4.472499461301080448e-01
4.474968173877853506e-01
4.475965101542980218e-01
4.479552109895225120e-01
4.482966876467692208e-01
4.484215507500403652e-01
4.488068364928574083e-01
4.488368799199281556e-01
4.491557452651289140e-01
4.493011603376698138e-01
4.494360004194982161e-01
4.497747670259415464e-01
4.498300879192503321e-01
4.500162091142395626e-01
4.502005504047515427e-01
4.506404473308054381e-01
4.507872454312506494e-01
4.510700955402901502e-01
4.511373730671588422e-01
4.513316514734055374e-01
4.515694168716979373e-01
4.517182715495463574e-01
4.518903625329608875e-01
4.519307841512615886e-01
4.523949297012454518e-01
4.526653707206470534e-01
4.528331412046359694e-01
4.528617024070795138e-01
4.532854951012706968e-01
4.534521952407578604e-01
4.536575342838798375e-01
4.539616540906379893e-01
4.541896086385663889e-01
4.544564171956321230e-01
4.546707904434971748e-01
4.549987776342075407e-01
4.551333192321768140e-01
4.553544312608724942e-01
4.553712484152561690e-01
4.558278128895835724e-01
4.558571727513493488e-01
4.560803180359308540e-01
4.563056711650845809e-01
4.564308667575470713e-01
4.567956070455717610e-01
4.568723213538979366e-01
4.569854885033917680e-01
4.572302737947372964e-01
4.573095714702199999e-01
4.577053295176030656e-01
4.578065407997953806e-01
4.580446429645956830e-01
4.583270741553432392e-01
4.586397685190783391e-01
4.589204460716895806e-01
4.592818202315031018e-01
4.593452224959161945e-01
4.594314762560973708e-01
4.595364123553088431e-01
4.600397738531439851e-01
4.601982503443762251e-01
4.603952924371369493e-01
4.606591842448226060e-01
4.608735594449300810e-01
4.609671619764106332e-01
4.613623223138405005e-01
4.615642061590948808e-01
4.617044497525665259e-01
4.617785019290441828e-01
4.622548449610919818e-01
4.624424222264927331e-01
4.627491531353580267e-01
4.628911031381973129e-01
4.631240648459621911e-01
4.632914341810350778e-01
4.634955015999754901e-01
4.636627931697804850e-01
4.639536078130783170e-01
4.642229039938546853e-01
4.644335085651598583e-01
4.646267364539982125e-01
4.647952632001277062e-01
4.649222400845392511e-01
4.652275130471565379e-01
4.653811113054698856e-01
4.656149252654987469e-01
4.660440793178386998e-01
4.661849814130809011e-01
4.663100962576889885e-01
4.665814160542518518e-01
4.668842292624095780e-01
4.670310357657095346e-01
4.673087640710295032e-01
4.674961947318159172e-01
4.678432768315912149e-01
4.681743555250956201e-01
4.683618353418005920e-01
4.684438063557012644e-01
4.686356828214462977e-01
4.689370101541171509e-01
4.691645387879680440e-01
4.693848182903321287e-01
4.694586500406507934e-01
4.696112067130150947e-01
4.698056297684192750e-01
4.699021507520401708e-01
4.703015800184558448e-01
4.705041663827989051e-01
4.709376704889889909e-01
4.711406925874983553e-01
4.711686684526404933e-01
4.714981979967962644e-01
4.718330970235594113e-01
4.721383412684848624e-01
4.722451300224850823e-01
4.726605249534414077e-01
4.728485554617125053e-01
4.730556862224675752e-01
4.730819059085484835e-01
4.736720620002658477e-01
4.737003494207798759e-01
4.739923029208284455e-01
4.742597559386890760e-01
4.744242187511943376e-01
4.746194644282811792e-01
4.749251689392256504e-01
4.751817821280128751e-01
4.752958216764401334e-01
4.755631780148560361e-01
4.757205036285159228e-01
4.760572532353181674e-01
4.762045432983582627e-01
4.765084330430476300e-01
4.765547826922648667e-01
4.768124368085687736e-01
4.769466329877932176e-01
4.772991305170374843e-01
4.773800235701044503e-01
4.776910775607141613e-01
4.781482807972547988e-01
4.781685887933795898e-01
4.784882036419281781e-01
4.786474291113960722e-01
4.788957501827976748e-01
4.789947960936643545e-01
4.794177618219006565e-01
4.796141564387144118e-01
4.798699077489156362e-01
4.800085046239239706e-01
4.802828669168085485e-01
4.804250650078774609e-01
4.806285801029699378e-01
4.809608480189714319e-01
4.811507033683563028e-01
4.815663878440265555e-01
4.817653873766608030e-01
4.820742543908683730e-01
4.823371875320930924e-01
4.825093653683902306e-01
4.828520271634997307e-01
4.830843013016447585e-01
4.834811017483842122e-01
4.837299408585405969e-01
4.839446537521928660e-01
4.841568070096335941e-01
4.841662080461152096e-01
4.845757126895681166e-01
4.845906021587872980e-01
4.849710248794208978e-01
4.852575571617293027e-01
4.853961375417947255e-01
4.854983160546783583e-01
4.858202314163129754e-01
4.860559073019010135e-01
4.862930816674280732e-01
4.865258700765824340e-01
4.866021155819271748e-01
4.868587035764015969e-01
4.871607851965335523e-01
4.873217324464245714e-01
4.876405863809892272e-01
4.878014400587220023e-01
4.880375776970734547e-01
4.882707419473402144e-01
4.883790134850374276e-01
4.886522174499249860e-01
4.890467994295798482e-01
4.891783580457856884e-01
4.894696930300627691e-01
4.897119033142317002e-01
4.901497381252992169e-01
4.903574236243240514e-01
4.905219217430424328e-01
4.907030710376649729e-01
4.909229835315058743e-01
4.910392971814255825e-01
4.913851603151940806e-01
4.917087043846345429e-01
4.918527592691306904e-01
4.920641052470788868e-01
4.923191929289753577e-01
4.924656143912798378e-01
4.926522374834323981e-01
4.930520658124208366e-01
4.933535739081693072e-01
4.936524253202677626e-01
4.938082551945731091e-01
4.940403117207272099e-01
4.943017358613421286e-01
4.945834487740477514e-01
4.949275134285697764e-01
4.950352306695014470e-01
4.952422061096952710e-01
4.956397394215815155e-01
4.956845063557803743e-01
4.958942106604846689e-01
4.961646856608202261e-01
4.965281196628590354e-01
4.966258659147798071e-01
4.967036898714087823e-01
4.972854138618046371e-01
4.976068851832242679e-01
4.978705795940714385e-01
4.983262097405535829e-01
4.986788701268360935e-01
4.989465179651107474e-01
4.991621693033926888e-01
4.992706911215848975e-01
4.996558809947453383e-01
4.998109975282559736e-01
5.002251321796764572e-01
5.003718189188677279e-01
5.008270831753655061e-01
5.010246084403680022e-01
5.012093637284270597e-01
5.014354254186029758e-01
5.015932115337720099e-01
5.019669967558533230e-01
5.021476331485581479e-01
5.024744765481541364e-01
5.030062175489117271e-01
5.032067243414574120e-01
5.034090430750494116e-01
5.035630981151479890e-01
5.039412313544232580e-01
5.042809125545614224e-01
5.046426672519489509e-01
5.048336500440913088e-01
5.051408002044747159e-01
5.052655392822196223e-01
5.053729983621529920e-01
5.055674261088300980e-01
5.059741117610162542e-01
5.062121201783116309e-01
5.063324258816703782e-01
5.066585280985840267e-01
5.070570207742048918e-01
5.072252129218686179e-01
5.074141871579641583e-01
5.078147888909209096e-01
5.081278955751358239e-01
5.082754268330159642e-01
5.085021382998977657e-01
5.086305143125324779e-01
5.088187318044760099e-01
5.094014234396191387e-01
5.097233364947406642e-01
5.102668504818010931e-01
5.105565031913882335e-01
5.107066666675714739e-01
5.108794062914950862e-01
5.110963629326316093e-01
5.114415197520505441e-01
5.119140552968215463e-01
5.122144331640297032e-01
5.125059684762235390e-01
5.125328081271167679e-01
5.127117666395712980e-01
5.130041358482136937e-01
5.135773187292417274e-01
5.137208244016790992e-01
5.138938846990741549e-01
5.141580836786624475e-01
5.144144333303993788e-01
5.150434109684517425e-01
5.152003950054834247e-01
5.154185223345718603e-01
5.157734582336553908e-01
5.159387951368878955e-01
5.161512544032688110e-01
5.165420759462548972e-01
5.168842617269011619e-01
5.170964069608446900e-01
5.171413232078814204e-01
5.175766192681267031e-01
5.178608969251997651e-01
5.181109235379063316e-01
5.183940641099074043e-01
5.186427706116385483e-01
5.189373864065338626e-01
5.192663874093633725e-01
5.196453986431904815e-01
5.199579284627118270e-01
5.203107034181184698e-01
5.204758994837117569e-01
5.209423472300150904e-01
5.210647054661116107e-01
5.215760500347765838e-01
5.217247639746932508e-01
5.219457992441981498e-01
5.221958941867628212e-01
5.222370885601350654e-01
5.229254315327978020e-01
5.231702925645606017e-01
5.236069064581615473e-01
5.238267022507505644e-01
5.238796620383550096e-01
5.242530921712331704e-01
5.246914782052297666e-01
5.250703776162291003e-01
5.253178231177134672e-01
5.256735499629426878e-01
5.259885420299598158e-01
5.263156737051876144e-01
5.267882007276282197e-01
5.270516135387465217e-01
5.272153286887796275e-01
5.277277567964571148e-01
5.278635073017979851e-01
5.278978690871887203e-01
5.282165282597981459e-01
5.284281832058586037e-01
5.287510095633042306e-01
5.293772697251052373e-01
5.295302280401275041e-01
5.297738520009467322e-01
5.304164131160016282e-01
5.306826261667794142e-01
5.310857614285805495e-01
5.316968457175887952e-01
5.318801544277197424e-01
5.321155837422860690e-01
5.323860462006638761e-01
5.327927344392399123e-01
5.331602532872342648e-01
5.333063174377282722e-01
5.335924645449608983e-01
5.337482027752015190e-01
5.339649245819645396e-01
5.346834103523167014e-01
5.347444688444473737e-01
5.349943458927208795e-01
5.354424968675984831e-01
5.356740508407699108e-01
5.359172080755894019e-01
5.362780092089083350e-01
5.364409966654601902e-01
5.367758067429251323e-01
5.371445090703089731e-01
5.377856960842045675e-01
5.381879567518942364e-01
5.382551678605864698e-01
5.387480372105049042e-01
5.392433966540224333e-01
5.393045915452099326e-01
5.396504277932090421e-01
5.398862158940860301e-01
5.399707672045545026e-01
5.408273497641531424e-01
5.412307628874984955e-01
5.414266400667682166e-01
5.418521008581426157e-01
5.421270635565512697e-01
5.422208097077552136e-01
5.427244997570788154e-01
5.429559238985826042e-01
5.431699049951556058e-01
5.434400990829767464e-01
5.441866204182580491e-01
5.442749246429560150e-01
5.447890437068717562e-01
5.452225313047659450e-01
5.454797298374437498e-01
5.456900976194010155e-01
5.464378933566643726e-01
5.467441314387473383e-01
5.469463449339992955e-01
5.471428323645223246e-01
5.475861653479398017e-01
5.478144736940675497e-01
5.479918505911947069e-01
5.487363703460782505e-01
5.489857345691239177e-01
5.495456106932764540e-01
5.501166285379239795e-01
5.503498406813516208e-01
5.504293011276666370e-01
5.510216643829500827e-01
5.513722125253718298e-01
5.516810487059963242e-01
5.520033866141169643e-01
5.524069438197561910e-01
5.525706180053474581e-01
5.531075726279609528e-01
5.532986186697388398e-01
5.538668036904094150e-01
5.542686720356074792e-01
5.544506635303571018e-01
5.548677661594664245e-01
5.552186479210448056e-01
5.554392682104184464e-01
5.557170177192022331e-01
5.558454456960472134e-01
5.561899371085305965e-01
5.565050574552663498e-01
5.569512339432468595e-01
5.572260034356494307e-01
5.579701574711947165e-01
5.583165156216175484e-01
5.587220669943835372e-01
5.592136514038357209e-01
5.594996318054602513e-01
5.597933664749451532e-01
5.601068997723432918e-01
5.604505210098084111e-01
5.605441247242277658e-01
5.611480819144082366e-01
5.618379919697571445e-01
5.621091282656973664e-01
5.628585014013237631e-01
5.634270608878390041e-01
5.637196059142007831e-01
5.640102544486126357e-01
5.642960351133219365e-01
5.644528993991355659e-01
5.647841354954075133e-01
5.650007875940569191e-01
5.655437912179041016e-01
5.661188131275903812e-01
5.663149288767231893e-01
5.666621504694726585e-01
5.668497430830917727e-01
5.678697143110390533e-01
5.681657968802172887e-01
5.682545815965049929e-01
5.685714660619893834e-01
5.687847850196496857e-01
5.694591755003982625e-01
5.701123366866668318e-01
5.707007838327146088e-01
5.711058380918605515e-01
5.716053793555504470e-01
5.717998951864957657e-01
5.722161852575536889e-01
5.725497787068231093e-01
5.726199239263090046e-01
5.729547179673257773e-01
5.734456611223374134e-01
5.740212979043917141e-01
5.742650700451373824e-01
5.743151846973509889e-01
5.746305592204340451e-01
5.746832073341660019e-01
5.756570784037871036e-01
5.759023925802300159e-01
5.761708088917698589e-01
5.762756997239587564e-01
5.768763192991689381e-01
5.776337874005192941e-01
5.778076493356455456e-01
5.780293822071779219e-01
5.788445751450119747e-01
5.790697901816849180e-01
5.795972379928423512e-01
5.802772977157979462e-01
5.803804390058694418e-01
5.807614664029264739e-01
5.809664393226311452e-01
5.818334872995217788e-01
5.829453945777310908e-01
5.830920697378988438e-01
5.834263681279973079e-01
5.837621366612839591e-01
5.845713844568716233e-01
5.852228617929143839e-01
5.855211255679310112e-01
5.860824900423839967e-01
5.863192573410257458e-01
5.864785435595221141e-01
5.867116195706103543e-01
5.871181831227806347e-01
5.876573275959110498e-01
5.879802823877730011e-01
5.885716954243378485e-01
5.892617186154975872e-01
5.897054551131192257e-01
5.903471703017182382e-01
5.906945227776997376e-01
5.913943657808031773e-01
5.915408389736065420e-01
5.920372781172377197e-01
5.922457814605077697e-01
5.930714720967468212e-01
5.937099668545702258e-01
5.939104002681738770e-01
5.945457923721813032e-01
5.947294081855970527e-01
5.955463036913756225e-01
5.957158440860143012e-01
5.966343642438448613e-01
5.967816468688383891e-01
5.968811501931136076e-01
5.972555380572912576e-01
5.982982112684290810e-01
5.987219612164310645e-01
5.990566592081216779e-01
5.994376940530569131e-01
5.994689447178634945e-01
5.999411953159067279e-01
6.004880693001507508e-01
6.014207033197733754e-01
6.020175173780943911e-01
6.022184068790255029e-01
6.030138376630772568e-01
6.033825693685371805e-01
6.035642830031402450e-01
6.045802422031089085e-01
6.046620313481926301e-01
6.050292049805272576e-01
6.057685423030138017e-01
6.065854900868712374e-01
6.071171596825967187e-01
6.076729114280843280e-01
6.081236566378158681e-01
6.087399705545954998e-01
6.092398389436202155e-01
6.097921206461272003e-01
6.104706687388379294e-01
6.108277721421965234e-01
6.115706170876198389e-01
6.119280559928070851e-01
6.121848368929075912e-01
6.129073097733904740e-01
6.137987399300155467e-01
6.141647656341836514e-01
6.146834014748677744e-01
6.151360739266343858e-01
6.154556473000385441e-01
6.158142341562098387e-01
6.165037005285447513e-01
6.177174261147195811e-01
6.178244617412697037e-01
6.184386430740720364e-01
6.191094897861729729e-01
6.192231930702337683e-01
6.199447818801960830e-01
6.204698605158917024e-01
6.209620609514255873e-01
6.220665397809503894e-01
6.222675451382921885e-01
6.224628087944378274e-01
6.227903659230171751e-01
6.236341644803150563e-01
6.243076038350059420e-01
6.248165507823382203e-01
6.253856401734062542e-01
6.258832382163520558e-01
6.268343383678998126e-01
6.271639561289199527e-01
6.277492848590287000e-01
6.278294417848648834e-01
6.292838410009632399e-01
6.298090791940863520e-01
6.300591682169462970e-01
6.312721051028741259e-01
6.317165111088112184e-01
6.320896392370460859e-01
6.327019531729067836e-01
6.337177598412586654e-01
6.343964525372676189e-01
6.352402903127859490e-01
6.362755819715048000e-01
6.364035238863743338e-01
6.369514119142807296e-01
6.372647821396042467e-01
6.376221269646243917e-01
6.383559656506258007e-01
6.392844658766030363e-01
6.395905956940114434e-01
6.400838665902014446e-01
6.411852366072740006e-01
6.415540550015361720e-01
6.427661206079379186e-01
6.433177643829368630e-01
6.442224116090515817e-01
6.447204978488498828e-01
6.449926033776708367e-01
6.455078065383306196e-01
6.465031990461406197e-01
6.471970324302123156e-01
6.476150394148563194e-01
6.478182462844876977e-01
6.488436214787668410e-01
6.490081514692672693e-01
6.497220065199776906e-01
6.507502640096753943e-01
6.511054624437051519e-01
6.524373534174701117e-01
6.532252155161832885e-01
6.540020017103486127e-01
6.547011023181162903e-01
6.553689583438703226e-01
6.561889462817273033e-01
6.564785659217835523e-01
6.574860905729142946e-01
6.579968910226196011e-01
6.587690447987145648e-01
6.600863868962227876e-01
6.609030623692173645e-01
6.619718230555602378e-01
6.629931007460084791e-01
6.636178720130708752e-01
6.641266898511282157e-01
6.650792313603519634e-01
6.663448941925950164e-01
6.667871103145323053e-01
6.673330584224574924e-01
6.676780469634934212e-01
6.691517853000301663e-01
6.696768134854395038e-01
6.704439281127074768e-01
6.708915939688953056e-01
6.713462178768585531e-01
6.716579320819812127e-01
6.733252364494440867e-01
6.735623642819985601e-01
6.749804657831156574e-01
6.753042102363077115e-01
6.775875637864408052e-01
6.781959931566703403e-01
6.787036697653638928e-01
6.797613077715938257e-01
6.800210407078233210e-01
6.810736372799872651e-01
6.824060805095872873e-01
6.827417678358123077e-01
6.841779546692853264e-01
6.848525372693591295e-01
6.860056493964660218e-01
6.868322536187155825e-01
6.872363707958025758e-01
6.886582612951266391e-01
6.891907684505544918e-01
6.904137583451209759e-01
6.919859459057666751e-01
6.925145371337463329e-01
6.940345901351011593e-01
6.945977126902580512e-01
6.963600931595874677e-01
6.969334186329994019e-01
6.997157876617757788e-01
7.008587071310612426e-01
7.013492824655482849e-01
7.027828241432466649e-01
7.049287710141438623e-01
7.060482167629994477e-01
7.068938312206448638e-01
7.075044882863023021e-01
7.086091601084348879e-01
7.101596760457168367e-01
7.112821443274219835e-01
7.123245419477155504e-01
7.131023145051970102e-01
7.166078182945914143e-01
7.185682422472210451e-01
7.201242783425292338e-01
7.221205096800813461e-01
7.236103258926431803e-01
7.246913690343101955e-01
7.249205087134462655e-01
7.276275514940466760e-01
7.281290643776737737e-01
7.292755857817257992e-01
7.303358550854179843e-01
7.311560569493386064e-01
7.334674204731895797e-01
7.345791291688423819e-01
7.377782238798372694e-01
7.399432246161136151e-01
7.403852869638207768e-01
7.431483968392128547e-01
7.456782552258436336e-01
7.464530668745525954e-01
7.502933395747325429e-01
7.504365180041092653e-01
7.526113167419796746e-01
7.536570127449635503e-01
7.562569872861950593e-01
7.566792664829493642e-01
7.587814841152361600e-01
7.625994183356048506e-01
7.644043061976396602e-01
7.653474029872379125e-01
7.701068416399523553e-01
7.726401000016605014e-01
7.763627714018183079e-01
7.793835149853883815e-01
7.796958823597384125e-01
7.846883120381793475e-01
7.867544434457016678e-01
7.884317804156183440e-01
7.931856612020181663e-01
8.004002246704591261e-01
8.019931444249888131e-01
8.032291310363024461e-01
8.036633020157019081e-01
8.087934109079121248e-01
8.127170718696548057e-01
8.140927858967483832e-01
8.155873255494862084e-01
8.172737850570860330e-01
8.279581763482420920e-01
8.383623358787549718e-01
8.425284818470540893e-01
8.440902818767828109e-01
8.466853551724625726e-01
8.484068532314911204e-01
8.563507728284416309e-01
8.682633101067632753e-01
8.785442099969684726e-01
8.967983092184941274e-01
9.415744078931821415e-01
1.000000000000000000e+00
