# SF-29 N2 candidate (i) i0 field=generic3d eps=0.25 N=12: sorted relative singular values of the dense central-FD Jacobian at the final_iterate state (rows F_i=-q(L_i-S_i); smax=2.209721e+03)
2.188028e-06
1.795482e-05
2.340355e-05
5.050142e-05
6.233963e-05
7.656627e-05
1.003990e-04
1.200054e-04
1.420853e-04
1.600370e-04
1.763724e-04
2.140632e-04
2.233086e-04
2.825253e-04
2.927633e-04
3.261999e-04
3.579198e-04
4.117220e-04
4.743800e-04
4.863659e-04
5.323306e-04
5.927399e-04
6.033532e-04
6.544789e-04
7.065581e-04
7.304367e-04
7.807009e-04
8.211591e-04
8.670229e-04
9.270494e-04
9.632642e-04
1.027288e-03
1.062255e-03
1.135830e-03
1.174209e-03
1.200845e-03
1.257650e-03
1.270462e-03
1.407998e-03
1.437057e-03
1.467282e-03
1.602427e-03
1.698684e-03
1.721778e-03
1.842959e-03
1.848490e-03
1.862453e-03
2.000905e-03
2.053152e-03
2.181678e-03
2.256714e-03
2.297740e-03
2.321671e-03
2.434301e-03
2.461853e-03
2.601935e-03
2.727529e-03
2.887386e-03
2.915686e-03
3.030361e-03
3.117953e-03
3.300544e-03
3.460112e-03
3.511312e-03
3.568775e-03
3.792652e-03
3.945748e-03
4.022183e-03
4.403427e-03
4.494399e-03
4.632981e-03
4.737782e-03
4.894474e-03
5.082489e-03
5.279388e-03
5.482186e-03
5.587986e-03
5.737824e-03
5.839689e-03
6.042268e-03
6.126902e-03
6.165369e-03
6.256009e-03
6.283725e-03
6.338229e-03
6.476910e-03
6.580387e-03
6.630368e-03
6.663258e-03
6.774275e-03
6.843754e-03
6.931697e-03
7.002605e-03
7.155394e-03
7.180698e-03
7.248344e-03
7.405245e-03
7.460997e-03
7.494525e-03
7.535764e-03
7.779341e-03
7.853199e-03
7.965033e-03
8.036626e-03
8.162634e-03
8.326631e-03
8.399537e-03
8.588998e-03
8.647628e-03
8.952985e-03
9.169615e-03
9.271907e-03
9.335574e-03
9.475880e-03
9.746345e-03
9.873754e-03
1.004762e-02
1.005823e-02
1.017353e-02
1.020964e-02
1.025023e-02
1.038130e-02
1.054491e-02
1.061991e-02
1.066061e-02
1.077467e-02
1.088261e-02
1.145753e-02
1.156891e-02
1.178173e-02
1.196026e-02
1.232784e-02
1.254070e-02
1.326502e-02
1.345371e-02
1.357443e-02
1.391886e-02
1.414468e-02
1.415522e-02
1.429480e-02
1.441048e-02
1.456373e-02
1.468557e-02
1.483215e-02
1.493446e-02
1.496811e-02
1.510358e-02
1.517073e-02
1.518797e-02
1.534145e-02
1.550180e-02
1.602225e-02
1.612346e-02
1.662409e-02
1.707331e-02
1.738137e-02
1.747942e-02
1.773182e-02
1.790087e-02
1.796645e-02
1.812141e-02
1.832820e-02
1.841146e-02
1.855837e-02
1.873387e-02
1.887020e-02
1.897966e-02
1.902605e-02
1.909377e-02
1.913740e-02
1.916918e-02
1.930749e-02
1.931828e-02
1.941325e-02
1.955050e-02
1.968137e-02
1.969057e-02
1.987550e-02
2.004293e-02
2.022293e-02
2.030073e-02
2.037378e-02
2.043780e-02
2.056470e-02
2.067900e-02
2.078887e-02
2.085319e-02
2.096754e-02
2.101030e-02
2.103519e-02
2.114457e-02
2.126534e-02
2.132275e-02
2.137813e-02
2.157055e-02
2.168362e-02
2.170338e-02
2.185562e-02
2.201104e-02
2.205454e-02
2.210196e-02
2.237971e-02
2.243836e-02
2.253389e-02
2.259457e-02
2.268356e-02
2.286144e-02
2.298225e-02
2.311338e-02
2.336500e-02
2.346288e-02
2.361658e-02
2.372708e-02
2.380528e-02
2.391544e-02
2.398302e-02
2.412370e-02
2.426801e-02
2.431263e-02
2.440324e-02
2.445007e-02
2.467243e-02
2.484699e-02
2.492022e-02
2.503024e-02
2.533350e-02
2.556900e-02
2.562508e-02
2.608725e-02
2.689852e-02
2.716225e-02
2.721252e-02
2.752649e-02
2.763745e-02
2.794439e-02
2.800042e-02
2.804980e-02
2.824483e-02
2.838514e-02
2.889756e-02
2.898388e-02
2.946677e-02
3.020203e-02
3.035723e-02
3.057291e-02
3.129377e-02
3.135587e-02
3.143960e-02
3.151783e-02
3.192182e-02
3.211093e-02
3.219717e-02
3.225748e-02
3.241299e-02
3.260570e-02
3.261098e-02
3.288503e-02
3.296308e-02
3.319953e-02
3.325432e-02
3.373629e-02
3.385468e-02
3.393554e-02
3.413727e-02
3.442890e-02
3.491548e-02
3.497659e-02
3.510937e-02
3.522319e-02
3.559716e-02
3.565626e-02
3.570133e-02
3.598310e-02
3.609467e-02
3.619881e-02
3.633175e-02
3.651476e-02
3.685299e-02
3.696159e-02
3.705525e-02
3.716170e-02
3.731466e-02
3.744488e-02
3.751751e-02
3.765191e-02
3.777334e-02
3.790511e-02
3.800272e-02
3.818221e-02
3.839386e-02
3.846869e-02
3.849514e-02
3.863552e-02
3.889963e-02
3.908252e-02
3.915689e-02
3.925224e-02
3.928131e-02
3.941352e-02
3.958112e-02
3.974758e-02
3.980495e-02
4.004354e-02
4.014499e-02
4.029936e-02
4.044324e-02
4.052583e-02
4.065073e-02
4.082032e-02
4.096638e-02
4.101942e-02
4.115851e-02
4.138894e-02
4.160782e-02
4.197587e-02
4.215784e-02
4.220054e-02
4.229372e-02
4.249656e-02
4.260315e-02
4.279282e-02
4.285770e-02
4.302063e-02
4.311294e-02
4.341312e-02
4.349479e-02
4.354831e-02
4.371748e-02
4.381064e-02
4.397789e-02
4.417690e-02
4.426791e-02
4.458004e-02
4.461079e-02
4.475670e-02
4.486852e-02
4.491866e-02
4.497722e-02
4.527000e-02
4.538430e-02
4.572492e-02
4.586547e-02
4.608420e-02
4.618964e-02
4.643547e-02
4.645392e-02
4.660608e-02
4.692288e-02
4.728531e-02
4.731923e-02
4.797947e-02
4.810314e-02
4.828069e-02
4.847718e-02
4.865959e-02
4.868654e-02
4.883663e-02
4.893372e-02
4.911458e-02
4.930425e-02
4.947933e-02
4.956165e-02
4.974067e-02
5.010232e-02
5.014937e-02
5.038736e-02
5.049390e-02
5.077048e-02
5.087096e-02
5.100801e-02
5.124801e-02
5.136944e-02
5.176182e-02
5.201856e-02
5.207646e-02
5.224998e-02
5.255421e-02
5.272282e-02
5.277090e-02
5.292350e-02
5.309912e-02
5.357472e-02
5.364328e-02
5.371426e-02
5.396096e-02
5.402424e-02
5.415332e-02
5.429546e-02
5.446252e-02
5.474548e-02
5.478858e-02
5.501210e-02
5.515064e-02
5.526420e-02
5.527875e-02
5.551407e-02
5.557528e-02
5.585211e-02
5.605179e-02
5.625693e-02
5.641792e-02
5.666371e-02
5.677047e-02
5.700235e-02
5.715075e-02
5.735914e-02
5.766378e-02
5.784113e-02
5.798763e-02
5.848411e-02
5.861335e-02
5.892037e-02
5.938125e-02
5.990783e-02
6.008288e-02
6.032171e-02
6.066574e-02
6.074682e-02
6.099100e-02
6.114783e-02
6.126363e-02
6.136092e-02
6.161185e-02
6.184157e-02
6.203388e-02
6.213416e-02
6.233616e-02
6.265365e-02
6.273866e-02
6.291060e-02
6.321207e-02
6.332377e-02
6.342021e-02
6.361158e-02
6.367374e-02
6.377765e-02
6.401275e-02
6.419585e-02
6.438556e-02
6.458368e-02
6.463459e-02
6.469447e-02
6.491715e-02
6.503988e-02
6.519885e-02
6.529831e-02
6.546160e-02
6.554164e-02
6.566393e-02
6.583740e-02
6.593165e-02
6.608250e-02
6.624404e-02
6.639514e-02
6.654150e-02
6.665825e-02
6.680855e-02
6.703879e-02
6.722088e-02
6.726930e-02
6.759272e-02
6.767330e-02
6.785008e-02
6.796139e-02
6.805190e-02
6.808234e-02
6.829021e-02
6.849202e-02
6.852394e-02
6.870332e-02
6.878889e-02
6.885902e-02
6.903858e-02
6.914576e-02
6.927413e-02
6.932465e-02
6.938656e-02
6.959832e-02
6.970468e-02
6.979846e-02
6.994216e-02
7.002694e-02
7.022531e-02
7.028720e-02
7.046466e-02
7.053986e-02
7.057558e-02
7.075961e-02
7.097458e-02
7.116595e-02
7.124284e-02
7.130355e-02
7.146570e-02
7.158736e-02
7.184022e-02
7.213203e-02
7.227465e-02
7.233969e-02
7.251569e-02
7.260566e-02
7.281822e-02
7.304548e-02
7.318709e-02
7.326331e-02
7.333509e-02
7.349590e-02
7.354813e-02
7.378551e-02
7.385584e-02
7.420309e-02
7.435005e-02
7.447373e-02
7.456276e-02
7.473415e-02
7.478294e-02
7.516381e-02
7.526801e-02
7.536528e-02
7.564665e-02
7.580833e-02
7.616065e-02
7.624210e-02
7.647330e-02
7.655085e-02
7.661745e-02
7.680135e-02
7.702018e-02
7.722506e-02
7.731767e-02
7.749810e-02
7.757740e-02
7.772101e-02
7.797239e-02
7.807554e-02
7.814283e-02
7.858248e-02
7.874500e-02
7.886147e-02
7.899888e-02
7.925492e-02
7.936441e-02
7.957240e-02
7.968787e-02
7.976309e-02
7.992041e-02
8.004046e-02
8.021781e-02
8.040907e-02
8.046335e-02
8.065915e-02
8.080708e-02
8.091325e-02
8.100914e-02
8.109732e-02
8.130607e-02
8.145956e-02
8.161971e-02
8.179972e-02
8.201779e-02
8.221516e-02
8.252338e-02
8.263383e-02
8.283522e-02
8.293425e-02
8.307722e-02
8.315744e-02
8.337947e-02
8.366718e-02
8.391248e-02
8.404941e-02
8.417016e-02
8.430202e-02
8.454799e-02
8.479105e-02
8.507856e-02
8.526460e-02
8.540724e-02
8.557332e-02
8.567285e-02
8.590356e-02
8.616023e-02
8.627815e-02
8.645176e-02
8.648048e-02
8.659778e-02
8.676393e-02
8.696361e-02
8.727043e-02
8.743502e-02
8.775935e-02
8.782443e-02
8.800739e-02
8.815695e-02
8.834825e-02
8.854794e-02
8.886155e-02
8.895748e-02
8.912817e-02
8.935684e-02
8.944425e-02
8.963613e-02
9.004068e-02
9.026250e-02
9.062150e-02
9.094180e-02
9.107071e-02
9.121150e-02
9.126301e-02
9.150419e-02
9.168416e-02
9.181013e-02
9.201930e-02
9.222177e-02
9.239037e-02
9.248346e-02
9.293336e-02
9.308998e-02
9.321140e-02
9.328238e-02
9.344678e-02
9.353873e-02
9.366860e-02
9.381365e-02
9.389528e-02
9.406485e-02
9.423798e-02
9.433123e-02
9.455416e-02
9.467048e-02
9.482031e-02
9.494518e-02
9.519495e-02
9.539286e-02
9.556189e-02
9.569586e-02
9.585229e-02
9.590277e-02
9.596169e-02
9.618915e-02
9.630866e-02
9.645650e-02
9.670027e-02
9.680196e-02
9.683586e-02
9.696458e-02
9.711515e-02
9.720837e-02
9.749726e-02
9.753636e-02
9.773159e-02
9.809297e-02
9.817132e-02
9.821031e-02
9.831510e-02
9.847948e-02
9.856342e-02
9.884539e-02
9.892616e-02
9.905810e-02
9.911768e-02
9.930547e-02
9.944473e-02
9.948252e-02
9.980545e-02
9.998263e-02
1.000185e-01
1.000694e-01
1.002738e-01
1.003680e-01
1.004889e-01
1.007354e-01
1.008377e-01
1.010737e-01
1.011783e-01
1.012499e-01
1.012934e-01
1.015998e-01
1.016409e-01
1.018430e-01
1.019880e-01
1.020879e-01
1.023464e-01
1.023958e-01
1.025667e-01
1.026829e-01
1.030142e-01
1.030812e-01
1.033172e-01
1.033940e-01
1.035178e-01
1.036694e-01
1.038507e-01
1.040201e-01
1.041969e-01
1.044344e-01
1.047130e-01
1.048040e-01
1.049342e-01
1.050411e-01
1.052421e-01
1.055716e-01
1.057060e-01
1.060030e-01
1.060895e-01
1.061917e-01
1.062462e-01
1.063845e-01
1.064984e-01
1.065282e-01
1.068058e-01
1.069030e-01
1.071624e-01
1.072793e-01
1.073025e-01
1.074981e-01
1.078273e-01
1.079673e-01
1.080575e-01
1.082463e-01
1.083204e-01
1.085549e-01
1.086557e-01
1.088303e-01
1.089627e-01
1.091168e-01
1.092324e-01
1.093571e-01
1.095420e-01
1.096528e-01
1.096580e-01
1.098562e-01
1.100660e-01
1.101730e-01
1.103515e-01
1.106455e-01
1.108514e-01
1.109701e-01
1.111380e-01
1.114474e-01
1.114670e-01
1.116148e-01
1.117780e-01
1.118685e-01
1.120372e-01
1.122069e-01
1.122775e-01
1.123672e-01
1.126403e-01
1.128588e-01
1.129047e-01
1.131926e-01
1.132421e-01
1.134757e-01
1.135835e-01
1.137406e-01
1.137634e-01
1.138348e-01
1.140633e-01
1.141459e-01
1.143839e-01
1.145808e-01
1.147224e-01
1.151010e-01
1.152444e-01
1.153863e-01
1.154518e-01
1.157647e-01
1.158829e-01
1.159829e-01
1.160373e-01
1.162992e-01
1.163401e-01
1.166224e-01
1.168733e-01
1.170789e-01
1.171861e-01
1.173701e-01
1.175854e-01
1.177714e-01
1.179590e-01
1.180364e-01
1.182992e-01
1.184133e-01
1.187422e-01
1.188771e-01
1.189939e-01
1.191842e-01
1.193039e-01
1.196112e-01
1.197083e-01
1.198044e-01
1.202112e-01
1.204276e-01
1.205963e-01
1.207688e-01
1.210575e-01
1.210873e-01
1.211700e-01
1.212880e-01
1.213693e-01
1.216860e-01
1.218643e-01
1.220063e-01
1.221768e-01
1.222110e-01
1.225764e-01
1.227014e-01
1.228102e-01
1.229748e-01
1.230470e-01
1.232256e-01
1.233388e-01
1.235036e-01
1.237178e-01
1.238188e-01
1.239912e-01
1.240764e-01
1.242182e-01
1.243328e-01
1.245560e-01
1.247209e-01
1.249341e-01
1.250548e-01
1.252974e-01
1.253615e-01
1.254622e-01
1.256757e-01
1.258000e-01
1.258555e-01
1.259453e-01
1.260838e-01
1.262190e-01
1.263572e-01
1.265349e-01
1.267150e-01
1.269261e-01
1.271085e-01
1.272046e-01
1.272743e-01
1.274035e-01
1.276393e-01
1.276745e-01
1.278274e-01
1.281027e-01
1.282304e-01
1.283439e-01
1.284287e-01
1.285062e-01
1.286691e-01
1.287460e-01
1.289545e-01
1.291394e-01
1.294561e-01
1.295825e-01
1.296979e-01
1.298142e-01
1.300566e-01
1.301350e-01
1.303007e-01
1.303331e-01
1.305169e-01
1.307353e-01
1.308519e-01
1.309708e-01
1.310954e-01
1.312421e-01
1.313511e-01
1.314333e-01
1.315137e-01
1.317551e-01
1.317722e-01
1.320201e-01
1.322100e-01
1.323122e-01
1.324856e-01
1.325897e-01
1.328048e-01
1.328911e-01
1.329235e-01
1.331245e-01
1.332563e-01
1.335265e-01
1.336029e-01
1.336983e-01
1.338791e-01
1.340370e-01
1.341153e-01
1.342219e-01
1.344064e-01
1.344634e-01
1.346326e-01
1.349463e-01
1.351173e-01
1.351724e-01
1.352626e-01
1.353822e-01
1.354569e-01
1.357295e-01
1.358814e-01
1.360019e-01
1.361338e-01
1.362753e-01
1.363588e-01
1.364718e-01
1.365444e-01
1.367746e-01
1.369322e-01
1.369495e-01
1.371142e-01
1.372304e-01
1.374812e-01
1.375507e-01
1.378407e-01
1.379692e-01
1.380943e-01
1.382847e-01
1.384071e-01
1.384419e-01
1.385343e-01
1.385634e-01
1.386953e-01
1.388756e-01
1.389698e-01
1.390995e-01
1.392665e-01
1.395555e-01
1.396429e-01
1.396883e-01
1.397102e-01
1.399318e-01
1.401216e-01
1.402541e-01
1.403547e-01
1.404807e-01
1.406948e-01
1.407804e-01
1.408046e-01
1.410394e-01
1.411019e-01
1.413684e-01
1.415169e-01
1.416879e-01
1.418376e-01
1.419189e-01
1.420318e-01
1.421929e-01
1.424347e-01
1.425046e-01
1.426461e-01
1.426533e-01
1.430340e-01
1.431051e-01
1.431896e-01
1.434403e-01
1.434859e-01
1.435909e-01
1.437802e-01
1.440156e-01
1.441275e-01
1.442905e-01
1.443443e-01
1.443656e-01
1.445952e-01
1.448778e-01
1.450383e-01
1.452529e-01
1.453332e-01
1.454440e-01
1.456218e-01
1.457198e-01
1.459579e-01
1.462267e-01
1.463060e-01
1.463396e-01
1.466332e-01
1.467418e-01
1.468671e-01
1.469869e-01
1.470389e-01
1.471747e-01
1.472584e-01
1.472748e-01
1.476150e-01
1.476725e-01
1.477581e-01
1.478932e-01
1.481230e-01
1.482016e-01
1.483020e-01
1.483589e-01
1.486079e-01
1.487830e-01
1.489091e-01
1.489378e-01
1.491012e-01
1.491382e-01
1.493726e-01
1.495669e-01
1.496337e-01
1.498471e-01
1.499620e-01
1.503613e-01
1.504184e-01
1.505911e-01
1.506596e-01
1.507769e-01
1.509665e-01
1.509937e-01
1.511816e-01
1.513573e-01
1.514552e-01
1.516481e-01
1.518782e-01
1.519247e-01
1.521675e-01
1.521922e-01
1.522358e-01
1.524163e-01
1.525269e-01
1.526740e-01
1.527389e-01
1.528773e-01
1.531152e-01
1.533178e-01
1.534311e-01
1.535011e-01
1.535825e-01
1.537149e-01
1.540300e-01
1.541596e-01
1.542813e-01
1.543397e-01
1.544348e-01
1.545028e-01
1.546837e-01
1.548678e-01
1.549515e-01
1.551743e-01
1.552916e-01
1.554434e-01
1.555473e-01
1.558766e-01
1.559821e-01
1.560650e-01
1.561970e-01
1.564604e-01
1.564962e-01
1.566772e-01
1.567063e-01
1.568293e-01
1.569912e-01
1.572770e-01
1.573265e-01
1.573531e-01
1.575233e-01
1.575492e-01
1.578109e-01
1.579075e-01
1.580960e-01
1.581841e-01
1.584244e-01
1.586093e-01
1.586600e-01
1.589619e-01
1.590112e-01
1.591482e-01
1.592287e-01
1.592769e-01
1.594115e-01
1.595766e-01
1.596822e-01
1.598371e-01
1.598928e-01
1.600160e-01
1.601424e-01
1.602613e-01
1.604148e-01
1.605733e-01
1.608080e-01
1.608514e-01
1.610126e-01
1.611117e-01
1.611929e-01
1.613958e-01
1.615676e-01
1.616638e-01
1.618146e-01
1.619564e-01
1.621647e-01
1.622776e-01
1.624091e-01
1.625644e-01
1.627572e-01
1.628276e-01
1.628636e-01
1.630190e-01
1.631700e-01
1.632292e-01
1.635009e-01
1.636472e-01
1.636806e-01
1.638505e-01
1.639707e-01
1.640579e-01
1.641444e-01
1.644015e-01
1.644569e-01
1.645906e-01
1.647885e-01
1.648163e-01
1.649323e-01
1.650753e-01
1.651774e-01
1.653686e-01
1.655451e-01
1.657140e-01
1.657745e-01
1.658903e-01
1.660291e-01
1.661164e-01
1.662500e-01
1.664303e-01
1.665173e-01
1.666760e-01
1.667688e-01
1.669943e-01
1.670658e-01
1.673053e-01
1.674145e-01
1.675147e-01
1.675601e-01
1.676666e-01
1.677374e-01
1.679303e-01
1.681443e-01
1.683495e-01
1.684547e-01
1.686272e-01
1.687401e-01
1.688225e-01
1.689350e-01
1.691169e-01
1.691964e-01
1.693919e-01
1.694802e-01
1.695728e-01
1.697023e-01
1.698504e-01
1.698894e-01
1.700476e-01
1.700766e-01
1.702465e-01
1.703893e-01
1.705401e-01
1.705939e-01
1.707090e-01
1.708856e-01
1.709635e-01
1.710339e-01
1.712203e-01
1.713249e-01
1.716224e-01
1.717626e-01
1.718574e-01
1.720294e-01
1.721776e-01
1.723737e-01
1.724322e-01
1.725248e-01
1.725966e-01
1.726604e-01
1.728795e-01
1.729537e-01
1.731345e-01
1.732619e-01
1.734216e-01
1.735337e-01
1.737235e-01
1.738134e-01
1.739685e-01
1.740885e-01
1.741315e-01
1.743068e-01
1.743457e-01
1.744659e-01
1.748275e-01
1.749055e-01
1.750338e-01
1.752512e-01
1.753007e-01
1.754067e-01
1.756086e-01
1.756753e-01
1.757117e-01
1.758325e-01
1.759228e-01
1.761476e-01
1.762110e-01
1.763268e-01
1.766465e-01
1.766712e-01
1.769256e-01
1.769852e-01
1.770590e-01
1.772348e-01
1.773014e-01
1.774158e-01
1.774479e-01
1.776807e-01
1.777980e-01
1.779102e-01
1.781326e-01
1.782791e-01
1.783605e-01
1.785247e-01
1.786409e-01
1.787105e-01
1.788213e-01
1.790664e-01
1.791813e-01
1.792516e-01
1.794777e-01
1.796034e-01
1.797908e-01
1.798639e-01
1.799846e-01
1.800565e-01
1.801423e-01
1.803043e-01
1.804097e-01
1.806865e-01
1.807419e-01
1.809033e-01
1.809359e-01
1.811845e-01
1.813040e-01
1.814553e-01
1.815512e-01
1.816413e-01
1.817363e-01
1.818250e-01
1.820435e-01
1.821833e-01
1.822800e-01
1.824112e-01
1.825780e-01
1.826660e-01
1.827367e-01
1.829429e-01
1.830478e-01
1.830970e-01
1.832732e-01
1.833322e-01
1.835187e-01
1.836130e-01
1.837210e-01
1.837999e-01
1.840468e-01
1.841491e-01
1.842405e-01
1.844332e-01
1.845232e-01
1.845925e-01
1.847664e-01
1.850030e-01
1.850316e-01
1.850767e-01
1.851965e-01
1.852978e-01
1.854215e-01
1.857395e-01
1.858098e-01
1.860040e-01
1.861296e-01
1.862577e-01
1.863165e-01
1.864986e-01
1.865807e-01
1.867071e-01
1.868379e-01
1.869415e-01
1.870822e-01
1.873152e-01
1.874006e-01
1.876006e-01
1.876322e-01
1.879153e-01
1.879491e-01
1.880415e-01
1.881410e-01
1.884328e-01
1.884500e-01
1.885951e-01
1.886508e-01
1.888585e-01
1.889844e-01
1.891787e-01
1.892622e-01
1.894425e-01
1.895883e-01
1.896794e-01
1.898691e-01
1.899607e-01
1.900862e-01
1.901457e-01
1.902776e-01
1.903942e-01
1.906049e-01
1.907345e-01
1.907953e-01
1.909526e-01
1.909979e-01
1.912186e-01
1.912622e-01
1.914065e-01
1.914963e-01
1.916272e-01
1.917714e-01
1.918606e-01
1.920588e-01
1.921938e-01
1.925286e-01
1.926289e-01
1.926473e-01
1.928220e-01
1.929210e-01
1.930297e-01
1.931072e-01
1.934520e-01
1.935760e-01
1.936299e-01
1.937520e-01
1.937929e-01
1.938573e-01
1.940785e-01
1.941318e-01
1.942649e-01
1.943866e-01
1.945088e-01
1.946417e-01
1.947530e-01
1.948289e-01
1.950967e-01
1.952819e-01
1.953914e-01
1.955132e-01
1.955618e-01
1.956509e-01
1.958037e-01
1.958170e-01
1.960104e-01
1.961421e-01
1.962497e-01
1.964559e-01
1.965394e-01
1.966652e-01
1.967657e-01
1.968999e-01
1.970039e-01
1.971200e-01
1.972638e-01
1.973038e-01
1.974471e-01
1.974883e-01
1.976167e-01
1.977738e-01
1.979806e-01
1.980623e-01
1.981833e-01
1.982046e-01
1.984386e-01
1.984923e-01
1.986950e-01
1.988248e-01
1.989330e-01
1.990337e-01
1.992202e-01
1.993218e-01
1.994769e-01
1.995342e-01
1.996824e-01
1.998934e-01
1.999582e-01
2.000847e-01
2.001437e-01
2.003846e-01
2.004584e-01
2.005173e-01
2.006509e-01
2.007777e-01
2.009288e-01
2.010502e-01
2.011758e-01
2.013738e-01
2.015426e-01
2.017626e-01
2.019306e-01
2.020118e-01
2.020871e-01
2.021871e-01
2.023211e-01
2.024911e-01
2.025326e-01
2.027199e-01
2.028096e-01
2.028582e-01
2.030144e-01
2.032568e-01
2.034009e-01
2.034314e-01
2.035457e-01
2.035737e-01
2.037330e-01
2.040050e-01
2.041006e-01
2.042516e-01
2.043330e-01
2.044612e-01
2.045337e-01
2.047999e-01
2.049292e-01
2.050050e-01
2.051873e-01
2.052560e-01
2.055040e-01
2.055699e-01
2.056263e-01
2.058168e-01
2.058336e-01
2.059362e-01
2.061183e-01
2.061936e-01
2.063000e-01
2.064809e-01
2.066802e-01
2.068127e-01
2.069161e-01
2.071667e-01
2.072558e-01
2.073603e-01
2.074818e-01
2.075890e-01
2.077325e-01
2.078776e-01
2.079744e-01
2.080697e-01
2.081508e-01
2.083406e-01
2.085467e-01
2.085666e-01
2.086170e-01
2.087486e-01
2.089567e-01
2.091649e-01
2.092780e-01
2.094431e-01
2.094989e-01
2.095554e-01
2.098086e-01
2.098965e-01
2.099641e-01
2.101125e-01
2.101532e-01
2.103422e-01
2.105308e-01
2.105878e-01
2.107396e-01
2.108060e-01
2.110125e-01
2.110679e-01
2.112430e-01
2.113386e-01
2.115108e-01
2.115677e-01
2.117299e-01
2.118102e-01
2.119015e-01
2.121110e-01
2.122165e-01
2.123163e-01
2.123857e-01
2.125897e-01
2.126481e-01
2.127804e-01
2.128449e-01
2.130681e-01
2.131780e-01
2.133814e-01
2.135383e-01
2.136420e-01
2.137056e-01
2.137716e-01
2.139216e-01
2.140078e-01
2.142010e-01
2.143039e-01
2.144442e-01
2.145833e-01
2.146088e-01
2.146684e-01
2.149927e-01
2.150646e-01
2.153339e-01
2.153803e-01
2.154452e-01
2.155599e-01
2.157140e-01
2.158360e-01
2.159284e-01
2.159880e-01
2.160677e-01
2.161311e-01
2.162333e-01
2.164693e-01
2.166279e-01
2.167098e-01
2.167603e-01
2.170392e-01
2.171559e-01
2.173756e-01
2.173784e-01
2.176017e-01
2.176075e-01
2.177976e-01
2.179486e-01
2.181387e-01
2.183024e-01
2.185183e-01
2.186753e-01
2.187557e-01
2.189376e-01
2.189734e-01
2.191245e-01
2.192206e-01
2.193057e-01
2.194108e-01
2.195552e-01
2.196505e-01
2.197581e-01
2.200193e-01
2.201092e-01
2.201994e-01
2.202744e-01
2.203475e-01
2.205160e-01
2.206115e-01
2.208298e-01
2.208661e-01
2.209221e-01
2.210022e-01
2.211018e-01
2.213401e-01
2.216432e-01
2.217099e-01
2.219064e-01
2.219948e-01
2.221583e-01
2.223253e-01
2.224131e-01
2.225095e-01
2.226816e-01
2.227687e-01
2.228654e-01
2.229842e-01
2.231850e-01
2.232922e-01
2.233948e-01
2.236359e-01
2.237550e-01
2.238554e-01
2.240407e-01
2.240987e-01
2.242197e-01
2.243488e-01
2.245081e-01
2.247305e-01
2.247809e-01
2.248122e-01
2.251010e-01
2.252882e-01
2.253733e-01
2.254535e-01
2.256161e-01
2.256904e-01
2.258277e-01
2.259568e-01
2.260705e-01
2.262027e-01
2.264564e-01
2.265502e-01
2.267458e-01
2.268930e-01
2.270705e-01
2.271334e-01
2.272341e-01
2.272735e-01
2.273922e-01
2.276340e-01
2.278704e-01
2.278911e-01
2.280785e-01
2.281763e-01
2.283211e-01
2.285082e-01
2.286271e-01
2.288375e-01
2.290039e-01
2.290368e-01
2.290701e-01
2.292533e-01
2.294220e-01
2.295375e-01
2.297590e-01
2.297818e-01
2.299333e-01
2.299921e-01
2.302133e-01
2.303390e-01
2.305441e-01
2.306104e-01
2.306632e-01
2.307195e-01
2.309505e-01
2.310215e-01
2.312088e-01
2.313471e-01
2.314581e-01
2.315519e-01
2.316861e-01
2.318746e-01
2.320050e-01
2.321147e-01
2.322190e-01
2.323957e-01
2.325454e-01
2.326757e-01
2.328497e-01
2.328985e-01
2.329663e-01
2.331122e-01
2.332339e-01
2.333768e-01
2.334891e-01
2.337166e-01
2.337791e-01
2.338582e-01
2.341094e-01
2.342839e-01
2.343383e-01
2.343958e-01
2.345605e-01
2.347349e-01
2.348288e-01
2.348814e-01
2.350383e-01
2.351675e-01
2.353085e-01
2.354887e-01
2.355621e-01
2.355958e-01
2.357605e-01
2.360262e-01
2.360648e-01
2.363607e-01
2.363826e-01
2.364290e-01
2.364495e-01
2.366002e-01
2.367562e-01
2.369396e-01
2.370701e-01
2.372512e-01
2.373207e-01
2.374259e-01
2.374809e-01
2.377563e-01
2.378218e-01
2.378983e-01
2.380789e-01
2.383444e-01
2.384062e-01
2.384691e-01
2.388319e-01
2.388994e-01
2.389888e-01
2.391496e-01
2.393058e-01
2.394823e-01
2.396655e-01
2.397633e-01
2.398736e-01
2.401661e-01
2.402314e-01
2.403189e-01
2.403432e-01
2.405187e-01
2.405362e-01
2.406956e-01
2.410478e-01
2.411237e-01
2.411489e-01
2.412202e-01
2.414199e-01
2.416244e-01
2.417712e-01
2.418523e-01
2.420978e-01
2.421977e-01
2.422401e-01
2.424228e-01
2.424932e-01
2.425705e-01
2.427790e-01
2.428827e-01
2.430286e-01
2.431112e-01
2.431870e-01
2.433021e-01
2.436098e-01
2.436710e-01
2.437632e-01
2.439063e-01
2.440204e-01
2.441321e-01
2.443722e-01
2.445793e-01
2.446446e-01
2.446791e-01
2.448906e-01
2.450586e-01
2.451728e-01
2.452373e-01
2.454219e-01
2.454522e-01
2.456428e-01
2.457281e-01
2.457331e-01
2.458458e-01
2.460828e-01
2.462634e-01
2.464159e-01
2.465435e-01
2.467089e-01
2.467579e-01
2.469570e-01
2.471167e-01
2.471507e-01
2.472148e-01
2.475053e-01
2.475331e-01
2.478007e-01
2.479031e-01
2.480560e-01
2.481047e-01
2.481557e-01
2.485093e-01
2.486089e-01
2.487637e-01
2.488990e-01
2.490684e-01
2.492313e-01
2.493087e-01
2.494173e-01
2.495010e-01
2.497806e-01
2.498854e-01
2.500000e-01
2.500683e-01
2.501098e-01
2.504323e-01
2.505625e-01
2.505913e-01
2.507221e-01
2.507906e-01
2.509024e-01
2.509588e-01
2.512482e-01
2.512998e-01
2.514687e-01
2.516764e-01
2.518400e-01
2.519876e-01
2.521998e-01
2.522655e-01
2.523693e-01
2.525193e-01
2.527963e-01
2.528814e-01
2.528995e-01
2.531248e-01
2.532113e-01
2.533157e-01
2.533724e-01
2.536354e-01
2.537996e-01
2.539173e-01
2.540435e-01
2.542056e-01
2.543820e-01
2.544716e-01
2.545579e-01
2.546522e-01
2.548955e-01
2.550537e-01
2.551624e-01
2.552350e-01
2.554624e-01
2.555472e-01
2.556019e-01
2.557928e-01
2.559079e-01
2.559710e-01
2.561511e-01
2.563054e-01
2.563431e-01
2.564183e-01
2.566594e-01
2.568169e-01
2.569164e-01
2.570407e-01
2.571516e-01
2.573161e-01
2.574693e-01
2.576092e-01
2.577850e-01
2.579207e-01
2.580142e-01
2.580452e-01
2.581467e-01
2.582741e-01
2.583669e-01
2.585313e-01
2.586044e-01
2.587395e-01
2.588648e-01
2.589856e-01
2.591860e-01
2.592831e-01
2.595883e-01
2.597370e-01
2.598526e-01
2.600998e-01
2.601374e-01
2.602691e-01
2.603201e-01
2.604230e-01
2.607938e-01
2.608586e-01
2.610140e-01
2.610743e-01
2.611891e-01
2.613313e-01
2.613846e-01
2.615064e-01
2.618444e-01
2.620034e-01
2.621605e-01
2.622712e-01
2.623364e-01
2.624293e-01
2.625378e-01
2.627072e-01
2.628030e-01
2.629203e-01
2.631015e-01
2.633253e-01
2.633484e-01
2.635953e-01
2.636901e-01
2.639129e-01
2.640147e-01
2.641219e-01
2.641689e-01
2.642448e-01
2.644408e-01
2.646798e-01
2.647602e-01
2.649114e-01
2.649440e-01
2.651689e-01
2.653373e-01
2.655596e-01
2.657729e-01
2.658296e-01
2.658969e-01
2.660625e-01
2.662500e-01
2.662701e-01
2.663166e-01
2.664847e-01
2.666629e-01
2.668329e-01
2.669870e-01
2.671725e-01
2.672563e-01
2.673013e-01
2.674225e-01
2.677038e-01
2.678818e-01
2.679954e-01
2.681593e-01
2.682861e-01
2.683994e-01
2.685758e-01
2.686817e-01
2.688511e-01
2.690041e-01
2.691613e-01
2.692040e-01
2.692478e-01
2.694691e-01
2.695322e-01
2.697341e-01
2.698091e-01
2.699564e-01
2.702108e-01
2.703353e-01
2.705081e-01
2.706330e-01
2.706927e-01
2.709818e-01
2.710569e-01
2.712642e-01
2.713315e-01
2.714660e-01
2.715486e-01
2.716901e-01
2.717630e-01
2.718882e-01
2.719598e-01
2.720180e-01
2.722802e-01
2.723533e-01
2.725062e-01
2.727069e-01
2.729784e-01
2.730548e-01
2.732497e-01
2.733797e-01
2.736084e-01
2.736793e-01
2.737668e-01
2.738974e-01
2.740524e-01
2.742708e-01
2.745200e-01
2.745606e-01
2.746307e-01
2.746882e-01
2.748313e-01
2.751589e-01
2.753633e-01
2.754222e-01
2.755072e-01
2.758998e-01
2.760289e-01
2.760918e-01
2.761393e-01
2.763309e-01
2.764341e-01
2.766379e-01
2.767082e-01
2.768655e-01
2.769186e-01
2.770837e-01
2.772258e-01
2.773764e-01
2.775624e-01
2.777281e-01
2.779281e-01
2.779861e-01
2.780889e-01
2.783932e-01
2.784503e-01
2.786620e-01
2.787144e-01
2.788375e-01
2.789625e-01
2.790480e-01
2.792378e-01
2.794055e-01
2.795299e-01
2.796428e-01
2.797607e-01
2.799832e-01
2.801497e-01
2.802652e-01
2.803038e-01
2.805226e-01
2.806773e-01
2.809063e-01
2.810222e-01
2.811926e-01
2.813355e-01
2.814673e-01
2.816491e-01
2.818561e-01
2.819338e-01
2.820453e-01
2.821201e-01
2.823366e-01
2.824781e-01
2.827621e-01
2.828232e-01
2.829177e-01
2.830843e-01
2.832692e-01
2.833755e-01
2.835397e-01
2.836647e-01
2.838044e-01
2.839058e-01
2.840695e-01
2.842188e-01
2.845219e-01
2.845830e-01
2.847221e-01
2.848872e-01
2.850328e-01
2.851403e-01
2.852004e-01
2.854575e-01
2.855957e-01
2.857344e-01
2.858141e-01
2.860651e-01
2.861024e-01
2.863882e-01
2.865640e-01
2.867348e-01
2.868260e-01
2.869401e-01
2.870964e-01
2.871669e-01
2.873064e-01
2.874501e-01
2.874899e-01
2.878654e-01
2.880056e-01
2.880974e-01
2.882097e-01
2.883816e-01
2.885048e-01
2.887242e-01
2.888022e-01
2.890488e-01
2.891276e-01
2.892208e-01
2.894114e-01
2.895446e-01
2.896700e-01
2.898240e-01
2.900960e-01
2.901471e-01
2.903055e-01
2.903781e-01
2.906579e-01
2.906905e-01
2.908962e-01
2.909918e-01
2.910694e-01
2.913298e-01
2.915318e-01
2.916860e-01
2.919759e-01
2.920828e-01
2.921597e-01
2.922723e-01
2.924366e-01
2.925616e-01
2.926278e-01
2.927150e-01
2.929692e-01
2.932070e-01
2.932639e-01
2.934483e-01
2.934863e-01
2.937105e-01
2.938705e-01
2.939574e-01
2.941420e-01
2.943029e-01
2.944395e-01
2.946738e-01
2.948789e-01
2.950125e-01
2.951157e-01
2.951398e-01
2.954851e-01
2.955319e-01
2.957149e-01
2.958689e-01
2.960299e-01
2.961958e-01
2.964372e-01
2.964738e-01
2.965441e-01
2.968290e-01
2.968970e-01
2.970095e-01
2.972761e-01
2.976044e-01
2.976897e-01
2.978264e-01
2.979268e-01
2.979486e-01
2.981318e-01
2.983099e-01
2.984253e-01
2.985729e-01
2.986735e-01
2.987937e-01
2.988479e-01
2.989216e-01
2.992072e-01
2.994165e-01
2.995325e-01
2.998005e-01
2.999282e-01
3.000259e-01
3.002173e-01
3.005245e-01
3.006914e-01
3.008404e-01
3.009041e-01
3.009549e-01
3.012157e-01
3.015193e-01
3.016687e-01
3.017483e-01
3.019319e-01
3.021326e-01
3.021615e-01
3.023652e-01
3.024067e-01
3.026346e-01
3.027413e-01
3.028446e-01
3.030539e-01
3.031184e-01
3.032922e-01
3.035705e-01
3.036822e-01
3.038595e-01
3.041327e-01
3.042803e-01
3.043220e-01
3.044387e-01
3.045466e-01
3.047242e-01
3.048626e-01
3.050418e-01
3.054528e-01
3.055902e-01
3.056948e-01
3.058131e-01
3.059629e-01
3.060242e-01
3.063099e-01
3.064953e-01
3.065265e-01
3.068372e-01
3.068870e-01
3.069928e-01
3.072275e-01
3.073439e-01
3.076490e-01
3.078413e-01
3.079063e-01
3.080305e-01
3.083024e-01
3.084011e-01
3.086079e-01
3.089378e-01
3.090962e-01
3.092092e-01
3.092507e-01
3.094674e-01
3.095531e-01
3.097001e-01
3.099134e-01
3.101190e-01
3.102402e-01
3.104053e-01
3.105835e-01
3.106484e-01
3.107963e-01
3.109091e-01
3.110951e-01
3.111703e-01
3.113497e-01
3.115049e-01
3.116408e-01
3.117769e-01
3.119878e-01
3.121427e-01
3.123463e-01
3.125064e-01
3.128192e-01
3.128732e-01
3.129903e-01
3.133437e-01
3.134504e-01
3.138308e-01
3.139203e-01
3.140769e-01
3.140938e-01
3.142619e-01
3.143105e-01
3.145960e-01
3.147052e-01
3.148431e-01
3.149714e-01
3.151715e-01
3.153041e-01
3.154795e-01
3.157191e-01
3.158777e-01
3.159713e-01
3.162434e-01
3.163004e-01
3.163930e-01
3.165606e-01
3.168150e-01
3.169502e-01
3.171645e-01
3.172604e-01
3.176164e-01
3.176918e-01
3.179549e-01
3.180949e-01
3.181757e-01
3.183383e-01
3.185363e-01
3.188702e-01
3.189869e-01
3.192079e-01
3.193214e-01
3.195462e-01
3.197615e-01
3.198415e-01
3.199930e-01
3.202308e-01
3.203252e-01
3.205406e-01
3.205757e-01
3.206557e-01
3.208806e-01
3.209433e-01
3.209759e-01
3.213617e-01
3.214789e-01
3.216210e-01
3.217723e-01
3.219307e-01
3.221300e-01
3.222822e-01
3.225412e-01
3.226610e-01
3.228292e-01
3.229269e-01
3.231075e-01
3.232257e-01
3.233358e-01
3.235526e-01
3.237938e-01
3.239166e-01
3.241484e-01
3.243291e-01
3.244429e-01
3.246007e-01
3.247283e-01
3.250264e-01
3.250875e-01
3.252625e-01
3.254553e-01
3.256366e-01
3.256790e-01
3.257077e-01
3.259262e-01
3.260982e-01
3.262028e-01
3.264491e-01
3.266838e-01
3.267720e-01
3.269114e-01
3.270947e-01
3.272772e-01
3.274061e-01
3.276691e-01
3.277203e-01
3.277983e-01
3.280812e-01
3.282826e-01
3.286894e-01
3.287573e-01
3.290348e-01
3.291218e-01
3.292074e-01
3.293065e-01
3.295434e-01
3.297614e-01
3.299414e-01
3.301363e-01
3.303151e-01
3.305485e-01
3.307471e-01
3.307871e-01
3.310590e-01
3.311417e-01
3.311992e-01
3.314436e-01
3.316166e-01
3.319649e-01
3.320268e-01
3.321098e-01
3.322892e-01
3.324316e-01
3.325918e-01
3.327542e-01
3.330422e-01
3.331120e-01
3.333940e-01
3.334647e-01
3.337189e-01
3.337920e-01
3.340664e-01
3.343037e-01
3.343758e-01
3.345590e-01
3.347128e-01
3.348285e-01
3.350229e-01
3.352589e-01
3.354048e-01
3.356046e-01
3.357418e-01
3.360346e-01
3.360438e-01
3.364011e-01
3.364177e-01
3.366314e-01
3.368195e-01
3.370904e-01
3.371352e-01
3.373591e-01
3.376635e-01
3.380390e-01
3.381580e-01
3.382955e-01
3.383811e-01
3.386584e-01
3.388454e-01
3.391150e-01
3.391575e-01
3.393736e-01
3.395930e-01
3.397288e-01
3.397599e-01
3.399909e-01
3.402041e-01
3.404405e-01
3.405336e-01
3.406020e-01
3.409119e-01
3.410299e-01
3.410911e-01
3.413144e-01
3.415757e-01
3.417036e-01
3.421341e-01
3.422303e-01
3.423428e-01
3.425725e-01
3.426373e-01
3.428028e-01
3.429347e-01
3.431444e-01
3.433572e-01
3.433854e-01
3.436629e-01
3.437265e-01
3.440656e-01
3.443279e-01
3.444435e-01
3.446689e-01
3.448923e-01
3.449485e-01
3.451154e-01
3.454061e-01
3.455461e-01
3.458005e-01
3.458423e-01
3.460034e-01
3.461942e-01
3.464483e-01
3.465649e-01
3.468045e-01
3.469850e-01
3.471680e-01
3.473858e-01
3.475125e-01
3.475682e-01
3.477124e-01
3.477746e-01
3.481133e-01
3.482702e-01
3.485053e-01
3.488083e-01
3.488558e-01
3.492505e-01
3.493035e-01
3.494848e-01
3.497478e-01
3.498698e-01
3.499868e-01
3.503106e-01
3.505008e-01
3.505401e-01
3.507788e-01
3.509087e-01
3.510846e-01
3.512967e-01
3.514986e-01
3.516385e-01
3.519078e-01
3.519764e-01
3.523855e-01
3.524902e-01
3.526088e-01
3.528365e-01
3.530314e-01
3.534292e-01
3.534552e-01
3.537244e-01
3.538864e-01
3.542169e-01
3.543849e-01
3.545585e-01
3.546799e-01
3.548350e-01
3.549574e-01
3.550674e-01
3.551599e-01
3.554141e-01
3.555694e-01
3.559497e-01
3.561415e-01
3.563740e-01
3.565126e-01
3.567337e-01
3.568249e-01
3.571165e-01
3.572902e-01
3.576149e-01
3.577339e-01
3.578583e-01
3.579248e-01
3.583393e-01
3.584078e-01
3.586299e-01
3.589329e-01
3.590205e-01
3.591964e-01
3.593667e-01
3.595702e-01
3.596369e-01
3.601107e-01
3.602408e-01
3.604026e-01
3.606313e-01
3.607909e-01
3.611237e-01
3.612932e-01
3.613732e-01
3.615302e-01
3.618814e-01
3.620657e-01
3.622248e-01
3.623261e-01
3.625062e-01
3.625663e-01
3.628252e-01
3.629735e-01
3.631108e-01
3.634077e-01
3.634986e-01
3.636259e-01
3.637506e-01
3.639741e-01
3.640173e-01
3.641995e-01
3.644149e-01
3.648241e-01
3.649012e-01
3.651393e-01
3.653743e-01
3.654858e-01
3.657244e-01
3.659960e-01
3.662124e-01
3.664017e-01
3.665352e-01
3.667711e-01
3.669221e-01
3.670851e-01
3.672354e-01
3.674196e-01
3.675756e-01
3.678806e-01
3.682575e-01
3.683003e-01
3.684688e-01
3.686773e-01
3.688255e-01
3.689550e-01
3.692403e-01
3.692843e-01
3.697249e-01
3.698364e-01
3.700855e-01
3.702399e-01
3.706854e-01
3.708039e-01
3.708996e-01
3.711902e-01
3.713734e-01
3.714889e-01
3.716494e-01
3.717202e-01
3.719166e-01
3.720388e-01
3.724593e-01
3.725424e-01
3.726925e-01
3.732388e-01
3.732952e-01
3.737088e-01
3.737360e-01
3.739325e-01
3.741313e-01
3.742956e-01
3.746724e-01
3.747376e-01
3.748929e-01
3.752535e-01
3.753934e-01
3.755646e-01
3.756163e-01
3.756856e-01
3.760777e-01
3.761592e-01
3.765207e-01
3.765925e-01
3.768457e-01
3.771605e-01
3.773218e-01
3.776978e-01
3.779250e-01
3.780495e-01
3.780739e-01
3.783337e-01
3.784462e-01
3.787569e-01
3.788682e-01
3.791740e-01
3.793638e-01
3.795114e-01
3.797631e-01
3.800834e-01
3.802159e-01
3.804419e-01
3.806898e-01
3.809504e-01
3.810891e-01
3.812064e-01
3.815069e-01
3.816736e-01
3.819104e-01
3.820584e-01
3.821182e-01
3.823462e-01
3.827339e-01
3.829651e-01
3.831702e-01
3.833558e-01
3.836056e-01
3.836428e-01
3.839772e-01
3.843504e-01
3.844211e-01
3.846060e-01
3.849989e-01
3.850582e-01
3.852159e-01
3.854387e-01
3.854629e-01
3.857709e-01
3.861064e-01
3.864613e-01
3.864991e-01
3.866626e-01
3.867758e-01
3.870583e-01
3.873438e-01
3.876434e-01
3.877493e-01
3.878061e-01
3.881328e-01
3.885814e-01
3.886660e-01
3.888372e-01
3.890629e-01
3.896859e-01
3.896900e-01
3.899112e-01
3.901941e-01
3.902182e-01
3.904985e-01
3.906120e-01
3.908045e-01
3.909626e-01
3.911219e-01
3.916354e-01
3.917591e-01
3.921905e-01
3.924168e-01
3.925549e-01
3.925998e-01
3.927829e-01
3.931376e-01
3.932913e-01
3.935363e-01
3.937145e-01
3.940217e-01
3.941381e-01
3.945837e-01
3.946478e-01
3.950165e-01
3.951067e-01
3.954152e-01
3.955456e-01
3.958958e-01
3.962376e-01
3.964049e-01
3.967622e-01
3.969048e-01
3.969447e-01
3.973768e-01
3.976254e-01
3.977480e-01
3.978983e-01
3.980329e-01
3.983154e-01
3.984288e-01
3.986299e-01
3.988087e-01
3.990732e-01
3.992768e-01
3.996161e-01
3.998063e-01
4.000645e-01
4.002568e-01
4.005788e-01
4.007883e-01
4.008914e-01
4.012441e-01
4.013335e-01
4.017914e-01
4.018388e-01
4.022703e-01
4.022902e-01
4.025702e-01
4.028536e-01
4.031807e-01
4.033629e-01
4.036811e-01
4.038254e-01
4.039591e-01
4.041432e-01
4.044436e-01
4.046963e-01
4.048072e-01
4.053893e-01
4.056442e-01
4.058026e-01
4.060602e-01
4.062742e-01
4.065291e-01
4.066545e-01
4.070724e-01
4.073933e-01
4.075957e-01
4.077943e-01
4.080292e-01
4.085338e-01
4.087410e-01
4.089473e-01
4.090512e-01
4.092705e-01
4.095917e-01
4.099202e-01
4.100074e-01
4.105198e-01
4.106071e-01
4.108962e-01
4.113710e-01
4.114799e-01
4.115498e-01
4.117069e-01
4.120137e-01
4.120833e-01
4.123157e-01
4.126931e-01
4.128732e-01
4.131316e-01
4.133968e-01
4.138256e-01
4.140900e-01
4.141770e-01
4.145006e-01
4.146540e-01
4.148291e-01
4.150463e-01
4.151671e-01
4.155379e-01
4.156322e-01
4.161222e-01
4.164443e-01
4.166397e-01
4.167583e-01
4.172180e-01
4.175201e-01
4.176943e-01
4.180015e-01
4.183291e-01
4.184473e-01
4.185997e-01
4.189098e-01
4.190450e-01
4.195247e-01
4.197775e-01
4.199398e-01
4.202437e-01
4.204236e-01
4.206300e-01
4.210277e-01
4.211194e-01
4.214169e-01
4.215718e-01
4.220327e-01
4.222245e-01
4.227007e-01
4.229415e-01
4.232358e-01
4.233764e-01
4.235529e-01
4.236982e-01
4.243555e-01
4.245203e-01
4.246425e-01
4.250109e-01
4.251829e-01
4.253007e-01
4.258031e-01
4.262452e-01
4.263908e-01
4.267251e-01
4.268796e-01
4.272491e-01
4.275590e-01
4.278874e-01
4.280094e-01
4.284944e-01
4.286318e-01
4.288464e-01
4.291273e-01
4.293884e-01
4.298371e-01
4.300523e-01
4.302910e-01
4.304959e-01
4.307778e-01
4.309864e-01
4.310755e-01
4.314394e-01
4.318051e-01
4.320050e-01
4.322488e-01
4.325740e-01
4.328000e-01
4.333087e-01
4.336674e-01
4.337586e-01
4.340318e-01
4.344070e-01
4.345394e-01
4.351008e-01
4.351813e-01
4.353906e-01
4.356931e-01
4.359672e-01
4.360763e-01
4.365688e-01
4.369268e-01
4.370614e-01
4.375353e-01
4.376464e-01
4.378899e-01
4.384179e-01
4.386383e-01
4.391852e-01
4.392636e-01
4.395370e-01
4.396907e-01
4.398887e-01
4.404520e-01
4.405598e-01
4.411352e-01
4.415451e-01
4.418536e-01
4.419545e-01
4.421314e-01
4.423887e-01
4.430874e-01
4.431721e-01
4.435382e-01
4.438623e-01
4.440460e-01
4.442706e-01
4.443574e-01
4.449411e-01
4.451834e-01
4.455629e-01
4.456611e-01
4.458061e-01
4.461017e-01
4.468807e-01
4.469413e-01
4.471682e-01
4.472886e-01
4.478582e-01
4.484006e-01
4.484608e-01
4.488643e-01
4.492877e-01
4.495007e-01
4.498380e-01
4.500016e-01
4.501684e-01
4.507153e-01
4.509772e-01
4.512387e-01
4.516336e-01
4.516649e-01
4.517209e-01
4.523598e-01
4.527034e-01
4.528331e-01
4.536750e-01
4.538521e-01
4.542393e-01
4.545387e-01
4.551427e-01
4.554306e-01
4.558292e-01
4.561633e-01
4.563667e-01
4.565123e-01
4.567080e-01
4.572559e-01
4.574716e-01
4.577561e-01
4.580732e-01
4.585520e-01
4.590035e-01
4.591367e-01
4.592765e-01
4.597113e-01
4.603010e-01
4.604910e-01
4.609564e-01
4.612321e-01
4.616800e-01
4.624586e-01
4.627187e-01
4.630162e-01
4.630569e-01
4.634117e-01
4.638837e-01
4.640271e-01
4.644177e-01
4.648858e-01
4.653265e-01
4.654066e-01
4.659640e-01
4.663120e-01
4.667391e-01
4.670656e-01
4.674505e-01
4.676536e-01
4.681222e-01
4.686268e-01
4.687979e-01
4.690860e-01
4.695226e-01
4.696026e-01
4.696801e-01
4.699965e-01
4.704870e-01
4.705852e-01
4.710553e-01
4.715239e-01
4.716909e-01
4.719538e-01
4.726940e-01
4.729870e-01
4.732430e-01
4.735533e-01
4.738249e-01
4.743099e-01
4.747334e-01
4.751776e-01
4.754610e-01
4.761031e-01
4.765804e-01
4.768449e-01
4.771874e-01
4.774051e-01
4.776889e-01
4.780994e-01
4.786228e-01
4.789042e-01
4.791049e-01
4.793910e-01
4.796531e-01
4.801867e-01
4.804260e-01
4.805923e-01
4.811621e-01
4.815815e-01
4.817347e-01
4.819420e-01
4.824078e-01
4.830872e-01
4.832037e-01
4.838203e-01
4.842526e-01
4.845749e-01
4.848170e-01
4.852079e-01
4.853100e-01
4.855327e-01
4.859906e-01
4.865044e-01
4.870802e-01
4.875306e-01
4.878768e-01
4.880895e-01
4.883128e-01
4.886398e-01
4.893077e-01
4.896697e-01
4.900604e-01
4.903366e-01
4.907340e-01
4.909625e-01
4.913817e-01
4.916282e-01
4.927227e-01
4.928832e-01
4.930960e-01
4.937422e-01
4.938268e-01
4.941270e-01
4.942743e-01
4.944806e-01
4.955040e-01
4.956789e-01
4.962026e-01
4.965536e-01
4.967339e-01
4.971543e-01
4.974427e-01
4.980434e-01
4.984374e-01
4.990262e-01
4.991803e-01
4.996872e-01
5.004357e-01
5.004675e-01
5.016323e-01
5.020223e-01
5.025633e-01
5.028122e-01
5.031978e-01
5.033410e-01
5.040826e-01
5.045343e-01
5.049422e-01
5.054677e-01
5.060060e-01
5.062811e-01
5.065931e-01
5.070485e-01
5.073496e-01
5.077794e-01
5.079422e-01
5.081043e-01
5.085011e-01
5.092565e-01
5.094358e-01
5.099282e-01
5.105008e-01
5.105899e-01
5.112674e-01
5.113498e-01
5.118545e-01
5.127162e-01
5.129812e-01
5.131115e-01
5.133886e-01
5.145327e-01
5.150511e-01
5.152461e-01
5.157107e-01
5.160745e-01
5.161473e-01
5.164362e-01
5.169197e-01
5.174350e-01
5.179733e-01
5.183585e-01
5.189343e-01
5.193626e-01
5.197697e-01
5.201766e-01
5.205018e-01
5.208609e-01
5.218122e-01
5.223879e-01
5.225728e-01
5.229850e-01
5.230376e-01
5.236613e-01
5.239192e-01
5.242046e-01
5.246790e-01
5.248136e-01
5.254248e-01
5.261478e-01
5.263132e-01
5.266743e-01
5.271958e-01
5.276252e-01
5.280149e-01
5.281010e-01
5.286944e-01
5.290899e-01
5.294136e-01
5.302018e-01
5.304694e-01
5.306062e-01
5.312507e-01
5.316245e-01
5.317943e-01
5.321586e-01
5.328039e-01
5.333932e-01
5.335383e-01
5.341006e-01
5.344798e-01
5.345880e-01
5.352282e-01
5.361515e-01
5.365887e-01
5.368361e-01
5.369292e-01
5.372334e-01
5.377321e-01
5.382087e-01
5.389272e-01
5.391773e-01
5.395987e-01
5.399660e-01
5.405282e-01
5.416697e-01
5.417388e-01
5.421863e-01
5.428479e-01
5.430736e-01
5.437585e-01
5.440910e-01
5.443392e-01
5.446198e-01
5.456002e-01
5.458517e-01
5.463462e-01
5.473242e-01
5.476139e-01
5.477462e-01
5.493875e-01
5.497069e-01
5.500810e-01
5.506617e-01
5.513861e-01
5.517754e-01
5.524563e-01
5.534378e-01
5.539809e-01
5.541654e-01
5.549045e-01
5.552238e-01
5.555593e-01
5.557220e-01
5.565110e-01
5.575616e-01
5.577868e-01
5.581609e-01
5.587556e-01
5.591761e-01
5.604401e-01
5.608209e-01
5.614220e-01
5.615672e-01
5.624147e-01
5.624696e-01
5.628812e-01
5.633991e-01
5.637717e-01
5.640148e-01
5.647455e-01
5.651883e-01
5.656393e-01
5.661256e-01
5.665908e-01
5.673626e-01
5.684519e-01
5.686712e-01
5.692989e-01
5.695550e-01
5.702585e-01
5.703251e-01
5.707296e-01
5.713537e-01
5.720640e-01
5.731852e-01
5.732906e-01
5.738265e-01
5.742965e-01
5.749913e-01
5.754519e-01
5.758320e-01
5.761048e-01
5.769964e-01
5.771321e-01
5.782492e-01
5.786729e-01
5.796570e-01
5.803092e-01
5.805586e-01
5.808158e-01
5.811527e-01
5.818521e-01
5.828369e-01
5.832650e-01
5.837160e-01
5.845416e-01
5.851620e-01
5.855130e-01
5.866629e-01
5.874678e-01
5.885263e-01
5.891538e-01
5.905183e-01
5.908688e-01
5.926960e-01
5.935562e-01
5.940242e-01
5.945171e-01
5.948176e-01
5.952725e-01
5.955154e-01
5.965357e-01
5.967647e-01
5.969780e-01
5.975044e-01
5.979265e-01
5.983967e-01
5.994889e-01
6.008471e-01
6.014832e-01
6.023170e-01
6.032109e-01
6.043323e-01
6.047570e-01
6.050102e-01
6.055789e-01
6.061388e-01
6.066435e-01
6.074088e-01
6.079641e-01
6.084135e-01
6.091606e-01
6.102548e-01
6.105922e-01
6.115847e-01
6.119212e-01
6.123954e-01
6.127458e-01
6.135530e-01
6.138395e-01
6.147730e-01
6.156422e-01
6.160400e-01
6.163134e-01
6.172541e-01
6.184783e-01
6.191126e-01
6.198041e-01
6.204905e-01
6.205143e-01
6.215882e-01
6.220398e-01
6.226139e-01
6.227918e-01
6.241837e-01
6.242108e-01
6.244669e-01
6.251363e-01
6.259077e-01
6.270315e-01
6.272072e-01
6.276176e-01
6.288636e-01
6.305104e-01
6.308885e-01
6.315710e-01
6.323984e-01
6.334741e-01
6.336729e-01
6.341625e-01
6.346974e-01
6.363429e-01
6.374992e-01
6.382607e-01
6.394980e-01
6.406810e-01
6.410550e-01
6.432824e-01
6.434413e-01
6.445930e-01
6.452892e-01
6.462282e-01
6.464116e-01
6.470879e-01
6.483028e-01
6.486056e-01
6.497971e-01
6.508088e-01
6.515259e-01
6.520461e-01
6.530497e-01
6.537029e-01
6.541459e-01
6.550084e-01
6.555401e-01
6.563542e-01
6.569932e-01
6.572421e-01
6.578610e-01
6.586735e-01
6.601238e-01
6.603588e-01
6.622923e-01
6.635096e-01
6.643381e-01
6.645045e-01
6.654708e-01
6.668067e-01
6.670666e-01
6.680459e-01
6.683955e-01
6.700270e-01
6.711313e-01
6.714410e-01
6.723401e-01
6.740910e-01
6.746953e-01
6.751663e-01
6.758078e-01
6.767252e-01
6.777965e-01
6.787910e-01
6.797419e-01
6.801289e-01
6.812965e-01
6.827926e-01
6.845439e-01
6.848084e-01
6.855902e-01
6.873769e-01
6.881218e-01
6.887835e-01
6.899902e-01
6.908792e-01
6.916843e-01
6.924971e-01
6.932775e-01
6.937482e-01
6.943480e-01
6.949082e-01
6.970424e-01
6.973042e-01
6.991744e-01
7.006807e-01
7.014938e-01
7.017259e-01
7.027542e-01
7.031552e-01
7.046256e-01
7.068497e-01
7.073988e-01
7.092929e-01
7.103792e-01
7.116868e-01
7.132527e-01
7.138319e-01
7.152807e-01
7.160494e-01
7.175321e-01
7.180450e-01
7.197330e-01
7.199114e-01
7.207304e-01
7.222514e-01
7.234906e-01
7.240300e-01
7.251903e-01
7.260144e-01
7.267199e-01
7.281329e-01
7.297300e-01
7.305604e-01
7.309027e-01
7.313901e-01
7.318114e-01
7.335277e-01
7.346071e-01
7.365153e-01
7.371074e-01
7.377845e-01
7.399931e-01
7.413753e-01
7.419658e-01
7.433717e-01
7.435851e-01
7.443120e-01
7.450533e-01
7.457620e-01
7.464619e-01
7.486648e-01
7.506280e-01
7.510607e-01
7.530990e-01
7.545339e-01
7.568237e-01
7.575910e-01
7.583892e-01
7.585434e-01
7.588696e-01
7.603730e-01
7.616473e-01
7.638689e-01
7.641232e-01
7.652826e-01
7.661926e-01
7.673759e-01
7.689762e-01
7.698143e-01
7.704956e-01
7.740711e-01
7.741688e-01
7.759638e-01
7.780686e-01
7.797113e-01
7.819652e-01
7.826564e-01
7.868741e-01
7.884514e-01
7.904405e-01
7.919273e-01
7.927195e-01
7.959852e-01
7.974814e-01
8.009833e-01
8.020768e-01
8.044355e-01
8.052150e-01
8.083607e-01
8.094385e-01
8.106847e-01
8.116388e-01
8.123773e-01
8.148226e-01
8.156665e-01
8.170539e-01
8.193668e-01
8.198284e-01
8.231854e-01
8.246705e-01
8.256302e-01
8.291883e-01
8.299136e-01
8.315418e-01
8.348115e-01
8.362006e-01
8.369703e-01
8.388642e-01
8.412182e-01
8.418125e-01
8.418618e-01
8.518986e-01
8.538378e-01
8.592148e-01
8.640695e-01
8.652444e-01
8.654891e-01
8.678600e-01
8.728046e-01
8.771240e-01
8.778817e-01
8.785725e-01
8.847628e-01
8.878281e-01
8.949655e-01
8.957441e-01
9.029635e-01
9.071162e-01
9.073840e-01
9.131310e-01
9.152130e-01
9.220749e-01
9.265784e-01
9.293187e-01
9.356657e-01
9.442017e-01
9.586298e-01
9.641388e-01
9.666208e-01
9.747171e-01
9.796628e-01
9.832079e-01
9.905621e-01
9.961276e-01
1.000000e+00
