# sorted relative singular values (kkt) field=two_mode eps=0.25 N=12 n=3601
9.105697624876102033e-06
2.728567927187957372e-03
2.732274907198536159e-03
2.749232585222437675e-03
2.752584834713694625e-03
2.966589523921301253e-03
2.985007082207241039e-03
3.002150053801541651e-03
3.010609617810019751e-03
3.102952344069367149e-03
3.132215487719577657e-03
3.168286859822131655e-03
3.216564963632136641e-03
3.819108081197986147e-03
3.819813257800158419e-03
3.942087710728226640e-03
3.942900961902804854e-03
4.102203444239245662e-03
4.210750194255774743e-03
4.224643313296199028e-03
4.317267343718960045e-03
4.968125210669726774e-03
4.968627221488819239e-03
5.844453309887170066e-03
5.844992020127302845e-03
7.001078977845866767e-03
7.020435634599555413e-03
7.031218955523777826e-03
7.062669512748129264e-03
7.068472138801183344e-03
7.072194415566963183e-03
7.091419521537063383e-03
7.130771660357687960e-03
7.142735782680729138e-03
7.160582704880819917e-03
1.133742196011572681e-02
1.134035984003891641e-02
1.135083589114341436e-02
1.135266388882005990e-02
1.143676201203686071e-02
1.143780047770097744e-02
1.144374290873637068e-02
1.144745057777451537e-02
1.274680290182875729e-02
1.275985609997392495e-02
1.457728126636803276e-02
1.457737105382380348e-02
1.510749553872629998e-02
1.511053482550114672e-02
1.589973542530745410e-02
1.590732762640392067e-02
1.610925148718590424e-02
1.611216102043876511e-02
1.627504274379288490e-02
1.627667900882479382e-02
1.637369902923715981e-02
1.637836297018323284e-02
1.642533481960765929e-02
1.642585491539388931e-02
1.759052870600213286e-02
1.759476228228365122e-02
1.773339874885078091e-02
1.773807019120773876e-02
1.840375894729649395e-02
1.840703735725969167e-02
1.841656146591825333e-02
1.842013622170663931e-02
1.991667316467915505e-02
1.992063953065259865e-02
2.014606274166853145e-02
2.014741916041079550e-02
2.035134012984364527e-02
2.035907179226878125e-02
2.036485075297946729e-02
2.037141669607894431e-02
2.112095897674372280e-02
2.112254074072874785e-02
2.133559001536512387e-02
2.134560360963478481e-02
2.320301000040039807e-02
2.320416849106924154e-02
2.338473609143722903e-02
2.338726462298630973e-02
2.357598365103989041e-02
2.370182120350992558e-02
2.389013214156503542e-02
2.397996049328635429e-02
2.608271737560231840e-02
2.629843127921035334e-02
2.640615543400713638e-02
2.661108087302756220e-02
2.728215453061895099e-02
2.745542529321470457e-02
2.751366713810969242e-02
2.757989032785912800e-02
2.758961790559938745e-02
2.763461016515302709e-02
2.766648058711074221e-02
2.769489904191463001e-02
2.771094232822178191e-02
2.802364685929274388e-02
2.833275626311171705e-02
2.857521681573557681e-02
2.863486484891175285e-02
2.867332972606854644e-02
2.872542905398706506e-02
2.885594738873137333e-02
2.890352447924999721e-02
2.905700454321788820e-02
2.914434151167743375e-02
2.916782864054889152e-02
2.925424630436983947e-02
2.934057116435686424e-02
2.938860113227186391e-02
2.949727252148799314e-02
2.965250905874540835e-02
2.979323154760911418e-02
2.999035915988449569e-02
3.022245148713510049e-02
3.023859074413407996e-02
3.044641145765607237e-02
3.045991622522722930e-02
3.091793866613597522e-02
3.092531415499644512e-02
3.094151976066039297e-02
3.112828443950356114e-02
3.131815505445601638e-02
3.132876944709264005e-02
3.153087490640433393e-02
3.154641425875330529e-02
3.164039273539948766e-02
3.205727805502529143e-02
3.206201440771397349e-02
3.345400544655833391e-02
3.345483395334955534e-02
3.354852681221899557e-02
3.355243818057801475e-02
3.363683984945271821e-02
3.365397597050751033e-02
3.366170081749560172e-02
3.367681560301722526e-02
3.388103218410913609e-02
3.388110656771507745e-02
3.497816580229565903e-02
3.499279366567251137e-02
3.602788503196453079e-02
3.603955679507782339e-02
3.739127616595871312e-02
3.739520690596071645e-02
3.744254274845799924e-02
3.744677463455755445e-02
4.171402350798557312e-02
4.175716208372859395e-02
4.251937490329583957e-02
4.254664517892530612e-02
4.263255652567801701e-02
4.265329312371594211e-02
4.633111416969384194e-02
4.636026647376764037e-02
4.671613778986671850e-02
4.672067792963637695e-02
4.688132221665475968e-02
4.690272315485240900e-02
4.692432956110043768e-02
4.693619052180880713e-02
4.698944709599814362e-02
4.699982816834395033e-02
4.701359089292045379e-02
4.704031498935905276e-02
4.709391208434025172e-02
4.713065994393908498e-02
4.733212803869599888e-02
4.734869345459513656e-02
4.844821648125118702e-02
4.847999763540412205e-02
4.885230609101320898e-02
4.887938064671130262e-02
4.894540642293077753e-02
4.895769103372205749e-02
4.922254144417349819e-02
4.922929306512404540e-02
4.937936911275116192e-02
4.938493100412079395e-02
4.960343920379621518e-02
4.961204962990355821e-02
5.228192100590793590e-02
5.233580014305970474e-02
5.235569101919439888e-02
5.241954938854431756e-02
5.299266427352760517e-02
5.300559775056397360e-02
5.304556198130660344e-02
5.305889103528403650e-02
5.422977373306966942e-02
5.426303229978915454e-02
5.428106258361525133e-02
5.432502274129810682e-02
5.485464070393052116e-02
5.487405976318039669e-02
5.494259395323255329e-02
5.495611111824975220e-02
5.640317202507610927e-02
5.641936004881095007e-02
5.660374227155506172e-02
5.662029779636134491e-02
5.709830811654888899e-02
5.712489005423918714e-02
5.885880390500742437e-02
5.887455795175184498e-02
5.893215076193061841e-02
5.894133150331128113e-02
5.917837731235073284e-02
5.948149348139000758e-02
5.948923468624823380e-02
5.951438733136853870e-02
5.953147798526475798e-02
5.953475343076301829e-02
5.979815360048552214e-02
6.012995651542465264e-02
6.014576861832971605e-02
6.015305951035271326e-02
6.017446981812318157e-02
6.023204719709531613e-02
6.045707753320395811e-02
6.045743756171752248e-02
6.052640190600651338e-02
6.052765343910054829e-02
6.192271926187931791e-02
6.239182230764186293e-02
6.241874845401033239e-02
6.256068481936268022e-02
6.258307756849773584e-02
6.261387467019319253e-02
6.267129426474353504e-02
6.268225542273578310e-02
6.276354388888419344e-02
6.277639380141539216e-02
6.285397196358460947e-02
6.286972926412688623e-02
6.303392215296742263e-02
6.307498063457563087e-02
6.600310965151491571e-02
6.607873898015086123e-02
6.614993364884752536e-02
6.620777080136729109e-02
6.753581315643315819e-02
6.756515561129762537e-02
6.764332701788509927e-02
6.769027796481738579e-02
6.776507198306883084e-02
6.783159729174612074e-02
6.783589994298150350e-02
6.789138678242837011e-02
6.808337131096801886e-02
6.811422179709002156e-02
6.846194299261709748e-02
6.867334733594698815e-02
6.881015441141030697e-02
6.885184088699934646e-02
6.897364693611787723e-02
6.904287272983680723e-02
7.071069382580502660e-02
7.072850938575368784e-02
7.073248115196485719e-02
7.077616282135545944e-02
7.109620199186150735e-02
7.110684590986239562e-02
7.113620171363421729e-02
7.115941055401960036e-02
7.142972628270577440e-02
7.145909228845094552e-02
7.156413287685840785e-02
7.158135907135412812e-02
7.408608004974610861e-02
7.434902554934373631e-02
7.441692544346413529e-02
7.484755517381931622e-02
7.521970414031678431e-02
7.528392063787441024e-02
7.534836855681648071e-02
7.540048946673651165e-02
7.553552194650761664e-02
7.554804045423528513e-02
7.577288177466000307e-02
7.577762653595176978e-02
7.590780169187165416e-02
7.597133502602779198e-02
7.599612524336799013e-02
7.603622137595766883e-02
7.608592245575077073e-02
7.609360053268819646e-02
7.649313139430197195e-02
7.649802712248691960e-02
7.685033505872085335e-02
7.745935875215437250e-02
7.754728943312422240e-02
7.806459060636283809e-02
7.807173534386833980e-02
7.818520952791591094e-02
7.820711859688242451e-02
7.821975631722281885e-02
7.859905234598647816e-02
7.865425448664287167e-02
7.878769440050875650e-02
7.887344947613240953e-02
7.892054881603974281e-02
7.899970156538684007e-02
7.927950868372064808e-02
7.928977566963855972e-02
7.943456025960664302e-02
7.943737846166744332e-02
7.952986557475404117e-02
7.956318163658053499e-02
7.990940245231852035e-02
7.995781863387056709e-02
8.015166943428568558e-02
8.023879132261219072e-02
8.093923878133683913e-02
8.097700023453922868e-02
8.143685439981412921e-02
8.147841121949021825e-02
8.162523259417450716e-02
8.163277819155068116e-02
8.186453331022246205e-02
8.189538807848625868e-02
8.347812568638356134e-02
8.362268920035287323e-02
8.365930249627125115e-02
8.391482528699982513e-02
8.397402069031012495e-02
8.422415891928089482e-02
8.430677570224323625e-02
8.438895727943755698e-02
8.459051772957790205e-02
8.464030230291204326e-02
8.553875492332396746e-02
8.565323164382152021e-02
8.566626446501265923e-02
8.592453900476580697e-02
8.597452696447423215e-02
8.606612212481107305e-02
8.626927839235308537e-02
8.642170388064306097e-02
8.656644546032800369e-02
8.673343205286762614e-02
8.683670712198163222e-02
8.696551407791773547e-02
8.729491884483316089e-02
8.733638756392679559e-02
8.741635196464689339e-02
8.746481017946144965e-02
8.748546038030145799e-02
8.811088154175500398e-02
8.814893466548477663e-02
8.827876045553013917e-02
8.843839051294064002e-02
8.865291476669578952e-02
8.893644208298528975e-02
8.901144618249838547e-02
8.903483810421719546e-02
8.908955081957704858e-02
8.915873682343111728e-02
8.927578168787181356e-02
8.938992208952131757e-02
9.106603217918141091e-02
9.113580570382767698e-02
9.321451151982283745e-02
9.323649138450904039e-02
9.423383096161391803e-02
9.444134249670721459e-02
9.531110381176988167e-02
9.536033692662214400e-02
9.548902046701547575e-02
9.572245243456356523e-02
9.586751750600479294e-02
9.609179056278660536e-02
9.635837526863653968e-02
9.732549888584347830e-02
9.737181561445891476e-02
9.753639556504740959e-02
9.760454255424938497e-02
9.768236390813427039e-02
9.799586336675100706e-02
9.806967854523246375e-02
9.818056113193182610e-02
9.842655575750734742e-02
9.876771612000743994e-02
9.886987705301908402e-02
9.898023191809991739e-02
9.933147199080236134e-02
1.001613647048704703e-01
1.005963030812465492e-01
1.006031465943863640e-01
1.007166327877789674e-01
1.008578119256339639e-01
1.011144308998432467e-01
1.011348078077526635e-01
1.011941753076160688e-01
1.011963374400529081e-01
1.011997155982834046e-01
1.012189162258888414e-01
1.012404156904524455e-01
1.013235540054905071e-01
1.028583221438746226e-01
1.032860927287592434e-01
1.034321764648122449e-01
1.034745741304460703e-01
1.037109159040567885e-01
1.037237812397289183e-01
1.044601468005753458e-01
1.047434699401756514e-01
1.047543302241866064e-01
1.047730139220628548e-01
1.047805819769671992e-01
1.048880310486612899e-01
1.050133152603393849e-01
1.050415550236780821e-01
1.051428850050381281e-01
1.055634921059397519e-01
1.056393973613203585e-01
1.057563076474127561e-01
1.058723039700878443e-01
1.062376245441727096e-01
1.062834465519453403e-01
1.063272109060866139e-01
1.066176085222878545e-01
1.067166722054072314e-01
1.072202962043110330e-01
1.072409796797340609e-01
1.074750684902812253e-01
1.074991703818592437e-01
1.080758129081895724e-01
1.083145914862860687e-01
1.084446068426545423e-01
1.086310349091330063e-01
1.087435512828228423e-01
1.088362751143012314e-01
1.089509115090712271e-01
1.092820005988815318e-01
1.094135983075258389e-01
1.105688142190452833e-01
1.110507079008124787e-01
1.119412300801935906e-01
1.119874011608108094e-01
1.121101811508913720e-01
1.121174143569044768e-01
1.121973011491204375e-01
1.124082001559286309e-01
1.125068578623155541e-01
1.125254257328662244e-01
1.126928539505030469e-01
1.127114655549816130e-01
1.128494598327348941e-01
1.132325901644229138e-01
1.132336661248229820e-01
1.134427030230460570e-01
1.134436346820216490e-01
1.141410465313513756e-01
1.141497707059775102e-01
1.149153829084710587e-01
1.161354916507984086e-01
1.162324352894322649e-01
1.171541788002583712e-01
1.171708642988122384e-01
1.181627408981942157e-01
1.185398814136678081e-01
1.187690854157305992e-01
1.187784221268305684e-01
1.187863565147124767e-01
1.188573640508625573e-01
1.189235488045289474e-01
1.190238004760163087e-01
1.193778542567811435e-01
1.196069799821566360e-01
1.196113378976332853e-01
1.196353524726113671e-01
1.196994478995562078e-01
1.197638273470601339e-01
1.203865152216458956e-01
1.220807839979165393e-01
1.221266204973262548e-01
1.221829870880851016e-01
1.222408888517072939e-01
1.223565637043086962e-01
1.224841170121464540e-01
1.225542365766790209e-01
1.226545748082209647e-01
1.227046082879208883e-01
1.227733820013351268e-01
1.230978629664695317e-01
1.231095584341233840e-01
1.233967142795302507e-01
1.236651529609081868e-01
1.236786227886532002e-01
1.238681531285610177e-01
1.238794689209255645e-01
1.240151566126303645e-01
1.240239449936651889e-01
1.241101114390383842e-01
1.241178219832107382e-01
1.242333665232008139e-01
1.243397769750901882e-01
1.244229173632366431e-01
1.244380806373534265e-01
1.244764267999622781e-01
1.244958731831228155e-01
1.245154557210169516e-01
1.245807528075850157e-01
1.263888295170713938e-01
1.264208272445758729e-01
1.266056936523099752e-01
1.266182627339635658e-01
1.267304502341009553e-01
1.267721584072850349e-01
1.268936581125597041e-01
1.269177327810777911e-01
1.273457272352276626e-01
1.274467058514591189e-01
1.275369432646551449e-01
1.279457688239764301e-01
1.280290009629201919e-01
1.281446624831523717e-01
1.281647455023114113e-01
1.281965091591433237e-01
1.282605260595528485e-01
1.288200292000938330e-01
1.289924023627865568e-01
1.290078757979667423e-01
1.291571920934053430e-01
1.296021675351286817e-01
1.301971806675966681e-01
1.304814577036082501e-01
1.309259732495207385e-01
1.324124237838492368e-01
1.333914240062936130e-01
1.336149285784219709e-01
1.336497776002108229e-01
1.340283671574691582e-01
1.343055840410404267e-01
1.343321299766515042e-01
1.344561304566604387e-01
1.344873406538157068e-01
1.346872705307780027e-01
1.347181858865073856e-01
1.350455047916648554e-01
1.351001897030815746e-01
1.356204594261319063e-01
1.356997941379037287e-01
1.357434875918010486e-01
1.357913108602058216e-01
1.360228647123624679e-01
1.366612099255736790e-01
1.369524143815895878e-01
1.369747418942686146e-01
1.369871628949463349e-01
1.370584262177956536e-01
1.370721789725280193e-01
1.373946819343251358e-01
1.374380705773908251e-01
1.374858189238525874e-01
1.375449910719085123e-01
1.375817701749261768e-01
1.376393255096531598e-01
1.377901998700723774e-01
1.383434494116282665e-01
1.383594384843671865e-01
1.384362581208434528e-01
1.384666254012064668e-01
1.386273070953959463e-01
1.388598806383013751e-01
1.392186046348910522e-01
1.393212195991613556e-01
1.394192873055717652e-01
1.395090927795175906e-01
1.395951196810155948e-01
1.396746486312448188e-01
1.397212253184421105e-01
1.397255222110520834e-01
1.405128350224309208e-01
1.405906885107406079e-01
1.406156935386312923e-01
1.407058492118114235e-01
1.408087253516140946e-01
1.420790703730915039e-01
1.421624777691993247e-01
1.423219991981483634e-01
1.425073619247465007e-01
1.426022257823858497e-01
1.428379240942006800e-01
1.433171929195889149e-01
1.434010337152421544e-01
1.436499774113687566e-01
1.436804135997694076e-01
1.437667059156496896e-01
1.442264808205431792e-01
1.446788139116672312e-01
1.448155927002585663e-01
1.448220326618354925e-01
1.448803465917936351e-01
1.456785231038131012e-01
1.457661050884588305e-01
1.458494145210077197e-01
1.459413422013882966e-01
1.459624859913020711e-01
1.460293214853781718e-01
1.460397304800195029e-01
1.468743484162328417e-01
1.469570065465846953e-01
1.470154778397483875e-01
1.470736662049603460e-01
1.471177471955895377e-01
1.471478726972837991e-01
1.471775954261218544e-01
1.472420493579103540e-01
1.475929636685236745e-01
1.476589350544062207e-01
1.477823010577461460e-01
1.478246213270071330e-01
1.484084502862956789e-01
1.487147516588643303e-01
1.488402215614680058e-01
1.504917605308513373e-01
1.507527981292669239e-01
1.507818770385540297e-01
1.508194993279821650e-01
1.511778592300178914e-01
1.514850036936809252e-01
1.515445844693690536e-01
1.516940062763837138e-01
1.531103747271283511e-01
1.532289454208828616e-01
1.533110767036763022e-01
1.534756602828188099e-01
1.535698109375278897e-01
1.537626812071521409e-01
1.538401964584961423e-01
1.539273264718475642e-01
1.539945312151728696e-01
1.550987414687581001e-01
1.551411280721546326e-01
1.552413962428814687e-01
1.552957452574073582e-01
1.555834851341940939e-01
1.555848618688372986e-01
1.556434343307041279e-01
1.557426993892154776e-01
1.557843656611576921e-01
1.564610717329225908e-01
1.564863152027193005e-01
1.567337032727495749e-01
1.567939488208585641e-01
1.571107093695789658e-01
1.571244711018451035e-01
1.574985092236922124e-01
1.575588842791133537e-01
1.576072638308023133e-01
1.576894596701819973e-01
1.577927814086337033e-01
1.578795350490666272e-01
1.579729101348198439e-01
1.580163516231714582e-01
1.580742698610770602e-01
1.581186926999531284e-01
1.584301259413868068e-01
1.584471930185681610e-01
1.585569909046088966e-01
1.586580437144168021e-01
1.586728105629951480e-01
1.592456484946336015e-01
1.592709912520446358e-01
1.593511968648809451e-01
1.594900961329074607e-01
1.594979348308109002e-01
1.600295037728187153e-01
1.600928494861046936e-01
1.601538922624876626e-01
1.602869701852146500e-01
1.603170852323599904e-01
1.604744316235181545e-01
1.605748820586543890e-01
1.606358224158931092e-01
1.607210986656878726e-01
1.607825004844347094e-01
1.608697015511129924e-01
1.611913257799721388e-01
1.612270914472396510e-01
1.613224421551379684e-01
1.613667951555456948e-01
1.614630175634272913e-01
1.615294429398152487e-01
1.616449708337688307e-01
1.617546513887379578e-01
1.618032655563023947e-01
1.618818249774297002e-01
1.621099418324251917e-01
1.621903687011575501e-01
1.622635809443370991e-01
1.623083654569396628e-01
1.623659046886820334e-01
1.624188603346927995e-01
1.626247250618058360e-01
1.626499435824692863e-01
1.627572113874260762e-01
1.628096876117000602e-01
1.629471453235877831e-01
1.630552552890656981e-01
1.632797991503449064e-01
1.639995864172276441e-01
1.653556390697488165e-01
1.653608892746261938e-01
1.654602701944170584e-01
1.657412704112706803e-01
1.665565136438683369e-01
1.668102609630859323e-01
1.672642477581035569e-01
1.674602930138688606e-01
1.678813165156436971e-01
1.679248284091473253e-01
1.684083342451372645e-01
1.686439739524047132e-01
1.687864740398992425e-01
1.689180372235793426e-01
1.689340368179787222e-01
1.691953468672246497e-01
1.694826860320451378e-01
1.696625665556392160e-01
1.698019649673146447e-01
1.698917742777407425e-01
1.700084831912245242e-01
1.700933386833063665e-01
1.702900229627320183e-01
1.705009187835801465e-01
1.705874843803133201e-01
1.707337730365894590e-01
1.709035485505601693e-01
1.709450727609825860e-01
1.709611377242418739e-01
1.711312871320578577e-01
1.712888606316201878e-01
1.714262454529815460e-01
1.714601918017358562e-01
1.717946926779582439e-01
1.720503490637790567e-01
1.721386873493897240e-01
1.721486971628406470e-01
1.722640826088293886e-01
1.724710090524131378e-01
1.726582270697848975e-01
1.727098504579980542e-01
1.728188966135806581e-01
1.731506118345472744e-01
1.734806994200376318e-01
1.736814997605077571e-01
1.739183376113949409e-01
1.739916182540305889e-01
1.740242182613891131e-01
1.741652507093642555e-01
1.744467730176916254e-01
1.749891485053473861e-01
1.750698800404448807e-01
1.753229219473028122e-01
1.753441757594007555e-01
1.753733592900419969e-01
1.755050645183432734e-01
1.757272137595251860e-01
1.757840878842091281e-01
1.758787893451603801e-01
1.759104679396504001e-01
1.760769435789490411e-01
1.761258603572675996e-01
1.762311566197501955e-01
1.762732860196348506e-01
1.764806697892677689e-01
1.766712557325365585e-01
1.767223065874821142e-01
1.769458932193408718e-01
1.770144721279791888e-01
1.772051649815165053e-01
1.772492179396429057e-01
1.773117977570123072e-01
1.774493188036703473e-01
1.778764753856191538e-01
1.781651560479253493e-01
1.782779029717552477e-01
1.784619750988761244e-01
1.785106810707558500e-01
1.785703168250425688e-01
1.785767600863671645e-01
1.786387775462988936e-01
1.786427564783336086e-01
1.787377507239405472e-01
1.789082523644565381e-01
1.791217948445577579e-01
1.791883026847632121e-01
1.792232239978431840e-01
1.792903641545065818e-01
1.793433594824783706e-01
1.794133030913774851e-01
1.794153508710769063e-01
1.794751834667352719e-01
1.795092585715603595e-01
1.795833921412004763e-01
1.797345868185629691e-01
1.799375001446918976e-01
1.800024093322688534e-01
1.801272033194738775e-01
1.803477354398850263e-01
1.807122647494235346e-01
1.807629693040637975e-01
1.811389029656571559e-01
1.812170073345459598e-01
1.813091394309297444e-01
1.815479483584888365e-01
1.817496473435706861e-01
1.819826992960351664e-01
1.821642637168741086e-01
1.821777497091036369e-01
1.822214120925975678e-01
1.823788846766953298e-01
1.823982446586741579e-01
1.826144439021513133e-01
1.827560821675530967e-01
1.828499077873436962e-01
1.829486209396535557e-01
1.831176169387729036e-01
1.831989070495954330e-01
1.834819875047072335e-01
1.835975342465974713e-01
1.837136228489579248e-01
1.839447026450612421e-01
1.842485731399911286e-01
1.842774041799369877e-01
1.843495834369753561e-01
1.846160269095159512e-01
1.846322290413673350e-01
1.847373354519566691e-01
1.848544052375663826e-01
1.848742780409043107e-01
1.852477540686046920e-01
1.853580690117251906e-01
1.855108829320496477e-01
1.856122262783055643e-01
1.856664013222642517e-01
1.856746478349887708e-01
1.856939477079246614e-01
1.860868159649629039e-01
1.861854388956865336e-01
1.863820546395300315e-01
1.866573962662453623e-01
1.868634188001349894e-01
1.869245351860560622e-01
1.871749268484385886e-01
1.873237354554249945e-01
1.876544420654891465e-01
1.877977037260471216e-01
1.879823941858050351e-01
1.881107233769840348e-01
1.882734833200401803e-01
1.885706711341893493e-01
1.886819879846712011e-01
1.887539312599801067e-01
1.889097719217458782e-01
1.890943354263176224e-01
1.891277943991026833e-01
1.892454596040271109e-01
1.893554094467686522e-01
1.893656598427082838e-01
1.894446168196547153e-01
1.896136463019958973e-01
1.904346551754265426e-01
1.908006355212024663e-01
1.909636179447715687e-01
1.913212638702933843e-01
1.913220578199825994e-01
1.915197837486769805e-01
1.916851884083632107e-01
1.916938224601526519e-01
1.917158680650625224e-01
1.919069653273239306e-01
1.919199536578009568e-01
1.920097650864187322e-01
1.920268641617495220e-01
1.920874597338911582e-01
1.921664028545284342e-01
1.921710587097960332e-01
1.922555866561019566e-01
1.924086624898639908e-01
1.925066908224329909e-01
1.927809801025285041e-01
1.927960894992503948e-01
1.928076080682728788e-01
1.930853539914675343e-01
1.933835523715892180e-01
1.934570531618627354e-01
1.935796283808890739e-01
1.937349557536813538e-01
1.939733045476481621e-01
1.942602508042854392e-01
1.943848705775791108e-01
1.945734615848231375e-01
1.946241048140567587e-01
1.946797420150288838e-01
1.947702607147842602e-01
1.948444515829386992e-01
1.949324930317979376e-01
1.949760152394996449e-01
1.950612878812051088e-01
1.952197046096402211e-01
1.952692744900107746e-01
1.953382236307072417e-01
1.955147977562262940e-01
1.956368030720595785e-01
1.958314694421294799e-01
1.958845865535126796e-01
1.959006508078363074e-01
1.961780285532513934e-01
1.962392489086301206e-01
1.964906657908312426e-01
1.965672568504264750e-01
1.967141829357539062e-01
1.968608723001318006e-01
1.969725323333270106e-01
1.970299956152458676e-01
1.970429574282964169e-01
1.970996877243856304e-01
1.971899011089135456e-01
1.973928122725924494e-01
1.974873879920699959e-01
1.975788142091917110e-01
1.976154463389095395e-01
1.979489782455868541e-01
1.980390077850595620e-01
1.982462664419280540e-01
1.985654289706851316e-01
1.986292978592593683e-01
1.988589142366403439e-01
1.989502933000497631e-01
1.990127009334605457e-01
1.990609238730063901e-01
1.991347068935213904e-01
1.992933605713104184e-01
1.993924441166483319e-01
1.993954470670136203e-01
1.994122550805571270e-01
1.995813209889191475e-01
1.997066156235364209e-01
1.999376209479341859e-01
1.999398143813890250e-01
2.000391466337013147e-01
2.001483682866705971e-01
2.002922115733883623e-01
2.004875655625247277e-01
2.006162909664271354e-01
2.006879826078876161e-01
2.008208528618075361e-01
2.008776722089170297e-01
2.010370427474615085e-01
2.011376016312939607e-01
2.012612261337133612e-01
2.018362620851203437e-01
2.018759612545245885e-01
2.019862296879619268e-01
2.021694217310326946e-01
2.023740529870425853e-01
2.024634880218129374e-01
2.026299214405027915e-01
2.026714391803086657e-01
2.027501198609126254e-01
2.028968501029532467e-01
2.030955860451286177e-01
2.031899406067665670e-01
2.032274448081937690e-01
2.034320939384438309e-01
2.034612398395910238e-01
2.039102449006245654e-01
2.040292647412141336e-01
2.040815407841708451e-01
2.042958875935883267e-01
2.045225392549760435e-01
2.048247694376235384e-01
2.049077354358940783e-01
2.049103001602834151e-01
2.049904956089685371e-01
2.051933324964039518e-01
2.053344102760656931e-01
2.054275979697013088e-01
2.054700923816391300e-01
2.055589424062296555e-01
2.060285318843725066e-01
2.060863555282801962e-01
2.061207775990777369e-01
2.062737370918095725e-01
2.063938199601153822e-01
2.065178726198400039e-01
2.066203246029126583e-01
2.068540822389883238e-01
2.069447002679721259e-01
2.070551580350956933e-01
2.071236555597271434e-01
2.071781911974929224e-01
2.073716434078694271e-01
2.074196281996847357e-01
2.074964294714111146e-01
2.075227488309024371e-01
2.076136640472124317e-01
2.077004396295615007e-01
2.077612529447249445e-01
2.078027934012472711e-01
2.078772669781842886e-01
2.079324224879434135e-01
2.082194653944699769e-01
2.083276313467662955e-01
2.083554384722501041e-01
2.084304960511899341e-01
2.085462825279390253e-01
2.087398529999541230e-01
2.087603118411772429e-01
2.088896269080169066e-01
2.089535174575925802e-01
2.090402579589488719e-01
2.090958271936441404e-01
2.092986688504786807e-01
2.094031858042333660e-01
2.095118052268339082e-01
2.096671836496486474e-01
2.097204453821176762e-01
2.097421655024090115e-01
2.098773370352294276e-01
2.099973456179906328e-01
2.100963771219739318e-01
2.101441526904027912e-01
2.102080852382289256e-01
2.106050173424161565e-01
2.107141501954685192e-01
2.108219120665026369e-01
2.109100416108398435e-01
2.109642429845392242e-01
2.111116249994776928e-01
2.111543551237656524e-01
2.113761625206483918e-01
2.115186558883033197e-01
2.116702616876527387e-01
2.119772546871827035e-01
2.120710880217424321e-01
2.121846434012139848e-01
2.125231795780349875e-01
2.126218151044499405e-01
2.127047930005466492e-01
2.127331378459604849e-01
2.128302938779275955e-01
2.129404902868433369e-01
2.131639941971227581e-01
2.132931853238498876e-01
2.133086818864241563e-01
2.133438605590116388e-01
2.135003818548626975e-01
2.137916461653661115e-01
2.138956720572633419e-01
2.140839845770360905e-01
2.142387791599516256e-01
2.143111457693098465e-01
2.144634326689142390e-01
2.145803078425964905e-01
2.145804104486752073e-01
2.148177323692404272e-01
2.151073382768822206e-01
2.152426148662429650e-01
2.153142251506045823e-01
2.154163011859944465e-01
2.154635583918684261e-01
2.156716158648353254e-01
2.157293738716126730e-01
2.158165751808431565e-01
2.160952264500258513e-01
2.161454028724091869e-01
2.161951948296776671e-01
2.162603042545517829e-01
2.164001530735096268e-01
2.164302026789838018e-01
2.164786892825057429e-01
2.165053003478217553e-01
2.165137240078988390e-01
2.165228423621939069e-01
2.165609075084876656e-01
2.168477402111607111e-01
2.169090345664271002e-01
2.170990137028716571e-01
2.171635539028872186e-01
2.173285236437273171e-01
2.174196742619450284e-01
2.174557893815582954e-01
2.175265492522666377e-01
2.175975043832287514e-01
2.176735996355438074e-01
2.177944811412280135e-01
2.178236708311703240e-01
2.179195917925490500e-01
2.181349329018743843e-01
2.182971657510761054e-01
2.183800883546406502e-01
2.186700799033489684e-01
2.188449382533357579e-01
2.190132148442449633e-01
2.190967113106623843e-01
2.191721644479418529e-01
2.192799411321765812e-01
2.194163338515176809e-01
2.195160348850891674e-01
2.196196811746385091e-01
2.197477999515169700e-01
2.198929552304532131e-01
2.199623503318397233e-01
2.201597791160950501e-01
2.203667097054377300e-01
2.204903515946682602e-01
2.206554586899290293e-01
2.208748588368283083e-01
2.210124709377914165e-01
2.211032668827406233e-01
2.213496405029498626e-01
2.214182181089415780e-01
2.214215073636715825e-01
2.214873439547151712e-01
2.215502152988794993e-01
2.217211883546828799e-01
2.219194524503828869e-01
2.219883068766716760e-01
2.221222984504253872e-01
2.221677247133845290e-01
2.223053543949442823e-01
2.223297467101387204e-01
2.226407023245033645e-01
2.226645524184213132e-01
2.229778208211986024e-01
2.229846578877845986e-01
2.230589896054909760e-01
2.231267828966911615e-01
2.231717832311076732e-01
2.233913203015324977e-01
2.235835947956756609e-01
2.237348289540489754e-01
2.238185941820783620e-01
2.238787536963249836e-01
2.239424055673538139e-01
2.241513571290477680e-01
2.242072764928903505e-01
2.244100577357473203e-01
2.245143834278424400e-01
2.246275984065906894e-01
2.246782426399308030e-01
2.248037776525502740e-01
2.248552791762004621e-01
2.249117965584344070e-01
2.250072608072870017e-01
2.251324854044945423e-01
2.253303272644784361e-01
2.255054384978966986e-01
2.256042581367158073e-01
2.256630015650183674e-01
2.260053058689400207e-01
2.260424610494812525e-01
2.263475480714560728e-01
2.264386585678472841e-01
2.267467737507538050e-01
2.269399958544990326e-01
2.269783418435365463e-01
2.270101713155082412e-01
2.271601994532782554e-01
2.273113694372674576e-01
2.274160518695965139e-01
2.275437320401965668e-01
2.277524949613520810e-01
2.279687553149482571e-01
2.280976601335974463e-01
2.281768467293440739e-01
2.286116462492054635e-01
2.288352644682114245e-01
2.289835277463861118e-01
2.292567545326466283e-01
2.295542506630983970e-01
2.296887783565934593e-01
2.299764610303720869e-01
2.301076829110051680e-01
2.302090888427397175e-01
2.302705562879084067e-01
2.305257749114643928e-01
2.306187422270864207e-01
2.307074646139463392e-01
2.307836072634665281e-01
2.310069887057257243e-01
2.311027069038832926e-01
2.312183699429261052e-01
2.315184342779650906e-01
2.318089116428410645e-01
2.319661434043272241e-01
2.320607029114664654e-01
2.321415193388360887e-01
2.322129814528798297e-01
2.322283231278724214e-01
2.323278194860521895e-01
2.324279141792659487e-01
2.325416498430654677e-01
2.329587230093906614e-01
2.330382407415176882e-01
2.331551205157166018e-01
2.334881127509954302e-01
2.335734072135482176e-01
2.338649392052714604e-01
2.339307317564280619e-01
2.340132386780115759e-01
2.340630312086397491e-01
2.343715022836546369e-01
2.345262845078057434e-01
2.345965640539402763e-01
2.347586667322530407e-01
2.348856166414181879e-01
2.352813815037646528e-01
2.353720369377976518e-01
2.356227396566845933e-01
2.358229175558536894e-01
2.358835527938294707e-01
2.360292811780319577e-01
2.361309354090263823e-01
2.361603860713799297e-01
2.362971602197746490e-01
2.364023767122563346e-01
2.367389996201675895e-01
2.369680106728652702e-01
2.370330259990136579e-01
2.371989374502610493e-01
2.372123975774465821e-01
2.372512032724804210e-01
2.376113072447925967e-01
2.377188762021012480e-01
2.380650890821130738e-01
2.382147645654438539e-01
2.383019342909230842e-01
2.385579516599638517e-01
2.387095615447075159e-01
2.387365115328209109e-01
2.390068204803887930e-01
2.390718760564930767e-01
2.390979599173381487e-01
2.391442656601728278e-01
2.392307570491560842e-01
2.392860973387845591e-01
2.393740226446187114e-01
2.395943428329488922e-01
2.396747851317547473e-01
2.397146947931449723e-01
2.399940308207284823e-01
2.400514249923619559e-01
2.401358052154217715e-01
2.402189885701324912e-01
2.402987108297009733e-01
2.403813750139415506e-01
2.405444254170333029e-01
2.406700404505576762e-01
2.407467961279246560e-01
2.408604720763233842e-01
2.409735804558985617e-01
2.412383719464257503e-01
2.413655055184618925e-01
2.415825440931675949e-01
2.417517778178886467e-01
2.417855246972638317e-01
2.418795781989086513e-01
2.424865849290069597e-01
2.425378723902254507e-01
2.426286709409444242e-01
2.426470192803365789e-01
2.427482334302087652e-01
2.428871444431454918e-01
2.429124012759678597e-01
2.430920945479757012e-01
2.434353408340979297e-01
2.434566583525002437e-01
2.436205146971076319e-01
2.439366491399285186e-01
2.440493701607551191e-01
2.440819215927987895e-01
2.442261755123791289e-01
2.442432721262692563e-01
2.444196816238946579e-01
2.444306093708623617e-01
2.445272916182257006e-01
2.447615136685872272e-01
2.449223030593701833e-01
2.450396143697664564e-01
2.451940791875154013e-01
2.453073270865330779e-01
2.454593387137603000e-01
2.456367134311245315e-01
2.457581846507952694e-01
2.460855720631921484e-01
2.461431062916824564e-01
2.463968185822603685e-01
2.464503767802356249e-01
2.465726233757986330e-01
2.469579948964071570e-01
2.471017006783676750e-01
2.471929558133612592e-01
2.473848200044559131e-01
2.476094997338677550e-01
2.478191335774714010e-01
2.479060639257253396e-01
2.483878894665987047e-01
2.484715114646594836e-01
2.485985848220344241e-01
2.487709211001360721e-01
2.490405609133225229e-01
2.492000232338442978e-01
2.493686963912759569e-01
2.493946528058036127e-01
2.496321394329079069e-01
2.498135284595707495e-01
2.500531928427710548e-01
2.501767590177212952e-01
2.503473689867045104e-01
2.503772344338081046e-01
2.504650948640281261e-01
2.506467627856768243e-01
2.509306279181224286e-01
2.510864583961655017e-01
2.510953092847431067e-01
2.513078630467154850e-01
2.513832184355823673e-01
2.514999646228379127e-01
2.516412069941639795e-01
2.517463200534719170e-01
2.518374257571778241e-01
2.522016676045320538e-01
2.522473393358695692e-01
2.523396031155573649e-01
2.524976727983080926e-01
2.527580919438623397e-01
2.528170433638690651e-01
2.529534493198223877e-01
2.530566180302315504e-01
2.532243485489461543e-01
2.533844540353022978e-01
2.536094621060753784e-01
2.536113655710116044e-01
2.536439017815442787e-01
2.536746692148870719e-01
2.537866610774222043e-01
2.539482297393915178e-01
2.540106041103190049e-01
2.540603055526770016e-01
2.544546765338624450e-01
2.544716545395415697e-01
2.545050315873207403e-01
2.546384868713305050e-01
2.547424654287462897e-01
2.548695548054907833e-01
2.550442834121119384e-01
2.551845300307037379e-01
2.552885310645058858e-01
2.555208399186401080e-01
2.555783053904001068e-01
2.557904572649642994e-01
2.559259310952150535e-01
2.561902810134941699e-01
2.566256928262695136e-01
2.568498049178222775e-01
2.569735834470527336e-01
2.570100155112006179e-01
2.573452447854098768e-01
2.576132619022110104e-01
2.577137681818810200e-01
2.578035698332784564e-01
2.579194955080030827e-01
2.581650935454818940e-01
2.582778454667237766e-01
2.583980971206220056e-01
2.585041166352254893e-01
2.585756364105851746e-01
2.585820421023460880e-01
2.586149020448333391e-01
2.588818672810984101e-01
2.590432124776056444e-01
2.590720698282781287e-01
2.592072320932028440e-01
2.593454448835854631e-01
2.599055843309641123e-01
2.600634055815693735e-01
2.601718296306638756e-01
2.602297142012939823e-01
2.604857438893045107e-01
2.605246047554792277e-01
2.607203678950327785e-01
2.608949074226908360e-01
2.609064354283897047e-01
2.610457802471272126e-01
2.613324537208185916e-01
2.614481725330752848e-01
2.616389413961429100e-01
2.617812693595365503e-01
2.618930812081062820e-01
2.620028895835483929e-01
2.622899778756846434e-01
2.624843216651932543e-01
2.625233709576484942e-01
2.627838814035178272e-01
2.630643283941237476e-01
2.632602042591055680e-01
2.634404948623524367e-01
2.636306906882507906e-01
2.636929460316674856e-01
2.638729371003104562e-01
2.640708383749199584e-01
2.641806743745920838e-01
2.643043691421633201e-01
2.645596873944882077e-01
2.646801340358971855e-01
2.649526742304483817e-01
2.650163841292060285e-01
2.650533613635571717e-01
2.650749108548704491e-01
2.652186548696791601e-01
2.654431236678082562e-01
2.656340743892597889e-01
2.657166967619986053e-01
2.658519628774768662e-01
2.659102219230770614e-01
2.661998586667339572e-01
2.662672363026211131e-01
2.663571324494192760e-01
2.664329220125689623e-01
2.665104287316064635e-01
2.665148066301354368e-01
2.666763175006734432e-01
2.669757885988769397e-01
2.671291016452754796e-01
2.672839606284188596e-01
2.674006405443526413e-01
2.677744695667432229e-01
2.678764094323303757e-01
2.679241198479157537e-01
2.681242451561274831e-01
2.685284449799719697e-01
2.686958281659933001e-01
2.687806662876706110e-01
2.688845642003991898e-01
2.689838146272864883e-01
2.691323065696024086e-01
2.693141599502829608e-01
2.695149016761156924e-01
2.696766763791029198e-01
2.699191087999874838e-01
2.700256064092855235e-01
2.701704034565005075e-01
2.703384189009088168e-01
2.704644111673641937e-01
2.705504288505388155e-01
2.708725008133219814e-01
2.711286223487476277e-01
2.711796781111349142e-01
2.713502494047531077e-01
2.714765995102773610e-01
2.715291811524029875e-01
2.716568414270816856e-01
2.716946044196103527e-01
2.719627483353838082e-01
2.720931616054162450e-01
2.722127363657869670e-01
2.722765123260071363e-01
2.723529098231208811e-01
2.724291528467482904e-01
2.724834475236568299e-01
2.727993618444332080e-01
2.729656059734325013e-01
2.730916943456904722e-01
2.731714041433757623e-01
2.732264842969994167e-01
2.737232164857384409e-01
2.737878390068153589e-01
2.738948565423169335e-01
2.739826567989951944e-01
2.740911812945141524e-01
2.741990750944062194e-01
2.742296158608307777e-01
2.744193607958168024e-01
2.744806854424473030e-01
2.745016331375086938e-01
2.747021353929214871e-01
2.749063609580469913e-01
2.750726722239618116e-01
2.752865409467865621e-01
2.753338122186154147e-01
2.756341312619169370e-01
2.757266021922258337e-01
2.758926033490789465e-01
2.762293120205183139e-01
2.764245712503835550e-01
2.765359019960796361e-01
2.768641319626382602e-01
2.770183010257376011e-01
2.770315626468135561e-01
2.770796957398335980e-01
2.771769225249395840e-01
2.775934914747288929e-01
2.776596663712583846e-01
2.779307555250064010e-01
2.780730322340377869e-01
2.783089317436651666e-01
2.784826235500025837e-01
2.785153366365971106e-01
2.786764967357100442e-01
2.787015528652774798e-01
2.791585283193012690e-01
2.792139480718889288e-01
2.793045956862627022e-01
2.796506046582198368e-01
2.796925618889931076e-01
2.798784901751280585e-01
2.798904816334579215e-01
2.803870092496060229e-01
2.805713553167774599e-01
2.805924751749964141e-01
2.807313995243242433e-01
2.811539546345966922e-01
2.812676746735608968e-01
2.813150369910218940e-01
2.814252647401801477e-01
2.817724030702257743e-01
2.818424495689592635e-01
2.820381830413102864e-01
2.820681690120128704e-01
2.824510051769547614e-01
2.826948927573375014e-01
2.828041475722041231e-01
2.831083076629044015e-01
2.831502973340521701e-01
2.832593390728028737e-01
2.838049172667844733e-01
2.841750609190353827e-01
2.844791239393768545e-01
2.845748226237942435e-01
2.847300509404686042e-01
2.847833273152316491e-01
2.849126859054026961e-01
2.851800441380253348e-01
2.855330179300230031e-01
2.856546683830802347e-01
2.857384021747121916e-01
2.860827720053090717e-01
2.862874714257290787e-01
2.865999293308709728e-01
2.866535883726757383e-01
2.867349193569561638e-01
2.868878289757362809e-01
2.869209353563363929e-01
2.870302412025845795e-01
2.871414640353183167e-01
2.873075041629203352e-01
2.875600626679090666e-01
2.878810258154517743e-01
2.879116126233070561e-01
2.879830664068127044e-01
2.881988595048736168e-01
2.883223247855097315e-01
2.885285145792130246e-01
2.886405911780268729e-01
2.889777345336974057e-01
2.890224131673299612e-01
2.891232457741291784e-01
2.894322927060379858e-01
2.896218897696121730e-01
2.899180795669898392e-01
2.904192189444934069e-01
2.906606888355288687e-01
2.907515431921027238e-01
2.908833420598874731e-01
2.912019103448383883e-01
2.916644078282510932e-01
2.917022754251480943e-01
2.921450893581998831e-01
2.923991825853264337e-01
2.926571123331429547e-01
2.928999340660883854e-01
2.929753779067051922e-01
2.931732145219989039e-01
2.933124571656857693e-01
2.934103857117534853e-01
2.936500246434728956e-01
2.937143239079332835e-01
2.939562285212291015e-01
2.942297349767592496e-01
2.946496778992010457e-01
2.949192349365639121e-01
2.950192679881930014e-01
2.956433617890674714e-01
2.959247765975250299e-01
2.960018225995265650e-01
2.962014168534919945e-01
2.962956623876450979e-01
2.965667835694582033e-01
2.968771816788828288e-01
2.970376104991378496e-01
2.970723369545036352e-01
2.971315674315841981e-01
2.976081943516528661e-01
2.976941907869972703e-01
2.977930856435273554e-01
2.979138131222602848e-01
2.979398617055026288e-01
2.981836424617369530e-01
2.984814432513903104e-01
2.989239963725365823e-01
2.989686554760937476e-01
2.991217363080402869e-01
2.994799647460100744e-01
2.997578523253021654e-01
2.999936960218456683e-01
3.003629891973941257e-01
3.004615824441765892e-01
3.006519111341753869e-01
3.009140549730566216e-01
3.011334281755398412e-01
3.012113507728232942e-01
3.014398459684663467e-01
3.015161269075185002e-01
3.017885766301660611e-01
3.018656639076031656e-01
3.021026717463251576e-01
3.021665302439325851e-01
3.023602466165103420e-01
3.026032263419090040e-01
3.030747247447838633e-01
3.033173163307847919e-01
3.035945473674647177e-01
3.038727087664264692e-01
3.040107913163008213e-01
3.044518507010497421e-01
3.046445022461706786e-01
3.046860022602169149e-01
3.048756673226470371e-01
3.051107054528616747e-01
3.051968621995752584e-01
3.052774328911477819e-01
3.056966180860454241e-01
3.060383380794314823e-01
3.062272411958956719e-01
3.062418523147029670e-01
3.063023962880455087e-01
3.063298616408156039e-01
3.070554262018552749e-01
3.070803476309031943e-01
3.072404749624924047e-01
3.073556440595358596e-01
3.075640538993286155e-01
3.077286756815871271e-01
3.086608693720650498e-01
3.086989625909152268e-01
3.088448414073363124e-01
3.090397321099805361e-01
3.093208792126437845e-01
3.094455050681808039e-01
3.097113827884048209e-01
3.099028626971376266e-01
3.102449702468891846e-01
3.105346694020484355e-01
3.105914402558447307e-01
3.109737365237879025e-01
3.110687090123071541e-01
3.111691992382175642e-01
3.112780664812869191e-01
3.113424127450760137e-01
3.119959651948648327e-01
3.120810873041727218e-01
3.121660041758605453e-01
3.124830993163124071e-01
3.129813282534283370e-01
3.130577517628834738e-01
3.134346639381546673e-01
3.137332788281265161e-01
3.137961561148138179e-01
3.138971149920214976e-01
3.143122479422309490e-01
3.143723664567680265e-01
3.145148885500743119e-01
3.147670632178779515e-01
3.149390708350451318e-01
3.153590882557971709e-01
3.155349538302107404e-01
3.156845467686261175e-01
3.164042618147071551e-01
3.166743371682139152e-01
3.167840625193726334e-01
3.173258576531911568e-01
3.178032972129390954e-01
3.182098395965612947e-01
3.183308842273451789e-01
3.183967128349040054e-01
3.185254273727511909e-01
3.189185832709805490e-01
3.192563506014301500e-01
3.197353959752792241e-01
3.198185664038318277e-01
3.200606397988694507e-01
3.202474872467738209e-01
3.205201687844921321e-01
3.206382144939716183e-01
3.207763744426987418e-01
3.212335826441817810e-01
3.215556046706062321e-01
3.217065452429594963e-01
3.222450459693943503e-01
3.225455477198456156e-01
3.229899438181234039e-01
3.231635696613457953e-01
3.232602088437001586e-01
3.233092910877027881e-01
3.233797443491345791e-01
3.235396559197830091e-01
3.236130155969682010e-01
3.238900812958769859e-01
3.241571426113073473e-01
3.244833595608683230e-01
3.247019064716454850e-01
3.248839966011682345e-01
3.251407227612916340e-01
3.252656671527536791e-01
3.256038449220270414e-01
3.258192936128332939e-01
3.259395444211413140e-01
3.261079862204923629e-01
3.262272796062756219e-01
3.262387043332550807e-01
3.266051509391430518e-01
3.269956309873247036e-01
3.273639836971908856e-01
3.275249293581573018e-01
3.276630060443594394e-01
3.277203234419914235e-01
3.278510964677924244e-01
3.278793643524800516e-01
3.279522573123921370e-01
3.282765772224685019e-01
3.284785484904466646e-01
3.286877472578570991e-01
3.287956642236141147e-01
3.289665571694984636e-01
3.291979969538564865e-01
3.296594789154420058e-01
3.299571560162134487e-01
3.301720207852824607e-01
3.302246502460632893e-01
3.304209588643210460e-01
3.307573419866626785e-01
3.309969468841692519e-01
3.310243284802473207e-01
3.310498176579882434e-01
3.313635029668917653e-01
3.314670914131674917e-01
3.316272574268278595e-01
3.319315961978719920e-01
3.328207756390938465e-01
3.329322917582332453e-01
3.330650168389324151e-01
3.331724628319847614e-01
3.334557355128111023e-01
3.335486075990560795e-01
3.340558953321637325e-01
3.342472881952311958e-01
3.343122642873889161e-01
3.345237119746259924e-01
3.349517948046052407e-01
3.352832675082967340e-01
3.354370299588869675e-01
3.357970716153596547e-01
3.361443438847459553e-01
3.364389399698505256e-01
3.365443135702289035e-01
3.368857179336595120e-01
3.371673169665208580e-01
3.372633448902032649e-01
3.376882562046412128e-01
3.377084521665386641e-01
3.378532059558828626e-01
3.382938044307504666e-01
3.387852060420342704e-01
3.389586885192184540e-01
3.390895125329144166e-01
3.391883463119933495e-01
3.393325911374532877e-01
3.395545621283724835e-01
3.397239593198072005e-01
3.397859499425052165e-01
3.399767676094266888e-01
3.401693027172474904e-01
3.402275586749193836e-01
3.407060963739355630e-01
3.408837217421094024e-01
3.411078629939708895e-01
3.412893709085018101e-01
3.413627040835752746e-01
3.416281332891868971e-01
3.418052675748875502e-01
3.419574880554770990e-01
3.421061149054880346e-01
3.423217768558638463e-01
3.423747377191399544e-01
3.426016845508417785e-01
3.429626610875226023e-01
3.431903536321770920e-01
3.435597614843644565e-01
3.437193519969994338e-01
3.438420445248672186e-01
3.441562021265345828e-01
3.442241581653857629e-01
3.446390593159815441e-01
3.450351704400637654e-01
3.451440271916251246e-01
3.452084913956726675e-01
3.453724666348114147e-01
3.456442152540536994e-01
3.460670247466521854e-01
3.461734074563735941e-01
3.463068464080651387e-01
3.463883174834054834e-01
3.467138566953363865e-01
3.468246947440433159e-01
3.470355041265304474e-01
3.473048292632704981e-01
3.475131798393369942e-01
3.475573529181535393e-01
3.476923919788759698e-01
3.481475109484973851e-01
3.481859188453820253e-01
3.485593058012571022e-01
3.486272058632476911e-01
3.489487752279127331e-01
3.491106892300030462e-01
3.497195893378664544e-01
3.498758970562433901e-01
3.499607988810898296e-01
3.500514782584320250e-01
3.501922028340962445e-01
3.502583061258158215e-01
3.504253129068115591e-01
3.504603463017468279e-01
3.506158134749038369e-01
3.511169245217142243e-01
3.511699647755591180e-01
3.513949271081978631e-01
3.519078183603213117e-01
3.519775404331366153e-01
3.522561631002456561e-01
3.525232786767675819e-01
3.527676904290546478e-01
3.529921521306611520e-01
3.532185624054006157e-01
3.534085964133647506e-01
3.534320440424711385e-01
3.538441620462557391e-01
3.540449916896870608e-01
3.541818261986580119e-01
3.544624876367333255e-01
3.546418718642835866e-01
3.547649808488080869e-01
3.549280741126088490e-01
3.550615058344148145e-01
3.554648557449145430e-01
3.556892802889125571e-01
3.559206410231910422e-01
3.561431292415496164e-01
3.561634020585337512e-01
3.566958627073584243e-01
3.567640113678044456e-01
3.570259280580080352e-01
3.572902035997915227e-01
3.575339193419338479e-01
3.577326855865148314e-01
3.582003560564559486e-01
3.585364135988878265e-01
3.587156614843535207e-01
3.588297481713080272e-01
3.591290354816915054e-01
3.594529710031515446e-01
3.596254508830813434e-01
3.598105306629716948e-01
3.599570060360954282e-01
3.601423026808263650e-01
3.603457127892669143e-01
3.606373786313753493e-01
3.608844259852143077e-01
3.614798065873797706e-01
3.616032810612914705e-01
3.617685184441732371e-01
3.620269856985218193e-01
3.621292504857013816e-01
3.626654358136359169e-01
3.628143435380429271e-01
3.631641060399747323e-01
3.636606563613924425e-01
3.639569367823780599e-01
3.642264345143639281e-01
3.645518143888841212e-01
3.645915879210235855e-01
3.648750663948839290e-01
3.652371248588395236e-01
3.654311427937234624e-01
3.657674219129868343e-01
3.659720212324057420e-01
3.661352008900107813e-01
3.662271454801633852e-01
3.663080637512601823e-01
3.666303978486911141e-01
3.667825690859429777e-01
3.669586135753236111e-01
3.672044842164703948e-01
3.673636082645503897e-01
3.675602018674337668e-01
3.677139429232370582e-01
3.682471960655993026e-01
3.683503636682562421e-01
3.687347178903669365e-01
3.697314388682466091e-01
3.698200290729394824e-01
3.701983350959556773e-01
3.705779709391384125e-01
3.706683681652599982e-01
3.707238881167005395e-01
3.715120765182998164e-01
3.715297158866178173e-01
3.716322381279466569e-01
3.717719804251731208e-01
3.722480864870336137e-01
3.723469398662827001e-01
3.726650754367580309e-01
3.733292090763716820e-01
3.735587163998682625e-01
3.737763186823454542e-01
3.738165236972925687e-01
3.740117150974263116e-01
3.740403384046371293e-01
3.743720756565915297e-01
3.749848326102974694e-01
3.750787253614573102e-01
3.752547989290620500e-01
3.755256775019910620e-01
3.763017107207999312e-01
3.767693101046284965e-01
3.768932526180783782e-01
3.769133261576478877e-01
3.775450090166816430e-01
3.779916032217164878e-01
3.780351052377259324e-01
3.782441380917535567e-01
3.789560700312076258e-01
3.790178972291735060e-01
3.793453453872016601e-01
3.794565428256185813e-01
3.802487230937223184e-01
3.806347143640623765e-01
3.809193947997178142e-01
3.812829324656686336e-01
3.815305086351937769e-01
3.817676669101103260e-01
3.819256252002319885e-01
3.821184604450453826e-01
3.822388725205020932e-01
3.824820338655154917e-01
3.830527244959269217e-01
3.832879059251757536e-01
3.834775427786393243e-01
3.837116656349095489e-01
3.838209782006433146e-01
3.841003528651271703e-01
3.841936517353417013e-01
3.849809562546006592e-01
3.850535604895206632e-01
3.860277069668143213e-01
3.861347063930460899e-01
3.862725546342273275e-01
3.864453464598266996e-01
3.864747678011301035e-01
3.869492587805899997e-01
3.871539892512273484e-01
3.873114611176562971e-01
3.875201992660792794e-01
3.877072133388007602e-01
3.882718249935115939e-01
3.884055929636865412e-01
3.888287728030458412e-01
3.890285957285143370e-01
3.890961733108891374e-01
3.894425710942003849e-01
3.895925252168865871e-01
3.897957958453391880e-01
3.902570785829971300e-01
3.905064214013268531e-01
3.908707316016439282e-01
3.909339431158356248e-01
3.914461958781870199e-01
3.923229377591077038e-01
3.924102893650013302e-01
3.925345369749647095e-01
3.928257327159681567e-01
3.934457910221561550e-01
3.935604852834821976e-01
3.939220161445572410e-01
3.943674222836703880e-01
3.944772480853472318e-01
3.950838507120517096e-01
3.952904635027693070e-01
3.954590894418739677e-01
3.961533267291078575e-01
3.964766795309844771e-01
3.965737119928329224e-01
3.968947479914693988e-01
3.969987562520792546e-01
3.970936324428576136e-01
3.975428980664802991e-01
3.978536480273594522e-01
3.979453563836747310e-01
3.983962984726667766e-01
3.987843326208270756e-01
3.989330433878149895e-01
3.995735611923829089e-01
3.996542307814392458e-01
4.001516769009275110e-01
4.004762075665744825e-01
4.006186968372704160e-01
4.009245988095404556e-01
4.011650491235239091e-01
4.015037389264285439e-01
4.016973959465562904e-01
4.021783717504123778e-01
4.022903693983785889e-01
4.028466206844656394e-01
4.029908357052730539e-01
4.032486016159130271e-01
4.032958338781555407e-01
4.034037113982825717e-01
4.038627181077303341e-01
4.040152257570202576e-01
4.041581466432351832e-01
4.043619661873292803e-01
4.043984287876557504e-01
4.045728355633138040e-01
4.049451291808597309e-01
4.050275607351129792e-01
4.051625610233637320e-01
4.061608522769852847e-01
4.067945848861964087e-01
4.069028939615080831e-01
4.070033999794664958e-01
4.074702878186168276e-01
4.078719177677839758e-01
4.079834250988909616e-01
4.080989692695246585e-01
4.083721499161893642e-01
4.087900360740268635e-01
4.092831572029466125e-01
4.095928351537456158e-01
4.096955647684621393e-01
4.098606586891608283e-01
4.102540547434383456e-01
4.103181830440338351e-01
4.104642923801525289e-01
4.109639244811263414e-01
4.112556798560668692e-01
4.114693762876425742e-01
4.119370357683708184e-01
4.120872091022723671e-01
4.123628218641086640e-01
4.125236392915717643e-01
4.126893441260843787e-01
4.128298137782936972e-01
4.129135965267927144e-01
4.131479338526942713e-01
4.133010735197276686e-01
4.133438779099490312e-01
4.134094938797840402e-01
4.137786188227196571e-01
4.139489753207808986e-01
4.140346854523228592e-01
4.142846198579288597e-01
4.143956532322135011e-01
4.146101582799462948e-01
4.146777137664572344e-01
4.149798136341520394e-01
4.151371724734588819e-01
4.153741405257087571e-01
4.157141379216157673e-01
4.159660770982398503e-01
4.160456453191830328e-01
4.161706129013024724e-01
4.163777976906272160e-01
4.169796621600645459e-01
4.172691726987833305e-01
4.173235819125378221e-01
4.173964678760333502e-01
4.178417163526061961e-01
4.180812237126528830e-01
4.181927714835815824e-01
4.183341968438726299e-01
4.187004490955876790e-01
4.191731675222514775e-01
4.192131761789222311e-01
4.194143069060048967e-01
4.199375607088544071e-01
4.199873543968417056e-01
4.203260818676847199e-01
4.204092275063700535e-01
4.205559124369896429e-01
4.208126810229111392e-01
4.212811210369388770e-01
4.213990443904768179e-01
4.217002013790215331e-01
4.218515029167341779e-01
4.225158481565160495e-01
4.227362424021096632e-01
4.227738067801865562e-01
4.231439909343470140e-01
4.234835632904332403e-01
4.237258112361665940e-01
4.238113768739474874e-01
4.242578433393127124e-01
4.243460851624050179e-01
4.246783822900606631e-01
4.250046090425332879e-01
4.250658040918473546e-01
4.254264089179719543e-01
4.258031938200188549e-01
4.260106501162004844e-01
4.262492446211953445e-01
4.263916899998463905e-01
4.265058878751307181e-01
4.266350869582409278e-01
4.270084311123833465e-01
4.272557834205632510e-01
4.274545257564177914e-01
4.276867749516999884e-01
4.277677016585860192e-01
4.281099921068152736e-01
4.281394108973460289e-01
4.282646699173469629e-01
4.283572611252206008e-01
4.286760268644729810e-01
4.288233656888568168e-01
4.289866506621758391e-01
4.291872380218173522e-01
4.292925481020714584e-01
4.295384385629337776e-01
4.295755861691926691e-01
4.296351208969073077e-01
4.299190175016206483e-01
4.299468485164931741e-01
4.302773703382652415e-01
4.304089006061789791e-01
4.306964018881634382e-01
4.307554122799700513e-01
4.310308754033195244e-01
4.312791851186992265e-01
4.313905669920842789e-01
4.315694651329031739e-01
4.317104845652246503e-01
4.319492199689576317e-01
4.323520192073490032e-01
4.323571281962262924e-01
4.325097761574214772e-01
4.326391784368453508e-01
4.329059792622859115e-01
4.329649962802766816e-01
4.332836831403020783e-01
4.333816612041898053e-01
4.335653905911889816e-01
4.339383108618666274e-01
4.342122444882048349e-01
4.346898343540003262e-01
4.348659380980087197e-01
4.349168228442107931e-01
4.350724014757208491e-01
4.352593221560128178e-01
4.355652958645820916e-01
4.357890531027600045e-01
4.360817194511990569e-01
4.362187609980142655e-01
4.362343610962265417e-01
4.362641819099757345e-01
4.365029440820678563e-01
4.368832199423507978e-01
4.369957703468549948e-01
4.373219796494110523e-01
4.374750949450371684e-01
4.377994587834275197e-01
4.381511581005390066e-01
4.382119837360861636e-01
4.383977682145498989e-01
4.385014249384883711e-01
4.388431485586375413e-01
4.390553222004132117e-01
4.391237760174409033e-01
4.391992842628164029e-01
4.395361556051100016e-01
4.396195104045665936e-01
4.397127700379931392e-01
4.397699820086249933e-01
4.402386863789806704e-01
4.403219321725458935e-01
4.406359488935738256e-01
4.406875650979660275e-01
4.409723669351240938e-01
4.411315656554201103e-01
4.412034572406988708e-01
4.414679775303386178e-01
4.416820727783625222e-01
4.417828515149727076e-01
4.419535982889880033e-01
4.420415413402626892e-01
4.423672027216231650e-01
4.425866893218021181e-01
4.427674820469959527e-01
4.428882355518484193e-01
4.429337727632432498e-01
4.429528567057121613e-01
4.432216654146695078e-01
4.434970353566016765e-01
4.437647065617469355e-01
4.442043613239987643e-01
4.443313940976469922e-01
4.444185922813809753e-01
4.446535966115382488e-01
4.448396303922363959e-01
4.450594881121480717e-01
4.451264879024949273e-01
4.451794465107344889e-01
4.455647191694704357e-01
4.459063816291982119e-01
4.459908488051474995e-01
4.460772646714047940e-01
4.462803158027642825e-01
4.465951937973046126e-01
4.466945070450134558e-01
4.468640324962778188e-01
4.471482100232084811e-01
4.472839160126325653e-01
4.473509605217925178e-01
4.474832719972453021e-01
4.476229639670470384e-01
4.477930552154015253e-01
4.481766382211500588e-01
4.483681034974748569e-01
4.486045272254797767e-01
4.487209601743684662e-01
4.488838046651930647e-01
4.491316127717326356e-01
4.495017384255132753e-01
4.495815165965469373e-01
4.497243592816846935e-01
4.497800136298422680e-01
4.500677100970582045e-01
4.502484063474807008e-01
4.503738940767108012e-01
4.504172805007629621e-01
4.505085102797231067e-01
4.506132778979810016e-01
4.509337774996856618e-01
4.509864498407157862e-01
4.513095357189770285e-01
4.513628122696505263e-01
4.515045519980817601e-01
4.516861441268621435e-01
4.522251039481886004e-01
4.522811379031325685e-01
4.525221969391846621e-01
4.526632990720828587e-01
4.527526145292481985e-01
4.528511736599095117e-01
4.530750917762353391e-01
4.533881943776751910e-01
4.535726467464645806e-01
4.538389150963449414e-01
4.540839373092498410e-01
4.541698999834036798e-01
4.542735418547206860e-01
4.543608383627995018e-01
4.546463907005923177e-01
4.547431077301430924e-01
4.548559842438929524e-01
4.550580238089855234e-01
4.551163223460432117e-01
4.553475043752082674e-01
4.555934059475504894e-01
4.557615157211919454e-01
4.558766583854645393e-01
4.561382938009032606e-01
4.562910218994833400e-01
4.564211403312630200e-01
4.567187358356582516e-01
4.570482905831467213e-01
4.574233425390754615e-01
4.575409427618323810e-01
4.576149534527024776e-01
4.577238745882848403e-01
4.579017973752972925e-01
4.580841538095757892e-01
4.582320106241222768e-01
4.583899515095267718e-01
4.586366124172453484e-01
4.587353205448341242e-01
4.589588537882143271e-01
4.591810611654799645e-01
4.594453721060484663e-01
4.595653537224141383e-01
4.597551697795217995e-01
4.598932047190844585e-01
4.600071798682103252e-01
4.600801927388167289e-01
4.604162938082373979e-01
4.605625153240675007e-01
4.606802492248846526e-01
4.610368168245365106e-01
4.611639978763040770e-01
4.612814157647383007e-01
4.614273814285262953e-01
4.615529398694692143e-01
4.617485361357557827e-01
4.620457698625454190e-01
4.623502937200772434e-01
4.624922798738672070e-01
4.625200803714228370e-01
4.626606900719779092e-01
4.631155216965954780e-01
4.632175414307021510e-01
4.633414822690166690e-01
4.634982778359493794e-01
4.636177124241451786e-01
4.638310505076080337e-01
4.638492018916652859e-01
4.641373912053344819e-01
4.642603674806551339e-01
4.644648126207083783e-01
4.646714766970839183e-01
4.648265291430928592e-01
4.651483456585310816e-01
4.653176842143061931e-01
4.654054618577549984e-01
4.655112706104796994e-01
4.656938485473152700e-01
4.658065840555183357e-01
4.659626101450394797e-01
4.660351823072603206e-01
4.663368195398677751e-01
4.665015397859660351e-01
4.667730591097816184e-01
4.668944601536775263e-01
4.669511173921040426e-01
4.671411939134165747e-01
4.671779710887397630e-01
4.673603961461686440e-01
4.677573209917708086e-01
4.678884667262998009e-01
4.681287663170277114e-01
4.682252622017981092e-01
4.683275903202168688e-01
4.684459003849963388e-01
4.686222564880155872e-01
4.687366521247053885e-01
4.688908997078544694e-01
4.691329519752608923e-01
4.693414050671745885e-01
4.694870510430499411e-01
4.695411457426864055e-01
4.699245190761521251e-01
4.700160803939767429e-01
4.700992866059289232e-01
4.702637522499766853e-01
4.707029106997602796e-01
4.708102673627441170e-01
4.709075723841282812e-01
4.711210974434377752e-01
4.713667886084220160e-01
4.715317135818667960e-01
4.717747817204681615e-01
4.718036361229410169e-01
4.720201233764862447e-01
4.722377902778027714e-01
4.723670049000603388e-01
4.726031925612914630e-01
4.727869384688334065e-01
4.730107729984355247e-01
4.731783219475496072e-01
4.733403445836245615e-01
4.734426239913906431e-01
4.736219549129466744e-01
4.739084004824991037e-01
4.740963328560365286e-01
4.744608854184905744e-01
4.746156983896546167e-01
4.747095216189458622e-01
4.749780663616341991e-01
4.750202703270451909e-01
4.751472654912172744e-01
4.754157793292937417e-01
4.756748507377428492e-01
4.758090570688431886e-01
4.758912729977623490e-01
4.763796927214127286e-01
4.765157717572975349e-01
4.766512974237689382e-01
4.768523844794797517e-01
4.772146839327032208e-01
4.772988184248352361e-01
4.775103535520697218e-01
4.776576451822860947e-01
4.779469710431761831e-01
4.781426856855280905e-01
4.782988862888448711e-01
4.788270687080535826e-01
4.789408865010931771e-01
4.790523560282003435e-01
4.792545663495244579e-01
4.795777850353372673e-01
4.797040006841014614e-01
4.798711768943764167e-01
4.800675462717292619e-01
4.802033904294004674e-01
4.802441940947977383e-01
4.804995502091215509e-01
4.806862809236684964e-01
4.808098032600448546e-01
4.810741840663277924e-01
4.812652433401856666e-01
4.815508399182204524e-01
4.817941595555604306e-01
4.821203102523659578e-01
4.821789811267531145e-01
4.822782515546589210e-01
4.824601019127667811e-01
4.826454348186571264e-01
4.828388759797696550e-01
4.832063329311019895e-01
4.834055403216216962e-01
4.838324628351515777e-01
4.839453819384484934e-01
4.841529344432671245e-01
4.844849465983999681e-01
4.846118481043746318e-01
4.847622725331893756e-01
4.848914388332852266e-01
4.851039782519606103e-01
4.851871426368686846e-01
4.853754397151193167e-01
4.855069373745638517e-01
4.859852393137468751e-01
4.863914413747315590e-01
4.865214714041098953e-01
4.865475994376792790e-01
4.869611377419543197e-01
4.870582541141528221e-01
4.872424544856023276e-01
4.875882031463427690e-01
4.878650720288968956e-01
4.881274591950092168e-01
4.882903046974775840e-01
4.883437717559570013e-01
4.885981757157715766e-01
4.886552651442469530e-01
4.887570211028493539e-01
4.888136584728482448e-01
4.889801404308821708e-01
4.891589534650214177e-01
4.894279418448805319e-01
4.896677822205697250e-01
4.897085920853048724e-01
4.899944336086580754e-01
4.900714812151522604e-01
4.904508760535354894e-01
4.906275646488449382e-01
4.910175779123522322e-01
4.910564982417046087e-01
4.913667585435098073e-01
4.915119691346535036e-01
4.918181532237809184e-01
4.919688318480262557e-01
4.921460618310411483e-01
4.922975872488505322e-01
4.923660380788189572e-01
4.925454597371705656e-01
4.931733405459643449e-01
4.934558699324152475e-01
4.936012318648312358e-01
4.940652644893984702e-01
4.941161674365577294e-01
4.942301132106980410e-01
4.945228004532851163e-01
4.946112484200386739e-01
4.948947215457663584e-01
4.949947329790194694e-01
4.953746984670122089e-01
4.955365415107291227e-01
4.957368495910070005e-01
4.961926455383341983e-01
4.963788729571144143e-01
4.967142688552870777e-01
4.968549209276555412e-01
4.972378957897377050e-01
4.973404199601414444e-01
4.973822572816720688e-01
4.976347884246181685e-01
4.977638378817467180e-01
4.978931403650217469e-01
4.979468903319130280e-01
4.983455296630308062e-01
4.985804443248693096e-01
4.988448229432520531e-01
4.989243482092068915e-01
4.991615608659442649e-01
4.992287851076386285e-01
4.996201706066076831e-01
4.997277309264099854e-01
5.000412291866473957e-01
5.001065595185881785e-01
5.002749679395731564e-01
5.004722832464458815e-01
5.007434753026356322e-01
5.008181162516356366e-01
5.010333476010084830e-01
5.013462776990920133e-01
5.014797523314548089e-01
5.016517967826777946e-01
5.019686621281405081e-01
5.021430775446031891e-01
5.024169240123000924e-01
5.026564839598515189e-01
5.028958950387827365e-01
5.029419450179741791e-01
5.031258097374425864e-01
5.032386371337486120e-01
5.037219952591459604e-01
5.037603464561458688e-01
5.038185994199956275e-01
5.040637980923747818e-01
5.044336094579651153e-01
5.044907111889752604e-01
5.048389720208119602e-01
5.049976644636948730e-01
5.050400697254359139e-01
5.051124545839301705e-01
5.053589912714139265e-01
5.055373234078988087e-01
5.056039541069196064e-01
5.058273632243910356e-01
5.060913477162704011e-01
5.061745495937419737e-01
5.065016199152254650e-01
5.067246827521271202e-01
5.068035668198349608e-01
5.069515430144529988e-01
5.070455744179342972e-01
5.072016458616974699e-01
5.073017456665502856e-01
5.075048979634081414e-01
5.076067079700886664e-01
5.079327684512113805e-01
5.081733428182674261e-01
5.082311869103058877e-01
5.084287666004551065e-01
5.085362973564586664e-01
5.086248659296791486e-01
5.091841139059576360e-01
5.092105806035225335e-01
5.092922399638146747e-01
5.093528723892043475e-01
5.095160368706341814e-01
5.097154774983589931e-01
5.100305270478894260e-01
5.101089609558101534e-01
5.101545551646502474e-01
5.104652275285208596e-01
5.105719074115909750e-01
5.111012420533548317e-01
5.112713985922983095e-01
5.116476651305920109e-01
5.118054852261838539e-01
5.120326483585625477e-01
5.122086477810888772e-01
5.123673671150743569e-01
5.126127900153377714e-01
5.127209356304667232e-01
5.128405430179584501e-01
5.131118661763196531e-01
5.133383824020324449e-01
5.136658173286300366e-01
5.137518757655255008e-01
5.139797315439053049e-01
5.143126076034304495e-01
5.143676993203429859e-01
5.147351564242880206e-01
5.148405918786389535e-01
5.150299292201067081e-01
5.151433619224159433e-01
5.154198191722875189e-01
5.155227668791519946e-01
5.158275856878937748e-01
5.163727184570111595e-01
5.164925828810474906e-01
5.167016381327307339e-01
5.169677877467321325e-01
5.170733827323632514e-01
5.173287314928254332e-01
5.174265798568045138e-01
5.177208863068453182e-01
5.178397941832744156e-01
5.181243125011852912e-01
5.182493607873155383e-01
5.187370532206803109e-01
5.189956897559564464e-01
5.191276534471037651e-01
5.192936296822097120e-01
5.195797235434592709e-01
5.197132173546197276e-01
5.199535454265802326e-01
5.200533304976822091e-01
5.202376347471677764e-01
5.205269997375093771e-01
5.205695282141140634e-01
5.209833166662218851e-01
5.212235577604851233e-01
5.213916613986405713e-01
5.216603484873335583e-01
5.219177739840921149e-01
5.219401313418130517e-01
5.220334658012195650e-01
5.223334835077072524e-01
5.227878776723657861e-01
5.228370830366911859e-01
5.230165551551760883e-01
5.232191909428238752e-01
5.234899396275352057e-01
5.238340808487138567e-01
5.240562075814693133e-01
5.242617025398680353e-01
5.243946901795973892e-01
5.245530626500877203e-01
5.246249589305600480e-01
5.246778580225830435e-01
5.249323978598939844e-01
5.251220707384564035e-01
5.253425190398333111e-01
5.256081043741995806e-01
5.256769769979700024e-01
5.257401192917393606e-01
5.257879857213191288e-01
5.262781056197439744e-01
5.263748389941119710e-01
5.265659641138904501e-01
5.267880234358268687e-01
5.268978816892424533e-01
5.270673783763529796e-01
5.273991157785130612e-01
5.274799219899751757e-01
5.276222661589647922e-01
5.277434703420503803e-01
5.280146586063281244e-01
5.281531934882545132e-01
5.283225155725566058e-01
5.286878128096272889e-01
5.288323351263622962e-01
5.289675933268983554e-01
5.291431176823022664e-01
5.291790296906048185e-01
5.296568353915738214e-01
5.297874282201291418e-01
5.299646462933736979e-01
5.303806898007429327e-01
5.306319205216355472e-01
5.307625856782797191e-01
5.308749615306229686e-01
5.311965060839041186e-01
5.313725226393652967e-01
5.315237267499164364e-01
5.317864748504572692e-01
5.319584521401358179e-01
5.321177405183284970e-01
5.322754013229268333e-01
5.323309011113949163e-01
5.325009817517493138e-01
5.327376514394662754e-01
5.330077455261523767e-01
5.333597004279642118e-01
5.334725371801914973e-01
5.339055079412843297e-01
5.340194667786207772e-01
5.341822241721145836e-01
5.343199281200963213e-01
5.344993363585420765e-01
5.347474261960086794e-01
5.350812202083521374e-01
5.352547435089562988e-01
5.356135881788391950e-01
5.356494587582989464e-01
5.357381407337646895e-01
5.358734746743407662e-01
5.360936662273251274e-01
5.362659800835584134e-01
5.367242771369054033e-01
5.373282984163533227e-01
5.374637530824005749e-01
5.376531471468470880e-01
5.378002744767986787e-01
5.380597304936715064e-01
5.384037029405526198e-01
5.386268887257327220e-01
5.387583447377759516e-01
5.391209464034647514e-01
5.392522064887009803e-01
5.393260381967009964e-01
5.395703971173434477e-01
5.398156861662746220e-01
5.399306429976720167e-01
5.400565032504969221e-01
5.405465689564815657e-01
5.406683936975086313e-01
5.407580417490357449e-01
5.410326021341105296e-01
5.411432387164603064e-01
5.413748446483224175e-01
5.415450782942096142e-01
5.416657827772339839e-01
5.420637085747814776e-01
5.421130828845213134e-01
5.422904289117058685e-01
5.425449538792859183e-01
5.426205243787044497e-01
5.429071941585923433e-01
5.431207972157969799e-01
5.432544739516955712e-01
5.435912238730077339e-01
5.439700837563039570e-01
5.440760544412923672e-01
5.443197045525781652e-01
5.444760453886547946e-01
5.446294405403315775e-01
5.446807327208552651e-01
5.448606705078715695e-01
5.450315202094511147e-01
5.451667853154902321e-01
5.454116157863643233e-01
5.454865150012079278e-01
5.459736267743861005e-01
5.461097225044564407e-01
5.463317814029734487e-01
5.464544298350286766e-01
5.467438989168541541e-01
5.473104905034532619e-01
5.474495718225015350e-01
5.474769931444766202e-01
5.478704907096014765e-01
5.480309371041830468e-01
5.483347143438862537e-01
5.484921052211390036e-01
5.485766222317949303e-01
5.490675281373095240e-01
5.492205639546852147e-01
5.493560119631588634e-01
5.494751497599426049e-01
5.497116507487648240e-01
5.499773958482407910e-01
5.502583780235026367e-01
5.504689106895016559e-01
5.507305812049378968e-01
5.508534969869799403e-01
5.512637740955420584e-01
5.514589151353110896e-01
5.517638203302216438e-01
5.518644491860872359e-01
5.520706273632246530e-01
5.523057597156206810e-01
5.524133949668770249e-01
5.525779259313068348e-01
5.529474358606697448e-01
5.533302636808069552e-01
5.535788888954835674e-01
5.538690908209843444e-01
5.540309875834986686e-01
5.541352795041235568e-01
5.544846534885212730e-01
5.546141543785544359e-01
5.551845176726589726e-01
5.553244518708807531e-01
5.555593984649939143e-01
5.558056763000630562e-01
5.558421012284467944e-01
5.560096540511552110e-01
5.561417053169219749e-01
5.562594556515088051e-01
5.565203662217270697e-01
5.569272151186437370e-01
5.571203194787263113e-01
5.572004386510555074e-01
5.575050037200801611e-01
5.575467893721183232e-01
5.578309883615455433e-01
5.581876599682538131e-01
5.583188230811251263e-01
5.584476990614698488e-01
5.588120178922278969e-01
5.589439409748876431e-01
5.592797323757359162e-01
5.594858892548002505e-01
5.596248587113870077e-01
5.597373685381311637e-01
5.599551544459011598e-01
5.600123590997794221e-01
5.602929073240975333e-01
5.605164835258134026e-01
5.606113665929152168e-01
5.608086245380334844e-01
5.611507954504796336e-01
5.614659330196459797e-01
5.615993151676781370e-01
5.617874286962595276e-01
5.619912833279255837e-01
5.622490425309194517e-01
5.625478384980093782e-01
5.625864067996375617e-01
5.629460747306376245e-01
5.631306593757871015e-01
5.633329217099926067e-01
5.635820618950128091e-01
5.636708560341809893e-01
5.637929861414050503e-01
5.639275378333882260e-01
5.642175334195841385e-01
5.646919568494465080e-01
5.648495454528693616e-01
5.649781004777588711e-01
5.651020564423020476e-01
5.653651324656779886e-01
5.659057989956999268e-01
5.661353490251656018e-01
5.665065294185714917e-01
5.667938222352413291e-01
5.670205475323966127e-01
5.671493237129417997e-01
5.673632917180621016e-01
5.674185072182216238e-01
5.676162510365453384e-01
5.678491889086485500e-01
5.683123612278827563e-01
5.684324375583201805e-01
5.687245318500897540e-01
5.687740853399743113e-01
5.692753498915917865e-01
5.695120795013522974e-01
5.700904809084590408e-01
5.703892703837712963e-01
5.706316484954698787e-01
5.706894517993953420e-01
5.710504465569155030e-01
5.712238225212596943e-01
5.713271853951924495e-01
5.716436495872915247e-01
5.720074226882948532e-01
5.723109872471655590e-01
5.724109829054606635e-01
5.726993195934125813e-01
5.729201171392267478e-01
5.731675300948078089e-01
5.733823969676509202e-01
5.737324394493334978e-01
5.739642904700134052e-01
5.741704119274848583e-01
5.747710605090612379e-01
5.749529873620775611e-01
5.751978390038192668e-01
5.754728303743854578e-01
5.756085849312628788e-01
5.759735414633262440e-01
5.762186131508089115e-01
5.763599820741485136e-01
5.765745924464269478e-01
5.768101565287114818e-01
5.773002654285331881e-01
5.774965977249965077e-01
5.780421661712540349e-01
5.782882857166832258e-01
5.788398614308951640e-01
5.792079959773691611e-01
5.793102714033665501e-01
5.796250216623415330e-01
5.797798871365691387e-01
5.800430874454638452e-01
5.803335674753216100e-01
5.806174227774554275e-01
5.807670865307664743e-01
5.809293165237012779e-01
5.813464685571904100e-01
5.813767240243906675e-01
5.816000622978003687e-01
5.821701269278474200e-01
5.824071630347854578e-01
5.828460762902932801e-01
5.830975399486011401e-01
5.833425643670403504e-01
5.834061650574899893e-01
5.843327663469467526e-01
5.846632403056467586e-01
5.847236113270538604e-01
5.850684919604643985e-01
5.854339094110199149e-01
5.856714641536946431e-01
5.857409005468537933e-01
5.859839008423626261e-01
5.861585127221835556e-01
5.862434390676828366e-01
5.865591132105811845e-01
5.868357333691743838e-01
5.871339577083294348e-01
5.872549938854650931e-01
5.872678974751770475e-01
5.877315487608109068e-01
5.880430108110358267e-01
5.882154266856989278e-01
5.884870199798268864e-01
5.885592040879383813e-01
5.891441275114438492e-01
5.892195835658323722e-01
5.895381343483557801e-01
5.895983650134197784e-01
5.897464552935195448e-01
5.898240284477318518e-01
5.901675713262023448e-01
5.905890286197672534e-01
5.907112061147596904e-01
5.907797450293352792e-01
5.910695316826535262e-01
5.911671720398022911e-01
5.917509985235450687e-01
5.918943686593067799e-01
5.921640161396207747e-01
5.922742644359970665e-01
5.925042417481849455e-01
5.926577988180630197e-01
5.928479745799727363e-01
5.929686148099388987e-01
5.932809139985407709e-01
5.935491674154583785e-01
5.937054703833097857e-01
5.937544087979630403e-01
5.938707471987468844e-01
5.939537605797516884e-01
5.943011638714373879e-01
5.947454178699802529e-01
5.949219922550227357e-01
5.951686343573163729e-01
5.952999163308365649e-01
5.955360565595622102e-01
5.958939916689897087e-01
5.960647115219014358e-01
5.961542241552337806e-01
5.964150187312154960e-01
5.967196073088011365e-01
5.968776515757358014e-01
5.971597025246768720e-01
5.975759709827253019e-01
5.978030777131629891e-01
5.980614119925842243e-01
5.982205071028371401e-01
5.984313730486460203e-01
5.986739518049303266e-01
5.988511190815473118e-01
5.990042773285407796e-01
5.992366456865479973e-01
5.994523120367665214e-01
5.998176436111949394e-01
6.000129305592681872e-01
6.001218318737299162e-01
6.005355881918054139e-01
6.009089738122530555e-01
6.009919494422020225e-01
6.012722813629283181e-01
6.015230159653766062e-01
6.015454115576021055e-01
6.017658975204194238e-01
6.022445285488052802e-01
6.023464245965138852e-01
6.025853229866559024e-01
6.026873228359632684e-01
6.029570173578632231e-01
6.032004076766985801e-01
6.035584766011692359e-01
6.039418363000240708e-01
6.041126758970569721e-01
6.042836271058016351e-01
6.043545586316410034e-01
6.045689071687381233e-01
6.047430317017231660e-01
6.050803651299607733e-01
6.051628490073868161e-01
6.053816555756659223e-01
6.056429973572708958e-01
6.061700043911828484e-01
6.064198536599616496e-01
6.066142342196991777e-01
6.070271200349051099e-01
6.072350861570950942e-01
6.076425424052497304e-01
6.077831890518121671e-01
6.080685832709622485e-01
6.084695453570790891e-01
6.086141184994754427e-01
6.093993153953699560e-01
6.096476675382680455e-01
6.097113178004275325e-01
6.099416554970419346e-01
6.101646503348598927e-01
6.103103293259456441e-01
6.104298451661418490e-01
6.106330619354869427e-01
6.107655112674645892e-01
6.111472188891217128e-01
6.113568875984746187e-01
6.116701127633658031e-01
6.122468472071112000e-01
6.123441033517977861e-01
6.125281156530337778e-01
6.126685495758066313e-01
6.128659700721453829e-01
6.132450374366938961e-01
6.133100191165188342e-01
6.134871161141229878e-01
6.136686992198712165e-01
6.139600260307855883e-01
6.141922310411550567e-01
6.147645542042174949e-01
6.149648912713132631e-01
6.152962097234297989e-01
6.155879733094354878e-01
6.157964538073716909e-01
6.160525973077971562e-01
6.162479954778801172e-01
6.163342790881970457e-01
6.165001287582914102e-01
6.167968195268004328e-01
6.169196812899329085e-01
6.172569178444599070e-01
6.174505678740680459e-01
6.177194257417732981e-01
6.180760061968051389e-01
6.184113528696798534e-01
6.187011861756180897e-01
6.189606091669609400e-01
6.194627788625858278e-01
6.199851520520993642e-01
6.200412256738746519e-01
6.203798278804359967e-01
6.206024651131055725e-01
6.207551813307859989e-01
6.208123658097536302e-01
6.210406726670287814e-01
6.213501910049162857e-01
6.215959556231681615e-01
6.217425233116462557e-01
6.224828700156024297e-01
6.226252227518274118e-01
6.228050931793369660e-01
6.231203633890014526e-01
6.232157092279650978e-01
6.233442232954239381e-01
6.236408550215396529e-01
6.238849499736006665e-01
6.238961480415918803e-01
6.241493811604751363e-01
6.242707716453906874e-01
6.246168458207259633e-01
6.248801996026832617e-01
6.250395351398898569e-01
6.251830716730873982e-01
6.261068722322904456e-01
6.261612124384268174e-01
6.263814116267084620e-01
6.266919322699691097e-01
6.267195764178293826e-01
6.270149617445683887e-01
6.274400252510111686e-01
6.277649851275550752e-01
6.280874235958133767e-01
6.283171410673050739e-01
6.288998097458186054e-01
6.289650695263191427e-01
6.290454524112940593e-01
6.293939946987900935e-01
6.295877484969684135e-01
6.299339785661824953e-01
6.300089024131947379e-01
6.302136570221825718e-01
6.304981074335077595e-01
6.315541860986895184e-01
6.317222688494744665e-01
6.318990499988468290e-01
6.323232647012612118e-01
6.324293513676656486e-01
6.328894646113822908e-01
6.332376010421376655e-01
6.332880448552647978e-01
6.335473612385340569e-01
6.338178970024782588e-01
6.339398421747827195e-01
6.345374225937737700e-01
6.347033578496840134e-01
6.350088061101365478e-01
6.352298004928823572e-01
6.355211446737023540e-01
6.358697224162984662e-01
6.360176883994396180e-01
6.367610248183969146e-01
6.370729096135344660e-01
6.375176897855380220e-01
6.377779949683687333e-01
6.380200110224790722e-01
6.382239335153163662e-01
6.386079095193187838e-01
6.386592227350796902e-01
6.393059694785783176e-01
6.394181378352593592e-01
6.397683960948890025e-01
6.401500643127616685e-01
6.404765603791586770e-01
6.406459680889720065e-01
6.409961768389064174e-01
6.413176615443689776e-01
6.414694431953998910e-01
6.418218074308217336e-01
6.421025006578521266e-01
6.429229192217030819e-01
6.430373758230449877e-01
6.434335959772895519e-01
6.439358429848847098e-01
6.440270355559897242e-01
6.444702167146612037e-01
6.448038654692607174e-01
6.451349201929620358e-01
6.454689392541809179e-01
6.456418945672697252e-01
6.457615682661940193e-01
6.460565199698036221e-01
6.463694164127842257e-01
6.466978706557641177e-01
6.471865716308777827e-01
6.472936259770247780e-01
6.475792133225335423e-01
6.478484872738997646e-01
6.479868745227226334e-01
6.487231215521227501e-01
6.487829492544044951e-01
6.495702258791511419e-01
6.496794222244858252e-01
6.499906845006637734e-01
6.503887786792218462e-01
6.504418672236320642e-01
6.512200161179965141e-01
6.513825039977104714e-01
6.515243649216587718e-01
6.517911496169229713e-01
6.519219858067695217e-01
6.521582958419073206e-01
6.529903262064898906e-01
6.533784863201985704e-01
6.534858179574611903e-01
6.538419314767086599e-01
6.539620443539394534e-01
6.544831497878187410e-01
6.545368844080513560e-01
6.550822030776330962e-01
6.551748664669848621e-01
6.555442315158804822e-01
6.558810775384791292e-01
6.563909493683482976e-01
6.567619314414703258e-01
6.570466168308770616e-01
6.576460055930913873e-01
6.578236083955779634e-01
6.579467137889714046e-01
6.584526552408956901e-01
6.587305129662481828e-01
6.589140405390756516e-01
6.591071121990947912e-01
6.592925624903409609e-01
6.595255336932501766e-01
6.601857453459243352e-01
6.604950577823236468e-01
6.606520371292677885e-01
6.608147799702865921e-01
6.610236354358351996e-01
6.613077948718799615e-01
6.614388012486147606e-01
6.619193220299816049e-01
6.622375051749801456e-01
6.626903813854950753e-01
6.628267901583821953e-01
6.629460661762828222e-01
6.631364499342390362e-01
6.638279132928082138e-01
6.639797588263726125e-01
6.640859604466423649e-01
6.646826543574826385e-01
6.648029756444714389e-01
6.650336452391487629e-01
6.657526376877243024e-01
6.661208982902354636e-01
6.665104768982034189e-01
6.667505066252779056e-01
6.671115681367962846e-01
6.673504222463153557e-01
6.677587637145678823e-01
6.678784007769945630e-01
6.683816835747278251e-01
6.686205979697976698e-01
6.689793463869743162e-01
6.690420453095672348e-01
6.697298308154950863e-01
6.699538602536624365e-01
6.703990205043099948e-01
6.705808725366099177e-01
6.707883611787601730e-01
6.709860516373613581e-01
6.715489583682645591e-01
6.720304099686490451e-01
6.723986398607183501e-01
6.725703808829863739e-01
6.731244937602367528e-01
6.732416816886640509e-01
6.738197761427666688e-01
6.740007507030938427e-01
6.741254246858222610e-01
6.744814726042757114e-01
6.746692961522759990e-01
6.752093813077776341e-01
6.758598388975824989e-01
6.761251952190442394e-01
6.762838350715740798e-01
6.764561566073545862e-01
6.766403123919240148e-01
6.770553910116799967e-01
6.773534382265655740e-01
6.778824903680399361e-01
6.781562363456710152e-01
6.786084327736658928e-01
6.791058724384493317e-01
6.794197301574761427e-01
6.797315195407622745e-01
6.802508570313019476e-01
6.809397177474579843e-01
6.814095919512127564e-01
6.816327873340805032e-01
6.819299838411160275e-01
6.822063719938029625e-01
6.825438866230723045e-01
6.829449135110824409e-01
6.835797992556760239e-01
6.840218900755252740e-01
6.846715278889663470e-01
6.853350320201124779e-01
6.855954730432324284e-01
6.862167527946850809e-01
6.863806474663299850e-01
6.867176966550222472e-01
6.872951767801493972e-01
6.876588002297658875e-01
6.883691460342153956e-01
6.890980684022427472e-01
6.892691586309115381e-01
6.893700681488432735e-01
6.896522145027450534e-01
6.899673293077256409e-01
6.903740540183783692e-01
6.908580381262499071e-01
6.913966881896251859e-01
6.926205744295820255e-01
6.933766482029384282e-01
6.936250645252496350e-01
6.941151813737516107e-01
6.945506082368089196e-01
6.948236177927148427e-01
6.950150291329107999e-01
6.955361912575489525e-01
6.956745147365209769e-01
6.958914717558416507e-01
6.967034549770808605e-01
6.976260843406931755e-01
6.979075129349180395e-01
6.985039793004479414e-01
6.986101718756918544e-01
6.998289657586213020e-01
6.999952732485529294e-01
7.005756464091826841e-01
7.011128691964308990e-01
7.021827577372752316e-01
7.024303076769653487e-01
7.030624984617598328e-01
7.033416163090961959e-01
7.036451831344310293e-01
7.041546094156025948e-01
7.045392244989895358e-01
7.051561746700739652e-01
7.055782289620764480e-01
7.058312852489772027e-01
7.059687349727541417e-01
7.065734372534053787e-01
7.072598504904821226e-01
7.076562288455408023e-01
7.078498574335605475e-01
7.083624664269897453e-01
7.087812056994321486e-01
7.091930001924229288e-01
7.093189326992276333e-01
7.101092043485752736e-01
7.104116998123151117e-01
7.107182817943402675e-01
7.113132253142679939e-01
7.114009262613621987e-01
7.115354367883149900e-01
7.120370509026777706e-01
7.123352851056394819e-01
7.127127308291905106e-01
7.129546817062585307e-01
7.137243108648061440e-01
7.141522150663287549e-01
7.146607720761865012e-01
7.149181398850535940e-01
7.151520002358802142e-01
7.155664721179684218e-01
7.158486446356184807e-01
7.165228181531212437e-01
7.171761400911593753e-01
7.180324753417016703e-01
7.181158796768232211e-01
7.183813515233891112e-01
7.188859011985854197e-01
7.191797721459891601e-01
7.193088000240522861e-01
7.198996219034784483e-01
7.203458613170989899e-01
7.206961277927945719e-01
7.211600912812192732e-01
7.219127887873196814e-01
7.222869384820906902e-01
7.224475715566693879e-01
7.234734402398906861e-01
7.238517196198194226e-01
7.242214730507604559e-01
7.246066810925742008e-01
7.247154133260934605e-01
7.252435609988840959e-01
7.254988946935163607e-01
7.260381422680274310e-01
7.270627722325958553e-01
7.274014370287553710e-01
7.277818176667079086e-01
7.283095804817741881e-01
7.286482093117450098e-01
7.289597776992153833e-01
7.294574159837059479e-01
7.300877410848812810e-01
7.304173453797270232e-01
7.316421088322788702e-01
7.320078872829662853e-01
7.323660996068358520e-01
7.329678278106971367e-01
7.335211545719738657e-01
7.339140334169961255e-01
7.340459079120152941e-01
7.343912054629139208e-01
7.353010901572889502e-01
7.357505102041830281e-01
7.361311028198054274e-01
7.364342205457919954e-01
7.375077349498848633e-01
7.381016156949068430e-01
7.383603701094951788e-01
7.385690763645086365e-01
7.390533607278517714e-01
7.395662026254146149e-01
7.399582530781180223e-01
7.404085308625639739e-01
7.406297641466910164e-01
7.415034609918901287e-01
7.423592584149524276e-01
7.424410735526431049e-01
7.428922495147410876e-01
7.438248149122729247e-01
7.446033675318849410e-01
7.448508800650485151e-01
7.453621988572499690e-01
7.454814128655294914e-01
7.460175261880804820e-01
7.476091530897109871e-01
7.476989866254355466e-01
7.482204591853903741e-01
7.488903514818848750e-01
7.493513970074295871e-01
7.499734741922481351e-01
7.505587316638603346e-01
7.509622887283360360e-01
7.520387921072276827e-01
7.530322998303154991e-01
7.536421360614941056e-01
7.540504396520456565e-01
7.547209427977173979e-01
7.552360774088635598e-01
7.555478187485294983e-01
7.565952599652880917e-01
7.575681461125930438e-01
7.582042302801133005e-01
7.585427907653077284e-01
7.597878783531583080e-01
7.606587425317314910e-01
7.608167565509178498e-01
7.609623799184308535e-01
7.611339995370649536e-01
7.616650502362761754e-01
7.621008988808413154e-01
7.623293767350934891e-01
7.632339089222219819e-01
7.641969382274651501e-01
7.651917850153467926e-01
7.656129523926554770e-01
7.662138626526203700e-01
7.665907089294060617e-01
7.668827711645800349e-01
7.681263623812922825e-01
7.686744016169853033e-01
7.694751067440773751e-01
7.701763724285933810e-01
7.708486559888525491e-01
7.722668728593047316e-01
7.733616099336846350e-01
7.736913640188406438e-01
7.745979153451717503e-01
7.751329721763298153e-01
7.760967406921152056e-01
7.763426542852318590e-01
7.773782254271153214e-01
7.780525635449109245e-01
7.783529146378816987e-01
7.790036443900933971e-01
7.796993882816249943e-01
7.802659725809473201e-01
7.811685082582053852e-01
7.816176795669065314e-01
7.824880454786535822e-01
7.830005220999761706e-01
7.831488448590144813e-01
7.839601992567880595e-01
7.844391079813065604e-01
7.847416047614396151e-01
7.849470524821279271e-01
7.862080420269168535e-01
7.872479957901717951e-01
7.875862567188880448e-01
7.883720450647874189e-01
7.884989829873062517e-01
7.890172564477998529e-01
7.893597899996954714e-01
7.904512384711319672e-01
7.909601193664830276e-01
7.926413441661757098e-01
7.932431177384630105e-01
7.936581210410939002e-01
7.942121879095109804e-01
7.950485505464097713e-01
7.963226159506455737e-01
7.966215927060278368e-01
7.982466176158387050e-01
7.992344519120399005e-01
8.007152037201075157e-01
8.010425255108909459e-01
8.011301240905400745e-01
8.017436163375076807e-01
8.020841585508783345e-01
8.023396382024260420e-01
8.024171009903422469e-01
8.026500766384455643e-01
8.033522758010711584e-01
8.038600224451344367e-01
8.055394255913203017e-01
8.059048800583011873e-01
8.061593545515997050e-01
8.066590013748492494e-01
8.077581925315233669e-01
8.085955334342781464e-01
8.094444539636227454e-01
8.100651443736630597e-01
8.115534977330468580e-01
8.117307766229693300e-01
8.122684994360839239e-01
8.127368399703505109e-01
8.133475497256807962e-01
8.147856550091133743e-01
8.154421683194895687e-01
8.162897495963221672e-01
8.169402695130899561e-01
8.180803719202266455e-01
8.188419432424369759e-01
8.195621582839595076e-01
8.199529523039899015e-01
8.206640442916101064e-01
8.209389449200629185e-01
8.220706427550442674e-01
8.223967893355575987e-01
8.227853677339604932e-01
8.235496301384005458e-01
8.240181825223525935e-01
8.250874362988686039e-01
8.255263708989765137e-01
8.258495117011636077e-01
8.295091548139168491e-01
8.303269136234837644e-01
8.319560508057380899e-01
8.320517673373425405e-01
8.323642359335406971e-01
8.325393575102879584e-01
8.330507273918019706e-01
8.333681179744214518e-01
8.337822119982963853e-01
8.348875263627326682e-01
8.362481703592956617e-01
8.365999769713212686e-01
8.371066826036382968e-01
8.380571089690060926e-01
8.394387885404204219e-01
8.404014358026757892e-01
8.424107681280241788e-01
8.429612135409776386e-01
8.434961698590729418e-01
8.447309204943765915e-01
8.481644613175345349e-01
8.485901904686835584e-01
8.502526285156285502e-01
8.524867894672339963e-01
8.574493978964508045e-01
8.604122675347550819e-01
8.609789176695128443e-01
8.625117460021948235e-01
8.633814481779936711e-01
8.644283288500266282e-01
8.700477126781067660e-01
8.701940990190246694e-01
8.726834228051146836e-01
8.751906803359900122e-01
8.772403755640398870e-01
8.778250999536005850e-01
8.802527536262232388e-01
8.849486511047435222e-01
8.875188443028384500e-01
8.882011087281672657e-01
8.900512257220358769e-01
8.907910759983463933e-01
8.953473766379667076e-01
8.968019587684096239e-01
8.977099032943476331e-01
8.984460973154764218e-01
9.024385997306393348e-01
9.058077542402233062e-01
9.067955135599514715e-01
9.107268084281190390e-01
9.114721039538364877e-01
9.128910543554386026e-01
9.136134014674252013e-01
9.144159576908539311e-01
9.167316619808549838e-01
9.202427237274902749e-01
9.209552719271545396e-01
9.218815654987901897e-01
9.301028425325273963e-01
9.306104109215179720e-01
9.312970123980082171e-01
9.331998150166138650e-01
9.339062728127276447e-01
9.344006656450413173e-01
9.345018871739503297e-01
9.370563368376781943e-01
9.377282378207024705e-01
9.421803708735162486e-01
9.441690174057778551e-01
9.443064118185020561e-01
9.457368486604031954e-01
9.464581943108509865e-01
9.484281464668326000e-01
9.487961051950408731e-01
9.501555647755889344e-01
9.511638104626787271e-01
9.556127833905803115e-01
9.591039070394552501e-01
9.697416335286710432e-01
9.697891910450350261e-01
9.752664859247915929e-01
9.776037754588687845e-01
9.858328853449699336e-01
9.870226739464499355e-01
9.916456773487623000e-01
9.938545155464402203e-01
9.998491863239986621e-01
1.000000000000000000e+00
