# SF-29 N2 candidate (i) i0 field=lester2021 eps=0.5 N=12: sorted relative singular values of the dense central-FD Jacobian at the oracle state (rows F_i=-q(L_i-S_i); smax=1.882102e+03)
1.319931e-06
2.807801e-06
1.294775e-05
1.817757e-05
1.881947e-05
1.980186e-05
2.194313e-05
2.916510e-05
4.016120e-05
4.177516e-05
4.224820e-05
4.313912e-05
4.442396e-05
5.131588e-05
5.713308e-05
6.206564e-05
6.734409e-05
6.810857e-05
6.979301e-05
8.234884e-05
8.930869e-05
9.966171e-05
1.073031e-04
1.136476e-04
1.144593e-04
1.212651e-04
1.681332e-04
1.776386e-04
1.853134e-04
1.944308e-04
2.056272e-04
2.266998e-04
2.304583e-04
2.869360e-04
2.964689e-04
3.088724e-04
3.186862e-04
3.439658e-04
3.551495e-04
3.994880e-04
4.635317e-04
4.657822e-04
4.777088e-04
5.077801e-04
6.280014e-04
6.902573e-04
7.614436e-04
7.911340e-04
9.504065e-04
9.720666e-04
9.876844e-04
9.916574e-04
1.002205e-03
1.024315e-03
1.061122e-03
1.149287e-03
1.197602e-03
1.228161e-03
1.374798e-03
1.423270e-03
1.433306e-03
1.472016e-03
1.496558e-03
1.531724e-03
1.594033e-03
1.609689e-03
1.634398e-03
1.792391e-03
1.931619e-03
2.035170e-03
2.160060e-03
2.237419e-03
3.237691e-03
3.240340e-03
4.009719e-03
4.015955e-03
4.156781e-03
4.264240e-03
4.491634e-03
4.496365e-03
4.601824e-03
4.611042e-03
5.605371e-03
5.607861e-03
5.761218e-03
5.795076e-03
6.160327e-03
6.212694e-03
7.354475e-03
7.389498e-03
7.413653e-03
7.418006e-03
7.435114e-03
7.444741e-03
7.479115e-03
7.579303e-03
7.669696e-03
7.704925e-03
7.713210e-03
7.742866e-03
7.946778e-03
7.949340e-03
8.009818e-03
8.062772e-03
8.069893e-03
8.183000e-03
8.465728e-03
8.511415e-03
8.551382e-03
8.563367e-03
8.692602e-03
8.699622e-03
8.931627e-03
8.972705e-03
9.307003e-03
9.501512e-03
9.701010e-03
9.734513e-03
1.032304e-02
1.037820e-02
1.108616e-02
1.120297e-02
1.123129e-02
1.161146e-02
1.162022e-02
1.166706e-02
1.167800e-02
1.182231e-02
1.199559e-02
1.199631e-02
1.225620e-02
1.299841e-02
1.303193e-02
1.313451e-02
1.393876e-02
1.396390e-02
1.458196e-02
1.464257e-02
1.464619e-02
1.522764e-02
1.524887e-02
1.550278e-02
1.551005e-02
1.569337e-02
1.571078e-02
1.577643e-02
1.601681e-02
1.604560e-02
1.613499e-02
1.619281e-02
1.641014e-02
1.641232e-02
1.657912e-02
1.663550e-02
1.673139e-02
1.729318e-02
1.810030e-02
1.810174e-02
1.974747e-02
2.018529e-02
2.026120e-02
2.033422e-02
2.034382e-02
2.036781e-02
2.037929e-02
2.069809e-02
2.080115e-02
2.130140e-02
2.134937e-02
2.158045e-02
2.170816e-02
2.186426e-02
2.198224e-02
2.203965e-02
2.255338e-02
2.298205e-02
2.303099e-02
2.330304e-02
2.346388e-02
2.347221e-02
2.351232e-02
2.357417e-02
2.357870e-02
2.366379e-02
2.372367e-02
2.382415e-02
2.385403e-02
2.389889e-02
2.395659e-02
2.407364e-02
2.419400e-02
2.424466e-02
2.431938e-02
2.436565e-02
2.441304e-02
2.451285e-02
2.451495e-02
2.465501e-02
2.466998e-02
2.467832e-02
2.476040e-02
2.477934e-02
2.478318e-02
2.530694e-02
2.537329e-02
2.539827e-02
2.541788e-02
2.554068e-02
2.575548e-02
2.579370e-02
2.580915e-02
2.617878e-02
2.642199e-02
2.649401e-02
2.659596e-02
2.681315e-02
2.683516e-02
2.688251e-02
2.696161e-02
2.709122e-02
2.759336e-02
2.760519e-02
2.766016e-02
2.797027e-02
2.839321e-02
2.866460e-02
2.873173e-02
2.877938e-02
2.906541e-02
2.912988e-02
3.070637e-02
3.089609e-02
3.220166e-02
3.223425e-02
3.259736e-02
3.260205e-02
3.281797e-02
3.285440e-02
3.372491e-02
3.386679e-02
3.392206e-02
3.406716e-02
3.498448e-02
3.509818e-02
3.531029e-02
3.564013e-02
3.584457e-02
3.586721e-02
3.598532e-02
3.647835e-02
3.662896e-02
3.667597e-02
3.773378e-02
3.774620e-02
3.807363e-02
3.829128e-02
3.918411e-02
3.952627e-02
3.972328e-02
3.974971e-02
3.989257e-02
4.002136e-02
4.024237e-02
4.028977e-02
4.043638e-02
4.044693e-02
4.044747e-02
4.058536e-02
4.065321e-02
4.086779e-02
4.093636e-02
4.098964e-02
4.134441e-02
4.137481e-02
4.200703e-02
4.232829e-02
4.233747e-02
4.258264e-02
4.267210e-02
4.280317e-02
4.301020e-02
4.334037e-02
4.343605e-02
4.351218e-02
4.359668e-02
4.402277e-02
4.432570e-02
4.443220e-02
4.444826e-02
4.474274e-02
4.481263e-02
4.485675e-02
4.508582e-02
4.519939e-02
4.523281e-02
4.532018e-02
4.686419e-02
4.715880e-02
4.723172e-02
4.776981e-02
4.816506e-02
4.817108e-02
4.842065e-02
4.842324e-02
4.867611e-02
4.867865e-02
4.876691e-02
4.882775e-02
4.886562e-02
4.891486e-02
4.897558e-02
4.905908e-02
4.905909e-02
4.929998e-02
4.938616e-02
4.942842e-02
4.948764e-02
4.952313e-02
4.960510e-02
4.970721e-02
4.971832e-02
4.975616e-02
4.988194e-02
4.995680e-02
5.001498e-02
5.003402e-02
5.053757e-02
5.063850e-02
5.077101e-02
5.079269e-02
5.080307e-02
5.098453e-02
5.158436e-02
5.160178e-02
5.194953e-02
5.239784e-02
5.267063e-02
5.277863e-02
5.295363e-02
5.351196e-02
5.410534e-02
5.460466e-02
5.513838e-02
5.516216e-02
5.526333e-02
5.528943e-02
5.575183e-02
5.575890e-02
5.617248e-02
5.632243e-02
5.661931e-02
5.662798e-02
5.669768e-02
5.678790e-02
5.679554e-02
5.680803e-02
5.702100e-02
5.712730e-02
5.751381e-02
5.782279e-02
5.788725e-02
5.797034e-02
5.811008e-02
5.826945e-02
5.834693e-02
5.915485e-02
5.950257e-02
6.042676e-02
6.066468e-02
6.084006e-02
6.097183e-02
6.139813e-02
6.151737e-02
6.158328e-02
6.169203e-02
6.186225e-02
6.190027e-02
6.198586e-02
6.219405e-02
6.226479e-02
6.234279e-02
6.318204e-02
6.352071e-02
6.354434e-02
6.361554e-02
6.363606e-02
6.364288e-02
6.365457e-02
6.386416e-02
6.399004e-02
6.402656e-02
6.424062e-02
6.431711e-02
6.455967e-02
6.467657e-02
6.477908e-02
6.480547e-02
6.529450e-02
6.532885e-02
6.557190e-02
6.591212e-02
6.615787e-02
6.640830e-02
6.644222e-02
6.660710e-02
6.673308e-02
6.704268e-02
6.727434e-02
6.765517e-02
6.766478e-02
6.922292e-02
6.924945e-02
7.148525e-02
7.175539e-02
7.180341e-02
7.209826e-02
7.391682e-02
7.392896e-02
7.411900e-02
7.478801e-02
7.482900e-02
7.489257e-02
7.500108e-02
7.500592e-02
7.529415e-02
7.554987e-02
7.597738e-02
7.649649e-02
7.652684e-02
7.661857e-02
7.712796e-02
7.719051e-02
7.727623e-02
7.788376e-02
7.848084e-02
7.886645e-02
7.892778e-02
7.900485e-02
7.907978e-02
7.910295e-02
7.912038e-02
7.912217e-02
7.932111e-02
7.933786e-02
7.935960e-02
7.946796e-02
7.949648e-02
7.950647e-02
7.958669e-02
7.961716e-02
7.971988e-02
7.975888e-02
7.995707e-02
8.005080e-02
8.016639e-02
8.028349e-02
8.031022e-02
8.040687e-02
8.049774e-02
8.053249e-02
8.071243e-02
8.082226e-02
8.128126e-02
8.142119e-02
8.143739e-02
8.144230e-02
8.171367e-02
8.179356e-02
8.180370e-02
8.183905e-02
8.185899e-02
8.193006e-02
8.206841e-02
8.215727e-02
8.221531e-02
8.270880e-02
8.295160e-02
8.326968e-02
8.338500e-02
8.394079e-02
8.490155e-02
8.493185e-02
8.494525e-02
8.498640e-02
8.520440e-02
8.522927e-02
8.545200e-02
8.556600e-02
8.563659e-02
8.579904e-02
8.595639e-02
8.605718e-02
8.611064e-02
8.637179e-02
8.695127e-02
8.707144e-02
8.725598e-02
8.726855e-02
8.730420e-02
8.742291e-02
8.775369e-02
8.794406e-02
8.842266e-02
8.881020e-02
8.904345e-02
8.924912e-02
8.940127e-02
8.962149e-02
8.970850e-02
8.986683e-02
9.001798e-02
9.021785e-02
9.023597e-02
9.038016e-02
9.038342e-02
9.048518e-02
9.058072e-02
9.061106e-02
9.087503e-02
9.090365e-02
9.090573e-02
9.114112e-02
9.123120e-02
9.153482e-02
9.168139e-02
9.174077e-02
9.206960e-02
9.210391e-02
9.237809e-02
9.248047e-02
9.264784e-02
9.277671e-02
9.290823e-02
9.298066e-02
9.314956e-02
9.331107e-02
9.334254e-02
9.347315e-02
9.367796e-02
9.379525e-02
9.397771e-02
9.411376e-02
9.418056e-02
9.433471e-02
9.451826e-02
9.472862e-02
9.481841e-02
9.488731e-02
9.500182e-02
9.509848e-02
9.534737e-02
9.534963e-02
9.543768e-02
9.553209e-02
9.580187e-02
9.617292e-02
9.618821e-02
9.630733e-02
9.653797e-02
9.659526e-02
9.696656e-02
9.702016e-02
9.707837e-02
9.713767e-02
9.720023e-02
9.748293e-02
9.757838e-02
9.803705e-02
9.815697e-02
9.834531e-02
9.834579e-02
9.837074e-02
9.855153e-02
9.946232e-02
9.966123e-02
1.001853e-01
1.002046e-01
1.005240e-01
1.007550e-01
1.019857e-01
1.020082e-01
1.022964e-01
1.041405e-01
1.048477e-01
1.054101e-01
1.057034e-01
1.058320e-01
1.058575e-01
1.062249e-01
1.063823e-01
1.064238e-01
1.066620e-01
1.067795e-01
1.069608e-01
1.077724e-01
1.078348e-01
1.078497e-01
1.087551e-01
1.089912e-01
1.091788e-01
1.092022e-01
1.093937e-01
1.096010e-01
1.096871e-01
1.096941e-01
1.097672e-01
1.098720e-01
1.103547e-01
1.103625e-01
1.107122e-01
1.107640e-01
1.110366e-01
1.113569e-01
1.115164e-01
1.117420e-01
1.120895e-01
1.124841e-01
1.126593e-01
1.129656e-01
1.130709e-01
1.133591e-01
1.134802e-01
1.136807e-01
1.136860e-01
1.138896e-01
1.139700e-01
1.140247e-01
1.142007e-01
1.143277e-01
1.143465e-01
1.145408e-01
1.145877e-01
1.146272e-01
1.148957e-01
1.149406e-01
1.151039e-01
1.151121e-01
1.155859e-01
1.156781e-01
1.157501e-01
1.158992e-01
1.159260e-01
1.161472e-01
1.163981e-01
1.166096e-01
1.166993e-01
1.169139e-01
1.169624e-01
1.170174e-01
1.172361e-01
1.172831e-01
1.174848e-01
1.176477e-01
1.177827e-01
1.179750e-01
1.180346e-01
1.182537e-01
1.182896e-01
1.185567e-01
1.185726e-01
1.187575e-01
1.188457e-01
1.188909e-01
1.190425e-01
1.191853e-01
1.192627e-01
1.194098e-01
1.194832e-01
1.196650e-01
1.196730e-01
1.198905e-01
1.201378e-01
1.202492e-01
1.202776e-01
1.203530e-01
1.205136e-01
1.205631e-01
1.208523e-01
1.208708e-01
1.208727e-01
1.212869e-01
1.214170e-01
1.214394e-01
1.218964e-01
1.218966e-01
1.222635e-01
1.225788e-01
1.228436e-01
1.229215e-01
1.232291e-01
1.240153e-01
1.240435e-01
1.240768e-01
1.240854e-01
1.245415e-01
1.245920e-01
1.247759e-01
1.247770e-01
1.252705e-01
1.253141e-01
1.253849e-01
1.255323e-01
1.256230e-01
1.257570e-01
1.260634e-01
1.261264e-01
1.262616e-01
1.263634e-01
1.267811e-01
1.270669e-01
1.270873e-01
1.274920e-01
1.279196e-01
1.279235e-01
1.280650e-01
1.281383e-01
1.282674e-01
1.283627e-01
1.283966e-01
1.284090e-01
1.286705e-01
1.289254e-01
1.295895e-01
1.299678e-01
1.300898e-01
1.301098e-01
1.307220e-01
1.308181e-01
1.308955e-01
1.311519e-01
1.311753e-01
1.315311e-01
1.315953e-01
1.318377e-01
1.318447e-01
1.318978e-01
1.320314e-01
1.323032e-01
1.325789e-01
1.328313e-01
1.329767e-01
1.331193e-01
1.332181e-01
1.336450e-01
1.336899e-01
1.337773e-01
1.338052e-01
1.340782e-01
1.341694e-01
1.341827e-01
1.343841e-01
1.344069e-01
1.346446e-01
1.347373e-01
1.351260e-01
1.357421e-01
1.358698e-01
1.360330e-01
1.361307e-01
1.362496e-01
1.364061e-01
1.366400e-01
1.367353e-01
1.368378e-01
1.370933e-01
1.376022e-01
1.377988e-01
1.380533e-01
1.383071e-01
1.383081e-01
1.383907e-01
1.384643e-01
1.386047e-01
1.387573e-01
1.387607e-01
1.389829e-01
1.391914e-01
1.396949e-01
1.398054e-01
1.398661e-01
1.398841e-01
1.399498e-01
1.400781e-01
1.403402e-01
1.404266e-01
1.411930e-01
1.415490e-01
1.416973e-01
1.417847e-01
1.424408e-01
1.425729e-01
1.426540e-01
1.426624e-01
1.426644e-01
1.428879e-01
1.430392e-01
1.430755e-01
1.431278e-01
1.431515e-01
1.436750e-01
1.438933e-01
1.439343e-01
1.439598e-01
1.442411e-01
1.443605e-01
1.444412e-01
1.444874e-01
1.445550e-01
1.449649e-01
1.450274e-01
1.451299e-01
1.451856e-01
1.451934e-01
1.454374e-01
1.455509e-01
1.455687e-01
1.457124e-01
1.459840e-01
1.459917e-01
1.460772e-01
1.462346e-01
1.462874e-01
1.462948e-01
1.465961e-01
1.467858e-01
1.468239e-01
1.469215e-01
1.469268e-01
1.470643e-01
1.473205e-01
1.474672e-01
1.478026e-01
1.478197e-01
1.480315e-01
1.480360e-01
1.483582e-01
1.485475e-01
1.485667e-01
1.489569e-01
1.493282e-01
1.497414e-01
1.498910e-01
1.499328e-01
1.503654e-01
1.507258e-01
1.508307e-01
1.510501e-01
1.513369e-01
1.514818e-01
1.515672e-01
1.519343e-01
1.523547e-01
1.526346e-01
1.526876e-01
1.527722e-01
1.532087e-01
1.532202e-01
1.533258e-01
1.534695e-01
1.536463e-01
1.543226e-01
1.543669e-01
1.547398e-01
1.548445e-01
1.549051e-01
1.550610e-01
1.551561e-01
1.552820e-01
1.553427e-01
1.554873e-01
1.555158e-01
1.558508e-01
1.559714e-01
1.560794e-01
1.562850e-01
1.563752e-01
1.565322e-01
1.566146e-01
1.567291e-01
1.569658e-01
1.569734e-01
1.570148e-01
1.570569e-01
1.570803e-01
1.572042e-01
1.573001e-01
1.574393e-01
1.574785e-01
1.574991e-01
1.575997e-01
1.576061e-01
1.576829e-01
1.578466e-01
1.578624e-01
1.582153e-01
1.586097e-01
1.587407e-01
1.588804e-01
1.591483e-01
1.592441e-01
1.592486e-01
1.596633e-01
1.597596e-01
1.599278e-01
1.600056e-01
1.602009e-01
1.602129e-01
1.605388e-01
1.607664e-01
1.610276e-01
1.610967e-01
1.611374e-01
1.611811e-01
1.612526e-01
1.617267e-01
1.617712e-01
1.618126e-01
1.619719e-01
1.620361e-01
1.620826e-01
1.622418e-01
1.622439e-01
1.625315e-01
1.631384e-01
1.631604e-01
1.631733e-01
1.631819e-01
1.632913e-01
1.634120e-01
1.635924e-01
1.638850e-01
1.642233e-01
1.643986e-01
1.644405e-01
1.645629e-01
1.648746e-01
1.649906e-01
1.650839e-01
1.650992e-01
1.651397e-01
1.652569e-01
1.652648e-01
1.654118e-01
1.656641e-01
1.658521e-01
1.658720e-01
1.659031e-01
1.659085e-01
1.664622e-01
1.665692e-01
1.665811e-01
1.669277e-01
1.671781e-01
1.672088e-01
1.674408e-01
1.675511e-01
1.677099e-01
1.681124e-01
1.681809e-01
1.683759e-01
1.686616e-01
1.687616e-01
1.688406e-01
1.689526e-01
1.690949e-01
1.693825e-01
1.694542e-01
1.694819e-01
1.698727e-01
1.700627e-01
1.702434e-01
1.702798e-01
1.705427e-01
1.706761e-01
1.707173e-01
1.710610e-01
1.712121e-01
1.713797e-01
1.718134e-01
1.719936e-01
1.722229e-01
1.724336e-01
1.724546e-01
1.726281e-01
1.728641e-01
1.729948e-01
1.731278e-01
1.735760e-01
1.736513e-01
1.737369e-01
1.737476e-01
1.737955e-01
1.742968e-01
1.743694e-01
1.745112e-01
1.746083e-01
1.746929e-01
1.754327e-01
1.756389e-01
1.757578e-01
1.758161e-01
1.759683e-01
1.762472e-01
1.762860e-01
1.764300e-01
1.765486e-01
1.771593e-01
1.773575e-01
1.776372e-01
1.777181e-01
1.780471e-01
1.783097e-01
1.783259e-01
1.785415e-01
1.785577e-01
1.787837e-01
1.788459e-01
1.789635e-01
1.791427e-01
1.791859e-01
1.793665e-01
1.797614e-01
1.798434e-01
1.801873e-01
1.802740e-01
1.803006e-01
1.806408e-01
1.810212e-01
1.813315e-01
1.814019e-01
1.817459e-01
1.818067e-01
1.819188e-01
1.822312e-01
1.822592e-01
1.823848e-01
1.824578e-01
1.829399e-01
1.830541e-01
1.832795e-01
1.832944e-01
1.837210e-01
1.838375e-01
1.838626e-01
1.839660e-01
1.839728e-01
1.840221e-01
1.841239e-01
1.845068e-01
1.847503e-01
1.848597e-01
1.848986e-01
1.849457e-01
1.851108e-01
1.851506e-01
1.853288e-01
1.855066e-01
1.858506e-01
1.863747e-01
1.864622e-01
1.865555e-01
1.867546e-01
1.876774e-01
1.879264e-01
1.879870e-01
1.880009e-01
1.885735e-01
1.885952e-01
1.886732e-01
1.887230e-01
1.889186e-01
1.890355e-01
1.890413e-01
1.894956e-01
1.896143e-01
1.900124e-01
1.902142e-01
1.905705e-01
1.907002e-01
1.907471e-01
1.910191e-01
1.914491e-01
1.917917e-01
1.921358e-01
1.922019e-01
1.922672e-01
1.924099e-01
1.925494e-01
1.926275e-01
1.928134e-01
1.931108e-01
1.935610e-01
1.936879e-01
1.937492e-01
1.938347e-01
1.938792e-01
1.945635e-01
1.945716e-01
1.947305e-01
1.948846e-01
1.949655e-01
1.952067e-01
1.954148e-01
1.954617e-01
1.957499e-01
1.959157e-01
1.961277e-01
1.962226e-01
1.962548e-01
1.963195e-01
1.965378e-01
1.967098e-01
1.969298e-01
1.970730e-01
1.972494e-01
1.975495e-01
1.975962e-01
1.978289e-01
1.981308e-01
1.984050e-01
1.984667e-01
1.984685e-01
1.989012e-01
1.989038e-01
1.990201e-01
1.990884e-01
1.993529e-01
1.994601e-01
1.995533e-01
2.000295e-01
2.001096e-01
2.004752e-01
2.005220e-01
2.008124e-01
2.009398e-01
2.009622e-01
2.009888e-01
2.014283e-01
2.015006e-01
2.016867e-01
2.018467e-01
2.020037e-01
2.020582e-01
2.023209e-01
2.025316e-01
2.026879e-01
2.029572e-01
2.031251e-01
2.031307e-01
2.032407e-01
2.032797e-01
2.033359e-01
2.035070e-01
2.035469e-01
2.036539e-01
2.037675e-01
2.037968e-01
2.040328e-01
2.041425e-01
2.042120e-01
2.045928e-01
2.046041e-01
2.048869e-01
2.052630e-01
2.053204e-01
2.053871e-01
2.056106e-01
2.056956e-01
2.061901e-01
2.063663e-01
2.065570e-01
2.069868e-01
2.071999e-01
2.072390e-01
2.072812e-01
2.072812e-01
2.075484e-01
2.079060e-01
2.079281e-01
2.080070e-01
2.082943e-01
2.086688e-01
2.089217e-01
2.089846e-01
2.092707e-01
2.094155e-01
2.094700e-01
2.096027e-01
2.099094e-01
2.099643e-01
2.100956e-01
2.104146e-01
2.107641e-01
2.108438e-01
2.110803e-01
2.114950e-01
2.116219e-01
2.117609e-01
2.118544e-01
2.120520e-01
2.121000e-01
2.122461e-01
2.125426e-01
2.126423e-01
2.126742e-01
2.128941e-01
2.132428e-01
2.133961e-01
2.138189e-01
2.138792e-01
2.140352e-01
2.142130e-01
2.143385e-01
2.144872e-01
2.146625e-01
2.148074e-01
2.149955e-01
2.150005e-01
2.150767e-01
2.152332e-01
2.154492e-01
2.154988e-01
2.158396e-01
2.158604e-01
2.162190e-01
2.163918e-01
2.164020e-01
2.164847e-01
2.166701e-01
2.168024e-01
2.172542e-01
2.174377e-01
2.174485e-01
2.177148e-01
2.177231e-01
2.180038e-01
2.180097e-01
2.180566e-01
2.180856e-01
2.185413e-01
2.185783e-01
2.187687e-01
2.189596e-01
2.192083e-01
2.194020e-01
2.194535e-01
2.196793e-01
2.197588e-01
2.201410e-01
2.202124e-01
2.202376e-01
2.203237e-01
2.205466e-01
2.207635e-01
2.208034e-01
2.210314e-01
2.210518e-01
2.212320e-01
2.212481e-01
2.214714e-01
2.215552e-01
2.218822e-01
2.221160e-01
2.222111e-01
2.225399e-01
2.225639e-01
2.226581e-01
2.226586e-01
2.228161e-01
2.229299e-01
2.231055e-01
2.233743e-01
2.235499e-01
2.236575e-01
2.237445e-01
2.239480e-01
2.239709e-01
2.241194e-01
2.243070e-01
2.244212e-01
2.246085e-01
2.254716e-01
2.254914e-01
2.255490e-01
2.255918e-01
2.258632e-01
2.258856e-01
2.261372e-01
2.262369e-01
2.262519e-01
2.263646e-01
2.266280e-01
2.269869e-01
2.270108e-01
2.270601e-01
2.280252e-01
2.281244e-01
2.283238e-01
2.284755e-01
2.289027e-01
2.289074e-01
2.289198e-01
2.292750e-01
2.295876e-01
2.296428e-01
2.300571e-01
2.301498e-01
2.303520e-01
2.305614e-01
2.305652e-01
2.307966e-01
2.308638e-01
2.309928e-01
2.312993e-01
2.315296e-01
2.315785e-01
2.317090e-01
2.317124e-01
2.320863e-01
2.322645e-01
2.323713e-01
2.324388e-01
2.324790e-01
2.325675e-01
2.327461e-01
2.328517e-01
2.328706e-01
2.336617e-01
2.339502e-01
2.340330e-01
2.343238e-01
2.343660e-01
2.344195e-01
2.345697e-01
2.346364e-01
2.346802e-01
2.347569e-01
2.348752e-01
2.352069e-01
2.356404e-01
2.356704e-01
2.356739e-01
2.360672e-01
2.362478e-01
2.362932e-01
2.367076e-01
2.367469e-01
2.368493e-01
2.368823e-01
2.373247e-01
2.373268e-01
2.374435e-01
2.374910e-01
2.377709e-01
2.380324e-01
2.380511e-01
2.381635e-01
2.383964e-01
2.384187e-01
2.386442e-01
2.386515e-01
2.389037e-01
2.391446e-01
2.393949e-01
2.394062e-01
2.394214e-01
2.396727e-01
2.397052e-01
2.400079e-01
2.400585e-01
2.403426e-01
2.405518e-01
2.406266e-01
2.407375e-01
2.409680e-01
2.409968e-01
2.411161e-01
2.413651e-01
2.416484e-01
2.416855e-01
2.420452e-01
2.422615e-01
2.423710e-01
2.425054e-01
2.426202e-01
2.426372e-01
2.429037e-01
2.429074e-01
2.431765e-01
2.434659e-01
2.435043e-01
2.435801e-01
2.437597e-01
2.438113e-01
2.440028e-01
2.440118e-01
2.441724e-01
2.444946e-01
2.447136e-01
2.448091e-01
2.450676e-01
2.452618e-01
2.453561e-01
2.454489e-01
2.456504e-01
2.457826e-01
2.459313e-01
2.459415e-01
2.459895e-01
2.462111e-01
2.464593e-01
2.464625e-01
2.464759e-01
2.469710e-01
2.472568e-01
2.475670e-01
2.476860e-01
2.478448e-01
2.478624e-01
2.480570e-01
2.483023e-01
2.485259e-01
2.486137e-01
2.486787e-01
2.486850e-01
2.488201e-01
2.491847e-01
2.491939e-01
2.495476e-01
2.496472e-01
2.500663e-01
2.501034e-01
2.502534e-01
2.503698e-01
2.505501e-01
2.506199e-01
2.510049e-01
2.510176e-01
2.512059e-01
2.513432e-01
2.514894e-01
2.515862e-01
2.519500e-01
2.520151e-01
2.524767e-01
2.525759e-01
2.526817e-01
2.527954e-01
2.529033e-01
2.529812e-01
2.532221e-01
2.533625e-01
2.537736e-01
2.538322e-01
2.540894e-01
2.543008e-01
2.543678e-01
2.543728e-01
2.544073e-01
2.545133e-01
2.546036e-01
2.547887e-01
2.550106e-01
2.550808e-01
2.552264e-01
2.552848e-01
2.553928e-01
2.555335e-01
2.558601e-01
2.559605e-01
2.560461e-01
2.561041e-01
2.563471e-01
2.564777e-01
2.565047e-01
2.566047e-01
2.566859e-01
2.568858e-01
2.569186e-01
2.574102e-01
2.574671e-01
2.577967e-01
2.580410e-01
2.582086e-01
2.584002e-01
2.585476e-01
2.586313e-01
2.586629e-01
2.588072e-01
2.589978e-01
2.593801e-01
2.594668e-01
2.594781e-01
2.596301e-01
2.596357e-01
2.597219e-01
2.598623e-01
2.602033e-01
2.602793e-01
2.606076e-01
2.607495e-01
2.608265e-01
2.608451e-01
2.608952e-01
2.613130e-01
2.616378e-01
2.617306e-01
2.617483e-01
2.619545e-01
2.622197e-01
2.623691e-01
2.625741e-01
2.626204e-01
2.626610e-01
2.628318e-01
2.629749e-01
2.629884e-01
2.631921e-01
2.632061e-01
2.633495e-01
2.635639e-01
2.637698e-01
2.641849e-01
2.644836e-01
2.645601e-01
2.648671e-01
2.649096e-01
2.650858e-01
2.651767e-01
2.652073e-01
2.653648e-01
2.654014e-01
2.654129e-01
2.658779e-01
2.661271e-01
2.662578e-01
2.662948e-01
2.664788e-01
2.666239e-01
2.669589e-01
2.670855e-01
2.672236e-01
2.672928e-01
2.674095e-01
2.674256e-01
2.674365e-01
2.680784e-01
2.681005e-01
2.681154e-01
2.681503e-01
2.684381e-01
2.684517e-01
2.686814e-01
2.688859e-01
2.690610e-01
2.693533e-01
2.694152e-01
2.696126e-01
2.696767e-01
2.698571e-01
2.698577e-01
2.700152e-01
2.705067e-01
2.705913e-01
2.706281e-01
2.706548e-01
2.706991e-01
2.707899e-01
2.708954e-01
2.711628e-01
2.712141e-01
2.714879e-01
2.715506e-01
2.717914e-01
2.718488e-01
2.719480e-01
2.721012e-01
2.723962e-01
2.724729e-01
2.725273e-01
2.728771e-01
2.729509e-01
2.729680e-01
2.730811e-01
2.733628e-01
2.735314e-01
2.735939e-01
2.738061e-01
2.738769e-01
2.739026e-01
2.739089e-01
2.741009e-01
2.742152e-01
2.744468e-01
2.745575e-01
2.748283e-01
2.748461e-01
2.749470e-01
2.752473e-01
2.752758e-01
2.754750e-01
2.755919e-01
2.756836e-01
2.759341e-01
2.759697e-01
2.759950e-01
2.762209e-01
2.763646e-01
2.766232e-01
2.766390e-01
2.766855e-01
2.768811e-01
2.772368e-01
2.772499e-01
2.773625e-01
2.777784e-01
2.779564e-01
2.781084e-01
2.783395e-01
2.785823e-01
2.786498e-01
2.788226e-01
2.788799e-01
2.788997e-01
2.790645e-01
2.791466e-01
2.791519e-01
2.792608e-01
2.797386e-01
2.797773e-01
2.799974e-01
2.802717e-01
2.803567e-01
2.803921e-01
2.805246e-01
2.805251e-01
2.805957e-01
2.807967e-01
2.812642e-01
2.812705e-01
2.813955e-01
2.814969e-01
2.815809e-01
2.818708e-01
2.821686e-01
2.822987e-01
2.823972e-01
2.824222e-01
2.825277e-01
2.826797e-01
2.829883e-01
2.831969e-01
2.833983e-01
2.835128e-01
2.835640e-01
2.837993e-01
2.841069e-01
2.841680e-01
2.842368e-01
2.843194e-01
2.844600e-01
2.847425e-01
2.847941e-01
2.849258e-01
2.850440e-01
2.852895e-01
2.853489e-01
2.855375e-01
2.856762e-01
2.856853e-01
2.859131e-01
2.859531e-01
2.863867e-01
2.864882e-01
2.865099e-01
2.866247e-01
2.867642e-01
2.868617e-01
2.869875e-01
2.870262e-01
2.872383e-01
2.872838e-01
2.873443e-01
2.875561e-01
2.877883e-01
2.878879e-01
2.879025e-01
2.881202e-01
2.882553e-01
2.883889e-01
2.884893e-01
2.889829e-01
2.890677e-01
2.893688e-01
2.893732e-01
2.893842e-01
2.895954e-01
2.897929e-01
2.898960e-01
2.901376e-01
2.901943e-01
2.902815e-01
2.905212e-01
2.908214e-01
2.912015e-01
2.912305e-01
2.912487e-01
2.914546e-01
2.915620e-01
2.916021e-01
2.916767e-01
2.917373e-01
2.919125e-01
2.922631e-01
2.923100e-01
2.923643e-01
2.924947e-01
2.927425e-01
2.927810e-01
2.928140e-01
2.928329e-01
2.929419e-01
2.930770e-01
2.932426e-01
2.933762e-01
2.936413e-01
2.937932e-01
2.938420e-01
2.939779e-01
2.941127e-01
2.944105e-01
2.944393e-01
2.944536e-01
2.944856e-01
2.947393e-01
2.947687e-01
2.949754e-01
2.950491e-01
2.953112e-01
2.953407e-01
2.954470e-01
2.957601e-01
2.959144e-01
2.962463e-01
2.965180e-01
2.965835e-01
2.966276e-01
2.967099e-01
2.967333e-01
2.968511e-01
2.969214e-01
2.970272e-01
2.971546e-01
2.972882e-01
2.973666e-01
2.976708e-01
2.977265e-01
2.977533e-01
2.978136e-01
2.979395e-01
2.980268e-01
2.983203e-01
2.984702e-01
2.989290e-01
2.989937e-01
2.990051e-01
2.991111e-01
2.996519e-01
2.998273e-01
2.998674e-01
3.000291e-01
3.001243e-01
3.004851e-01
3.005441e-01
3.007049e-01
3.007762e-01
3.008058e-01
3.009766e-01
3.009874e-01
3.010099e-01
3.012902e-01
3.013944e-01
3.017428e-01
3.018183e-01
3.018442e-01
3.019863e-01
3.025634e-01
3.027366e-01
3.027793e-01
3.029155e-01
3.029283e-01
3.031479e-01
3.032708e-01
3.034725e-01
3.034858e-01
3.035611e-01
3.035677e-01
3.038365e-01
3.038458e-01
3.039233e-01
3.041587e-01
3.043012e-01
3.046709e-01
3.046793e-01
3.047425e-01
3.047581e-01
3.053829e-01
3.054565e-01
3.056243e-01
3.058109e-01
3.058477e-01
3.059789e-01
3.062168e-01
3.062813e-01
3.063291e-01
3.065222e-01
3.066629e-01
3.067303e-01
3.069927e-01
3.070368e-01
3.070712e-01
3.073557e-01
3.074176e-01
3.075680e-01
3.077399e-01
3.078100e-01
3.078658e-01
3.081266e-01
3.081556e-01
3.082991e-01
3.084859e-01
3.085579e-01
3.087298e-01
3.087385e-01
3.087652e-01
3.089749e-01
3.090859e-01
3.091641e-01
3.091967e-01
3.094593e-01
3.094847e-01
3.098291e-01
3.099457e-01
3.099535e-01
3.102280e-01
3.102750e-01
3.104847e-01
3.108945e-01
3.110849e-01
3.111445e-01
3.112119e-01
3.112947e-01
3.113612e-01
3.115301e-01
3.117399e-01
3.118901e-01
3.119358e-01
3.123521e-01
3.125976e-01
3.126200e-01
3.126945e-01
3.127659e-01
3.130062e-01
3.130109e-01
3.131381e-01
3.132586e-01
3.133827e-01
3.134202e-01
3.135173e-01
3.135387e-01
3.136536e-01
3.136551e-01
3.137608e-01
3.139085e-01
3.141209e-01
3.143134e-01
3.144975e-01
3.145131e-01
3.148850e-01
3.149810e-01
3.152355e-01
3.153530e-01
3.154172e-01
3.154374e-01
3.154979e-01
3.158547e-01
3.158659e-01
3.160424e-01
3.160935e-01
3.165136e-01
3.165192e-01
3.166417e-01
3.167422e-01
3.169048e-01
3.171590e-01
3.173300e-01
3.174032e-01
3.174641e-01
3.177837e-01
3.178301e-01
3.180301e-01
3.180374e-01
3.183623e-01
3.186541e-01
3.187625e-01
3.188647e-01
3.190140e-01
3.193107e-01
3.195792e-01
3.195832e-01
3.199015e-01
3.199801e-01
3.202477e-01
3.202544e-01
3.204504e-01
3.205906e-01
3.206665e-01
3.207930e-01
3.208942e-01
3.210440e-01
3.211303e-01
3.211322e-01
3.212648e-01
3.213771e-01
3.213922e-01
3.220458e-01
3.220582e-01
3.221795e-01
3.221802e-01
3.227300e-01
3.227755e-01
3.228669e-01
3.228795e-01
3.230629e-01
3.233185e-01
3.234079e-01
3.236930e-01
3.237996e-01
3.238777e-01
3.239517e-01
3.239796e-01
3.240577e-01
3.244435e-01
3.244667e-01
3.246393e-01
3.247072e-01
3.248498e-01
3.250021e-01
3.253891e-01
3.254224e-01
3.255149e-01
3.255330e-01
3.256337e-01
3.260099e-01
3.261584e-01
3.263014e-01
3.263784e-01
3.264466e-01
3.266471e-01
3.267754e-01
3.268737e-01
3.269311e-01
3.273111e-01
3.275155e-01
3.277901e-01
3.280394e-01
3.280850e-01
3.281899e-01
3.285988e-01
3.287239e-01
3.287759e-01
3.288431e-01
3.289402e-01
3.291185e-01
3.295417e-01
3.296114e-01
3.296756e-01
3.297315e-01
3.299700e-01
3.300053e-01
3.301183e-01
3.301364e-01
3.301722e-01
3.303264e-01
3.303768e-01
3.305981e-01
3.306299e-01
3.309637e-01
3.310305e-01
3.313194e-01
3.313867e-01
3.315183e-01
3.316995e-01
3.318098e-01
3.322816e-01
3.323888e-01
3.324344e-01
3.326197e-01
3.326511e-01
3.327936e-01
3.328620e-01
3.331799e-01
3.333228e-01
3.335134e-01
3.335223e-01
3.335258e-01
3.338210e-01
3.341251e-01
3.341389e-01
3.343832e-01
3.344746e-01
3.345483e-01
3.348587e-01
3.348901e-01
3.349716e-01
3.350401e-01
3.351613e-01
3.352086e-01
3.354392e-01
3.355179e-01
3.356450e-01
3.357370e-01
3.362263e-01
3.363211e-01
3.363820e-01
3.365823e-01
3.366662e-01
3.368028e-01
3.368725e-01
3.370369e-01
3.371918e-01
3.374099e-01
3.375031e-01
3.375186e-01
3.376285e-01
3.376956e-01
3.380009e-01
3.383016e-01
3.383354e-01
3.384594e-01
3.385065e-01
3.386352e-01
3.388456e-01
3.390462e-01
3.390732e-01
3.393521e-01
3.395662e-01
3.396281e-01
3.396930e-01
3.399962e-01
3.403010e-01
3.403584e-01
3.405306e-01
3.407306e-01
3.408365e-01
3.411754e-01
3.415385e-01
3.416434e-01
3.416777e-01
3.417500e-01
3.419275e-01
3.421602e-01
3.423326e-01
3.423474e-01
3.423672e-01
3.425652e-01
3.433295e-01
3.433825e-01
3.434828e-01
3.435593e-01
3.435650e-01
3.438304e-01
3.440359e-01
3.442019e-01
3.445527e-01
3.445850e-01
3.446274e-01
3.446981e-01
3.452814e-01
3.454189e-01
3.454743e-01
3.455069e-01
3.457139e-01
3.458932e-01
3.460241e-01
3.461689e-01
3.465186e-01
3.467789e-01
3.469149e-01
3.469614e-01
3.470246e-01
3.472703e-01
3.476127e-01
3.477990e-01
3.478500e-01
3.479345e-01
3.481548e-01
3.481929e-01
3.486152e-01
3.488678e-01
3.490383e-01
3.492878e-01
3.495203e-01
3.497320e-01
3.499080e-01
3.500073e-01
3.501535e-01
3.503680e-01
3.506881e-01
3.507969e-01
3.510515e-01
3.511673e-01
3.514776e-01
3.515808e-01
3.516066e-01
3.518520e-01
3.519198e-01
3.519712e-01
3.520902e-01
3.522908e-01
3.523355e-01
3.527035e-01
3.529061e-01
3.532339e-01
3.534281e-01
3.534447e-01
3.534956e-01
3.535701e-01
3.537148e-01
3.541011e-01
3.542385e-01
3.544405e-01
3.544410e-01
3.544839e-01
3.546450e-01
3.548074e-01
3.552165e-01
3.552787e-01
3.554007e-01
3.556322e-01
3.558222e-01
3.560878e-01
3.560994e-01
3.562595e-01
3.566282e-01
3.567605e-01
3.568387e-01
3.569092e-01
3.569903e-01
3.575309e-01
3.579523e-01
3.579918e-01
3.581109e-01
3.581969e-01
3.585450e-01
3.588022e-01
3.590481e-01
3.590693e-01
3.591289e-01
3.592044e-01
3.593332e-01
3.594430e-01
3.597157e-01
3.598881e-01
3.599963e-01
3.600234e-01
3.600832e-01
3.600867e-01
3.604420e-01
3.604484e-01
3.605776e-01
3.608950e-01
3.611882e-01
3.612830e-01
3.614980e-01
3.615084e-01
3.619372e-01
3.622069e-01
3.623216e-01
3.624344e-01
3.624910e-01
3.627460e-01
3.629451e-01
3.634604e-01
3.635595e-01
3.636549e-01
3.638672e-01
3.641184e-01
3.642313e-01
3.645324e-01
3.646544e-01
3.646605e-01
3.648266e-01
3.649250e-01
3.651182e-01
3.653177e-01
3.654418e-01
3.655897e-01
3.656743e-01
3.656842e-01
3.661696e-01
3.661805e-01
3.665039e-01
3.667660e-01
3.671694e-01
3.673114e-01
3.674133e-01
3.677062e-01
3.677913e-01
3.678119e-01
3.679579e-01
3.680783e-01
3.682397e-01
3.682666e-01
3.682731e-01
3.684883e-01
3.689039e-01
3.689790e-01
3.689904e-01
3.694192e-01
3.699453e-01
3.700577e-01
3.702206e-01
3.702877e-01
3.710044e-01
3.710294e-01
3.711751e-01
3.712078e-01
3.713602e-01
3.713662e-01
3.718861e-01
3.720342e-01
3.720741e-01
3.724089e-01
3.728186e-01
3.730136e-01
3.731099e-01
3.734792e-01
3.734945e-01
3.735088e-01
3.737618e-01
3.739659e-01
3.741758e-01
3.745054e-01
3.747364e-01
3.748564e-01
3.750026e-01
3.753808e-01
3.754892e-01
3.755185e-01
3.760194e-01
3.763289e-01
3.763353e-01
3.766491e-01
3.766502e-01
3.768562e-01
3.768593e-01
3.770343e-01
3.770666e-01
3.774318e-01
3.776577e-01
3.779477e-01
3.780106e-01
3.780308e-01
3.782805e-01
3.783177e-01
3.785205e-01
3.785551e-01
3.787965e-01
3.788914e-01
3.794518e-01
3.795071e-01
3.800725e-01
3.803561e-01
3.804078e-01
3.804208e-01
3.805740e-01
3.809672e-01
3.809895e-01
3.812175e-01
3.817267e-01
3.818986e-01
3.820650e-01
3.822515e-01
3.826429e-01
3.827788e-01
3.828553e-01
3.828753e-01
3.830294e-01
3.831269e-01
3.832877e-01
3.834300e-01
3.837366e-01
3.837868e-01
3.841383e-01
3.843198e-01
3.846713e-01
3.847232e-01
3.848845e-01
3.849201e-01
3.852409e-01
3.852610e-01
3.854788e-01
3.854866e-01
3.856081e-01
3.858165e-01
3.858604e-01
3.860148e-01
3.862486e-01
3.863428e-01
3.865018e-01
3.866913e-01
3.869423e-01
3.872924e-01
3.874915e-01
3.877071e-01
3.879344e-01
3.881741e-01
3.883054e-01
3.883173e-01
3.885505e-01
3.885741e-01
3.886412e-01
3.887723e-01
3.893681e-01
3.895623e-01
3.897758e-01
3.901335e-01
3.903731e-01
3.904307e-01
3.907411e-01
3.908016e-01
3.910389e-01
3.913240e-01
3.915402e-01
3.916169e-01
3.917331e-01
3.918635e-01
3.919108e-01
3.919595e-01
3.920800e-01
3.922504e-01
3.924986e-01
3.925562e-01
3.926567e-01
3.927632e-01
3.933661e-01
3.933928e-01
3.935866e-01
3.936362e-01
3.939325e-01
3.941872e-01
3.945116e-01
3.945162e-01
3.948419e-01
3.952289e-01
3.953144e-01
3.953204e-01
3.953864e-01
3.957907e-01
3.959006e-01
3.959936e-01
3.964619e-01
3.965789e-01
3.965848e-01
3.967253e-01
3.970387e-01
3.972072e-01
3.972138e-01
3.974138e-01
3.978027e-01
3.980316e-01
3.983141e-01
3.987524e-01
3.988286e-01
3.991313e-01
3.992496e-01
3.993120e-01
3.994822e-01
3.996498e-01
3.999735e-01
4.000367e-01
4.003792e-01
4.003829e-01
4.007940e-01
4.008688e-01
4.009843e-01
4.010786e-01
4.019018e-01
4.019377e-01
4.023642e-01
4.025610e-01
4.026240e-01
4.029207e-01
4.029355e-01
4.033602e-01
4.034596e-01
4.034784e-01
4.039161e-01
4.041137e-01
4.042865e-01
4.043051e-01
4.044476e-01
4.045774e-01
4.049859e-01
4.052096e-01
4.052965e-01
4.055188e-01
4.058271e-01
4.061977e-01
4.064879e-01
4.067091e-01
4.067223e-01
4.069217e-01
4.073170e-01
4.074738e-01
4.075417e-01
4.077920e-01
4.078149e-01
4.080530e-01
4.083495e-01
4.084262e-01
4.094600e-01
4.095804e-01
4.099821e-01
4.100917e-01
4.103327e-01
4.103587e-01
4.104786e-01
4.106635e-01
4.107077e-01
4.111645e-01
4.113981e-01
4.116507e-01
4.116839e-01
4.117137e-01
4.118863e-01
4.125420e-01
4.127091e-01
4.127681e-01
4.129794e-01
4.133883e-01
4.142495e-01
4.143783e-01
4.145975e-01
4.147352e-01
4.147889e-01
4.149060e-01
4.155179e-01
4.158581e-01
4.161639e-01
4.162190e-01
4.162209e-01
4.167293e-01
4.167620e-01
4.171863e-01
4.171978e-01
4.178268e-01
4.180144e-01
4.180287e-01
4.181304e-01
4.182035e-01
4.186782e-01
4.189217e-01
4.189316e-01
4.194509e-01
4.194572e-01
4.196391e-01
4.197180e-01
4.197721e-01
4.200628e-01
4.202273e-01
4.204550e-01
4.205835e-01
4.205860e-01
4.208231e-01
4.209521e-01
4.212800e-01
4.215785e-01
4.218948e-01
4.221605e-01
4.222640e-01
4.225362e-01
4.226913e-01
4.229226e-01
4.232494e-01
4.234789e-01
4.237303e-01
4.239185e-01
4.241512e-01
4.241583e-01
4.243068e-01
4.247148e-01
4.247821e-01
4.250859e-01
4.251042e-01
4.258672e-01
4.259520e-01
4.260677e-01
4.262293e-01
4.263551e-01
4.264791e-01
4.267735e-01
4.268083e-01
4.270428e-01
4.274455e-01
4.275690e-01
4.275709e-01
4.275737e-01
4.278253e-01
4.282344e-01
4.288789e-01
4.288888e-01
4.289008e-01
4.290516e-01
4.293989e-01
4.294656e-01
4.298381e-01
4.302581e-01
4.306043e-01
4.306092e-01
4.306594e-01
4.309531e-01
4.311437e-01
4.317111e-01
4.317992e-01
4.319321e-01
4.326596e-01
4.326798e-01
4.328417e-01
4.331190e-01
4.331914e-01
4.333514e-01
4.334887e-01
4.334987e-01
4.340181e-01
4.341233e-01
4.341902e-01
4.344390e-01
4.347553e-01
4.350194e-01
4.355790e-01
4.358009e-01
4.361852e-01
4.362025e-01
4.363138e-01
4.364401e-01
4.368014e-01
4.368440e-01
4.370294e-01
4.373410e-01
4.375809e-01
4.376722e-01
4.379027e-01
4.387760e-01
4.387819e-01
4.388669e-01
4.390304e-01
4.392769e-01
4.395272e-01
4.396365e-01
4.400469e-01
4.401642e-01
4.404266e-01
4.407796e-01
4.408984e-01
4.410106e-01
4.411899e-01
4.412745e-01
4.414672e-01
4.415439e-01
4.419654e-01
4.420647e-01
4.421388e-01
4.421846e-01
4.429905e-01
4.432787e-01
4.436588e-01
4.438152e-01
4.438740e-01
4.439274e-01
4.443083e-01
4.450062e-01
4.450070e-01
4.452001e-01
4.452582e-01
4.453672e-01
4.455435e-01
4.456541e-01
4.463271e-01
4.466191e-01
4.469496e-01
4.469520e-01
4.470383e-01
4.471599e-01
4.477490e-01
4.481801e-01
4.482676e-01
4.487965e-01
4.489473e-01
4.491101e-01
4.493197e-01
4.493519e-01
4.496627e-01
4.503369e-01
4.504240e-01
4.504699e-01
4.507849e-01
4.510564e-01
4.514444e-01
4.514847e-01
4.521819e-01
4.523843e-01
4.527269e-01
4.527403e-01
4.528718e-01
4.531332e-01
4.533058e-01
4.534438e-01
4.537187e-01
4.540494e-01
4.547526e-01
4.551976e-01
4.552142e-01
4.557724e-01
4.560696e-01
4.561798e-01
4.562919e-01
4.563116e-01
4.564101e-01
4.568591e-01
4.569976e-01
4.570904e-01
4.571449e-01
4.573806e-01
4.585713e-01
4.591453e-01
4.592593e-01
4.594532e-01
4.598112e-01
4.603029e-01
4.605591e-01
4.605669e-01
4.606131e-01
4.609554e-01
4.612421e-01
4.612473e-01
4.614425e-01
4.616547e-01
4.622947e-01
4.627571e-01
4.631641e-01
4.633316e-01
4.636846e-01
4.639393e-01
4.641833e-01
4.642929e-01
4.643426e-01
4.649148e-01
4.650006e-01
4.651278e-01
4.655593e-01
4.655701e-01
4.659495e-01
4.662176e-01
4.663925e-01
4.665759e-01
4.672846e-01
4.672870e-01
4.674323e-01
4.677191e-01
4.679227e-01
4.681081e-01
4.681778e-01
4.688820e-01
4.691037e-01
4.691178e-01
4.692634e-01
4.695630e-01
4.697030e-01
4.701865e-01
4.704944e-01
4.707818e-01
4.708374e-01
4.711596e-01
4.711623e-01
4.715556e-01
4.721034e-01
4.723764e-01
4.725096e-01
4.730327e-01
4.735660e-01
4.742875e-01
4.744032e-01
4.745140e-01
4.746013e-01
4.750724e-01
4.754526e-01
4.756770e-01
4.757369e-01
4.759445e-01
4.765033e-01
4.768589e-01
4.770202e-01
4.774694e-01
4.777340e-01
4.778371e-01
4.778858e-01
4.786997e-01
4.790654e-01
4.790855e-01
4.800817e-01
4.801495e-01
4.802415e-01
4.808960e-01
4.811205e-01
4.816273e-01
4.817748e-01
4.821842e-01
4.825351e-01
4.826899e-01
4.828437e-01
4.830704e-01
4.832366e-01
4.833819e-01
4.838247e-01
4.843457e-01
4.851409e-01
4.854385e-01
4.855117e-01
4.857988e-01
4.859156e-01
4.862676e-01
4.864392e-01
4.876977e-01
4.877021e-01
4.877740e-01
4.880212e-01
4.881500e-01
4.884190e-01
4.888352e-01
4.888407e-01
4.890842e-01
4.900190e-01
4.900285e-01
4.902931e-01
4.903753e-01
4.910513e-01
4.911650e-01
4.913341e-01
4.918240e-01
4.922174e-01
4.927155e-01
4.930831e-01
4.936072e-01
4.940419e-01
4.942989e-01
4.943113e-01
4.946882e-01
4.949393e-01
4.953618e-01
4.964387e-01
4.967470e-01
4.978760e-01
4.981828e-01
4.984894e-01
4.985880e-01
4.988007e-01
4.991615e-01
4.991915e-01
4.992403e-01
4.994209e-01
4.996825e-01
4.997422e-01
4.997732e-01
5.003479e-01
5.008778e-01
5.010277e-01
5.012193e-01
5.020407e-01
5.024517e-01
5.027304e-01
5.030559e-01
5.031181e-01
5.031887e-01
5.037058e-01
5.039326e-01
5.039969e-01
5.047352e-01
5.053312e-01
5.061147e-01
5.061390e-01
5.061839e-01
5.065422e-01
5.073713e-01
5.074744e-01
5.078389e-01
5.080349e-01
5.080768e-01
5.082745e-01
5.084479e-01
5.085664e-01
5.094169e-01
5.103137e-01
5.108411e-01
5.110500e-01
5.110890e-01
5.112523e-01
5.115309e-01
5.121271e-01
5.127817e-01
5.128695e-01
5.134273e-01
5.139703e-01
5.144219e-01
5.148080e-01
5.152113e-01
5.152963e-01
5.155280e-01
5.163794e-01
5.163952e-01
5.174522e-01
5.175083e-01
5.176715e-01
5.176838e-01
5.180738e-01
5.188968e-01
5.189435e-01
5.197265e-01
5.198032e-01
5.201507e-01
5.201992e-01
5.203428e-01
5.213099e-01
5.214747e-01
5.215137e-01
5.219943e-01
5.220255e-01
5.226103e-01
5.228083e-01
5.236962e-01
5.237568e-01
5.238889e-01
5.239945e-01
5.242174e-01
5.242623e-01
5.248558e-01
5.254544e-01
5.263237e-01
5.266200e-01
5.267211e-01
5.268860e-01
5.279228e-01
5.283709e-01
5.287249e-01
5.288090e-01
5.289643e-01
5.296655e-01
5.299993e-01
5.302301e-01
5.303149e-01
5.303953e-01
5.309857e-01
5.313457e-01
5.314636e-01
5.320536e-01
5.322598e-01
5.331183e-01
5.331875e-01
5.332157e-01
5.333962e-01
5.335352e-01
5.341323e-01
5.343104e-01
5.347122e-01
5.347321e-01
5.358302e-01
5.362144e-01
5.363933e-01
5.366086e-01
5.368875e-01
5.374327e-01
5.376132e-01
5.379071e-01
5.386716e-01
5.393992e-01
5.398101e-01
5.398889e-01
5.408147e-01
5.410519e-01
5.412064e-01
5.415029e-01
5.422636e-01
5.424899e-01
5.434830e-01
5.435883e-01
5.438128e-01
5.441380e-01
5.445407e-01
5.449294e-01
5.455393e-01
5.469064e-01
5.473616e-01
5.478287e-01
5.482919e-01
5.486229e-01
5.486604e-01
5.488223e-01
5.495691e-01
5.498128e-01
5.499569e-01
5.509303e-01
5.513042e-01
5.513377e-01
5.513858e-01
5.528913e-01
5.533183e-01
5.534456e-01
5.537008e-01
5.539361e-01
5.545392e-01
5.546221e-01
5.547222e-01
5.551353e-01
5.554933e-01
5.557152e-01
5.557962e-01
5.560648e-01
5.561443e-01
5.564300e-01
5.568032e-01
5.569860e-01
5.578547e-01
5.581883e-01
5.583761e-01
5.586668e-01
5.588454e-01
5.588875e-01
5.594936e-01
5.595397e-01
5.600635e-01
5.601336e-01
5.602138e-01
5.604030e-01
5.605289e-01
5.607468e-01
5.614583e-01
5.618059e-01
5.621076e-01
5.621377e-01
5.623194e-01
5.624286e-01
5.633688e-01
5.636904e-01
5.638777e-01
5.639980e-01
5.640548e-01
5.642989e-01
5.646430e-01
5.648072e-01
5.654691e-01
5.657605e-01
5.661227e-01
5.661634e-01
5.661895e-01
5.662784e-01
5.666057e-01
5.669484e-01
5.669758e-01
5.670635e-01
5.671804e-01
5.671859e-01
5.672397e-01
5.675731e-01
5.680594e-01
5.684111e-01
5.686230e-01
5.686543e-01
5.687320e-01
5.689427e-01
5.690167e-01
5.691546e-01
5.693808e-01
5.693835e-01
5.700517e-01
5.703254e-01
5.704820e-01
5.706765e-01
5.707537e-01
5.712228e-01
5.713132e-01
5.713428e-01
5.714085e-01
5.719405e-01
5.720047e-01
5.723294e-01
5.724674e-01
5.736856e-01
5.737831e-01
5.739961e-01
5.743186e-01
5.744171e-01
5.744979e-01
5.747364e-01
5.749767e-01
5.751586e-01
5.755311e-01
5.757692e-01
5.760180e-01
5.763964e-01
5.764139e-01
5.766392e-01
5.766527e-01
5.767186e-01
5.767628e-01
5.770450e-01
5.773905e-01
5.774444e-01
5.777500e-01
5.779908e-01
5.783518e-01
5.784732e-01
5.790103e-01
5.790995e-01
5.791950e-01
5.796608e-01
5.802047e-01
5.802847e-01
5.804186e-01
5.806925e-01
5.810674e-01
5.811183e-01
5.814313e-01
5.814382e-01
5.814616e-01
5.819721e-01
5.820334e-01
5.820586e-01
5.823234e-01
5.823382e-01
5.823612e-01
5.824029e-01
5.825258e-01
5.827115e-01
5.829068e-01
5.829089e-01
5.833364e-01
5.834606e-01
5.837240e-01
5.838983e-01
5.841064e-01
5.845819e-01
5.847160e-01
5.847422e-01
5.849628e-01
5.854631e-01
5.856244e-01
5.859981e-01
5.860524e-01
5.862238e-01
5.862304e-01
5.867422e-01
5.870706e-01
5.872859e-01
5.873882e-01
5.874766e-01
5.878068e-01
5.881140e-01
5.881731e-01
5.886246e-01
5.889145e-01
5.890090e-01
5.893662e-01
5.895862e-01
5.896538e-01
5.896883e-01
5.902800e-01
5.904031e-01
5.905436e-01
5.907428e-01
5.910402e-01
5.911603e-01
5.916262e-01
5.919166e-01
5.920427e-01
5.927394e-01
5.930326e-01
5.933495e-01
5.935977e-01
5.943008e-01
5.943141e-01
5.948444e-01
5.952688e-01
5.956080e-01
5.958106e-01
5.961263e-01
5.962147e-01
5.966793e-01
5.968563e-01
5.976164e-01
5.982380e-01
5.984532e-01
5.986442e-01
5.987845e-01
5.989300e-01
5.992241e-01
5.992884e-01
5.993917e-01
6.000485e-01
6.006511e-01
6.009426e-01
6.011659e-01
6.013711e-01
6.013887e-01
6.016500e-01
6.017389e-01
6.020264e-01
6.027726e-01
6.030082e-01
6.032189e-01
6.035998e-01
6.037679e-01
6.040755e-01
6.044582e-01
6.044953e-01
6.045169e-01
6.053057e-01
6.059066e-01
6.060181e-01
6.062983e-01
6.063019e-01
6.069067e-01
6.071601e-01
6.072011e-01
6.081242e-01
6.082192e-01
6.082305e-01
6.085089e-01
6.085576e-01
6.087556e-01
6.096158e-01
6.097094e-01
6.104377e-01
6.104790e-01
6.107690e-01
6.110865e-01
6.116030e-01
6.119691e-01
6.126967e-01
6.128511e-01
6.128582e-01
6.133736e-01
6.134030e-01
6.146519e-01
6.153051e-01
6.155039e-01
6.159275e-01
6.159882e-01
6.164172e-01
6.164595e-01
6.174082e-01
6.177035e-01
6.178471e-01
6.182083e-01
6.183626e-01
6.183995e-01
6.186346e-01
6.193629e-01
6.197515e-01
6.199384e-01
6.208269e-01
6.210193e-01
6.221421e-01
6.222454e-01
6.226112e-01
6.226958e-01
6.229732e-01
6.232637e-01
6.233705e-01
6.237285e-01
6.242000e-01
6.245583e-01
6.247630e-01
6.249465e-01
6.251044e-01
6.251681e-01
6.254031e-01
6.254946e-01
6.261214e-01
6.267154e-01
6.267711e-01
6.297097e-01
6.300035e-01
6.302836e-01
6.308990e-01
6.309385e-01
6.311629e-01
6.317834e-01
6.318549e-01
6.322021e-01
6.325385e-01
6.325850e-01
6.334322e-01
6.336706e-01
6.337305e-01
6.338071e-01
6.343331e-01
6.354253e-01
6.357111e-01
6.373375e-01
6.374864e-01
6.375945e-01
6.377231e-01
6.381672e-01
6.385328e-01
6.386327e-01
6.389017e-01
6.389867e-01
6.391673e-01
6.396576e-01
6.400624e-01
6.401071e-01
6.405028e-01
6.407899e-01
6.416051e-01
6.434160e-01
6.449463e-01
6.457606e-01
6.458962e-01
6.459958e-01
6.466536e-01
6.485129e-01
6.485211e-01
6.498802e-01
6.504853e-01
6.513710e-01
6.516621e-01
6.529074e-01
6.537561e-01
6.539943e-01
6.540957e-01
6.551395e-01
6.561833e-01
6.561967e-01
6.562758e-01
6.564459e-01
6.568394e-01
6.570191e-01
6.571724e-01
6.582785e-01
6.594360e-01
6.597904e-01
6.599728e-01
6.601951e-01
6.605479e-01
6.605775e-01
6.621483e-01
6.625341e-01
6.629540e-01
6.630143e-01
6.632970e-01
6.641946e-01
6.646948e-01
6.656656e-01
6.661528e-01
6.684590e-01
6.685673e-01
6.693751e-01
6.696126e-01
6.699264e-01
6.699266e-01
6.699512e-01
6.702257e-01
6.702279e-01
6.702283e-01
6.714993e-01
6.733732e-01
6.735345e-01
6.749735e-01
6.762768e-01
6.771780e-01
6.775368e-01
6.779101e-01
6.808061e-01
6.809229e-01
6.818136e-01
6.820217e-01
6.823648e-01
6.826396e-01
6.830193e-01
6.837381e-01
6.838302e-01
6.840788e-01
6.847619e-01
6.848438e-01
6.851431e-01
6.857102e-01
6.857283e-01
6.862318e-01
6.868775e-01
6.871251e-01
6.872523e-01
6.891393e-01
6.896215e-01
6.929367e-01
6.934018e-01
6.942741e-01
6.950667e-01
6.953041e-01
6.967138e-01
6.968634e-01
6.968786e-01
6.980149e-01
6.982386e-01
6.984361e-01
6.996205e-01
7.005058e-01
7.008788e-01
7.047638e-01
7.050138e-01
7.053165e-01
7.063465e-01
7.083810e-01
7.093071e-01
7.117889e-01
7.121264e-01
7.121343e-01
7.130852e-01
7.134868e-01
7.135019e-01
7.135147e-01
7.135721e-01
7.142646e-01
7.143255e-01
7.156509e-01
7.189760e-01
7.210192e-01
7.211034e-01
7.211617e-01
7.212743e-01
7.228066e-01
7.229360e-01
7.231892e-01
7.233343e-01
7.239407e-01
7.243189e-01
7.269335e-01
7.270444e-01
7.276828e-01
7.309282e-01
7.311829e-01
7.314659e-01
7.317430e-01
7.317501e-01
7.319156e-01
7.332065e-01
7.337118e-01
7.348150e-01
7.350057e-01
7.351777e-01
7.361187e-01
7.370567e-01
7.370908e-01
7.380872e-01
7.385377e-01
7.387567e-01
7.393194e-01
7.406202e-01
7.408979e-01
7.414251e-01
7.423819e-01
7.436510e-01
7.438080e-01
7.446379e-01
7.453167e-01
7.455473e-01
7.458400e-01
7.465496e-01
7.465855e-01
7.491752e-01
7.504853e-01
7.517203e-01
7.521659e-01
7.528556e-01
7.528683e-01
7.547732e-01
7.555402e-01
7.572718e-01
7.653943e-01
7.653988e-01
7.673394e-01
7.674454e-01
7.677765e-01
7.678200e-01
7.680870e-01
7.687337e-01
7.754639e-01
7.763242e-01
7.801000e-01
7.806332e-01
7.807497e-01
7.807897e-01
7.843173e-01
7.843597e-01
7.874120e-01
7.874172e-01
8.011289e-01
8.014893e-01
8.046919e-01
8.047524e-01
8.082458e-01
8.083634e-01
8.122387e-01
8.124107e-01
8.177661e-01
8.177708e-01
8.179217e-01
8.181137e-01
8.204999e-01
8.205051e-01
8.229368e-01
8.233542e-01
8.260178e-01
8.267382e-01
8.275526e-01
8.276781e-01
8.283578e-01
8.286755e-01
8.396268e-01
8.396364e-01
8.454218e-01
8.454228e-01
8.510296e-01
8.510913e-01
8.545725e-01
8.545884e-01
8.740704e-01
8.740717e-01
8.872195e-01
8.872262e-01
8.894645e-01
8.894698e-01
9.102344e-01
9.102378e-01
9.109454e-01
9.109464e-01
9.166710e-01
9.166946e-01
9.338702e-01
9.338732e-01
9.523166e-01
9.523182e-01
9.634065e-01
9.634109e-01
9.999979e-01
1.000000e+00
