# sorted relative singular values (hessian) field=gauss_ch eps=1 N=12 n=3456
6.748457998160685531e-05
8.536347749785062877e-05
9.609293143567945435e-05
1.059717941657258494e-04
1.212306192959613718e-04
1.270543803717326804e-04
1.453494350318869182e-04
1.489325487691122406e-04
1.569696201032593711e-04
1.764622447632360248e-04
1.867724497947557288e-04
1.987997591732872690e-04
2.101657849192238060e-04
2.154349894473838053e-04
2.327205767096866330e-04
2.454000452561365679e-04
2.551118585170684483e-04
2.638177493777146246e-04
2.706042105701573662e-04
2.983969324661895294e-04
3.042466380648133745e-04
3.113099480756298951e-04
3.294920192065724446e-04
3.420916650033678443e-04
3.566968740855960460e-04
3.721224938653003387e-04
3.948850370157699365e-04
4.016135742333287934e-04
4.095836435677176028e-04
4.314082562027364760e-04
4.349203779924366029e-04
4.499266092960233182e-04
4.628271860138970673e-04
4.713421467387709021e-04
4.896505895311119728e-04
4.971699109445194657e-04
5.261180417363339051e-04
5.456385193143952882e-04
5.499599149132805911e-04
5.622775324391886828e-04
5.692346115168774512e-04
5.720819125427466624e-04
6.013295558432841083e-04
6.125102867516664948e-04
6.144290361644517452e-04
6.277610764645475934e-04
6.442955336005979760e-04
6.479320328371672736e-04
6.655197502951177516e-04
6.769331872997962291e-04
6.910556746294691400e-04
7.070640007586249118e-04
7.116941700481231722e-04
7.278545126469780375e-04
7.287947559027243682e-04
7.399383627873310897e-04
7.550446943556055274e-04
7.722380187199144683e-04
7.797442170666627880e-04
7.969471059921408437e-04
8.117430455940721074e-04
8.258018417079099989e-04
8.359000037794247877e-04
8.460195095261158985e-04
8.567218348531489185e-04
8.694206927484569945e-04
8.792063525718703514e-04
8.878095809664967360e-04
8.969923105563315123e-04
9.214082785934535075e-04
9.379952648413834772e-04
9.447785409437345350e-04
9.530949351349692761e-04
9.668042320337378540e-04
9.720400517996860383e-04
9.811386955592110281e-04
9.944926928700157341e-04
1.008430031796575836e-03
1.015665787258099220e-03
1.028442315478036561e-03
1.033451182111693031e-03
1.048175590778741180e-03
1.062079389695057535e-03
1.065741662537064748e-03
1.079735245659625958e-03
1.085940268503183311e-03
1.094186189868577054e-03
1.097327744315359068e-03
1.097783803430029065e-03
1.124003471823876998e-03
1.133215325678878747e-03
1.133677946094870451e-03
1.148545199384230862e-03
1.152427874437539877e-03
1.162626599877512618e-03
1.184664821258707510e-03
1.189289249916057308e-03
1.201385116789934621e-03
1.208288644689527744e-03
1.213850936407202688e-03
1.221460757812921957e-03
1.240606827308473681e-03
1.244129366399700579e-03
1.261486285190264230e-03
1.279133104751431277e-03
1.281696494347522690e-03
1.294223211281936769e-03
1.300031862105172726e-03
1.316882986031685894e-03
1.321275208273556398e-03
1.337224195612631266e-03
1.344437053573440148e-03
1.356111223577524021e-03
1.363045440457970022e-03
1.372394703108368056e-03
1.381940260968628556e-03
1.392293932559987958e-03
1.393876794167020179e-03
1.404130983880164151e-03
1.410092758673894050e-03
1.416472999645527597e-03
1.427211988989505369e-03
1.438297462395534678e-03
1.445069100142437526e-03
1.453458645219807841e-03
1.466316184076217870e-03
1.474594655181083727e-03
1.488245493942057414e-03
1.492454005048314677e-03
1.500563966082487126e-03
1.506585315628571628e-03
1.519826874040362168e-03
1.523888094558148139e-03
1.528004095701519533e-03
1.537746007988088481e-03
1.551569233817982375e-03
1.554768598894910652e-03
1.560144682102611010e-03
1.567469035127055932e-03
1.577069928141478991e-03
1.588147696227074947e-03
1.593973565145886517e-03
1.607931832509213637e-03
1.612875466892733402e-03
1.626308341784859666e-03
1.627822177512965821e-03
1.641997251028715250e-03
1.645565122910463366e-03
1.654952562827202061e-03
1.660806197469423540e-03
1.664990953998798234e-03
1.675042175404298141e-03
1.689500563595299799e-03
1.696655103794668211e-03
1.706383200654161591e-03
1.714380359866029277e-03
1.726180785145795720e-03
1.731046177087697995e-03
1.737938225476420373e-03
1.739838517741848587e-03
1.749564017158532301e-03
1.757657581737811061e-03
1.765013414954053929e-03
1.768032349117436243e-03
1.788146039766664794e-03
1.797857458760901373e-03
1.803347215843398776e-03
1.810089304865212254e-03
1.817018953583547950e-03
1.826331772896197178e-03
1.828950318253138663e-03
1.846243707493272533e-03
1.847512440127190708e-03
1.853771055333266983e-03
1.871219740769424671e-03
1.877819340816272962e-03
1.882182290658780286e-03
1.889086393748881480e-03
1.901712393328382515e-03
1.904204660741073019e-03
1.915272320156734872e-03
1.921964336301323342e-03
1.927820058305677788e-03
1.934898048984501568e-03
1.942131888416584809e-03
1.952424581926954887e-03
1.955101443256843010e-03
1.963656387903769691e-03
1.973478640001877747e-03
1.975999933268501527e-03
1.988741178020019765e-03
1.993132798024791971e-03
2.008658028919929790e-03
2.011648352163811129e-03
2.020447185834114024e-03
2.027914378960304128e-03
2.038525821540125224e-03
2.047063593408156388e-03
2.057128859741008068e-03
2.062930100675951662e-03
2.071751686191384677e-03
2.078077512512847488e-03
2.086128179962831123e-03
2.086870145200240938e-03
2.094566381107743416e-03
2.096825843846079895e-03
2.107300969400490755e-03
2.110410553988588574e-03
2.119383494376043866e-03
2.139003990478271448e-03
2.140915520426268665e-03
2.147643803760347202e-03
2.157056868939039723e-03
2.160954423681722171e-03
2.168053070667517925e-03
2.176375263319537973e-03
2.184985067494370735e-03
2.195122486936762485e-03
2.195982953947748020e-03
2.202887522822015009e-03
2.206486642401713980e-03
2.216249078623371265e-03
2.218522360164617863e-03
2.223088654018924321e-03
2.231902472402120044e-03
2.245897711725314272e-03
2.258232916149020136e-03
2.265035453129744542e-03
2.269087414487885781e-03
2.279759313452105109e-03
2.288141039033928480e-03
2.294301218825687497e-03
2.298177838179035499e-03
2.307941369251840895e-03
2.313983263853065190e-03
2.318803193814324322e-03
2.332481230794241755e-03
2.340603880552079730e-03
2.343894197863361558e-03
2.348014967435519545e-03
2.352070367107519672e-03
2.360784258113445000e-03
2.373101451077100441e-03
2.377859260123411922e-03
2.381692071302776107e-03
2.386327717029992825e-03
2.394781068620760022e-03
2.403751966948318268e-03
2.414569125117383558e-03
2.420429770196636920e-03
2.425916680102716081e-03
2.435064983057878395e-03
2.444019263621586332e-03
2.445773948744992769e-03
2.455283509021562692e-03
2.464136145820019705e-03
2.478471891062767295e-03
2.483730814410009449e-03
2.493862183496797953e-03
2.497961791263149118e-03
2.507860726728130575e-03
2.513194430198545468e-03
2.524095773133930212e-03
2.536252557880568255e-03
2.540481358966463574e-03
2.551944033470570500e-03
2.554347896001352754e-03
2.558259771565444575e-03
2.563931904669414664e-03
2.568439061551416359e-03
2.576312051876120893e-03
2.586995070243873571e-03
2.597605694333334110e-03
2.599678589177079752e-03
2.607723478002799394e-03
2.616319104716640937e-03
2.623723306570012112e-03
2.632345603903906827e-03
2.634791789843913407e-03
2.644690499570552349e-03
2.651708959225763940e-03
2.660624841178144823e-03
2.666540781438441528e-03
2.675651910400747222e-03
2.682452104987079027e-03
2.686917685198121370e-03
2.699227408270447621e-03
2.700347303091379762e-03
2.706448372886609798e-03
2.707351820503459214e-03
2.710477251149691520e-03
2.713699200426368183e-03
2.721446757774001728e-03
2.730158123486418897e-03
2.734086764987956816e-03
2.752650691234755347e-03
2.755280501018966908e-03
2.758416305044843198e-03
2.767709401041846141e-03
2.775253352001559939e-03
2.779071283785577648e-03
2.788534802731187576e-03
2.795533113255479866e-03
2.804675628715536193e-03
2.805436388464917045e-03
2.812658069215935065e-03
2.819123498677861793e-03
2.829328057198298493e-03
2.831279911367541244e-03
2.842185377694645201e-03
2.853607629420937871e-03
2.855064819552960258e-03
2.861697920067736260e-03
2.870573045552284562e-03
2.877738037984791872e-03
2.884323898411512120e-03
2.893121993906894087e-03
2.893476084496698561e-03
2.911265784378832405e-03
2.923100295941271579e-03
2.932494717770359541e-03
2.933541028766892093e-03
2.939469308967028720e-03
2.948241697318638912e-03
2.951334195611850838e-03
2.957468409312827545e-03
2.958562343394208552e-03
2.965952174378232338e-03
2.975468358735472527e-03
2.982820335121316290e-03
2.986743733516633321e-03
2.993469061753404811e-03
3.002819130097015080e-03
3.007176710043613175e-03
3.013236792711938925e-03
3.017524756321817835e-03
3.023186034770744199e-03
3.035128848932304880e-03
3.041309155441038799e-03
3.044228665903007166e-03
3.052782562449059961e-03
3.056485586509693955e-03
3.068277609832628736e-03
3.075637706003747640e-03
3.088386529776439553e-03
3.092094912571047034e-03
3.101209608176782109e-03
3.109680566703437298e-03
3.115812928783605936e-03
3.118194016148323044e-03
3.123996819851341741e-03
3.129425879242169438e-03
3.137298819774422126e-03
3.139871651461486560e-03
3.144989658181337501e-03
3.147669619152886587e-03
3.162445570116423528e-03
3.171202317874313378e-03
3.175522392031659806e-03
3.177561456295312919e-03
3.191376002893089956e-03
3.194941499314068577e-03
3.197839315553874760e-03
3.207884397499951180e-03
3.209195985359740606e-03
3.216956034310504073e-03
3.224604622532312431e-03
3.230148453404856589e-03
3.236690002437382294e-03
3.239129862526939942e-03
3.251173573624307339e-03
3.256343845718197814e-03
3.257950056316985706e-03
3.262631251437009012e-03
3.274179468888255805e-03
3.286802931476283818e-03
3.288919978023932197e-03
3.295560575474113137e-03
3.299449641233542698e-03
3.311201458553107106e-03
3.320350423152074702e-03
3.326555114765860147e-03
3.332502607149985877e-03
3.336480732998974193e-03
3.353491486450789049e-03
3.357359215704168801e-03
3.365674426490511666e-03
3.369248205001754322e-03
3.379923188527925431e-03
3.383255214551373138e-03
3.393969325997064565e-03
3.397641290705846837e-03
3.401327406060947450e-03
3.409412797183049727e-03
3.414774857564789341e-03
3.418638041016951873e-03
3.426250969791106403e-03
3.434599527571271810e-03
3.442324305481002985e-03
3.451605480657343739e-03
3.455973238324191316e-03
3.461496673603888918e-03
3.467389020805805404e-03
3.474624149822401822e-03
3.481525837404485669e-03
3.495770430995410408e-03
3.499210651160102395e-03
3.506134320044692731e-03
3.510335459375972002e-03
3.515889651918297030e-03
3.526133689288260022e-03
3.531649966357338754e-03
3.540624992801220169e-03
3.547827882761674882e-03
3.554692977588698715e-03
3.557627367965015067e-03
3.565762022475283451e-03
3.574132374252571905e-03
3.586388958701070169e-03
3.591925715683260637e-03
3.594125682879853456e-03
3.603577155910507330e-03
3.604334725770666058e-03
3.610985590543575995e-03
3.621261222744766826e-03
3.624229579996204355e-03
3.629641988003916818e-03
3.642088029475459322e-03
3.647178951457475359e-03
3.653892807033603737e-03
3.661278946563552815e-03
3.669674788326091411e-03
3.676837490208606854e-03
3.682530675851928507e-03
3.688427505719043663e-03
3.694093604826919307e-03
3.698872460479081699e-03
3.710475349747896414e-03
3.714163452827930461e-03
3.716838749159609868e-03
3.732029364828354581e-03
3.739640705544104281e-03
3.750764888633534126e-03
3.752289509451315567e-03
3.755420535426917412e-03
3.761454106868071696e-03
3.773361391015823702e-03
3.781192025518493628e-03
3.782156434188785679e-03
3.788576248063955758e-03
3.797279251250465504e-03
3.812041689132032642e-03
3.819564637768493084e-03
3.827078995377783486e-03
3.833672560579670565e-03
3.839467003289575697e-03
3.842966142291104857e-03
3.846004706804761943e-03
3.852629619318648224e-03
3.853534833691225035e-03
3.865459168809749074e-03
3.867933547151600985e-03
3.872145456753189538e-03
3.881458054439447698e-03
3.887354167706778569e-03
3.891907992608580405e-03
3.905262277954988943e-03
3.913746412300687580e-03
3.926512925294991727e-03
3.929466985386687559e-03
3.932018588911978876e-03
3.938613161795907931e-03
3.940104887267250819e-03
3.950877546189434167e-03
3.963371423233405175e-03
3.964690670463813689e-03
3.966702919214737215e-03
3.971940949742548688e-03
3.976444212567965819e-03
3.982189190386243791e-03
3.989460312623023183e-03
3.996876687790190154e-03
4.000691360610028613e-03
4.007284161412533359e-03
4.014445940443540917e-03
4.024771098523672631e-03
4.030870657639530272e-03
4.043644384690005429e-03
4.050509680021853812e-03
4.060828791074736800e-03
4.064794160700692383e-03
4.068526333508050430e-03
4.079593279304800924e-03
4.080973234675524565e-03
4.092743358576450899e-03
4.097227678225423032e-03
4.106587578878898893e-03
4.119506568900815555e-03
4.128483930499257139e-03
4.132179606345645281e-03
4.139127482390581730e-03
4.146381733281767970e-03
4.151389067505644424e-03
4.154217701255561411e-03
4.161879543185788288e-03
4.168540979674305313e-03
4.177171239462701760e-03
4.181038806972839882e-03
4.190833141154769008e-03
4.193487154672914316e-03
4.201881879167993807e-03
4.202887035890393724e-03
4.210685088449712433e-03
4.217888118664549039e-03
4.227787245712995301e-03
4.232545846772328355e-03
4.239408396430543839e-03
4.246475000035903995e-03
4.252097772739674153e-03
4.266666022032231630e-03
4.273693566231038035e-03
4.282589869203028837e-03
4.287917416247209040e-03
4.291867850569262149e-03
4.301701621948893217e-03
4.306932551742590279e-03
4.313495132613306277e-03
4.321006232022105154e-03
4.324471049248302355e-03
4.335261432262241602e-03
4.343285188760125266e-03
4.344979849510153744e-03
4.348383300314338437e-03
4.352961074336731025e-03
4.363470112790618360e-03
4.372953413249129964e-03
4.384752927935823240e-03
4.389097697372377517e-03
4.397204987734941624e-03
4.398691020914191965e-03
4.412912512248770049e-03
4.422552245592973642e-03
4.425359659066595806e-03
4.433683864734156571e-03
4.443573566929487004e-03
4.446225061274250261e-03
4.456607108567168726e-03
4.461538999956286312e-03
4.475755845413934703e-03
4.489687017059984520e-03
4.493742930601261204e-03
4.499926727991972707e-03
4.503718232502331928e-03
4.511359674400271247e-03
4.514504866247207558e-03
4.521067753795760327e-03
4.530200405171274855e-03
4.536320533464277896e-03
4.543249445453634121e-03
4.554812690374705417e-03
4.560970642794836584e-03
4.568364001814584179e-03
4.573441941515164581e-03
4.578754730673406312e-03
4.586297735601574908e-03
4.591012984649593849e-03
4.598903243701110179e-03
4.601779362645775674e-03
4.609545139284089085e-03
4.613218626804123021e-03
4.622178521125947306e-03
4.635957323332690061e-03
4.640226988097878591e-03
4.645622726407813534e-03
4.660172717041516192e-03
4.663573322721241941e-03
4.669635042334136302e-03
4.673998333689421102e-03
4.683888691463422745e-03
4.694445447773738442e-03
4.700992207552571675e-03
4.713345010322707827e-03
4.721382470041398695e-03
4.726142270205962656e-03
4.728076469189143594e-03
4.738798274506950819e-03
4.744922211015796358e-03
4.752914910445105168e-03
4.759066826798465794e-03
4.767574024598509978e-03
4.774594727020023237e-03
4.780444894640413847e-03
4.788658269508101056e-03
4.795726428721388407e-03
4.803127235016848781e-03
4.811538773390014109e-03
4.817078993044615100e-03
4.822195588666456333e-03
4.824975079891406435e-03
4.838116360352529011e-03
4.841737714968814658e-03
4.849616164591227969e-03
4.854707141040927841e-03
4.863089364062950920e-03
4.876086624484843139e-03
4.876984002233747048e-03
4.889351330652479469e-03
4.896529197344285170e-03
4.901311190060747731e-03
4.904142034779227464e-03
4.916546155078972170e-03
4.925786467772224307e-03
4.931372590119130483e-03
4.935909837625990747e-03
4.944845742553482908e-03
4.950570609418523081e-03
4.957211629925087348e-03
4.961857621326708039e-03
4.978172511642339933e-03
4.980140899953290796e-03
4.984704339452280045e-03
4.986873493728710867e-03
4.994268460044290481e-03
5.003885978418937466e-03
5.008548512632274990e-03
5.016029777467809724e-03
5.030151149935343721e-03
5.031355638476960046e-03
5.037082128903102619e-03
5.044120407324299317e-03
5.051485105106542917e-03
5.062472829190852418e-03
5.069374923780918703e-03
5.078076799176716935e-03
5.086974685308572226e-03
5.091383360515321262e-03
5.102933596666980182e-03
5.103904347171177476e-03
5.115860920457676077e-03
5.117973947728947023e-03
5.127476183080465454e-03
5.128562485312783588e-03
5.136366543232978414e-03
5.138354136633689964e-03
5.153669502079251917e-03
5.155879686635543059e-03
5.169135236921662026e-03
5.173912945219544257e-03
5.183530243484413616e-03
5.187090658406194252e-03
5.189501546976996692e-03
5.209301825906481609e-03
5.212831974094763419e-03
5.224947975037219118e-03
5.230891988756799192e-03
5.234689677420700966e-03
5.234863724439796535e-03
5.246821874882962554e-03
5.253433809863401228e-03
5.262506639853295476e-03
5.265928871377621549e-03
5.277626748865007870e-03
5.280590322762662887e-03
5.287239946538687708e-03
5.302119006803344449e-03
5.309019751805933371e-03
5.315353265306524237e-03
5.324714761017543610e-03
5.327049478096753526e-03
5.333670736248839229e-03
5.334353332902695005e-03
5.358216291590951752e-03
5.360974401738111648e-03
5.368054147069504720e-03
5.371461283973632053e-03
5.379138299435088158e-03
5.388669176923095543e-03
5.392342920817868625e-03
5.397373595175198636e-03
5.402561195369795163e-03
5.413576077643121771e-03
5.419570513366812024e-03
5.425137421971180235e-03
5.433441672974809351e-03
5.436405635037154863e-03
5.440782763219178739e-03
5.444556588278322458e-03
5.449045152897178008e-03
5.457896123831356902e-03
5.464872253961589564e-03
5.471145270481655477e-03
5.477063413557725288e-03
5.488302240791591118e-03
5.494251397054530223e-03
5.505949273298752118e-03
5.518442525900972215e-03
5.526664918993695087e-03
5.542311957139277843e-03
5.544245900184875155e-03
5.551441832534498647e-03
5.555351841631556153e-03
5.566196282268429801e-03
5.572392422531403759e-03
5.579092049689432162e-03
5.586499171895548121e-03
5.589429806478521043e-03
5.593143914913702164e-03
5.603036715126082090e-03
5.608400342731699288e-03
5.615958318758637428e-03
5.625139165359294320e-03
5.628890038669459236e-03
5.638027555089153778e-03
5.644967369871451909e-03
5.658339207820125769e-03
5.664183365357361270e-03
5.668152811735080281e-03
5.677172509919618110e-03
5.683518451576180346e-03
5.694126656896851893e-03
5.703004698085773448e-03
5.705854197468598552e-03
5.715432097126125176e-03
5.722589150525552240e-03
5.723683293373959050e-03
5.734608773935847247e-03
5.742382790430212471e-03
5.744748829404899837e-03
5.756305452258352051e-03
5.763172378308335612e-03
5.772330265743860940e-03
5.777563291582203144e-03
5.782394408363580526e-03
5.789972793246651525e-03
5.797244343962336920e-03
5.805998053953057882e-03
5.814708833943912220e-03
5.825142423862557199e-03
5.828642129971041939e-03
5.840211970379112667e-03
5.841760918627250318e-03
5.845674168313127680e-03
5.851996968903706332e-03
5.861956715686919214e-03
5.866738581681196080e-03
5.879345615313221612e-03
5.885405190993449158e-03
5.889871319564740637e-03
5.908559673966414655e-03
5.914343248851170430e-03
5.921288852959614643e-03
5.930816990930160189e-03
5.938779883127254418e-03
5.942959836266477336e-03
5.953202982171637743e-03
5.959938525171805043e-03
5.972499025892395903e-03
5.973826476740826293e-03
5.977097414508294668e-03
5.985956003792021127e-03
5.999711932805069751e-03
6.000799048742141636e-03
6.007880456528744660e-03
6.024879819770517439e-03
6.036328009897761956e-03
6.043419780680098219e-03
6.049350111908948467e-03
6.052836989351947396e-03
6.065284734317106900e-03
6.082273983804531783e-03
6.086690467559482086e-03
6.093174660539755517e-03
6.103897567703442904e-03
6.114969344509996532e-03
6.120474051197304088e-03
6.131891325243653615e-03
6.137999602944960338e-03
6.146626841852800664e-03
6.151298880010571714e-03
6.158806331916360025e-03
6.173980481422244003e-03
6.177399507395641212e-03
6.186107614007956175e-03
6.191008311276188433e-03
6.197235994175150781e-03
6.209153343365711106e-03
6.215979204994739014e-03
6.218078485979239636e-03
6.220931506155085583e-03
6.227649277309709949e-03
6.233717864637500217e-03
6.253289482243369786e-03
6.258631606584416987e-03
6.266820988742449229e-03
6.274349221488320118e-03
6.277169429230196503e-03
6.284623926441334704e-03
6.297165924788182198e-03
6.308799839235670025e-03
6.318663315632828438e-03
6.322036747713069040e-03
6.339923489655845297e-03
6.343641153915753964e-03
6.348553183908821167e-03
6.365209816335763021e-03
6.370584052680177377e-03
6.373583843874522717e-03
6.396288230763149014e-03
6.397817866477629317e-03
6.404835810027105503e-03
6.415487020485216921e-03
6.419754285252998911e-03
6.427347697765598694e-03
6.439768835227056148e-03
6.458748830889973411e-03
6.465210360918132934e-03
6.470719468951291638e-03
6.477995845439922344e-03
6.491381271583008747e-03
6.498866907904979340e-03
6.501986743957060416e-03
6.513304776848540499e-03
6.519404162034283037e-03
6.529331647426936912e-03
6.538984079162473741e-03
6.546585333002366731e-03
6.551402687761848781e-03
6.554638569765421259e-03
6.572094153953195357e-03
6.575549129538887407e-03
6.580666360770733372e-03
6.596555589125983714e-03
6.601050472422977274e-03
6.606269331355409807e-03
6.610977894928141661e-03
6.616878938051773060e-03
6.632915462329187599e-03
6.634840384670469444e-03
6.643134358061325573e-03
6.656660169614882043e-03
6.666582867793998009e-03
6.677335332348321127e-03
6.688718058928591788e-03
6.693340059744404616e-03
6.695086840159706829e-03
6.708758509002760509e-03
6.714406372500193905e-03
6.723928881403229592e-03
6.728101762916481945e-03
6.738774519713446216e-03
6.739169478960358936e-03
6.745504746957650503e-03
6.749335016760033869e-03
6.763141686911956427e-03
6.771206396545820586e-03
6.780280952181218929e-03
6.782912121764688058e-03
6.797842116220910620e-03
6.802631423116749058e-03
6.817805975745612479e-03
6.824143886091591123e-03
6.827338743287508435e-03
6.833296288807058985e-03
6.835669829597586754e-03
6.852159580472352504e-03
6.856112421821628986e-03
6.861687791135088858e-03
6.872686858183262547e-03
6.880909507207139293e-03
6.887009596825538135e-03
6.895077123044360615e-03
6.904622174902123183e-03
6.918151133958671400e-03
6.925604183733056682e-03
6.930134041304282164e-03
6.942540308601649959e-03
6.954418879357314801e-03
6.959575193924638463e-03
6.966419871221379498e-03
6.975178680858330066e-03
6.981260337968486947e-03
6.986836054095710291e-03
7.003043493848649069e-03
7.011658758310872902e-03
7.017661174804315678e-03
7.027350897543633082e-03
7.033001385107403962e-03
7.040223279443252359e-03
7.057162088682945172e-03
7.062955321626804284e-03
7.066848329125186880e-03
7.071946100860196892e-03
7.076667463883945172e-03
7.092753796946416230e-03
7.095996803729633443e-03
7.108327225036494001e-03
7.120077936558688071e-03
7.136699143703313826e-03
7.144280696769282277e-03
7.147950049375342493e-03
7.155718484574591538e-03
7.173756206148284957e-03
7.183117461679594876e-03
7.189002596729467814e-03
7.194960434634564694e-03
7.198635101129007181e-03
7.221396540210943404e-03
7.226440399865384501e-03
7.233287122644832361e-03
7.241787285297714670e-03
7.245436189299431229e-03
7.253166452910148748e-03
7.260134678916023779e-03
7.273290311966956571e-03
7.276902244760176559e-03
7.290137510949180021e-03
7.303351164177308494e-03
7.307035120787877883e-03
7.316532574419921942e-03
7.317866746687307598e-03
7.333170650844466829e-03
7.343079478082590629e-03
7.351159836356662217e-03
7.355211073070213462e-03
7.360900395080264592e-03
7.368068152581761648e-03
7.376100168458311554e-03
7.389529861330404285e-03
7.400031658789463576e-03
7.410754193034495806e-03
7.414944499905375477e-03
7.420189537330494113e-03
7.427874965444025181e-03
7.439232104243839738e-03
7.448012679874297867e-03
7.448709635462597879e-03
7.458488786611408052e-03
7.478763527662427892e-03
7.487810566798743482e-03
7.491645805120056463e-03
7.512897991219021077e-03
7.525687846498852439e-03
7.530155131652017594e-03
7.549237399514928393e-03
7.555040860454382938e-03
7.560812742601969588e-03
7.561408276946087956e-03
7.569915996328708749e-03
7.572675340977629010e-03
7.584386599581611176e-03
7.593263350676577456e-03
7.608774185573738240e-03
7.625429837879229081e-03
7.629115381072882132e-03
7.634566540355475391e-03
7.643626365729868852e-03
7.648828478603615817e-03
7.660241034900669085e-03
7.670760083817715347e-03
7.685103999413239219e-03
7.698246916595404346e-03
7.711466704632316191e-03
7.719895587412980292e-03
7.737956850021302305e-03
7.742173847841899749e-03
7.760634840040413727e-03
7.765826909107409991e-03
7.773193746588385154e-03
7.775417047119113911e-03
7.786482789955701499e-03
7.794488929306802108e-03
7.806089024606400681e-03
7.811651513566897527e-03
7.825672706607771090e-03
7.826828260113457766e-03
7.845381610262967126e-03
7.852906992239198566e-03
7.856703197259935420e-03
7.865910886252540368e-03
7.877980546490389105e-03
7.891820996862889889e-03
7.902533409665445444e-03
7.917581643706178562e-03
7.924557290089272524e-03
7.933221902726975486e-03
7.941511324945039682e-03
7.958967234188808054e-03
7.963691766329919833e-03
7.977417207574196215e-03
7.980080461672837619e-03
7.987548167760016513e-03
8.014691216051488334e-03
8.017584548693827695e-03
8.020354819162486479e-03
8.032634689690884566e-03
8.041031487358293178e-03
8.049433738826194604e-03
8.053565190368093193e-03
8.071258816350363602e-03
8.080142641122381106e-03
8.084471849979882677e-03
8.090876687264920639e-03
8.112338589024241028e-03
8.114423072603299189e-03
8.124909654827074112e-03
8.138017481360259806e-03
8.160094006748969120e-03
8.173772012250671987e-03
8.184882511773693831e-03
8.190335143542079241e-03
8.196308465311897759e-03
8.207046818898040483e-03
8.213570740373939139e-03
8.224473730390985046e-03
8.237494936251628028e-03
8.253296827480379599e-03
8.261740298692026030e-03
8.266500454122504768e-03
8.280831841639470572e-03
8.291630501903719461e-03
8.297476640092288011e-03
8.319515791171558372e-03
8.339137443037519803e-03
8.351272542725470330e-03
8.360753190322577424e-03
8.371098423781135611e-03
8.378302528666814117e-03
8.386425426348976392e-03
8.393257240017734308e-03
8.403730920834880450e-03
8.409217565077968873e-03
8.415963648929767824e-03
8.428011374994767019e-03
8.433491054767990047e-03
8.450498073270472019e-03
8.462424596921817171e-03
8.474734569468001660e-03
8.489312584538569184e-03
8.505220045324096007e-03
8.508525842504971459e-03
8.514782576960124028e-03
8.524528183558663028e-03
8.538805626801407658e-03
8.554307703070399352e-03
8.557818975895248315e-03
8.577132815633351989e-03
8.586282908924826665e-03
8.600429229163184669e-03
8.610878851606992151e-03
8.623641768623216755e-03
8.628306870933372813e-03
8.634624739990453060e-03
8.642796347903597756e-03
8.654700666722412936e-03
8.670679769964729708e-03
8.682391176751009035e-03
8.698704724532355798e-03
8.699310224413935380e-03
8.711443518631196287e-03
8.721497544608911717e-03
8.730265221399444858e-03
8.733652409460548535e-03
8.744842857866268540e-03
8.763100757372584149e-03
8.772525171497024682e-03
8.776343416981531587e-03
8.785429643815101039e-03
8.798297175653490079e-03
8.813167920190493471e-03
8.822134081390231933e-03
8.834141405092872656e-03
8.843224303285853252e-03
8.859107495220773856e-03
8.865994574848656828e-03
8.868193648379624205e-03
8.890549261188832042e-03
8.894342818975305501e-03
8.902144955774489790e-03
8.915525612668720110e-03
8.933552014429401236e-03
8.939694411020836923e-03
8.949124611759383743e-03
8.965133811816008644e-03
8.975337481907994311e-03
8.982448107227390677e-03
8.987594095369757022e-03
8.999673611551801955e-03
9.014871161592196910e-03
9.023801421397813910e-03
9.035052681616004971e-03
9.037623714183181181e-03
9.054273312936397117e-03
9.065317778221055126e-03
9.069173294846830796e-03
9.098965696509461742e-03
9.104412309613939616e-03
9.112916302205819816e-03
9.120209650020666414e-03
9.138172000816936758e-03
9.150704816788972351e-03
9.160687753001368547e-03
9.163842070420355479e-03
9.177300854169614594e-03
9.185931024224186503e-03
9.198248167253186142e-03
9.201285408521209935e-03
9.220942222952756284e-03
9.226530962914494816e-03
9.234108736847915569e-03
9.248172162132252752e-03
9.259909377879930667e-03
9.272186275041831294e-03
9.293907710320613649e-03
9.297156374189692249e-03
9.306016488067463469e-03
9.320329160809704555e-03
9.328771441767190128e-03
9.334541195056909879e-03
9.359454583944262426e-03
9.364670686666045490e-03
9.373334796608099456e-03
9.386581860395867144e-03
9.398063225447152169e-03
9.403798166314883411e-03
9.412721733698722199e-03
9.431178039424717094e-03
9.442330331008459005e-03
9.450581783733992200e-03
9.459143492631045050e-03
9.472814149676437451e-03
9.479331900353148502e-03
9.484926685846443301e-03
9.497775535460446783e-03
9.515185797175465185e-03
9.517205316853278793e-03
9.529255430945961572e-03
9.548571267816127403e-03
9.566661854264389003e-03
9.580624407382352936e-03
9.593593795003761693e-03
9.600892940809523796e-03
9.606359545157514696e-03
9.617635290530284972e-03
9.632891191224009914e-03
9.637741699758091765e-03
9.665953053755066068e-03
9.668783048390578241e-03
9.697260795440365566e-03
9.702148917363231234e-03
9.711219469145462163e-03
9.730965281065383915e-03
9.737528359198933253e-03
9.753308664363908101e-03
9.758437651149611675e-03
9.770704235607363328e-03
9.778643645015615629e-03
9.782628145855044866e-03
9.786909889465813389e-03
9.805723718042429898e-03
9.823879829138187567e-03
9.825128078328144998e-03
9.836582776627370017e-03
9.849988571350620087e-03
9.859487341283544939e-03
9.884931664344129634e-03
9.893159402833131763e-03
9.898490279431291713e-03
9.907718755391209040e-03
9.926223310990113513e-03
9.944342678684204434e-03
9.962133719851967717e-03
9.965899477758661043e-03
9.969046620664343342e-03
9.974557025033435609e-03
9.999332128909070583e-03
1.000637126430232483e-02
1.002109234459559219e-02
1.003043123127183960e-02
1.003572031874788023e-02
1.005664578951009740e-02
1.006566767234474795e-02
1.008667471047789733e-02
1.009409132922592899e-02
1.010750955007702449e-02
1.011262887398502348e-02
1.014325614552690977e-02
1.014626562117649893e-02
1.016359731987342627e-02
1.016959737060334039e-02
1.017571040158499716e-02
1.019780526096951932e-02
1.020349011377193540e-02
1.021506926220232432e-02
1.023387804145594812e-02
1.024268656136737704e-02
1.025408937928359507e-02
1.026893799108494036e-02
1.027653257816716140e-02
1.028195014307108253e-02
1.030115005736623873e-02
1.031307345319184762e-02
1.032491963801474531e-02
1.032852747447093184e-02
1.034673736691975147e-02
1.036095513799667293e-02
1.037031193864323790e-02
1.038127286010128401e-02
1.038914624898367930e-02
1.038976356999357122e-02
1.043000017898713071e-02
1.043213865398678192e-02
1.043854544577213495e-02
1.044362484287917128e-02
1.045203958899095127e-02
1.046784239730568118e-02
1.046985885078738528e-02
1.049876319012984713e-02
1.050482795695177780e-02
1.051054529620592572e-02
1.053262150658812978e-02
1.054355066260068835e-02
1.055341706191854911e-02
1.055833246561218783e-02
1.057015174835338606e-02
1.058221687168749321e-02
1.059409365557775935e-02
1.062352100240838981e-02
1.063469306513497442e-02
1.064460805748265390e-02
1.066173952295963560e-02
1.066882610503000831e-02
1.068886473978304316e-02
1.070510072566628959e-02
1.071408863638120997e-02
1.072742298749155589e-02
1.073956661353192565e-02
1.074677751605881276e-02
1.075206758912380413e-02
1.077094090519693272e-02
1.077189729076718019e-02
1.078739115550927073e-02
1.079922199947859138e-02
1.081451360184918289e-02
1.081846584303361100e-02
1.083892747523748819e-02
1.085435651476079726e-02
1.085935849041434580e-02
1.088375978486373456e-02
1.089140512390755940e-02
1.090390862427854761e-02
1.092350991580015585e-02
1.093843347691049808e-02
1.094992182050927992e-02
1.095994875546118207e-02
1.098216150081929993e-02
1.098688874245339758e-02
1.099357422444144361e-02
1.100281269535258871e-02
1.102043761323213099e-02
1.104237684750443774e-02
1.105583308152666838e-02
1.105900115996976199e-02
1.109497831729939175e-02
1.110953087107732599e-02
1.112274068036722859e-02
1.114986178457311530e-02
1.115243269777669612e-02
1.115966678994233241e-02
1.117022692662230331e-02
1.118106268504346322e-02
1.119414805807994982e-02
1.121238899522290604e-02
1.122126929024714649e-02
1.124148190016216291e-02
1.124882211262020169e-02
1.125901362327241806e-02
1.127360821421904795e-02
1.129381491784962541e-02
1.130073013787574569e-02
1.132393313798721844e-02
1.133348511666096466e-02
1.133989031785175017e-02
1.135322199855223237e-02
1.135920238941819094e-02
1.138311856847259128e-02
1.139761491305567136e-02
1.141574829803256377e-02
1.141905091512418480e-02
1.143426599612640433e-02
1.144143090310937964e-02
1.145446954937802235e-02
1.147134043544281203e-02
1.148436086765074193e-02
1.150066918406422896e-02
1.150820099702344265e-02
1.152378651191967966e-02
1.154004669524045200e-02
1.155097917609051138e-02
1.155912954007477095e-02
1.157581609690866084e-02
1.158584263217500056e-02
1.159188243094030901e-02
1.161798361618474225e-02
1.162803961437743235e-02
1.164721110744793876e-02
1.166119916912171199e-02
1.166780269604607984e-02
1.167600685553612898e-02
1.169923042631038947e-02
1.170254695487092135e-02
1.172211301373842114e-02
1.173374557027960854e-02
1.174253503267969762e-02
1.175801761071483195e-02
1.176796278482363650e-02
1.178722295999883735e-02
1.179935879522177669e-02
1.182771150076942709e-02
1.183743454782340207e-02
1.185071396595990464e-02
1.185486296554730430e-02
1.188225704852948102e-02
1.189389243846098940e-02
1.190724846636828128e-02
1.192583684187088072e-02
1.193346790688282547e-02
1.194601957930676098e-02
1.195750122943536192e-02
1.196028411552202061e-02
1.199221651688496537e-02
1.200028409599981742e-02
1.200903901229834203e-02
1.201799696925481831e-02
1.202577414295264921e-02
1.202964238978289357e-02
1.206506379824652704e-02
1.206938460178012991e-02
1.209971053241081819e-02
1.209989694540705880e-02
1.212019979714170498e-02
1.212986762955012808e-02
1.214249849224538491e-02
1.214714610086562417e-02
1.217381365432336493e-02
1.218148056008481160e-02
1.220229004156911205e-02
1.221294295591919543e-02
1.222279947685480685e-02
1.222420211475174108e-02
1.224091040619331924e-02
1.227446056984023669e-02
1.229094728252093198e-02
1.229712899820301422e-02
1.229894000439859560e-02
1.231926048595768063e-02
1.232959279938776291e-02
1.234837058896843219e-02
1.235253696200411429e-02
1.237676545321111411e-02
1.239660091551278431e-02
1.241533089962298941e-02
1.243048420984244062e-02
1.244412353639014548e-02
1.244805226023679677e-02
1.248867979358422517e-02
1.249488622681578856e-02
1.250715413285029970e-02
1.251710018306618523e-02
1.253437781413607732e-02
1.254123883258614035e-02
1.256666010427426317e-02
1.256979284347853332e-02
1.258756058075266929e-02
1.260162675130548950e-02
1.260953510035579643e-02
1.262373897435576167e-02
1.263208270858246808e-02
1.265201620060712497e-02
1.266040114730363625e-02
1.269176968992167046e-02
1.269692428880308394e-02
1.271317305358181902e-02
1.272415704803406267e-02
1.274876728773166774e-02
1.275233287964827253e-02
1.277350203467066125e-02
1.277735690657719365e-02
1.278605120204038235e-02
1.280376137582365896e-02
1.282352576230572777e-02
1.285683528449946093e-02
1.287248445444781446e-02
1.287489916319334640e-02
1.288537184703696450e-02
1.290865475001223665e-02
1.293598782387833136e-02
1.293925755368882657e-02
1.295671409299172135e-02
1.296853699853848033e-02
1.298711090152602533e-02
1.299578181972235388e-02
1.301721002647856715e-02
1.302862776316300944e-02
1.306124610929976747e-02
1.307734968910309083e-02
1.308437943724201531e-02
1.309546402370656906e-02
1.311075387496418547e-02
1.311742655727169901e-02
1.314550225649442801e-02
1.316081007669035047e-02
1.317853400909168443e-02
1.318217523348169662e-02
1.319314864159636808e-02
1.321174886055839943e-02
1.322139258873972559e-02
1.324002670798569634e-02
1.325973165772097173e-02
1.326868792023957327e-02
1.327725104425818946e-02
1.330078709698384078e-02
1.331034448117456200e-02
1.332153633201834525e-02
1.334179398566507496e-02
1.335235769893728178e-02
1.336077635286933227e-02
1.337317776367344044e-02
1.338496463246889936e-02
1.341560424463482913e-02
1.344922691104662518e-02
1.346577178932316897e-02
1.348446537803265483e-02
1.349001178248765941e-02
1.350323702339914327e-02
1.352909713468839273e-02
1.354292230573125172e-02
1.356100135809524231e-02
1.356551668423430952e-02
1.358048769039858078e-02
1.358879835427765671e-02
1.360004744893554204e-02
1.362276457426040387e-02
1.363817939430170267e-02
1.364470013857578025e-02
1.364859674627619951e-02
1.367068758810295430e-02
1.367378426304270353e-02
1.371389438360661947e-02
1.371789614721109427e-02
1.374427482534972857e-02
1.375630178703473282e-02
1.376237398489608098e-02
1.377747779488468216e-02
1.379479844051431127e-02
1.379777021314030662e-02
1.381842702917349119e-02
1.384951529650312214e-02
1.385700192593250328e-02
1.388196119211646679e-02
1.389198625664891246e-02
1.390605344481453919e-02
1.391716595060565366e-02
1.394227430439772680e-02
1.394954055517291097e-02
1.396589331497945230e-02
1.397926311969131113e-02
1.399838293217683764e-02
1.400901373301602186e-02
1.401167376184157647e-02
1.404701754377185932e-02
1.405956269747568252e-02
1.408104261639482602e-02
1.409387605928581755e-02
1.413424978670000873e-02
1.413640694696295143e-02
1.415115840435091782e-02
1.415942829960975709e-02
1.418840631544181219e-02
1.420440913193813520e-02
1.421491632141159804e-02
1.422918940454152674e-02
1.425278327475386526e-02
1.425608589166098283e-02
1.427270447304228133e-02
1.429613378031072655e-02
1.430094073379784697e-02
1.431892264212236872e-02
1.433208528011500719e-02
1.434167973240118611e-02
1.435999692863055600e-02
1.437522294844181987e-02
1.438426945240055960e-02
1.440527435828585154e-02
1.442084000666519171e-02
1.444046681172424934e-02
1.446642393118975634e-02
1.447083522306563501e-02
1.449857557948426058e-02
1.450615411294593760e-02
1.452482089683998848e-02
1.453917541774075659e-02
1.455753274043420677e-02
1.458873304457508277e-02
1.460541220471809828e-02
1.462184178497715967e-02
1.462869538498176754e-02
1.464418813598592807e-02
1.465168276619551770e-02
1.467547924971748102e-02
1.469461171559886120e-02
1.469695811856786515e-02
1.472565442166995711e-02
1.474006647160979074e-02
1.476405710570695591e-02
1.477323092680808345e-02
1.479748923878036401e-02
1.480805357684089781e-02
1.484038597594624330e-02
1.485770836375268494e-02
1.486533822942280592e-02
1.487874364378553860e-02
1.488237884985156925e-02
1.492230618822907619e-02
1.492808780638665150e-02
1.494441372176807253e-02
1.496150846606114637e-02
1.496569340703719254e-02
1.497398467169714330e-02
1.500780913980433867e-02
1.501999088910154975e-02
1.502674046540064708e-02
1.506261387408697715e-02
1.506829405786846640e-02
1.507450593784458170e-02
1.510959921562649716e-02
1.513060406109831627e-02
1.514310957598855034e-02
1.516639978281151928e-02
1.516951621245683259e-02
1.520601300214431337e-02
1.521224088626610751e-02
1.522273159133394511e-02
1.523866061384332275e-02
1.525447053351223527e-02
1.527019670806945180e-02
1.529357790738533791e-02
1.530812653850356468e-02
1.531553361793417702e-02
1.534236103405725062e-02
1.536479213667063005e-02
1.538073136973426049e-02
1.541007279979038358e-02
1.543715301661984819e-02
1.546279709607672852e-02
1.546723150322135490e-02
1.548797463813493709e-02
1.549454286785528941e-02
1.551505684213763669e-02
1.553546516726560245e-02
1.554366350187545882e-02
1.555157718432733510e-02
1.559734141094401561e-02
1.560592785204095896e-02
1.561551425099729634e-02
1.566754452477676571e-02
1.567354478145908947e-02
1.569870171822465577e-02
1.570993344375722078e-02
1.572757857927728833e-02
1.576407027644276607e-02
1.576923906721752061e-02
1.578135137981622263e-02
1.579855727223882303e-02
1.582295432237566801e-02
1.583281740787505915e-02
1.587018733462999473e-02
1.589270189398573827e-02
1.590631248992043292e-02
1.591453474110567090e-02
1.592923365181547063e-02
1.594514318117020227e-02
1.597242890783296537e-02
1.598698633232671640e-02
1.599744895730818850e-02
1.600927486286684784e-02
1.602641755391514752e-02
1.604852743304122781e-02
1.606733151064140483e-02
1.609555446142862944e-02
1.611779008215057790e-02
1.612773567782484208e-02
1.613711982094219455e-02
1.617510700471556234e-02
1.618098077028551351e-02
1.620514010991818202e-02
1.621885426071423622e-02
1.623345191046026564e-02
1.626140599997706257e-02
1.628278587908350838e-02
1.629973872113479882e-02
1.631945840220911867e-02
1.632875243338865329e-02
1.634249316227473839e-02
1.635955169015967242e-02
1.638039473080700470e-02
1.641488247627461913e-02
1.644109505059995410e-02
1.644588296908958830e-02
1.647066448359155513e-02
1.648300476423018163e-02
1.651534695734984196e-02
1.654156535711655621e-02
1.654889389649430095e-02
1.658049303644110531e-02
1.659110114381268791e-02
1.662229189982593336e-02
1.663384534299559153e-02
1.664771509421890394e-02
1.666902726712687910e-02
1.668820353943335430e-02
1.670154696428690841e-02
1.671212323244442022e-02
1.674792595315041308e-02
1.675689619506131461e-02
1.677349252015994385e-02
1.680893284078375724e-02
1.681616647454826224e-02
1.684448706260129394e-02
1.685467284717547323e-02
1.688832677632094714e-02
1.690897362115909713e-02
1.692877730006545414e-02
1.695447722120779765e-02
1.695981646183161717e-02
1.698952341422677731e-02
1.700946717315379025e-02
1.704024810494859932e-02
1.705139912014390358e-02
1.706785202394386219e-02
1.708997847824909530e-02
1.710581550871879616e-02
1.712175734252647033e-02
1.713711463154563019e-02
1.714981654802183453e-02
1.717400059458641312e-02
1.720200214344458703e-02
1.721703233322904175e-02
1.726124566156407233e-02
1.726724163762811612e-02
1.728827685720623827e-02
1.730286371059186132e-02
1.733310482189277454e-02
1.734627618867533999e-02
1.735867053693359793e-02
1.739000043982545998e-02
1.741737242367598706e-02
1.744893557206113333e-02
1.747796205667418931e-02
1.751395700974665501e-02
1.751685261420960621e-02
1.752490924755760460e-02
1.756429012730582884e-02
1.757873375032486390e-02
1.759153145462446013e-02
1.762008993376165678e-02
1.764604825416721950e-02
1.765008943387383344e-02
1.768456818592590435e-02
1.769093760815979369e-02
1.772320849937631879e-02
1.773660218129249899e-02
1.774937289966667733e-02
1.781202148385684081e-02
1.781552277095643094e-02
1.784319479979603468e-02
1.786124284240466278e-02
1.789039470118558919e-02
1.790603662168901988e-02
1.792398720788483321e-02
1.796095378721612040e-02
1.797098845498439415e-02
1.799930775787430756e-02
1.800688612452319357e-02
1.802472826509294440e-02
1.803949170242671179e-02
1.805238366328115046e-02
1.806802137243062462e-02
1.812095108137158628e-02
1.814271754042779197e-02
1.816352219524294820e-02
1.817057397790981105e-02
1.818845166029481319e-02
1.820807505777102125e-02
1.821834983379874706e-02
1.824277714895593955e-02
1.824709783248497016e-02
1.828468517873281518e-02
1.829874115678756588e-02
1.833571042742466323e-02
1.834723875921773911e-02
1.836188980990119402e-02
1.837680342281738932e-02
1.839509022254320544e-02
1.844115174340951388e-02
1.846090649089826910e-02
1.847469277097270324e-02
1.849157507249024959e-02
1.853271772465553760e-02
1.854322604997468704e-02
1.857120243154631797e-02
1.859866004392021765e-02
1.862295027647035972e-02
1.867391741025849206e-02
1.868825205919467936e-02
1.872456589931687301e-02
1.872846914641915217e-02
1.874828910187069722e-02
1.877249851400030270e-02
1.878310806721762705e-02
1.883146758716497393e-02
1.884261887584941925e-02
1.886278818383065395e-02
1.889291975523067768e-02
1.891721087004534160e-02
1.895236298780715936e-02
1.896934821964397361e-02
1.899937477063202290e-02
1.902507719992483151e-02
1.903310788608810269e-02
1.905828320822798919e-02
1.907513397005078035e-02
1.909008158127275048e-02
1.912195904352351553e-02
1.913165962552498822e-02
1.913818723351499648e-02
1.917703202649993777e-02
1.919166415112281282e-02
1.920185190484734183e-02
1.924575027942215105e-02
1.924753306495332814e-02
1.930634898833435975e-02
1.932450903775192325e-02
1.935135017189209064e-02
1.937216197058635667e-02
1.940301677137088593e-02
1.941369135851379532e-02
1.942980523937778981e-02
1.943726342638174218e-02
1.949496466219690499e-02
1.950224474864279203e-02
1.953146583286745688e-02
1.954300317442969961e-02
1.955883148515107431e-02
1.958598149004432340e-02
1.962703586591622515e-02
1.965298754142101242e-02
1.966899429647914893e-02
1.969955410747296562e-02
1.971288358348258218e-02
1.973367275464063889e-02
1.974942337420686894e-02
1.976365533334648386e-02
1.979245474416716985e-02
1.980901628609858800e-02
1.983267571287192568e-02
1.989348988037376725e-02
1.991269064247699200e-02
1.992283078088587234e-02
1.993466685276240949e-02
1.996309637895823247e-02
1.998954048269530395e-02
1.999636257939755093e-02
2.001320893268371259e-02
2.005043376937049385e-02
2.007181706983915057e-02
2.008596905101513522e-02
2.013425280824541683e-02
2.016675125215796824e-02
2.017746397256669696e-02
2.019542339458042443e-02
2.021023673431505269e-02
2.023307611364443676e-02
2.026301617463103014e-02
2.027796406255530717e-02
2.030211619693641362e-02
2.031823603378876339e-02
2.034836953306582916e-02
2.036319949866408768e-02
2.038771010554734503e-02
2.041293931280003041e-02
2.042958638107797084e-02
2.046782638430074894e-02
2.050125343356254057e-02
2.052375357821462770e-02
2.055049699341866473e-02
2.056491057254578730e-02
2.059725483830657580e-02
2.059850179235443723e-02
2.061679118782052539e-02
2.065653700470742107e-02
2.068012515635275772e-02
2.069582013891878292e-02
2.073083098396351007e-02
2.076215949632055982e-02
2.079069397228943544e-02
2.079390409965708661e-02
2.081770744460901060e-02
2.083647020563689570e-02
2.088713001259071000e-02
2.090378275289485333e-02
2.093254773072180178e-02
2.093965298837683828e-02
2.098804172477046828e-02
2.103337677269558753e-02
2.103743523158363091e-02
2.108972564163507160e-02
2.109766693145411279e-02
2.110135936452128477e-02
2.112478639068286757e-02
2.115238462206588121e-02
2.115664978472996463e-02
2.116248762108442066e-02
2.121732596073266572e-02
2.126521656612835251e-02
2.130903467350268518e-02
2.133540441600242227e-02
2.138431835965309141e-02
2.140298075766843347e-02
2.141838688706258070e-02
2.146882859347254771e-02
2.147477519454460762e-02
2.148893358757614572e-02
2.152248650067970642e-02
2.154640914070809696e-02
2.156547488159759121e-02
2.158979768131291666e-02
2.159348519642131231e-02
2.162103015451747115e-02
2.163814973795281926e-02
2.165322455314395989e-02
2.169047105162124831e-02
2.170167372137206743e-02
2.172827175090537993e-02
2.173571142354516553e-02
2.175960535624379966e-02
2.178463172958337857e-02
2.180788736355316476e-02
2.183433205022165466e-02
2.186484028214499137e-02
2.189459212497637738e-02
2.191294339134629982e-02
2.193753201152803464e-02
2.198389245957941066e-02
2.201029305874109901e-02
2.201922454063511697e-02
2.205414714946068652e-02
2.206905308713691741e-02
2.209594987654308826e-02
2.210320851996440406e-02
2.214218339352188453e-02
2.217573060108883262e-02
2.218635592428158318e-02
2.221952106441972552e-02
2.227887844087384633e-02
2.228360156144028326e-02
2.232734423717669045e-02
2.235707115285807262e-02
2.239899720182527559e-02
2.242721040825247300e-02
2.246094986370395646e-02
2.246373050455092307e-02
2.251370619957713745e-02
2.253415864732468896e-02
2.254052709171836325e-02
2.256669425916340427e-02
2.261024237012972810e-02
2.262162391010626855e-02
2.266410207885642680e-02
2.269361508219350926e-02
2.269739231079885566e-02
2.271975144735383090e-02
2.274935752848634626e-02
2.277233765082846417e-02
2.279827980190865869e-02
2.282207162136806744e-02
2.286339808854822436e-02
2.287229789340566866e-02
2.290679055266683917e-02
2.292281120899567620e-02
2.294507873500225420e-02
2.297866429642518582e-02
2.301183195574078508e-02
2.305053611606588254e-02
2.309005730308790610e-02
2.309715511420266584e-02
2.311993830459440832e-02
2.312850690489902730e-02
2.316579575910108005e-02
2.318856504951757880e-02
2.322575039019145887e-02
2.325068950168792531e-02
2.327590594355787024e-02
2.330469612428923490e-02
2.332957079281088725e-02
2.337211256591700120e-02
2.342086570857807373e-02
2.345615189244534132e-02
2.347387142962457929e-02
2.350119149604874488e-02
2.355989549834622276e-02
2.356769326922220423e-02
2.359380344920677941e-02
2.362188239721057723e-02
2.365116098364268560e-02
2.366007495087768184e-02
2.367368119525022421e-02
2.371037119565803583e-02
2.374417491673667946e-02
2.379937953128425862e-02
2.380977774232512917e-02
2.383621167455703821e-02
2.384631357543275793e-02
2.388045722089651018e-02
2.391441091887366865e-02
2.394282405949078180e-02
2.396297818039033051e-02
2.398268572818420402e-02
2.400540718327830517e-02
2.405969086506305754e-02
2.408980637895492133e-02
2.409848399521298881e-02
2.416548495312470513e-02
2.419453423937268505e-02
2.420225587572627166e-02
2.424950551972409121e-02
2.427765117707291614e-02
2.428820646558556631e-02
2.430535867853727758e-02
2.433962834689473373e-02
2.437745934908570888e-02
2.439801559905414863e-02
2.441584063645237460e-02
2.445915907855375493e-02
2.446824837202133188e-02
2.450085554710337843e-02
2.455766319434015549e-02
2.456881174346335281e-02
2.461230577175492484e-02
2.464116012907969708e-02
2.464564395856053136e-02
2.467318748756626087e-02
2.470454511627884556e-02
2.473133476075932771e-02
2.477443068001781296e-02
2.479208109089015358e-02
2.484030335312902016e-02
2.487660990718977561e-02
2.490001116718243077e-02
2.490396951710605045e-02
2.494896665593436189e-02
2.498508978835563971e-02
2.500754077870390862e-02
2.504500084573280452e-02
2.505497927151598830e-02
2.508616946647194978e-02
2.513750338352057495e-02
2.515332570625423286e-02
2.519662387428927425e-02
2.520511634040643184e-02
2.524849530042322723e-02
2.528331703522510021e-02
2.531126896839029985e-02
2.533907929851802326e-02
2.536546721005045538e-02
2.537266274340535879e-02
2.540657152399337579e-02
2.544647651699870686e-02
2.545651958879441637e-02
2.548233130183754844e-02
2.549323031366781261e-02
2.552034519107091587e-02
2.557889114750299536e-02
2.560182664389430707e-02
2.561939659576029787e-02
2.563579701776642211e-02
2.565782976584070341e-02
2.568154736469306643e-02
2.573691481527579789e-02
2.574887413399899738e-02
2.582103126482824043e-02
2.585308093596964604e-02
2.588333751527912424e-02
2.591610347285855723e-02
2.593775715053297376e-02
2.599208543151488096e-02
2.601151584767399591e-02
2.602492668082885888e-02
2.603279094223022797e-02
2.606478190592529179e-02
2.610152352135991158e-02
2.614289745510407423e-02
2.617468683667087057e-02
2.618688200642513980e-02
2.621165019891237916e-02
2.622116865105336703e-02
2.627006225374334952e-02
2.628846763801006778e-02
2.630276474091309408e-02
2.634329694565195820e-02
2.637850236641195098e-02
2.645335639496678576e-02
2.646067451995242140e-02
2.649849114767063862e-02
2.652841422860442722e-02
2.659426763279578235e-02
2.662027514786408783e-02
2.663135005946010159e-02
2.667488040992968892e-02
2.668742808680064221e-02
2.672730009183579836e-02
2.675837718872941737e-02
2.679598958162556638e-02
2.681542200772139839e-02
2.684778215582632813e-02
2.687709772347205567e-02
2.689430669344269539e-02
2.694335549183966838e-02
2.696159196311286380e-02
2.698234739007823041e-02
2.701458806280176636e-02
2.707329228897636594e-02
2.710622510126040746e-02
2.714268206965535224e-02
2.716886326896122972e-02
2.718223742096015014e-02
2.721765256792751247e-02
2.722913207235241190e-02
2.724842547898529907e-02
2.727673100797937955e-02
2.731000551989057681e-02
2.731941113539250107e-02
2.735431826210417763e-02
2.736880994931551597e-02
2.746405850108721639e-02
2.748049967233808996e-02
2.750452490459085256e-02
2.753116248722816892e-02
2.757796269297836320e-02
2.759625850379895246e-02
2.760899517132807748e-02
2.766060993729361345e-02
2.770080990837592641e-02
2.773739769237956385e-02
2.775204044771804879e-02
2.778578582658303153e-02
2.781719496667854966e-02
2.783730015204170100e-02
2.789602267456581589e-02
2.790728894145532921e-02
2.796705872328995868e-02
2.801147325454006118e-02
2.802302952623952556e-02
2.806173134169672248e-02
2.807247230886544126e-02
2.807430958667420789e-02
2.817427571322159499e-02
2.819069549295103935e-02
2.819152648291213883e-02
2.821669212040478145e-02
2.825915144111670191e-02
2.828665426975478930e-02
2.831122342130565697e-02
2.836563495983001823e-02
2.838416200594908248e-02
2.841209706198129584e-02
2.845188631323972150e-02
2.846462479840931870e-02
2.848950332870946178e-02
2.851077155198281782e-02
2.853426221408909488e-02
2.857347340805846750e-02
2.860915950514056338e-02
2.865160829646155177e-02
2.869976581290557133e-02
2.871996985507641043e-02
2.875754070594284048e-02
2.879028571587187446e-02
2.884497152741218040e-02
2.884919280586682039e-02
2.889568204870064314e-02
2.890303951791936901e-02
2.895442622481800635e-02
2.897424227762481971e-02
2.902989428324988588e-02
2.907663812503326339e-02
2.909320102418078841e-02
2.915728636984895109e-02
2.919372197553962364e-02
2.921775421692575717e-02
2.922546853337802675e-02
2.925214394007477625e-02
2.931468710009113229e-02
2.932361343126985848e-02
2.937989473832837775e-02
2.945155200933566308e-02
2.946457041744179536e-02
2.948046136226636221e-02
2.949127132300033080e-02
2.951603843540582389e-02
2.954882811836877926e-02
2.959695435034436287e-02
2.964757122829535588e-02
2.966187022641189608e-02
2.973574627161124778e-02
2.976696776732136104e-02
2.980212456953714589e-02
2.981973744704823417e-02
2.983796612928652295e-02
2.990728972437718680e-02
2.991819032934020517e-02
2.996417858354797140e-02
2.999409160330438265e-02
3.005179570679535755e-02
3.008358879644103603e-02
3.009665697736739129e-02
3.016629834432264790e-02
3.019165167879399314e-02
3.021187912948249468e-02
3.024032653872341103e-02
3.030311976312608305e-02
3.035248969186947823e-02
3.035712400965671215e-02
3.038415869155676116e-02
3.040695265952449849e-02
3.043086176666815607e-02
3.046502169504478053e-02
3.048064834633710737e-02
3.053044824346477087e-02
3.057206092792989771e-02
3.059087376324226559e-02
3.060989175337208365e-02
3.067486029708622886e-02
3.070215126330113481e-02
3.071822770857405779e-02
3.078173525456999807e-02
3.081191680416514242e-02
3.084813116068614580e-02
3.087952635081460742e-02
3.093248747666801565e-02
3.094741923249075613e-02
3.097799056886724189e-02
3.099453977893744383e-02
3.103207395368669935e-02
3.109236258909845937e-02
3.112002922196408644e-02
3.115258549768213855e-02
3.120491562022459364e-02
3.122422323900314947e-02
3.127671356782146111e-02
3.130260242579383650e-02
3.134799455128919887e-02
3.136193692563440938e-02
3.143094333178129973e-02
3.145413582831415450e-02
3.146976235922859660e-02
3.150241102562782031e-02
3.155749501714372185e-02
3.161305618871497469e-02
3.163785808126246685e-02
3.165119431155348495e-02
3.167239696353814360e-02
3.169408768911303326e-02
3.176605902672753612e-02
3.178364571339921396e-02
3.180397059261431264e-02
3.184301518546486798e-02
3.189336682831935693e-02
3.196505157069910730e-02
3.197732790114604651e-02
3.200998028212771740e-02
3.204585691417059096e-02
3.205210956947059098e-02
3.208636535166637521e-02
3.211904009643663099e-02
3.215774392812344867e-02
3.220739750756951292e-02
3.224479730064627042e-02
3.229177170733093377e-02
3.230294945304723608e-02
3.232546818937614280e-02
3.236163925819203480e-02
3.244297236892333680e-02
3.245587035832855211e-02
3.249979541565713170e-02
3.252954965862939890e-02
3.255154241760739586e-02
3.258003166916187410e-02
3.264216195965865402e-02
3.266170353664576975e-02
3.268893812354951162e-02
3.269975867411986648e-02
3.272474043067016142e-02
3.274663911204594297e-02
3.278282259984315744e-02
3.280980439478339838e-02
3.286882844423219541e-02
3.292254104837010614e-02
3.297060014139115147e-02
3.298966616354791909e-02
3.300542875066832943e-02
3.302513161809243064e-02
3.304894290784525512e-02
3.305983852723150263e-02
3.311536903219912398e-02
3.312717524010493769e-02
3.319156595818304606e-02
3.329566592140187353e-02
3.333566368291012577e-02
3.343009752951163482e-02
3.345294964404894184e-02
3.347834673659585980e-02
3.350541833272382974e-02
3.352861973399622053e-02
3.357275476871167397e-02
3.358143693195685120e-02
3.361525344283522454e-02
3.366606658582584066e-02
3.367886614238763815e-02
3.373307607338631164e-02
3.375255373467873216e-02
3.381139248296598926e-02
3.381718898454548483e-02
3.387308452640677009e-02
3.392037988701721019e-02
3.395617327682162040e-02
3.399409983587402956e-02
3.403193263828662579e-02
3.406929337407144792e-02
3.410715068637777680e-02
3.412289872883355474e-02
3.418266011696207557e-02
3.420936251628515362e-02
3.423120367942464326e-02
3.428950756272838851e-02
3.431730429760935369e-02
3.434858705525538347e-02
3.438444998166392819e-02
3.442069183535326898e-02
3.447818218273568380e-02
3.449479551491183016e-02
3.451968655335369701e-02
3.455274783568512004e-02
3.455666633385087727e-02
3.457787496919527415e-02
3.465074051915086745e-02
3.468990683682150744e-02
3.470728475656256057e-02
3.472991423823345442e-02
3.477923684411021732e-02
3.480939441363603559e-02
3.486622283535916605e-02
3.487363243101206101e-02
3.495988678879457384e-02
3.501433285651921884e-02
3.504030639167845379e-02
3.505785153394129494e-02
3.510605760573717177e-02
3.513687660505912524e-02
3.516470325998662799e-02
3.520525441742718142e-02
3.523704985155218933e-02
3.524267246117532282e-02
3.527106196474654592e-02
3.534646650085945113e-02
3.539126329230323637e-02
3.542455374699574749e-02
3.545074686713294704e-02
3.547914464913339699e-02
3.550140023708373699e-02
3.552100539826707343e-02
3.558414873207636775e-02
3.559519047770799000e-02
3.564981172807608900e-02
3.572000089493210240e-02
3.574953171367162980e-02
3.578185528682454458e-02
3.581197570183321244e-02
3.584717706254583747e-02
3.590649076228511621e-02
3.598511721171337996e-02
3.599253375094966373e-02
3.602077202200244799e-02
3.604444346083018891e-02
3.611156406404773811e-02
3.614339737343504749e-02
3.618118615960791429e-02
3.621828252754375616e-02
3.625745420657802698e-02
3.632110975405067332e-02
3.634877658735894551e-02
3.635621681635020641e-02
3.643005462708029385e-02
3.648162404146276794e-02
3.648669120759524126e-02
3.651740966125270604e-02
3.652838499311310272e-02
3.657103624668733843e-02
3.662839811396931960e-02
3.672611356660374776e-02
3.674845271371012662e-02
3.676265429346037283e-02
3.681343069678810753e-02
3.682379517696534460e-02
3.684293655189885969e-02
3.689134703601813087e-02
3.694358818257605787e-02
3.697048247447517338e-02
3.703014318526486742e-02
3.704385313477621955e-02
3.708051980933817215e-02
3.711075971659559547e-02
3.716869372895317131e-02
3.720085576833091073e-02
3.726726605638209372e-02
3.727598719207210476e-02
3.730458905301516775e-02
3.735185897828710577e-02
3.736609216172615683e-02
3.743968240156022448e-02
3.744749513076922609e-02
3.747481520354153939e-02
3.752445489643083804e-02
3.755311244916468422e-02
3.758349110385157676e-02
3.760684970637201419e-02
3.765324621722872245e-02
3.769905743538966292e-02
3.777600570295169130e-02
3.781397611600921527e-02
3.783493928257065930e-02
3.788247640401429250e-02
3.790556177424245221e-02
3.801603066613670756e-02
3.804251760242680080e-02
3.808717060783022024e-02
3.811076339029209614e-02
3.817406799704411990e-02
3.817891750112067939e-02
3.820342102020499175e-02
3.824508957360723410e-02
3.827221388303152227e-02
3.832921019994819933e-02
3.838681333095853715e-02
3.839882878644122061e-02
3.843176315962981704e-02
3.848754588137304894e-02
3.852294646013941504e-02
3.860761369127031772e-02
3.864126127516900183e-02
3.869997646784679307e-02
3.872232750099920129e-02
3.874477719734172737e-02
3.876879036762757164e-02
3.885004004847621845e-02
3.889870984732191062e-02
3.893790195754608802e-02
3.899199192467338315e-02
3.901448174142967129e-02
3.902774630569917635e-02
3.907577874315390498e-02
3.911004020888937671e-02
3.916407930969563467e-02
3.922881802314970301e-02
3.926616832061406021e-02
3.931547464156066873e-02
3.934878489062277468e-02
3.938861833349496105e-02
3.943300684071849443e-02
3.946495180264679437e-02
3.954083709094770305e-02
3.957824718340286624e-02
3.959065131296317375e-02
3.963480768108263580e-02
3.967176080075476841e-02
3.969966519358014700e-02
3.976064902139592183e-02
3.979229105897014174e-02
3.984722893799734489e-02
3.988098118456716301e-02
3.993715512710421800e-02
3.996576228421450799e-02
3.999269114820376558e-02
4.002399562140197126e-02
4.007153378827808810e-02
4.014357579806424048e-02
4.019462988008417476e-02
4.023187959241262407e-02
4.028002796227929394e-02
4.035466322761054048e-02
4.037940849633050999e-02
4.039415427071920556e-02
4.047445770012763483e-02
4.050356843386274802e-02
4.051749198139244917e-02
4.054715999552031130e-02
4.058594171236227371e-02
4.069466915198181184e-02
4.077234307016720100e-02
4.081953324745382639e-02
4.082277864092526826e-02
4.086363996635698770e-02
4.089105426081181965e-02
4.091385788211342189e-02
4.096004443460270900e-02
4.098065915442813956e-02
4.104334880563575982e-02
4.107054971107110958e-02
4.114776845943090428e-02
4.117541987996243408e-02
4.122293087679290702e-02
4.125298241223378237e-02
4.127236882227530018e-02
4.131276513791164867e-02
4.134812552119578738e-02
4.138201176371907042e-02
4.142677792422433392e-02
4.152664291564286958e-02
4.154923967084654668e-02
4.160226766142042371e-02
4.162634163926337560e-02
4.164731620202061918e-02
4.174964254066944325e-02
4.177478099395064148e-02
4.182970792941228394e-02
4.187268773319886145e-02
4.198237637055297206e-02
4.200514581337547876e-02
4.204449994129221685e-02
4.205045785169932854e-02
4.210032454876830310e-02
4.210424353250677432e-02
4.217989144730445450e-02
4.226654903015901465e-02
4.229708340258947485e-02
4.233788195466156590e-02
4.236480286451235755e-02
4.242305379554840022e-02
4.251349790470935336e-02
4.255008304823242049e-02
4.257240523129760673e-02
4.261586741363019432e-02
4.266855655856999913e-02
4.274083418121217559e-02
4.280356899786857960e-02
4.281154070800095857e-02
4.287509719933434854e-02
4.290690112744498241e-02
4.291632198966083278e-02
4.295055366609468878e-02
4.304566626019797754e-02
4.310033600341835192e-02
4.318670106732452885e-02
4.321210130745922751e-02
4.322728906406925892e-02
4.333283317267307144e-02
4.337363238026548107e-02
4.340861049147166917e-02
4.346266762962244096e-02
4.349800531615456711e-02
4.352830857578447732e-02
4.359623705137660038e-02
4.361637932699698877e-02
4.367523625361026396e-02
4.371105761307465809e-02
4.380898457763473391e-02
4.386267000575713726e-02
4.389867305465632724e-02
4.391481941415036061e-02
4.396660764471219118e-02
4.405443023608648923e-02
4.410257700021869703e-02
4.413034708933199352e-02
4.420202477147828352e-02
4.423304323426546086e-02
4.425459329744928921e-02
4.431170885844654128e-02
4.438293392879042593e-02
4.439125583460731828e-02
4.444152660847176112e-02
4.446935732303892996e-02
4.450107255214142549e-02
4.455839502123526419e-02
4.459260771317624661e-02
4.464175251271942924e-02
4.466451857452136825e-02
4.471716282863157088e-02
4.474212214705516888e-02
4.480311885077531420e-02
4.482952385068904311e-02
4.485854213029638604e-02
4.491959954165938157e-02
4.493558701526073618e-02
4.498116703291037133e-02
4.504625006522015862e-02
4.514884963169182863e-02
4.519018863158951599e-02
4.519672885077596208e-02
4.523984487829901119e-02
4.530723655026627772e-02
4.542297133528395287e-02
4.545022793290282720e-02
4.550012521575257790e-02
4.551917543554431789e-02
4.560865416308977627e-02
4.562542553327422062e-02
4.564101241942616211e-02
4.573933406043106942e-02
4.576873261489657757e-02
4.578617661772902553e-02
4.585092676009645124e-02
4.591293739625806891e-02
4.598136758258432322e-02
4.602283048155603878e-02
4.607975429477590562e-02
4.611538066074010594e-02
4.620104807076162029e-02
4.621892335794985929e-02
4.633250769801801339e-02
4.633884818865360161e-02
4.644965239049253514e-02
4.650351112957643723e-02
4.656870748578221392e-02
4.661885662659614321e-02
4.664475366948838547e-02
4.667346947384555522e-02
4.673292160376171789e-02
4.678483759397539937e-02
4.682867708639204540e-02
4.692257806337058607e-02
4.695919587241238063e-02
4.698085210727739880e-02
4.703523990608184796e-02
4.709004010360339637e-02
4.711003886341099539e-02
4.716795822078130584e-02
4.719299394356155780e-02
4.723259924724821507e-02
4.729967959064881877e-02
4.733959373064351023e-02
4.736328930782283259e-02
4.740199622934453821e-02
4.747143991302114202e-02
4.750382459760722070e-02
4.754723217949075043e-02
4.757343649702001215e-02
4.764302680951947727e-02
4.766008307916688030e-02
4.770049464467848721e-02
4.777378719163177107e-02
4.783441944855445355e-02
4.791722131677490781e-02
4.795153476838119599e-02
4.799461456591521541e-02
4.802367122398248228e-02
4.808227141325789600e-02
4.812858872301307295e-02
4.818695853000055235e-02
4.824636398773312490e-02
4.829237497296007264e-02
4.834452621172001530e-02
4.847227907024315163e-02
4.851389175400031700e-02
4.855110718748400361e-02
4.860121514540972909e-02
4.866517874563826285e-02
4.867379709326914022e-02
4.875586384836905207e-02
4.876976342262918929e-02
4.885996425591442038e-02
4.887598530661228097e-02
4.895417336421633431e-02
4.900459928401098425e-02
4.905370118354444170e-02
4.915151463624940070e-02
4.918377836274304138e-02
4.923902136555274173e-02
4.930948304094127238e-02
4.931430735843959218e-02
4.934330145460673334e-02
4.938548195225260506e-02
4.943784670666503955e-02
4.950522729756065554e-02
4.960685876489893259e-02
4.963582814967159446e-02
4.968022218127167433e-02
4.970879970517833729e-02
4.974706653375114002e-02
4.981740913634132711e-02
4.987321988787300070e-02
4.991011800592168313e-02
4.996711116601312841e-02
4.998711979187685922e-02
5.004789756229274800e-02
5.010681041151037601e-02
5.017645096697705143e-02
5.022950747377863401e-02
5.029333988926040083e-02
5.034679946115372395e-02
5.042890969068543339e-02
5.047528230601217025e-02
5.052558831452207133e-02
5.056664336335846277e-02
5.061259837744291196e-02
5.066104214887874602e-02
5.075253962976445515e-02
5.082944671003279680e-02
5.087667424203270311e-02
5.092009352520952825e-02
5.093608745218358019e-02
5.099873377776915906e-02
5.101271560601063071e-02
5.106875139937824132e-02
5.114735326699723639e-02
5.118675397326943183e-02
5.125043871803054013e-02
5.127807103631741581e-02
5.135753893513311102e-02
5.140592531750796251e-02
5.149800854303750175e-02
5.152327156315232581e-02
5.158659808281761822e-02
5.164866486659773492e-02
5.167468721919860064e-02
5.175873898764202230e-02
5.180831504375119079e-02
5.186763642872622287e-02
5.194742507835809625e-02
5.199621213460700608e-02
5.200997354266292949e-02
5.203439089849243304e-02
5.211197014109688469e-02
5.215125759553843054e-02
5.221490003777563144e-02
5.226450501901878931e-02
5.234940534507055709e-02
5.242348073665253211e-02
5.243268756865149260e-02
5.247641532271626885e-02
5.258812443170721163e-02
5.261935336677698444e-02
5.265567493106922820e-02
5.270033707207506107e-02
5.282006086498360065e-02
5.283895996185238031e-02
5.292203790849706740e-02
5.296007085549440246e-02
5.298461408848340048e-02
5.305316431915678421e-02
5.312854310957245557e-02
5.321153929121952286e-02
5.325594819564755805e-02
5.331161345552504205e-02
5.339035523129206234e-02
5.343860699859812741e-02
5.346075193114104007e-02
5.361171064483208348e-02
5.363480420580121755e-02
5.369484966847958701e-02
5.370939843387232543e-02
5.375387785454599499e-02
5.380248912163326791e-02
5.381527773764466921e-02
5.389706500005494311e-02
5.396256713940365130e-02
5.402735869560446047e-02
5.407338003787455494e-02
5.409824560370030122e-02
5.416455078976633447e-02
5.422861674332470766e-02
5.441386362757811429e-02
5.446894996933588501e-02
5.448133016396698031e-02
5.457285622618934101e-02
5.468529712435799689e-02
5.468855484967324876e-02
5.475485708103602911e-02
5.476962426348373075e-02
5.481129010229571219e-02
5.490019768881779921e-02
5.498235243624521179e-02
5.503672222898638861e-02
5.508248143921814360e-02
5.510608056706516739e-02
5.515181962457765125e-02
5.523403293167070127e-02
5.531322802570323022e-02
5.539723276399891733e-02
5.541049695874422643e-02
5.543496911479215555e-02
5.551409101935578239e-02
5.563870075359732270e-02
5.568217433643367353e-02
5.575827427347083975e-02
5.581208961777647110e-02
5.585823342245820056e-02
5.590284500819878155e-02
5.597313685019828650e-02
5.608110834453976928e-02
5.614080246069456936e-02
5.615069085494806683e-02
5.619698678525952840e-02
5.627245495225188104e-02
5.636041109357257939e-02
5.638290790076112141e-02
5.644572424656200266e-02
5.652022500452379139e-02
5.657434592906159659e-02
5.664413728588284930e-02
5.673814480789544923e-02
5.674213326197062590e-02
5.681717662389766665e-02
5.682968816163074671e-02
5.686507515344484814e-02
5.694365472924158011e-02
5.703582577468168519e-02
5.704212644837283741e-02
5.712692161848950678e-02
5.716764161864559823e-02
5.722670364490598655e-02
5.736350534184141148e-02
5.743609235482244335e-02
5.751432488899098361e-02
5.755432924175016285e-02
5.763376808844875715e-02
5.767025010413284747e-02
5.774315219608033845e-02
5.777728544375931169e-02
5.788985158110829948e-02
5.793901307398146433e-02
5.803284096530240965e-02
5.813034726515529937e-02
5.819347244832939747e-02
5.825434330836342517e-02
5.830322332214157854e-02
5.834626298810741823e-02
5.844231559209298044e-02
5.852296929432130451e-02
5.862726400343763744e-02
5.867253552036227199e-02
5.872611538077305432e-02
5.883537794977073548e-02
5.887934644285360702e-02
5.890491787602353951e-02
5.897332370097577853e-02
5.906985274535132835e-02
5.911949825013100568e-02
5.923798936287202888e-02
5.931054011986246211e-02
5.932900164089530831e-02
5.942860151912731509e-02
5.947555097984104366e-02
5.951372783481629486e-02
5.960444572486559012e-02
5.966375020845295779e-02
5.979573655217820805e-02
5.986303149258564993e-02
5.990016340418199969e-02
5.993239863684664270e-02
5.996167341904536097e-02
6.013735251716825075e-02
6.015168299997468437e-02
6.023680532413949740e-02
6.027842350929159959e-02
6.033393949727312855e-02
6.040499342029566343e-02
6.050308332798738642e-02
6.055244176054455640e-02
6.056924834648127337e-02
6.066370841319617541e-02
6.082433295112583960e-02
6.088332611578940040e-02
6.089175169393938603e-02
6.091494562800916363e-02
6.107201933209092937e-02
6.115877424380598143e-02
6.119572958038637517e-02
6.124816338160887080e-02
6.128079282823395424e-02
6.132388940422225931e-02
6.140536358193952188e-02
6.153737080678287757e-02
6.161167988884358460e-02
6.169673382729043420e-02
6.181945229419006510e-02
6.186568627656831992e-02
6.202279002451883960e-02
6.203154163905170992e-02
6.208706485557369259e-02
6.209758604179961561e-02
6.216065881461439735e-02
6.216736400279880559e-02
6.230850409736373580e-02
6.237644853636226117e-02
6.245420326958024682e-02
6.253203291877178216e-02
6.256837711430128512e-02
6.266017482652601334e-02
6.275120614267444552e-02
6.285536274043136695e-02
6.295675399667335914e-02
6.306794281672559177e-02
6.316863742943477911e-02
6.330828799277504748e-02
6.335867319263348285e-02
6.337127622737141752e-02
6.343520574821025215e-02
6.352844623949720215e-02
6.358199274190888539e-02
6.366866526304612584e-02
6.372793996652750814e-02
6.375675213559414689e-02
6.383563215807634694e-02
6.392845482398261392e-02
6.399651192293381863e-02
6.408495709426405285e-02
6.413370653967753743e-02
6.423329911760550237e-02
6.424545671259516977e-02
6.435645096292856582e-02
6.443864402742899289e-02
6.453715644945100249e-02
6.469330404703889370e-02
6.469506628683223404e-02
6.475034264408316420e-02
6.477599229885840082e-02
6.496630722221705123e-02
6.503971044554464342e-02
6.515294102427385270e-02
6.525453585190961470e-02
6.531037719812593512e-02
6.538165857558410343e-02
6.544080267816211605e-02
6.559156280405761819e-02
6.572429471102315957e-02
6.585249124506956098e-02
6.587995700435461677e-02
6.591859593241908288e-02
6.607208040757203693e-02
6.611267592335696996e-02
6.616232596511856245e-02
6.619403125524765674e-02
6.625943759457064708e-02
6.628429769146132466e-02
6.635460720534665235e-02
6.644824845563702953e-02
6.648961063526305504e-02
6.663532051425043179e-02
6.668871924155747588e-02
6.675634290018071793e-02
6.684702001556026840e-02
6.696959150600582944e-02
6.701632974315620273e-02
6.709215004127050408e-02
6.716486982008895712e-02
6.723919477492823482e-02
6.732356364315754405e-02
6.742113515998304774e-02
6.745303153716453171e-02
6.759144287669859030e-02
6.762026203240148470e-02
6.779531655395996947e-02
6.792399675992234764e-02
6.795156655325644557e-02
6.806057870257677112e-02
6.814707665204911002e-02
6.835130955153499721e-02
6.846222884443677048e-02
6.849867721536032072e-02
6.858241871000125833e-02
6.864577173360959794e-02
6.870604718490667950e-02
6.873373354805327462e-02
6.889341626484558889e-02
6.900934659406175731e-02
6.910567629604751072e-02
6.915304885148029768e-02
6.925533419715879102e-02
6.930648352296926717e-02
6.936384096989245407e-02
6.940872707532465269e-02
6.946425433377249881e-02
6.952223240011262684e-02
6.973366870030102416e-02
6.973938461026009394e-02
6.990051692834846342e-02
6.991709968496050143e-02
6.997943582498925008e-02
7.008127971239763720e-02
7.015376299865111465e-02
7.023317687270255738e-02
7.026812112535643640e-02
7.028804011338538049e-02
7.047555527397091069e-02
7.057231287813087173e-02
7.059471802866203183e-02
7.071230135381861848e-02
7.084419885545602258e-02
7.089723307837539346e-02
7.096282372632126134e-02
7.106179532746392802e-02
7.117139953643585037e-02
7.120624781753741306e-02
7.130609570045162715e-02
7.131965056093139688e-02
7.136897632489548615e-02
7.155091872631001715e-02
7.168818323641754087e-02
7.179307802215773027e-02
7.184360178428533805e-02
7.193359841738398985e-02
7.217427471633013070e-02
7.226081895502001196e-02
7.230192845230436205e-02
7.242826552209306878e-02
7.251773340721355543e-02
7.264282858431270196e-02
7.273727327793672037e-02
7.276477028129710312e-02
7.287754870096835313e-02
7.299037858246766597e-02
7.309623020310226926e-02
7.311172462792388249e-02
7.327092446107784374e-02
7.343054847754591774e-02
7.359573651787604254e-02
7.361381585339295264e-02
7.370571467806068255e-02
7.382753093254676435e-02
7.388481324552069462e-02
7.393709843694221129e-02
7.405306800442654214e-02
7.426887589436793891e-02
7.434552952437016582e-02
7.439167357061009234e-02
7.450729266697314612e-02
7.462008735676864402e-02
7.479519487524198540e-02
7.497817343756546515e-02
7.502462948338670112e-02
7.522596175160185805e-02
7.535286795879443666e-02
7.544854215868063152e-02
7.553776238159021217e-02
7.559581939557682984e-02
7.573348534691906608e-02
7.581104516584977193e-02
7.593057226906171908e-02
7.600566483180158650e-02
7.605925123550724698e-02
7.608871242069471796e-02
7.624520173992452299e-02
7.630327464229293144e-02
7.653080055836603002e-02
7.669552453025615946e-02
7.681460418088005560e-02
7.694607134639357138e-02
7.705177394585006889e-02
7.718298889451699618e-02
7.721198492239023103e-02
7.734310957392312447e-02
7.742626461352894451e-02
7.765570351499047341e-02
7.782732357832092274e-02
7.797531973199436917e-02
7.802405082872070075e-02
7.804754711401096223e-02
7.811808741071056550e-02
7.819661107549429058e-02
7.846485565222409420e-02
7.858542376032624788e-02
7.873017673759755142e-02
7.892481099221919372e-02
7.895634092804620918e-02
7.907861204065737282e-02
7.908974547809428934e-02
7.926358356622822954e-02
7.939681403594313347e-02
7.945987263795965816e-02
7.957384927321523027e-02
7.965673641416991246e-02
7.970596467659535334e-02
7.985947069660245812e-02
7.997871968945703680e-02
8.005675482457598469e-02
8.013910611443966769e-02
8.035603666108920295e-02
8.040952330292412686e-02
8.059034951440859074e-02
8.066166752282104280e-02
8.082224898116716072e-02
8.090763929979306879e-02
8.097957301820206399e-02
8.103602488655048397e-02
8.118109725068635429e-02
8.127279931115843903e-02
8.129632260773106411e-02
8.171147468208249387e-02
8.176735064938568665e-02
8.188454364321547108e-02
8.197232617776811781e-02
8.201670783040788948e-02
8.209382193024675201e-02
8.230295153467248603e-02
8.242028434720795327e-02
8.255338854396956916e-02
8.257640227801113508e-02
8.280449431198225185e-02
8.280788613099844542e-02
8.288840595009099033e-02
8.301811497609123958e-02
8.307585259745263462e-02
8.325266425292125738e-02
8.332767432262028207e-02
8.353744005310279053e-02
8.359441381468091237e-02
8.372567509987080547e-02
8.384957074171579816e-02
8.387199494348145101e-02
8.401456666155567021e-02
8.406723930399288836e-02
8.418491180663392748e-02
8.432433090530376540e-02
8.439037336387940347e-02
8.453710457593635597e-02
8.459897767810220515e-02
8.474757154275910920e-02
8.494827046219081967e-02
8.509421154161714296e-02
8.530195351529258618e-02
8.540370831360773185e-02
8.564315949650755377e-02
8.570140403022795395e-02
8.580725087260897277e-02
8.590525278706516443e-02
8.604556508378918833e-02
8.613207636936087708e-02
8.624239417043386147e-02
8.641700462465499999e-02
8.655988459970723192e-02
8.658601614194806617e-02
8.691665029396297704e-02
8.705545556044529121e-02
8.723996893423521803e-02
8.740442123973141131e-02
8.756690158263071011e-02
8.764364858374132372e-02
8.778165753905183000e-02
8.793703634848150374e-02
8.806166334410853169e-02
8.811812500185729757e-02
8.825284661068946712e-02
8.839749263905338772e-02
8.860861617918960875e-02
8.866644205779156129e-02
8.875984395113452330e-02
8.885530003829099355e-02
8.891831445439439541e-02
8.901793114009695640e-02
8.916126866216969593e-02
8.925543410067870997e-02
8.941102608563221421e-02
8.957574228200543276e-02
8.961616327693090744e-02
8.977131546477939983e-02
8.990783113856340436e-02
9.007906382854447003e-02
9.024543056119842255e-02
9.028920375120766395e-02
9.037288666078657773e-02
9.052899179518061890e-02
9.080903302058457305e-02
9.105794340486632332e-02
9.120160118443816633e-02
9.130479625790406673e-02
9.150283373691733835e-02
9.161450653097612251e-02
9.161621223613770904e-02
9.193376586358262270e-02
9.203649823650794648e-02
9.214668527773658968e-02
9.236087006496189467e-02
9.255842397627704610e-02
9.285276260988759023e-02
9.293807237662642107e-02
9.302910038340916898e-02
9.327822538760557891e-02
9.339830010510488667e-02
9.343911938100844805e-02
9.357260445639629942e-02
9.378053164076324832e-02
9.388522153709408236e-02
9.407447138359804895e-02
9.419851571115810118e-02
9.429468231127184630e-02
9.439658205339374053e-02
9.459207249125005379e-02
9.475414273761642581e-02
9.483233938319117484e-02
9.490733331517049731e-02
9.518878879663526804e-02
9.571108011759907330e-02
9.596029593110941280e-02
9.608880687459089853e-02
9.645568170545124054e-02
9.685918127114814813e-02
9.697810932533983130e-02
9.703780426104779977e-02
9.724020005741058903e-02
9.736344568365576380e-02
9.742745793170193291e-02
9.758065865131163030e-02
9.781057692331236730e-02
9.788794820840673871e-02
9.803928936508081449e-02
9.827260909409034351e-02
9.851236622090225881e-02
9.891134564381721950e-02
9.914821154259789715e-02
9.919574874799699793e-02
9.928357069264182044e-02
9.946546819259242944e-02
9.949387246766092097e-02
9.971073475802828823e-02
1.000257124063267389e-01
1.001432614223125017e-01
1.005557063155141373e-01
1.007675877267806414e-01
1.008158844517531988e-01
1.010008453019306252e-01
1.016368326694866986e-01
1.017061191382391816e-01
1.018142570662465829e-01
1.020160538202855710e-01
1.021818813063740117e-01
1.022676348523352680e-01
1.024378550344392513e-01
1.026745716108884016e-01
1.029659124225027200e-01
1.032659234267740700e-01
1.033274117679873205e-01
1.034505703379163533e-01
1.036666193031816757e-01
1.038478138330923423e-01
1.039599508469546685e-01
1.043225071604362980e-01
1.049297844356297249e-01
1.050607123446491431e-01
1.051057889192339584e-01
1.052737759853367844e-01
1.055847382594887751e-01
1.057292056519990864e-01
1.059799353441357728e-01
1.062001456709414648e-01
1.065184782585304468e-01
1.067036841976720524e-01
1.069332845575850371e-01
1.071639598743145544e-01
1.073400120105253569e-01
1.074173481607111486e-01
1.080159412374504802e-01
1.082819974847648303e-01
1.084794869677458973e-01
1.085821153567111119e-01
1.088674722184641980e-01
1.088912614601955653e-01
1.091696223799497878e-01
1.092917839336158131e-01
1.093811655173232422e-01
1.095497374375667271e-01
1.096672833881129488e-01
1.099123650875678954e-01
1.099666645651499741e-01
1.104155255653549716e-01
1.105699274141554722e-01
1.107878115417696846e-01
1.109059525859189127e-01
1.110261738201266668e-01
1.113355934312718759e-01
1.116297114040017413e-01
1.119612339225444925e-01
1.121987464421956571e-01
1.123177260605043443e-01
1.125607417161353374e-01
1.126620063816064637e-01
1.129998831180684948e-01
1.132278154494828493e-01
1.132418377044032004e-01
1.138014586850436688e-01
1.138707269343885026e-01
1.148672652850475928e-01
1.150133971774452979e-01
1.153710287261492662e-01
1.154661131948875319e-01
1.159458872391112283e-01
1.160147851768028593e-01
1.160495494127396637e-01
1.162889718478454931e-01
1.171691154363009163e-01
1.172765113219942507e-01
1.176055945023699312e-01
1.180008838346713329e-01
1.184435393180840873e-01
1.184497006261877455e-01
1.187910322725394541e-01
1.191428962701861632e-01
1.193437846622862342e-01
1.194691898872932007e-01
1.195807663752508632e-01
1.197010925638969797e-01
1.199314897455045631e-01
1.200092584574686538e-01
1.203085048173458821e-01
1.207429593447258837e-01
1.209617938218112282e-01
1.215613332446955630e-01
1.216908059165183326e-01
1.219120136234439211e-01
1.220774254602879222e-01
1.223797218937090897e-01
1.226718157496599626e-01
1.229814249399210635e-01
1.231518591026320303e-01
1.231852303085020500e-01
1.236914429667718973e-01
1.240110628468615722e-01
1.240618599582202913e-01
1.243302932193109112e-01
1.245747248538325025e-01
1.256771715039721737e-01
1.258062126376860157e-01
1.264846317337151305e-01
1.267749646265804442e-01
1.273248875101896382e-01
1.275106428404881864e-01
1.276013412606284703e-01
1.276397458183072542e-01
1.280608103785474683e-01
1.280984361151995266e-01
1.285573830326075806e-01
1.286514781526375550e-01
1.288765055906677948e-01
1.289531308998402293e-01
1.290450613104886790e-01
1.295734846724278522e-01
1.300993817717613354e-01
1.303299998589684261e-01
1.308638727650743294e-01
1.309936935829166815e-01
1.311523569087140184e-01
1.320892115249255039e-01
1.325548621453427334e-01
1.328132828315221892e-01
1.329841898783142018e-01
1.331512760468128442e-01
1.335758278688866652e-01
1.340350352638066123e-01
1.342201156370762538e-01
1.344587984122798119e-01
1.350335868395324268e-01
1.353225504620156616e-01
1.356682789997192273e-01
1.365637364235636475e-01
1.367553041937510927e-01
1.373756103043327348e-01
1.376456734716989538e-01
1.380544247377897271e-01
1.387303259491229901e-01
1.389931950978178232e-01
1.391484063093356704e-01
1.401204251193333694e-01
1.404194278741116297e-01
1.407472517357722663e-01
1.411857702748611776e-01
1.414438231136580515e-01
1.420498251228619335e-01
1.420835434960794341e-01
1.422388741145951541e-01
1.427262198483646438e-01
1.430122024103452627e-01
1.432921613315000786e-01
1.449041997999745146e-01
1.452160508592174881e-01
1.454038384196212064e-01
1.454774045098372603e-01
1.463421191730651660e-01
1.464716555024975497e-01
1.469992261738059247e-01
1.471222853804058095e-01
1.475893427198316510e-01
1.479301262672489403e-01
1.482473745220379280e-01
1.487307455636612263e-01
1.489667781660574397e-01
1.495187949576281261e-01
1.498049988013704648e-01
1.501248330570748579e-01
1.510656074123098436e-01
1.514223019411443938e-01
1.523199332254784044e-01
1.530352677120845606e-01
1.537115017436483932e-01
1.538604259056164381e-01
1.549856156136205920e-01
1.552353522338006109e-01
1.557283692784750262e-01
1.563693660582755329e-01
1.578329355510076082e-01
1.580124938853627869e-01
1.583880181957681710e-01
1.588794678157848528e-01
1.595106906461348228e-01
1.597087885145395125e-01
1.602090477310015026e-01
1.603779779291519547e-01
1.606758248285591884e-01
1.631881878535585695e-01
1.637694198718547267e-01
1.639770608046114131e-01
1.644491545136010369e-01
1.646130691176395933e-01
1.649172359269301391e-01
1.664141520805559604e-01
1.669395659457678094e-01
1.689427653402706953e-01
1.691800905739776761e-01
1.694452498365809634e-01
1.699777146515908111e-01
1.721649050658251856e-01
1.731916735304938060e-01
1.737117031605213968e-01
1.737545907928755573e-01
1.744990397148871997e-01
1.748589512838124305e-01
1.764131800833142749e-01
1.786282003805329532e-01
1.793466218742125751e-01
1.796545143483318785e-01
1.799294653770603103e-01
1.811474880827206868e-01
1.823351165839592614e-01
1.824128763100869854e-01
1.833703556591396167e-01
1.835709825888229285e-01
1.842782920180427442e-01
1.857771356813914254e-01
1.875088169301006580e-01
1.880149108862878282e-01
1.880688333042552229e-01
1.889922724454230485e-01
1.897765163597051330e-01
1.911146927662761008e-01
1.918699545769697867e-01
1.921568385875011276e-01
1.943082409043236924e-01
1.956352561176349092e-01
1.959797350743903432e-01
1.974382263014879679e-01
1.978551899985755147e-01
1.987286520130517320e-01
1.992562269796240570e-01
2.029136016654496388e-01
2.030563388120348034e-01
2.039632098311047470e-01
2.042878338782814496e-01
2.047694538301069178e-01
2.072692570157752268e-01
2.085187437026301271e-01
2.094918240994370351e-01
2.099236376141016547e-01
2.110111557858946330e-01
2.117525604343921675e-01
2.129798266600564094e-01
2.144884480565225626e-01
2.150255662903437781e-01
2.150996608854716940e-01
2.189774845192802022e-01
2.201425850704657738e-01
2.206822039862283424e-01
2.227804494465404905e-01
2.235818203725463138e-01
2.237161628191558504e-01
2.257682110109863194e-01
2.260746534828839693e-01
2.261055993555480537e-01
2.302338547316240824e-01
2.340627949674991271e-01
2.341632638894890206e-01
2.350738039829556592e-01
2.353090555472501788e-01
2.363748168415028827e-01
2.407033600738880674e-01
2.476041608253360393e-01
2.493596068135934540e-01
2.522475736316754924e-01
2.545380892015835506e-01
2.563017989252439621e-01
2.590870173186034520e-01
2.629366187680602929e-01
2.635664608550571386e-01
2.649364201070031344e-01
2.662785222399481899e-01
2.663519778387343218e-01
2.718985371530550643e-01
2.732632595138767551e-01
2.744890807757908169e-01
2.749828456576720592e-01
2.780464831857189512e-01
2.802755694192059499e-01
2.888698372374611800e-01
2.947458207684586773e-01
3.000163959761615318e-01
3.000988795056062641e-01
3.071059751048148545e-01
3.084281274664220085e-01
3.122251128686592825e-01
3.148410954536440265e-01
3.182233900562818629e-01
3.230136076323947281e-01
3.320518055576870409e-01
3.347639002055188273e-01
3.416285882226006709e-01
3.428508945152021203e-01
3.456225283627681333e-01
3.471424050797660144e-01
3.599910353427855925e-01
3.616702599482556346e-01
3.783063970243843999e-01
3.843204641484246342e-01
4.021886377851539018e-01
4.054889041592513732e-01
4.115448989323665097e-01
4.387310191787959224e-01
4.468725484811166271e-01
4.550829660448549308e-01
4.637298931910697197e-01
4.815190373040795779e-01
4.843533641826950342e-01
4.888049197957476388e-01
4.931504597869553752e-01
5.085688866253597062e-01
5.324184619559415577e-01
6.307108511147752061e-01
6.554172698127407326e-01
6.695399515886554243e-01
8.418275850803447202e-01
1.000000000000000000e+00
