# sorted relative singular values (reduced_hessian) field=lester_brk eps=1 N=12 n=3311
2.057670819286231897e-03
2.093196111373077720e-03
2.171621680661089872e-03
2.355332152799121791e-03
2.423820125829199198e-03
2.507198924917068694e-03
2.544433494790742691e-03
2.646082868683871485e-03
2.663785545798511099e-03
2.785161380792493431e-03
2.994682004636254301e-03
3.024083860341623790e-03
3.144557621600536316e-03
3.152467213064867775e-03
3.556914242276677882e-03
3.559699016563660535e-03
3.598176101248707574e-03
3.665152167061407323e-03
4.937262043646402018e-03
4.979925022146027697e-03
5.249375726595978398e-03
5.470837491422306589e-03
5.545389074819377651e-03
5.576797440753426469e-03
5.780680934394068909e-03
5.787112530385371545e-03
6.634397007979231202e-03
6.758215409550382899e-03
6.813956388751675301e-03
6.818482535912693404e-03
8.904659156743467696e-03
8.948653216468985955e-03
9.059701096144061327e-03
9.096613471949689320e-03
9.621796675692781409e-03
9.686552118981686665e-03
9.782914089824932408e-03
9.789053757220960231e-03
9.985962972123292591e-03
1.050313452668597686e-02
1.078977261608063051e-02
1.087723943748829247e-02
1.122992829807772409e-02
1.134948745313578942e-02
1.200338087591832324e-02
1.238919039030733811e-02
1.258746095359203170e-02
1.265788757362817235e-02
1.278253301173015374e-02
1.293006920938841522e-02
1.361459239795876318e-02
1.391272090168105963e-02
1.437167567996675173e-02
1.485559139391424283e-02
1.488107331390143249e-02
1.503880704569077187e-02
1.510952608510066769e-02
1.529944676343874752e-02
1.548015454952080677e-02
1.580590325800855511e-02
1.582281599579782316e-02
1.587379787320341781e-02
1.632043387433730966e-02
1.659944119172232849e-02
1.678756659420008526e-02
1.680572803849915767e-02
1.692715081858928161e-02
1.694594653837195805e-02
1.697014232367473688e-02
1.767510627521434383e-02
1.790705090814858486e-02
1.822795759199532725e-02
1.850682415932074221e-02
1.859356772334905955e-02
1.863407807463865820e-02
1.893140191299783059e-02
1.907534961585610062e-02
1.958345237807350078e-02
1.969750806674350901e-02
1.977249372082734782e-02
1.998450762648199333e-02
2.005104962030034021e-02
2.028826065257208211e-02
2.034551125989329454e-02
2.120639668498670513e-02
2.143578989454323139e-02
2.152122973469118919e-02
2.168759419793392026e-02
2.194305805258833092e-02
2.196941750752709130e-02
2.205377244118451874e-02
2.222238341358090397e-02
2.223703625707380144e-02
2.253751858945523059e-02
2.261737072863370668e-02
2.271008384809211980e-02
2.300006566250274373e-02
2.314692105259829463e-02
2.329650708949348656e-02
2.346489311725922372e-02
2.372039841199633306e-02
2.375569167194844372e-02
2.393382046384145284e-02
2.399990518421581120e-02
2.417763771938176431e-02
2.423564367809731904e-02
2.443603880759998362e-02
2.456600934050113746e-02
2.469237925245766976e-02
2.470208876609824786e-02
2.491805080918222184e-02
2.521949184698690435e-02
2.529489632797281978e-02
2.549004059015924986e-02
2.566688145716766734e-02
2.586890561497513785e-02
2.600110327206016023e-02
2.614679621363007536e-02
2.647076403549307108e-02
2.653027627586364984e-02
2.654383228216278603e-02
2.661681862142532135e-02
2.695160036966880515e-02
2.695999680323707057e-02
2.707812169400178326e-02
2.733775222258197704e-02
2.736085294740612378e-02
2.751306804822318403e-02
2.784672195544377060e-02
2.802660850921414454e-02
2.910137825986856136e-02
2.952953826612865137e-02
2.963538842145213917e-02
2.989969584329976379e-02
2.999022797188285669e-02
3.019838752459712630e-02
3.025915162129413222e-02
3.035497626065157203e-02
3.219018815322877147e-02
3.219108025348695057e-02
3.277291755632622677e-02
3.296018643171700485e-02
3.319205325805622137e-02
3.337952455855837386e-02
3.389252223305227324e-02
3.413229602756216730e-02
3.433761984838509113e-02
3.482663050731020504e-02
3.510464630850465562e-02
3.518747780870754016e-02
3.527582723163739942e-02
3.601303597609100543e-02
3.621159868505848672e-02
3.626077510526454911e-02
3.634609034060948957e-02
3.635777862985162256e-02
3.665211706547029380e-02
3.674552767280309107e-02
3.694697501648615268e-02
3.707808998938284112e-02
3.715378155519555997e-02
3.740871813823088560e-02
3.741292391453759220e-02
3.748653444110205957e-02
3.768323345747140452e-02
3.770949296948315765e-02
3.802908198524915934e-02
3.804439125220161061e-02
3.869228607399318592e-02
3.882743909748587879e-02
3.916503780901332832e-02
3.922314604975914859e-02
3.933684511293143032e-02
3.940321481675831267e-02
4.048595891272644548e-02
4.108539915163274270e-02
4.118096410929314444e-02
4.141023698896423300e-02
4.302482127953297097e-02
4.331319181513655636e-02
4.370014789779648468e-02
4.449413649159896650e-02
4.465362270684945789e-02
4.477505477821244750e-02
4.481764661443463083e-02
4.499591388386051799e-02
4.521717109770882065e-02
4.528180237000616754e-02
4.532919534545509777e-02
4.548779514858934669e-02
4.556421877660290359e-02
4.580188598587969090e-02
4.581520433344681703e-02
4.628262489185655526e-02
4.638751426735220756e-02
4.644126519623335142e-02
4.667799212183139368e-02
4.673166054398321390e-02
4.676140396222866480e-02
4.696547215204784770e-02
4.713581994821591792e-02
4.744216870158315252e-02
4.770851371345476155e-02
4.788825263673197191e-02
4.827470415105731411e-02
4.842120381808859980e-02
4.863987892147977193e-02
4.907168891480926526e-02
4.982881011044897057e-02
4.990951782879111259e-02
5.025963345347683048e-02
5.031024731299160030e-02
5.049881510813404584e-02
5.051636498930044128e-02
5.066110665610742969e-02
5.084296057704862370e-02
5.177283321706430130e-02
5.209271553422308715e-02
5.218473575871042380e-02
5.242186240352393611e-02
5.289539681233969282e-02
5.290292986546592940e-02
5.304497677154364210e-02
5.309182611965952009e-02
5.311209942579666471e-02
5.324187419878821659e-02
5.333611427360512164e-02
5.346547146874894296e-02
5.357193849203497477e-02
5.365938319863890887e-02
5.420792640630701237e-02
5.430946369347604274e-02
5.474716426187154622e-02
5.483623679802554496e-02
5.494183288139919963e-02
5.497404346227577343e-02
5.539380420783174275e-02
5.546620509029564355e-02
5.551638730793537202e-02
5.571056802413675707e-02
5.571321987865792552e-02
5.591673277652474405e-02
5.596624353058445023e-02
5.626613897602087550e-02
5.635528941890712712e-02
5.649762039401826086e-02
5.664611248938803550e-02
5.677413842225450397e-02
5.687170482586693943e-02
5.697511633850602802e-02
5.716021066389657262e-02
5.721048202015718842e-02
5.742240811315585391e-02
5.762101256665580484e-02
5.791210214018823604e-02
5.801417926544236159e-02
5.813379491648336395e-02
5.822301451006706846e-02
5.828116993237975052e-02
5.847437542423705031e-02
5.866477866308632272e-02
5.884582359428368326e-02
5.898348901157284691e-02
5.904396974597559550e-02
5.911047434358600305e-02
5.920043851018802483e-02
5.937199255752369231e-02
5.943200702938620378e-02
5.964884364536097300e-02
5.971493696771747878e-02
5.996257347365484963e-02
6.070069734172844900e-02
6.085925336912734879e-02
6.103238271282612759e-02
6.132244502094705979e-02
6.137660655698035095e-02
6.182325639155812624e-02
6.186163179166370013e-02
6.190811950864873875e-02
6.210067075439184431e-02
6.223880219681887649e-02
6.244102981822970133e-02
6.255178534497556064e-02
6.263574543205485678e-02
6.282147534315779547e-02
6.295370831733049233e-02
6.323803982068344764e-02
6.325708203379763750e-02
6.352786471561455706e-02
6.366626811511666428e-02
6.369813659058967681e-02
6.402183534929334341e-02
6.402894880245083020e-02
6.422050863850482794e-02
6.423078398965964553e-02
6.439782554433666484e-02
6.519416281894466203e-02
6.566259029671515923e-02
6.568392918201926278e-02
6.573030637581138425e-02
6.581925231025241574e-02
6.594142529611056458e-02
6.599454369901308626e-02
6.617390910020731765e-02
6.627288447073040323e-02
6.671279701745479185e-02
6.704407326502408171e-02
6.713759600246650694e-02
6.715583660126726862e-02
6.734405320447532650e-02
6.805178256059808695e-02
6.816163625313673147e-02
6.823220900502439956e-02
6.885264324933218494e-02
6.910739344052749256e-02
6.916699650053877158e-02
7.006188843316100978e-02
7.017738754746269403e-02
7.071050955811447603e-02
7.107338620012887409e-02
7.122863213652577685e-02
7.128975304798251811e-02
7.129730849400219006e-02
7.169697733298284470e-02
7.176126861071992213e-02
7.189768272354640777e-02
7.202141850691358427e-02
7.231431612087384220e-02
7.242986631976522371e-02
7.251984685700650635e-02
7.266901499803488096e-02
7.289776543933114417e-02
7.324035429288172638e-02
7.331207125084519827e-02
7.331886651854953307e-02
7.339980552753920529e-02
7.383861253860644902e-02
7.415703622588000477e-02
7.432421712659369184e-02
7.461892734901734436e-02
7.508311072712420264e-02
7.508332612559773245e-02
7.532208036742339685e-02
7.598654215088428143e-02
7.623156477360512606e-02
7.667180683363782057e-02
7.698149381535118740e-02
7.706147139886196373e-02
7.727717474067269388e-02
7.796231503827011355e-02
7.801339078408989214e-02
7.818294497803592036e-02
7.832694359878014656e-02
7.882128822900190401e-02
7.888770330027371214e-02
7.895539660026894280e-02
7.897404646685284024e-02
7.918884601271666823e-02
7.937254707703395029e-02
7.963600941321091753e-02
8.003310521590184523e-02
8.037336883755151484e-02
8.135622197829017743e-02
8.149050179842576291e-02
8.153830421959991359e-02
8.224651736106115829e-02
8.230407845280510171e-02
8.268722513787012118e-02
8.270605722482475552e-02
8.272124094118475657e-02
8.325098399030361751e-02
8.328033922553527979e-02
8.335317049385959631e-02
8.353508402913174813e-02
8.358350790262156216e-02
8.359862371261753133e-02
8.367859825522896977e-02
8.380681064487803533e-02
8.398195135716829407e-02
8.423893243594308966e-02
8.438479180040907301e-02
8.457549168883507495e-02
8.489538350775906184e-02
8.509020851424935195e-02
8.513497075654648250e-02
8.528903878626346857e-02
8.539521774101860307e-02
8.561517068968112210e-02
8.582928586289977069e-02
8.585715720724965139e-02
8.606912771664643191e-02
8.637292628805624817e-02
8.657801390699843003e-02
8.684476706109303668e-02
8.687809163248333411e-02
8.703888821395643072e-02
8.756221057702895383e-02
8.763316628191374080e-02
8.798141462966781179e-02
8.820883018371647455e-02
8.821360243780285160e-02
8.830852861733833048e-02
8.853455419836504803e-02
8.866521535005363053e-02
8.887081045520330014e-02
8.890051786639181775e-02
8.894492335290957175e-02
8.922297258448615154e-02
8.933140179790796664e-02
8.971396169054907110e-02
8.986581712139567191e-02
8.989607282444318781e-02
9.021744322793338877e-02
9.032032938711753722e-02
9.044881613168544165e-02
9.077469132512216987e-02
9.077577559870954327e-02
9.090577357194337682e-02
9.099730847692889812e-02
9.104360658976697052e-02
9.139713764526187501e-02
9.159517374538035661e-02
9.194156578176197747e-02
9.198861990442824821e-02
9.203263264460244397e-02
9.218371520943856312e-02
9.220769709152758231e-02
9.244956695945537317e-02
9.268957178522622964e-02
9.282189184066212684e-02
9.283172190413961633e-02
9.297331213753225188e-02
9.317922530511403567e-02
9.350005364754963855e-02
9.358085669953185304e-02
9.364711455937603513e-02
9.379099042636988848e-02
9.429494070381774784e-02
9.436439951859158792e-02
9.437517936266516527e-02
9.444850542166743912e-02
9.445751777639233016e-02
9.453790007471819801e-02
9.504031166906723449e-02
9.506728012583033627e-02
9.544040686959645581e-02
9.591899944845309889e-02
9.614312475558990656e-02
9.639078146620205789e-02
9.657982473721019034e-02
9.690289545887846578e-02
9.691012449012470498e-02
9.700907405150901996e-02
9.720195234835500575e-02
9.722613838044710799e-02
9.744402888187250755e-02
9.759612476902281009e-02
9.798359514128435199e-02
9.803093942571826369e-02
9.805623626460283071e-02
9.824294440121751626e-02
9.829201408471797963e-02
9.845016137150974789e-02
9.855769547357745575e-02
9.878803748104922344e-02
9.905507471324408175e-02
9.925739899605469374e-02
9.945015114988464688e-02
9.963554390509522796e-02
9.964744499114566723e-02
9.972156062904857787e-02
9.984558275621942258e-02
9.993282566283631652e-02
9.999751393998414228e-02
1.003255561627821174e-01
1.005450757545771623e-01
1.007031511150662667e-01
1.007838296729915289e-01
1.009985872371522431e-01
1.012424961781083765e-01
1.012925294003885618e-01
1.013366431547456509e-01
1.014768752719064637e-01
1.015507945600250400e-01
1.017543723295248753e-01
1.018126178041510732e-01
1.022298876370502652e-01
1.022541209458780187e-01
1.023442277168188086e-01
1.023531253332862906e-01
1.026165885117313603e-01
1.028438988621135086e-01
1.030140116797149258e-01
1.030515464062376485e-01
1.031125634749090331e-01
1.032833512369762674e-01
1.033560845763873137e-01
1.033632207905379741e-01
1.037034832988875249e-01
1.039457111853283877e-01
1.040127978084246368e-01
1.043535831882956011e-01
1.046332082307625116e-01
1.046442377382550137e-01
1.046508174712956069e-01
1.050980217590663512e-01
1.051113555895806656e-01
1.052590495716718144e-01
1.052630651066328443e-01
1.052759716945883550e-01
1.055121302296873481e-01
1.056460971711405822e-01
1.057399423942854549e-01
1.059010462634978889e-01
1.061626296782994250e-01
1.064856778907527779e-01
1.066332233333517898e-01
1.069168918343992997e-01
1.071317181745736341e-01
1.074404645010382936e-01
1.076298507393350368e-01
1.081986999179902764e-01
1.082571629812682373e-01
1.084053999053276179e-01
1.088549691429139404e-01
1.090105996158638457e-01
1.093092686604067859e-01
1.094969734158219854e-01
1.099247733135594596e-01
1.100937054406126159e-01
1.102525695106835596e-01
1.104723863651228960e-01
1.105353691850219783e-01
1.106449966252491535e-01
1.109986285332425771e-01
1.115578984976538651e-01
1.116424027230110694e-01
1.117545827873845515e-01
1.122330190057318350e-01
1.124070199195728870e-01
1.124196632509814192e-01
1.124261101142762787e-01
1.125682330168421980e-01
1.128161798831857077e-01
1.130420542213094182e-01
1.134599663086342525e-01
1.137662576379259438e-01
1.137812733416163763e-01
1.138569947043727021e-01
1.139355055893455787e-01
1.144303261555050522e-01
1.147475937682013725e-01
1.147835566493344700e-01
1.152815166902294020e-01
1.154070341650863529e-01
1.154410746331435283e-01
1.154777888941679320e-01
1.156280453327868663e-01
1.157039809531076324e-01
1.160062536473672606e-01
1.160741658615071781e-01
1.161432509565689386e-01
1.162329380029159531e-01
1.164199855265233979e-01
1.165682117586348682e-01
1.168454595285442765e-01
1.169911816495829010e-01
1.170592138157635492e-01
1.173825462532288866e-01
1.174964607748698042e-01
1.180081023591712519e-01
1.180121099496059672e-01
1.182504827854693880e-01
1.182942780729274723e-01
1.183749586325434922e-01
1.185388643840870754e-01
1.187250697579331493e-01
1.189955678020084839e-01
1.190687454309720117e-01
1.192605047858948247e-01
1.195962566017827328e-01
1.197009390931312589e-01
1.197546508025926354e-01
1.202875293174859861e-01
1.203392132983476803e-01
1.203776670037925711e-01
1.206095013240594260e-01
1.206501808636226136e-01
1.206628949286099456e-01
1.208844078581845088e-01
1.209850391741569414e-01
1.210167399328754834e-01
1.213859256909934348e-01
1.215064259974042576e-01
1.215559880482738053e-01
1.217764317608640567e-01
1.217826898317664330e-01
1.218967298185675424e-01
1.225380896820917331e-01
1.226413737914529012e-01
1.227186043535138937e-01
1.227868923174282728e-01
1.228188007676104532e-01
1.229164732129737342e-01
1.230089148856477882e-01
1.232649309834715073e-01
1.233666460011297178e-01
1.234652756385368616e-01
1.234967045059927465e-01
1.235884621747920659e-01
1.239727723760759431e-01
1.242838787755783936e-01
1.244342902205508722e-01
1.245343574094357753e-01
1.248500716385637088e-01
1.249361596933841190e-01
1.250017985776270268e-01
1.252645263756552718e-01
1.253945032442115026e-01
1.258510437811975746e-01
1.259745166636370151e-01
1.260047724326146257e-01
1.261226174863037397e-01
1.262211248646964157e-01
1.264022298515867504e-01
1.264466624706238884e-01
1.266919433585249610e-01
1.269412431963425902e-01
1.270083031447015731e-01
1.270460821469129586e-01
1.271536197746928054e-01
1.272947850820466409e-01
1.273954557664059017e-01
1.275108301296141722e-01
1.278291947059295719e-01
1.281493975191197732e-01
1.282045779431839894e-01
1.282251952239360226e-01
1.283789179424693339e-01
1.283808481838338844e-01
1.285510257513999832e-01
1.288928184277253752e-01
1.290046014231294724e-01
1.290989504661284593e-01
1.293578363610100590e-01
1.294386350343733338e-01
1.296221542761655798e-01
1.296835012352365868e-01
1.297065865816469932e-01
1.297790098058822506e-01
1.299105315314679487e-01
1.301908631608767741e-01
1.302220480197375796e-01
1.302728203960514530e-01
1.303483329425219051e-01
1.305596275268810502e-01
1.306788748709599435e-01
1.310003346763066179e-01
1.311816196847158111e-01
1.313505734430161498e-01
1.314612857929302325e-01
1.317028857276245912e-01
1.321290482383191411e-01
1.322549144181895953e-01
1.323290836818228899e-01
1.323601141467057873e-01
1.326296095305959655e-01
1.327599520266067867e-01
1.328709337569988769e-01
1.332669321221070236e-01
1.333900276511679195e-01
1.334358427101902111e-01
1.334438718296925286e-01
1.337230952427897190e-01
1.337408938170949468e-01
1.338442456274374359e-01
1.338888851430569127e-01
1.340481605021985601e-01
1.342000984770543859e-01
1.342425270411551075e-01
1.344712258651301340e-01
1.349488527621008349e-01
1.350739789771715771e-01
1.352390968328076037e-01
1.352461426150364243e-01
1.353082777808946868e-01
1.357692780647666020e-01
1.359939989571756491e-01
1.363118198410120385e-01
1.363814592999794129e-01
1.364385894136005140e-01
1.364559063530063621e-01
1.364792936190337147e-01
1.366059856241009229e-01
1.372542582484874985e-01
1.372893416810051226e-01
1.374365054663728436e-01
1.377604841105071476e-01
1.378222384031408954e-01
1.380841224960788205e-01
1.381401206999785525e-01
1.382961169869533768e-01
1.383361624952691438e-01
1.383871851883794746e-01
1.386300128643689344e-01
1.389392615130074227e-01
1.390089905565044248e-01
1.390583187860638115e-01
1.391377550487778447e-01
1.396345106764552979e-01
1.397213487411920474e-01
1.397474491985245260e-01
1.399425225746267487e-01
1.399470211090456939e-01
1.401679291547806294e-01
1.404271027238074565e-01
1.407590899158429887e-01
1.408115855483862977e-01
1.409578719533458313e-01
1.410987991687933929e-01
1.411252387804041997e-01
1.414177273593941186e-01
1.415894619191082060e-01
1.417183703856459975e-01
1.418708329635461063e-01
1.419045818057179942e-01
1.420843726361842863e-01
1.421369515529077865e-01
1.424892657894534787e-01
1.424978811742176332e-01
1.427672843295860750e-01
1.428013526887750850e-01
1.431088250788107030e-01
1.432010258504254618e-01
1.433953246921573499e-01
1.434950847150187614e-01
1.436365085558979349e-01
1.437267052877079510e-01
1.438660980415852608e-01
1.440548070919929757e-01
1.442775334301897028e-01
1.444445446798260924e-01
1.444916661576128303e-01
1.447028504230299384e-01
1.448962279108312323e-01
1.451100076067020905e-01
1.452425823653632486e-01
1.455000639424696984e-01
1.455769482452397845e-01
1.457177375396202790e-01
1.458646269733539780e-01
1.458717833239936701e-01
1.461813987608179544e-01
1.465649587638562790e-01
1.467437822010272674e-01
1.468791631891102345e-01
1.469130290882655898e-01
1.470546970727771297e-01
1.471786628524394402e-01
1.472125830424644011e-01
1.473152362192934606e-01
1.474658145365410067e-01
1.479041035126978654e-01
1.479623030496548530e-01
1.481414753910797466e-01
1.484358167198040757e-01
1.484808581202210487e-01
1.485044573152380087e-01
1.486440581863975041e-01
1.486608602940505952e-01
1.488556145415774190e-01
1.489127780733520423e-01
1.492412580174105330e-01
1.492419873914403450e-01
1.498239841582582055e-01
1.499993413519891960e-01
1.501913358680895816e-01
1.502800385258549754e-01
1.503131111611513138e-01
1.506132332138043761e-01
1.508318290956424113e-01
1.508343848550992294e-01
1.509324285741369953e-01
1.510016117963119131e-01
1.511361999976666981e-01
1.514322812197414769e-01
1.517183638533687595e-01
1.518050028735103141e-01
1.518414234312243372e-01
1.522109583287563905e-01
1.522821108135598844e-01
1.526441784901163001e-01
1.526732456632521329e-01
1.526906095618891235e-01
1.529947608923979407e-01
1.530914809585456615e-01
1.531299714400488066e-01
1.533368003703559079e-01
1.536322910928429597e-01
1.536529015761393668e-01
1.537452912253546300e-01
1.539462122609065731e-01
1.540084025606920093e-01
1.540458368390766331e-01
1.542775089005125888e-01
1.544006954791807829e-01
1.544236377537263616e-01
1.547420464461002898e-01
1.548175635248650039e-01
1.550758846103469923e-01
1.552447029578495064e-01
1.554122701551112762e-01
1.554846081695432924e-01
1.556046840008121490e-01
1.556530008109138774e-01
1.556905677761252493e-01
1.557636140047622686e-01
1.557699917898786868e-01
1.560645251106142495e-01
1.562821061782543597e-01
1.563506646415598333e-01
1.565564772126834536e-01
1.565567945907682113e-01
1.568634535620609394e-01
1.568797819720958997e-01
1.569134335545699088e-01
1.572957169935949306e-01
1.573135017623087939e-01
1.573345470142268887e-01
1.575258299092070213e-01
1.576446299881334168e-01
1.577047357390809756e-01
1.577546650203264789e-01
1.578989705502268914e-01
1.579023388259251648e-01
1.582709903026139897e-01
1.583054347572701581e-01
1.583304572544822764e-01
1.585168505261268790e-01
1.585195100527863055e-01
1.587082522437036625e-01
1.588217002712739856e-01
1.588231249387523913e-01
1.588763279639227310e-01
1.591448944641744856e-01
1.592042158457608325e-01
1.593079026815490407e-01
1.595928774109192094e-01
1.596548208897681786e-01
1.597902826711052326e-01
1.600750537681696339e-01
1.602946020356363355e-01
1.603594673454674657e-01
1.604012202641532381e-01
1.605276296496443711e-01
1.607428629637457362e-01
1.607862863533728315e-01
1.608347729674171889e-01
1.612601101645758372e-01
1.614204977590895651e-01
1.615948782546764717e-01
1.615973126953200723e-01
1.616692697703721870e-01
1.618517699387924669e-01
1.619018656539923939e-01
1.620141034687322124e-01
1.621279472710602521e-01
1.623385393176405289e-01
1.624267640379829514e-01
1.624626370416501764e-01
1.626194283101101423e-01
1.629464678785438603e-01
1.630327607313355465e-01
1.631747475988773177e-01
1.632087059773293103e-01
1.633112300864441868e-01
1.634590762630507843e-01
1.635228381133419784e-01
1.635329787716651440e-01
1.638392331992543638e-01
1.638468874568543565e-01
1.639407472165110013e-01
1.640201342220403147e-01
1.641204140765193664e-01
1.642026700889974433e-01
1.644302423103016497e-01
1.647412656256251051e-01
1.647826776805660642e-01
1.649954601213506344e-01
1.652140343710999104e-01
1.652738580301414961e-01
1.655308206256898285e-01
1.655569872025281219e-01
1.656058664241124856e-01
1.659771399115829715e-01
1.665308366250601024e-01
1.665333640487242639e-01
1.665614428508543632e-01
1.667126140644523413e-01
1.667188222614352788e-01
1.670381865402011390e-01
1.670686689678741454e-01
1.672177820611640553e-01
1.672285375260603724e-01
1.673687808696926738e-01
1.675081811578722490e-01
1.675987237310938294e-01
1.676391121763337877e-01
1.677366174457337600e-01
1.678176411195112794e-01
1.678773470677711876e-01
1.680635283251803169e-01
1.682029432939616820e-01
1.683195747949148835e-01
1.687090378123510814e-01
1.687628902307744261e-01
1.690993183247175846e-01
1.691234902318367594e-01
1.691334552405349134e-01
1.694770876180138330e-01
1.694840630131987658e-01
1.694927125949194646e-01
1.695893356947290875e-01
1.697581518311864768e-01
1.697619580954287111e-01
1.697992410518029127e-01
1.702450530955146868e-01
1.702575428055849993e-01
1.703449676718754580e-01
1.703705490239094955e-01
1.704196471563702020e-01
1.706212571951845336e-01
1.708013030249765918e-01
1.710831322219343031e-01
1.711694728945048483e-01
1.712686191798934721e-01
1.713350774393658515e-01
1.715171708014655849e-01
1.717730396771492973e-01
1.718641479807922756e-01
1.720031300536947194e-01
1.720217166702178169e-01
1.721230976580874761e-01
1.723208652068693447e-01
1.728394238302158881e-01
1.729070129554517998e-01
1.731494913311136252e-01
1.731978260778772871e-01
1.732123704834347411e-01
1.734953097228417174e-01
1.736207573830801931e-01
1.736991118851111127e-01
1.737514749378156198e-01
1.738857950133138319e-01
1.739616434580722737e-01
1.740365331383521563e-01
1.745887582915633951e-01
1.746872700502806186e-01
1.747979850151237247e-01
1.748848025592036337e-01
1.751391695566631157e-01
1.751969200195195586e-01
1.752914690640507700e-01
1.754531362601932098e-01
1.755485714527396657e-01
1.757127985345427468e-01
1.757676099467691821e-01
1.758231090991633216e-01
1.761997256313531657e-01
1.762951249164794176e-01
1.763831758620901247e-01
1.764529041561265776e-01
1.766619980565363734e-01
1.767700465705045465e-01
1.768058603900359571e-01
1.768824666003851742e-01
1.770518515126191794e-01
1.771664480864874880e-01
1.774396758568860533e-01
1.774647105006720293e-01
1.775070450145805057e-01
1.778007889396326369e-01
1.778936037855195496e-01
1.779246776951509124e-01
1.779882675868152131e-01
1.780011435310713541e-01
1.784086173796983754e-01
1.785978129863352304e-01
1.786390097574281632e-01
1.786616518731603265e-01
1.790143517924920324e-01
1.790696826507514883e-01
1.791194031511187668e-01
1.791261429557610696e-01
1.793895041643748245e-01
1.794799167291016018e-01
1.796630936664414258e-01
1.798231858939628447e-01
1.799553465216491011e-01
1.799956370963802232e-01
1.800322147346902768e-01
1.802393429595349483e-01
1.802586814060628262e-01
1.804665333564889340e-01
1.807045239991187102e-01
1.808966356826636201e-01
1.810646602669751248e-01
1.811351462606725082e-01
1.813671424542778743e-01
1.814270030418456414e-01
1.817234772620001937e-01
1.819767372928775273e-01
1.819932065232774121e-01
1.821832692482401317e-01
1.822313212306868047e-01
1.824788503437833331e-01
1.825461544346668186e-01
1.827374606811780766e-01
1.828397358779050852e-01
1.829854406756398211e-01
1.831587641464289262e-01
1.832728990288410298e-01
1.835069903995869556e-01
1.835095022519107888e-01
1.836169837697116947e-01
1.837403025911865662e-01
1.838579046114728888e-01
1.839059330663941616e-01
1.843404988446749326e-01
1.844738438746274245e-01
1.844762888677853874e-01
1.845460190740847994e-01
1.847712734593639494e-01
1.848131499411546641e-01
1.851347913481163621e-01
1.851544647940697452e-01
1.851898386856715151e-01
1.851997427243238514e-01
1.852924401963893797e-01
1.854030747905995591e-01
1.855354291881901041e-01
1.855493150190099250e-01
1.856878358723141054e-01
1.858680196589911349e-01
1.859517074419238802e-01
1.860148524436726625e-01
1.861587939142456127e-01
1.862371460183859240e-01
1.862419768211239501e-01
1.864839041561572874e-01
1.865882453224650128e-01
1.866498081994395486e-01
1.867212107371465091e-01
1.871475381173028918e-01
1.874079782217085988e-01
1.874472953228681904e-01
1.874827149078593103e-01
1.876790831380564240e-01
1.878252547954180063e-01
1.879669493131533586e-01
1.880268824755916002e-01
1.884581383923554787e-01
1.885697310428353368e-01
1.886264122583768965e-01
1.886608339519994793e-01
1.889623877541198038e-01
1.890129922807602392e-01
1.891074505974271180e-01
1.892817538541073097e-01
1.894745452912189321e-01
1.894837587215265629e-01
1.897565520643074433e-01
1.898210084540761788e-01
1.898253967370071849e-01
1.899146164051084829e-01
1.901991502597551453e-01
1.902649764874050631e-01
1.902808224443269247e-01
1.904116889075941621e-01
1.904405873815389338e-01
1.905442865228622051e-01
1.906677070067819557e-01
1.908456995168821557e-01
1.909198522625299987e-01
1.910535151829720335e-01
1.910596355674653857e-01
1.914680420307640074e-01
1.916878242307980262e-01
1.917299970077084026e-01
1.917661718582699404e-01
1.918036708165145876e-01
1.918765561168521427e-01
1.919967887688965313e-01
1.920995891937753997e-01
1.923876953815559510e-01
1.924154749220709504e-01
1.924536658638376918e-01
1.926777356101841421e-01
1.926947603434671918e-01
1.928662665100786544e-01
1.930966909365078310e-01
1.932976824054885578e-01
1.934062664215303040e-01
1.935913646875992988e-01
1.938600776242731527e-01
1.939241082838574215e-01
1.940199513067657755e-01
1.940222529972896737e-01
1.944721590860600258e-01
1.945405109502821861e-01
1.945877279753085998e-01
1.945915291594757790e-01
1.949541586896229861e-01
1.949888571583987817e-01
1.951413140219109554e-01
1.954699536908261204e-01
1.956162303759712839e-01
1.956867883515304718e-01
1.958681853419734498e-01
1.960589575767478498e-01
1.961227478214227771e-01
1.961845857408051341e-01
1.962779726459322471e-01
1.963220674574658042e-01
1.965533302598813647e-01
1.966019265728431442e-01
1.968760279219129994e-01
1.971157680803841405e-01
1.971746377120071336e-01
1.972765729504377119e-01
1.973818693703594251e-01
1.975064520822093217e-01
1.976155507265524303e-01
1.979757716090821407e-01
1.981091010358080329e-01
1.981500398604313928e-01
1.983184648942159511e-01
1.987176207324033994e-01
1.987803209678971617e-01
1.988899306900799302e-01
1.989717769872010322e-01
1.992330425460590582e-01
1.992573603815134264e-01
1.994405151189899972e-01
1.997064245999858045e-01
2.000531580759702943e-01
2.000555674333373835e-01
2.002287547889820829e-01
2.003501182205877640e-01
2.003576534029728740e-01
2.004250658415242248e-01
2.007430173242736593e-01
2.008576121675823001e-01
2.009362746137867972e-01
2.011770491799547977e-01
2.011774348593286244e-01
2.014882187742501052e-01
2.019809954300712529e-01
2.020076357270149392e-01
2.021447205960124061e-01
2.021939818915203524e-01
2.025720213203268394e-01
2.026470371324049780e-01
2.029054978985806446e-01
2.029530465331052802e-01
2.029852816248279845e-01
2.030500970704534891e-01
2.031412149724320382e-01
2.034874113750251567e-01
2.037437256061595536e-01
2.038853111125445428e-01
2.038973654280284986e-01
2.039619563469140251e-01
2.040968945061910067e-01
2.041210715008678900e-01
2.042467400361215601e-01
2.043173130800620962e-01
2.043962922111846325e-01
2.044022798487773740e-01
2.045551422835370781e-01
2.046631265035610270e-01
2.047170138435248088e-01
2.047722157441327628e-01
2.050454334964129099e-01
2.052054228617972709e-01
2.052464455207261562e-01
2.052966376560682871e-01
2.053910085278902731e-01
2.054755293370035263e-01
2.056996557924911928e-01
2.059703420462728196e-01
2.060388347705117140e-01
2.061486107733875028e-01
2.061613855164349807e-01
2.065626157381873496e-01
2.066404081856727526e-01
2.066932202317289524e-01
2.069406847392867843e-01
2.072033367516859792e-01
2.072583278944425955e-01
2.072669911896125317e-01
2.073291618608787135e-01
2.074610326306689512e-01
2.076474613794095647e-01
2.081382188183801829e-01
2.083519983813785781e-01
2.084226730885542500e-01
2.085075232556299063e-01
2.086230106114669580e-01
2.089428728804719193e-01
2.091592917835384535e-01
2.091609354299602541e-01
2.092541593773445674e-01
2.095847954440558381e-01
2.096063922617082964e-01
2.096113630952388951e-01
2.098440727414144502e-01
2.099677829905221005e-01
2.100957049826996936e-01
2.101646174889703067e-01
2.102092779681996870e-01
2.104470291017178918e-01
2.104751629979627059e-01
2.105805740090420097e-01
2.106530682252684139e-01
2.110994206492627645e-01
2.111167392338250681e-01
2.112102424359227071e-01
2.112922703466338925e-01
2.114715787424489013e-01
2.116838278152411157e-01
2.118301891657573544e-01
2.118748058881294860e-01
2.120476690306226375e-01
2.120700853338494396e-01
2.120904015778505847e-01
2.121040483607045113e-01
2.123329711862259050e-01
2.124919905560865574e-01
2.125563327737357011e-01
2.126470582883151494e-01
2.128016488241241955e-01
2.128266969695181143e-01
2.131617166330122548e-01
2.132478930157569452e-01
2.134945773502231470e-01
2.136541498291796570e-01
2.137660438075106306e-01
2.139089801617818087e-01
2.139359901787256379e-01
2.141126750877539175e-01
2.141796349334840199e-01
2.142719019231986988e-01
2.143274932008814027e-01
2.146180592333844506e-01
2.146638905097474348e-01
2.148854515120592334e-01
2.149786935687988121e-01
2.150386313098671676e-01
2.155341713845221885e-01
2.156788592799755711e-01
2.158903627223636990e-01
2.159032478034791369e-01
2.161624178137637742e-01
2.161902077578885528e-01
2.163103744572557885e-01
2.163670568547544637e-01
2.163947386639238357e-01
2.165550897003833408e-01
2.168396096514366156e-01
2.168590461379084899e-01
2.170267018096719569e-01
2.170389457976003300e-01
2.173948830187788228e-01
2.176382082685225372e-01
2.176586838841323979e-01
2.181271338256813297e-01
2.181733217784815326e-01
2.182494375088586125e-01
2.184166090647764180e-01
2.184235914883636276e-01
2.185831515883231713e-01
2.189994785399398403e-01
2.194157123283229371e-01
2.194362051957189363e-01
2.194904896472577860e-01
2.197315706065944008e-01
2.199733077408671245e-01
2.200130434074196728e-01
2.200413880175656756e-01
2.202808425703542961e-01
2.203304679085682782e-01
2.207779165921443798e-01
2.209699368150581655e-01
2.212046543978459234e-01
2.212256227600057912e-01
2.214708580394099957e-01
2.216845908109647822e-01
2.217531026461424526e-01
2.218114034321339578e-01
2.219035163559666124e-01
2.219633354720282892e-01
2.221801811763444434e-01
2.222579243887460032e-01
2.225732525397342565e-01
2.225968019293910194e-01
2.226728285501414495e-01
2.228710610305236761e-01
2.230930201042624073e-01
2.233920283548975760e-01
2.234172707169347072e-01
2.234643986076901845e-01
2.237509482894182722e-01
2.237558402089304677e-01
2.238389936945087144e-01
2.238777992013500084e-01
2.239551079152556079e-01
2.241902579256858097e-01
2.244497443572940343e-01
2.244796768143763055e-01
2.245240905328584891e-01
2.245887611313694132e-01
2.246438512877386440e-01
2.248160555132042993e-01
2.249443921905621424e-01
2.251404936168144577e-01
2.251946849783064974e-01
2.254063299252325736e-01
2.255374078466807486e-01
2.256442610105498514e-01
2.259765534384062802e-01
2.259896083297760205e-01
2.260303481563444850e-01
2.261129471682909731e-01
2.262158978901175344e-01
2.263900647921859299e-01
2.266513453040985004e-01
2.267372208814676660e-01
2.268231647590557287e-01
2.271411807493379231e-01
2.272181324983694461e-01
2.274784594977388996e-01
2.274812298470087757e-01
2.275492135781781999e-01
2.277457926525585652e-01
2.277632871146171023e-01
2.278074759246746239e-01
2.282024136938143322e-01
2.282032617325561175e-01
2.282914174925059769e-01
2.283486781711245306e-01
2.285095912764107950e-01
2.285763221934727363e-01
2.287153164685126194e-01
2.287761257057714659e-01
2.289698294606839490e-01
2.293057326964891562e-01
2.294607338397794960e-01
2.297693230477890203e-01
2.298488686949729798e-01
2.300670389041078456e-01
2.300861327234133558e-01
2.301540313920880376e-01
2.303562806372612404e-01
2.303678900699822618e-01
2.306473804710615361e-01
2.307157848637078901e-01
2.310244599227213591e-01
2.313010213066589438e-01
2.314148410406499934e-01
2.314285052360434136e-01
2.316788398998640697e-01
2.318067536156837027e-01
2.320172841560087518e-01
2.321037643785855420e-01
2.322054508480178581e-01
2.325203919015107479e-01
2.326008663809593091e-01
2.329081473101861643e-01
2.329470551309304471e-01
2.329562608757992093e-01
2.330952080400915671e-01
2.336074594640726587e-01
2.337562138379113696e-01
2.337643611445514580e-01
2.338625448610590907e-01
2.340939626187138467e-01
2.343077602841049656e-01
2.344837364955295600e-01
2.347372073090089606e-01
2.347831145671273045e-01
2.348525593684239465e-01
2.349316444411262139e-01
2.350013819500348100e-01
2.351012259254232906e-01
2.351675128080291666e-01
2.351847589861779941e-01
2.353976046877712669e-01
2.358094106874435714e-01
2.359296170228125378e-01
2.360996682001213764e-01
2.361647363701018243e-01
2.362205010610169686e-01
2.363360002552259143e-01
2.364024194411023516e-01
2.364074424933954865e-01
2.366681946917686963e-01
2.371309509751794720e-01
2.372435841011774904e-01
2.374589004464876529e-01
2.374608176218918620e-01
2.377289374275794454e-01
2.379350560152922456e-01
2.379809445332650153e-01
2.380588020966327711e-01
2.381882906107927189e-01
2.381983874879372576e-01
2.388645628548735078e-01
2.390104192274423445e-01
2.390760740775023374e-01
2.390780784357982858e-01
2.391340271403740447e-01
2.394805583110874436e-01
2.395642430792030153e-01
2.397555093584171904e-01
2.401525802267433507e-01
2.404965063120878543e-01
2.405270427187050641e-01
2.405534212051159138e-01
2.408632677320260151e-01
2.410965323195961019e-01
2.411448949524560292e-01
2.412364040695410827e-01
2.417753963673950068e-01
2.421723439696762126e-01
2.422612760430943313e-01
2.424701719167648428e-01
2.425009731636271759e-01
2.432773041850169460e-01
2.436466339714891127e-01
2.438172614041697606e-01
2.438336475835562456e-01
2.439047816211267761e-01
2.440341087977597745e-01
2.444107024480804691e-01
2.445846294541985100e-01
2.446853248536651759e-01
2.447523707809135529e-01
2.450090025261920379e-01
2.454747954155984124e-01
2.455211889350554788e-01
2.458394154630153539e-01
2.458883419967306527e-01
2.460148258960170031e-01
2.461666572552701493e-01
2.464917796502719693e-01
2.467962715895413439e-01
2.468418478370520419e-01
2.470718025027731357e-01
2.471816127295872467e-01
2.475438109940049647e-01
2.477118485007719639e-01
2.477613102558635649e-01
2.480051532334424658e-01
2.482938260816549836e-01
2.483445197401953908e-01
2.485190528509746144e-01
2.488346821091015071e-01
2.490072905257053049e-01
2.490591061916741511e-01
2.491078048030481717e-01
2.494252891535226890e-01
2.494833279214448418e-01
2.502471104227133036e-01
2.504487026979792530e-01
2.504778579745551292e-01
2.505025147801492880e-01
2.509831722257179765e-01
2.511821035315903172e-01
2.512089306616293038e-01
2.512560097162991890e-01
2.515482278530735694e-01
2.516348507191275008e-01
2.521776023629332397e-01
2.521805124754489258e-01
2.521975319488453104e-01
2.524446926666418234e-01
2.525751913286221617e-01
2.526838560487894569e-01
2.533583657111712073e-01
2.534807590925115539e-01
2.538879859074082423e-01
2.539723579764106010e-01
2.541127147661904062e-01
2.544797714830888680e-01
2.545297543410597885e-01
2.547144218450080877e-01
2.548172114112631781e-01
2.550163133718872377e-01
2.551462404241405801e-01
2.552212630159593210e-01
2.552851913755183055e-01
2.553890841700973136e-01
2.556566326280871326e-01
2.557767804288998970e-01
2.558302064469660242e-01
2.568653013821602937e-01
2.571907782540563958e-01
2.572439337209911359e-01
2.574546785047843733e-01
2.574919235232745462e-01
2.575025184023708169e-01
2.579062375764887283e-01
2.579303253541443963e-01
2.580769396165507601e-01
2.583249937530536222e-01
2.585159240129450975e-01
2.586273971251396020e-01
2.586411973364466377e-01
2.587184879559285000e-01
2.587731572713334316e-01
2.591800562531864638e-01
2.592133309562988930e-01
2.595340386959470447e-01
2.597768578940992668e-01
2.598398780116470963e-01
2.599437515032678725e-01
2.599486707551827980e-01
2.601977032330980433e-01
2.604866814973989531e-01
2.606159177052242426e-01
2.607947555158542374e-01
2.609925216830292216e-01
2.613851920027982501e-01
2.615121955428787448e-01
2.618206652954918057e-01
2.618553585556152030e-01
2.618687661625383467e-01
2.619842760247775848e-01
2.622683991629346512e-01
2.624616437011311754e-01
2.624644377501486048e-01
2.625178845207327694e-01
2.628799450324305065e-01
2.629583396184090871e-01
2.633454595789343489e-01
2.633460873395436774e-01
2.634670802708501958e-01
2.635124790818563767e-01
2.636842769399242448e-01
2.640431082117909445e-01
2.643293114917445452e-01
2.645673804278585450e-01
2.646505507149222725e-01
2.647362134710058990e-01
2.647688160295707527e-01
2.648486493944828823e-01
2.649359578830137729e-01
2.651838270040716705e-01
2.653673576393566491e-01
2.655091122755279809e-01
2.658855816622017754e-01
2.664111177175909062e-01
2.664583317778543847e-01
2.666108881335332303e-01
2.666334190360072909e-01
2.670392742674751463e-01
2.671970647227834283e-01
2.674285328208736434e-01
2.678338881796137882e-01
2.678434952665960656e-01
2.678774987121617657e-01
2.680905018157404562e-01
2.681080550731839707e-01
2.681331037603450484e-01
2.681802851855442649e-01
2.683093715369546106e-01
2.688479965438799746e-01
2.689647092353567581e-01
2.693723116704015430e-01
2.696211930037221705e-01
2.698479224809986476e-01
2.698798365776028385e-01
2.699526044910668388e-01
2.701424008161864565e-01
2.703602924446181777e-01
2.707215460894386583e-01
2.710841450527688434e-01
2.712220871985123183e-01
2.713012551123703542e-01
2.715011165272833704e-01
2.716681981348725849e-01
2.723138298296322035e-01
2.724613352489977380e-01
2.728608356024564419e-01
2.729180344331032515e-01
2.729568695455401595e-01
2.732449842844982824e-01
2.733627293176629225e-01
2.733809768332319812e-01
2.734050131051713461e-01
2.740395718806794001e-01
2.742459871085791145e-01
2.743424528109455474e-01
2.744419456625143972e-01
2.749939540670311433e-01
2.750403119486883319e-01
2.751397770511053720e-01
2.753402155916688243e-01
2.753920009819024739e-01
2.754010259395205940e-01
2.755145017936378449e-01
2.757379336177395723e-01
2.758067455268803925e-01
2.761567310294291699e-01
2.768584068441273249e-01
2.770792679893444022e-01
2.770960212735751882e-01
2.774897588142553051e-01
2.776575691533317292e-01
2.778368033709326390e-01
2.779985785637586471e-01
2.780822498119428499e-01
2.783019224418492588e-01
2.783989200118576757e-01
2.784334285329957415e-01
2.787075604892860214e-01
2.788374664275163339e-01
2.788437477194857794e-01
2.792243926686342470e-01
2.793871468960177906e-01
2.794000322638044986e-01
2.797001204642032279e-01
2.797408167445772365e-01
2.800282135386862326e-01
2.804605919590133500e-01
2.807604284195045485e-01
2.808881986166436029e-01
2.811170441029974820e-01
2.811756906136936851e-01
2.814107760707187378e-01
2.816798271481985028e-01
2.823951305076991547e-01
2.824053315731966940e-01
2.827359420238157450e-01
2.827525408127820605e-01
2.828257072663502014e-01
2.832285092025252360e-01
2.832876338802025606e-01
2.835324578298690223e-01
2.836779745584586676e-01
2.841471163263645794e-01
2.844137707853856556e-01
2.848610582138669800e-01
2.850710281035951921e-01
2.851338647456291842e-01
2.855307394267770360e-01
2.856261009746280388e-01
2.858476905549622304e-01
2.863840422218631443e-01
2.863843303869529344e-01
2.867576209948424215e-01
2.869314276553519005e-01
2.870129905414235960e-01
2.878141005531092422e-01
2.878320039801329777e-01
2.878425928613613793e-01
2.880421134267768801e-01
2.882997701529159684e-01
2.883793472262528579e-01
2.885914517644314059e-01
2.887777633023790314e-01
2.888721340205621102e-01
2.893876327921008351e-01
2.896100951720672612e-01
2.900008542563459191e-01
2.903704180583868699e-01
2.905568993740259010e-01
2.905877494643767656e-01
2.909396798757875602e-01
2.910293713739828259e-01
2.911259726521900904e-01
2.914649975524198910e-01
2.921991045940999787e-01
2.922465711765280805e-01
2.923352268795038622e-01
2.928151084826711159e-01
2.928402709925210234e-01
2.928953949468015572e-01
2.930097367204145264e-01
2.932366083347827113e-01
2.935836611319865841e-01
2.937538860103792171e-01
2.938317251871323532e-01
2.940135742519476847e-01
2.942472982322582031e-01
2.943801665145614477e-01
2.947957641855637467e-01
2.948041881595239166e-01
2.949488787269708423e-01
2.955048292220597839e-01
2.955996081976490220e-01
2.956484575476455712e-01
2.960244494616841027e-01
2.961727781119848912e-01
2.965248330103964491e-01
2.966306015065693913e-01
2.968295002138623961e-01
2.968460235208528752e-01
2.972015802613392488e-01
2.973534540973384321e-01
2.977964175489921650e-01
2.981050705114825505e-01
2.983117316179027534e-01
2.983355803858048216e-01
2.984496123954191171e-01
2.989327585999603243e-01
2.998729983029209678e-01
2.999797482478874233e-01
3.000276559949524025e-01
3.001333273136406743e-01
3.001537141457311653e-01
3.004751730255356135e-01
3.007916301022780514e-01
3.009267804824280468e-01
3.013393971576915353e-01
3.014579584402686807e-01
3.014892366944360580e-01
3.015480964142740472e-01
3.017532801910338680e-01
3.018822568931354700e-01
3.020099109494054357e-01
3.027106108563495379e-01
3.027673598674546773e-01
3.028075883330118567e-01
3.032489877924117172e-01
3.036105658398865481e-01
3.043262767933926916e-01
3.045842512029804938e-01
3.047315941705537878e-01
3.048566385482254226e-01
3.051095798974554629e-01
3.051963094311687663e-01
3.054024431322926447e-01
3.056699146076105600e-01
3.056993905469882478e-01
3.060272427843572229e-01
3.062149080609283258e-01
3.064167721852135706e-01
3.064616067279730682e-01
3.064852700001335917e-01
3.072191082257562100e-01
3.073158945990980828e-01
3.074177882472267087e-01
3.076320882040703419e-01
3.077462536739793975e-01
3.080807271573482442e-01
3.085813520655947828e-01
3.087094674181340426e-01
3.087656706083669045e-01
3.088669926389302489e-01
3.088704025752325721e-01
3.093831596664067818e-01
3.099186734305667823e-01
3.100809704990139526e-01
3.104522009485138345e-01
3.109922298102700822e-01
3.110913449723302637e-01
3.113503892681773189e-01
3.114950486799150653e-01
3.115723928929582387e-01
3.120786197261160022e-01
3.125953325393399651e-01
3.126788792928408833e-01
3.127333353132080718e-01
3.130039077439300543e-01
3.131746163216415080e-01
3.131786766945135470e-01
3.135752915459817380e-01
3.136711840117157868e-01
3.141082663893702276e-01
3.143672848694186728e-01
3.144300918430488756e-01
3.145860366896099380e-01
3.145897752625252397e-01
3.148047407186465585e-01
3.152886085007446382e-01
3.154800127049411929e-01
3.157946928489531180e-01
3.158822804620373681e-01
3.159723204632191584e-01
3.159836401188064747e-01
3.163384435353998048e-01
3.165412467081350489e-01
3.168761042277964957e-01
3.173701111309030209e-01
3.175073706866182177e-01
3.176755223747283474e-01
3.179348348960327475e-01
3.180969484906118194e-01
3.182822709933038619e-01
3.183405073930664630e-01
3.183479656411152825e-01
3.185432088389206773e-01
3.187642073488929362e-01
3.189726397244186384e-01
3.189744726027622379e-01
3.190697538213479456e-01
3.194191733655374899e-01
3.196421825683820050e-01
3.196577236167823521e-01
3.199813827478900086e-01
3.203510333443259084e-01
3.204869458142863836e-01
3.209504165730212577e-01
3.210292754419665773e-01
3.211484220346601526e-01
3.212507148956508241e-01
3.215449829329541931e-01
3.216026297104649934e-01
3.221763154556750997e-01
3.222200701835973291e-01
3.223965598261350207e-01
3.226131580367383456e-01
3.226987773825716888e-01
3.229776603215266939e-01
3.231645262645612138e-01
3.236629600734449164e-01
3.236682185787932431e-01
3.243938601836274249e-01
3.244566768368295495e-01
3.249403744240783043e-01
3.249752951111236632e-01
3.250483584990712105e-01
3.250982185065162122e-01
3.254753096886430774e-01
3.258569861319224326e-01
3.260713755614040310e-01
3.264187734067585667e-01
3.266566965736749095e-01
3.267073019254765343e-01
3.272930982959454393e-01
3.274081110447404352e-01
3.280770346502212553e-01
3.281246009080254766e-01
3.281795278527443460e-01
3.281856214959464890e-01
3.284433819574466562e-01
3.286903199050276170e-01
3.287699287586375863e-01
3.289202050539768440e-01
3.290861090376082099e-01
3.294892891327981244e-01
3.297139973420187831e-01
3.300447934941295736e-01
3.300848637247324469e-01
3.302664735505448368e-01
3.305159337624200000e-01
3.305939552786369973e-01
3.311328942713250845e-01
3.312752301258212184e-01
3.313274695662252745e-01
3.315058458888122117e-01
3.315660565315126096e-01
3.317476614583540484e-01
3.323031222816378860e-01
3.325049953982415207e-01
3.327626063764977382e-01
3.328899797435373453e-01
3.328953484267187513e-01
3.331176362511989453e-01
3.335295265877307735e-01
3.336533836821669596e-01
3.337833715382261257e-01
3.341740013182768476e-01
3.345608159786854219e-01
3.347112044270073583e-01
3.352773241064733734e-01
3.352788482391856895e-01
3.353962828582131572e-01
3.354573305744166234e-01
3.356696475048804307e-01
3.358623957590816111e-01
3.362010463394628501e-01
3.365252179480996420e-01
3.366394798224455198e-01
3.367950031948156453e-01
3.368550048842013922e-01
3.368721039508575932e-01
3.370650515480902998e-01
3.373446405184185592e-01
3.376479750343001629e-01
3.384687960938785323e-01
3.385918558088173436e-01
3.385974673352940001e-01
3.386826060403808625e-01
3.389013672555566958e-01
3.394095855979149534e-01
3.394952409042449881e-01
3.399625040001828524e-01
3.400414771446330642e-01
3.400471638287550502e-01
3.404291792893154867e-01
3.404934008603258677e-01
3.405949241259125793e-01
3.407081362033483884e-01
3.412002040650596868e-01
3.417181882840639173e-01
3.418542057040598880e-01
3.421281230208171320e-01
3.423703641415862808e-01
3.427157936349506384e-01
3.431380714146741173e-01
3.431747756470030497e-01
3.437992265762900290e-01
3.439205487266985273e-01
3.439260375005951942e-01
3.441154530090216324e-01
3.442570379094632704e-01
3.444925625837599314e-01
3.447558579644614540e-01
3.447558849401955450e-01
3.449532767421479851e-01
3.454484192401531817e-01
3.457119577509608632e-01
3.457378033170322995e-01
3.457773191266897417e-01
3.462139329360834905e-01
3.463256347765121812e-01
3.465799484348429105e-01
3.469396095849007766e-01
3.470481288910634010e-01
3.473152009709706833e-01
3.478289116624405097e-01
3.479399406537223016e-01
3.479686358457031448e-01
3.482821830869380353e-01
3.484107991602380938e-01
3.487788536194336153e-01
3.488019676347402509e-01
3.489396857625816084e-01
3.490013399092531388e-01
3.496772951145957764e-01
3.497231185270902598e-01
3.502012064734169594e-01
3.504047245068719341e-01
3.505139951585786728e-01
3.505716230749718609e-01
3.507850292706068962e-01
3.512689536888118913e-01
3.513816412318548354e-01
3.513909895617399193e-01
3.516272821628825818e-01
3.518476609732978932e-01
3.519539924373029094e-01
3.522657607517434841e-01
3.525923745497516748e-01
3.526085038543370631e-01
3.528079620718926890e-01
3.528693490517816334e-01
3.531241571626217990e-01
3.535914332453372610e-01
3.538171104728163874e-01
3.538600961999047723e-01
3.541569423769215796e-01
3.541994043318945629e-01
3.543137833386537650e-01
3.545917385346856188e-01
3.548654697289124749e-01
3.550629384713031023e-01
3.552595015131571610e-01
3.552779286140487769e-01
3.556328657161851314e-01
3.558093311785443524e-01
3.558972465502577287e-01
3.560952619883465675e-01
3.563698622379740666e-01
3.563869808977416231e-01
3.566783333527350774e-01
3.569500890619404787e-01
3.571483649488645939e-01
3.571956010527993497e-01
3.573287305056291330e-01
3.576266665321501392e-01
3.577210967437766675e-01
3.580299273776600955e-01
3.587169007303352974e-01
3.588768171744202706e-01
3.589705851274499482e-01
3.591142753641431429e-01
3.592043879048126276e-01
3.599392288167245768e-01
3.601651309219962571e-01
3.602070340922109981e-01
3.604283954288455827e-01
3.605400162677682707e-01
3.611940164610733528e-01
3.612363601956902204e-01
3.612977093533709105e-01
3.613322378651663280e-01
3.614729931994083989e-01
3.617425439206060633e-01
3.619793963040399687e-01
3.620162456413510976e-01
3.625382121397913715e-01
3.626256691196095838e-01
3.627138504276850028e-01
3.628616333967403240e-01
3.632651561749165592e-01
3.633561341648721132e-01
3.633643646723342946e-01
3.635123106196106457e-01
3.636267409661733119e-01
3.638043892490221420e-01
3.638285342358754670e-01
3.640296435646763196e-01
3.645010884902707970e-01
3.649018025014381106e-01
3.650625863748053757e-01
3.652490440933320315e-01
3.652896494402277927e-01
3.654083384410411472e-01
3.657573364800136839e-01
3.658306151202354028e-01
3.662488012311035379e-01
3.662954914468200540e-01
3.665233386009444372e-01
3.668128993897063483e-01
3.668320652944562221e-01
3.672903224329837069e-01
3.672916088839401905e-01
3.674194453915827774e-01
3.676024669261348521e-01
3.678131477284418693e-01
3.682621999110589073e-01
3.687170779630736250e-01
3.687379989882317299e-01
3.690274472904880865e-01
3.691262872405785544e-01
3.696487496169078013e-01
3.701476494033264508e-01
3.702290783876461266e-01
3.704179567141367979e-01
3.707679585753017037e-01
3.707732499762684819e-01
3.709612654913676533e-01
3.709782042122383161e-01
3.714630885065167143e-01
3.714952025003098179e-01
3.714970442624293545e-01
3.716215492434973289e-01
3.717109083237697953e-01
3.722378765987159333e-01
3.723817793180028146e-01
3.727049162523873860e-01
3.727337549214531087e-01
3.727813209805733718e-01
3.730431934023008544e-01
3.731766666438483537e-01
3.739147318304318901e-01
3.741182770122801760e-01
3.741776676021825176e-01
3.743023870713191315e-01
3.744579294725833840e-01
3.744834648401787480e-01
3.745686172815891335e-01
3.746774418737394141e-01
3.751149369006248069e-01
3.753321498214113872e-01
3.754168876707936753e-01
3.756321956177439692e-01
3.758901456432330868e-01
3.763558940194322022e-01
3.765981646749625988e-01
3.767682820075149985e-01
3.771540048929898914e-01
3.772640080733462020e-01
3.774449807423275738e-01
3.774716262837791159e-01
3.779063569812055601e-01
3.782588435894572720e-01
3.782887859323960655e-01
3.785848412055582979e-01
3.786286877418522656e-01
3.790549848999352767e-01
3.792675925386167490e-01
3.796145897200762787e-01
3.796714105654925286e-01
3.797250317612479442e-01
3.805503033189930329e-01
3.809138263887190679e-01
3.809999793636151266e-01
3.811348732542327866e-01
3.811812420739618679e-01
3.813076691118912898e-01
3.816241963769446688e-01
3.816295168130918736e-01
3.819859998021900571e-01
3.822774965050850793e-01
3.825048219819013329e-01
3.826428656319364463e-01
3.828945531052075357e-01
3.829142170019093072e-01
3.830063374280335831e-01
3.832620482756168845e-01
3.835201964114903772e-01
3.840498120054252063e-01
3.841681630822737503e-01
3.845124149503458821e-01
3.846560379340982494e-01
3.847359433635523795e-01
3.850329144736662768e-01
3.853052794848227935e-01
3.853089717739697773e-01
3.853622993924296636e-01
3.855816030286343676e-01
3.858949199410042219e-01
3.859785131233462452e-01
3.861232286769970545e-01
3.862451372652039860e-01
3.862630319059495165e-01
3.864098731843840229e-01
3.866898208196563047e-01
3.872889490143502367e-01
3.873234441750841306e-01
3.874300230555793312e-01
3.875948255628655081e-01
3.876456360621971520e-01
3.876712760246263101e-01
3.877792548616292856e-01
3.881938380169182579e-01
3.883163557590955106e-01
3.884222879862338496e-01
3.887803943348092650e-01
3.895139875331278811e-01
3.896158264140359151e-01
3.897384986085850600e-01
3.899394399355680108e-01
3.900882442870630129e-01
3.903749629420255607e-01
3.906225225709331617e-01
3.909309854492137304e-01
3.910822139470817027e-01
3.912655058214021819e-01
3.916154897589214090e-01
3.918111093159495906e-01
3.918879322235291895e-01
3.922074224549130239e-01
3.922317491035977599e-01
3.922476598711424067e-01
3.924475426010284318e-01
3.926589337030781945e-01
3.927969476491040002e-01
3.930265592004498765e-01
3.932645795325490079e-01
3.932832219993239176e-01
3.933089271619255589e-01
3.939356938835165689e-01
3.943257520236252422e-01
3.944603970007768967e-01
3.945227500972960377e-01
3.950869179896742689e-01
3.952991214851906965e-01
3.954944506726379982e-01
3.957852208869625521e-01
3.960130169917172593e-01
3.963012839435074985e-01
3.964814992056034937e-01
3.965469207589561451e-01
3.965537994981618852e-01
3.968226304496407231e-01
3.971109536459784817e-01
3.972780667246514907e-01
3.975215207748126756e-01
3.977058198576438053e-01
3.977729131303277543e-01
3.979252185922545482e-01
3.983798646811089195e-01
3.985644043546909820e-01
3.985871119141721763e-01
3.987018097178937071e-01
3.991264631439184196e-01
3.991321104493724126e-01
3.991732292049149367e-01
3.997727503222462397e-01
4.004367411365324370e-01
4.004420781704733368e-01
4.005504002719491585e-01
4.008848942800052328e-01
4.009471265862716294e-01
4.010537283868971792e-01
4.012680573646111304e-01
4.014889853431465871e-01
4.015224089441313260e-01
4.017501627231917505e-01
4.022664898898822283e-01
4.025460127302802338e-01
4.025479914848487106e-01
4.026258545964789826e-01
4.027438138426832070e-01
4.027724998051180338e-01
4.034086157907605941e-01
4.034321383774757130e-01
4.036269332127696008e-01
4.040997226168394629e-01
4.044531957810775791e-01
4.049324964282606243e-01
4.050110512642181027e-01
4.054003773240101860e-01
4.054398618163016499e-01
4.055222118263973607e-01
4.059060908235449516e-01
4.059482588910692247e-01
4.060351510606868275e-01
4.060974103547800862e-01
4.062165924630160574e-01
4.063814003927583851e-01
4.064604873120013506e-01
4.066250004998099854e-01
4.067705616481423481e-01
4.069225952552775749e-01
4.070077316413855395e-01
4.073063538086402757e-01
4.076270975177869738e-01
4.081465635127458635e-01
4.082953380289277012e-01
4.085133164494137992e-01
4.089977148734718071e-01
4.091988536479317928e-01
4.093017592761256096e-01
4.093339164170030631e-01
4.097863344267451691e-01
4.103186344960358389e-01
4.105037742012628832e-01
4.105221969541604232e-01
4.109220653357533171e-01
4.109547092089861353e-01
4.113269315638515278e-01
4.116122858308289834e-01
4.121047859405482239e-01
4.121184669028802317e-01
4.123163202196482580e-01
4.123482504537199778e-01
4.129855460308083925e-01
4.132330683240446612e-01
4.132706104642116518e-01
4.135417909498434463e-01
4.142184440526949785e-01
4.143784584353508160e-01
4.144319152268101658e-01
4.146301577331238941e-01
4.146603301009182396e-01
4.150001855832353148e-01
4.151833636388012061e-01
4.152852592054148140e-01
4.154047059982163281e-01
4.164317822649908907e-01
4.167093098971204057e-01
4.169106915269866764e-01
4.169780209104052560e-01
4.174033406768197785e-01
4.176097568067212995e-01
4.176933476934471812e-01
4.177138272008485975e-01
4.177770972580620024e-01
4.180882614477152703e-01
4.184010866432301690e-01
4.188192308225173188e-01
4.188468994248854549e-01
4.190296320081294268e-01
4.192773920892859940e-01
4.196372508819158353e-01
4.200146825231554915e-01
4.201971900247378766e-01
4.202726593269988653e-01
4.203724706315919990e-01
4.208618326321689751e-01
4.213044195587655194e-01
4.213655448739451193e-01
4.215997361900060691e-01
4.221218075284474680e-01
4.221897899639472374e-01
4.223949399413856054e-01
4.225030621035100187e-01
4.230694679630268018e-01
4.231402696262225316e-01
4.232497456826276316e-01
4.240121863385816758e-01
4.241264528124291666e-01
4.242776348261033115e-01
4.242978182753869842e-01
4.244966524969470134e-01
4.246565039494620275e-01
4.249750070702812965e-01
4.250694085372880293e-01
4.253094860951802114e-01
4.255212704935442680e-01
4.255561733347842934e-01
4.256419071647243868e-01
4.257808666802928022e-01
4.258828615696968467e-01
4.263485918077598025e-01
4.264545048219351986e-01
4.271711293586522573e-01
4.272637129023427738e-01
4.272831153371902668e-01
4.274977978984910720e-01
4.276346704442908209e-01
4.283082809415971193e-01
4.285382260311320635e-01
4.287857942410170931e-01
4.289108016962729364e-01
4.292931312949868072e-01
4.295789325091337596e-01
4.302542063368156033e-01
4.304622079726126982e-01
4.305245873145885915e-01
4.305400586083648062e-01
4.305909833574698697e-01
4.308684028705167535e-01
4.308686724639247956e-01
4.308867490883544482e-01
4.309328720490043785e-01
4.316952349337374040e-01
4.319618193676054707e-01
4.319869823306507484e-01
4.321035336460270493e-01
4.322947204823655021e-01
4.324561393630220740e-01
4.331957920594852185e-01
4.333290576156701435e-01
4.336143893147394457e-01
4.338090486552680924e-01
4.340647460240519284e-01
4.341218521127738206e-01
4.342595077352189858e-01
4.346811001270726726e-01
4.347294593465290125e-01
4.351574370367309874e-01
4.352805333344598737e-01
4.353083541470901263e-01
4.354381266405944473e-01
4.356089578156042696e-01
4.357625243853504582e-01
4.361090133755452514e-01
4.363567655388174704e-01
4.368283613006588850e-01
4.373731264684501685e-01
4.374500163434293376e-01
4.376143972485189160e-01
4.378391222050406761e-01
4.379063288424457911e-01
4.380304470062687527e-01
4.386068675413914431e-01
4.387131250571272290e-01
4.387465875636256118e-01
4.389441124380173975e-01
4.389642369193897387e-01
4.390022914517410224e-01
4.399581465485501997e-01
4.400483898534676697e-01
4.400911330244170472e-01
4.401647344920960325e-01
4.402852941995645253e-01
4.407008065727092139e-01
4.408218274973437212e-01
4.409779265422482664e-01
4.415160165926752533e-01
4.419822156174085248e-01
4.422101139876070119e-01
4.423926581869335184e-01
4.424553284163567635e-01
4.424781968552835010e-01
4.426348730259144215e-01
4.433947454295016355e-01
4.433964910365431611e-01
4.435213281953055975e-01
4.436856754821527082e-01
4.437457435541155015e-01
4.439241846817883475e-01
4.440811017882644318e-01
4.445422191711615456e-01
4.447151036543403047e-01
4.449879500166817881e-01
4.450946373203140682e-01
4.455608220492957572e-01
4.458162371881879138e-01
4.464223294688795529e-01
4.464321805214829242e-01
4.466221049572658419e-01
4.466774956287897780e-01
4.469511781739508582e-01
4.470517876898266185e-01
4.473523444291360729e-01
4.475799263674829498e-01
4.479731222234469290e-01
4.485768862433759940e-01
4.486331105037581479e-01
4.489742362262891806e-01
4.490854374489138268e-01
4.493260931213365894e-01
4.494281802648300572e-01
4.495018721739443279e-01
4.497337426030031393e-01
4.501935744272604900e-01
4.502763567435687508e-01
4.504329904268116191e-01
4.505137725663686532e-01
4.509145734910880443e-01
4.513710224999430420e-01
4.514281953040566453e-01
4.514869336179517800e-01
4.519044271058327844e-01
4.523733729695066375e-01
4.525678780042406979e-01
4.526231416681774089e-01
4.526270175303422350e-01
4.530498970080074628e-01
4.535867210013455053e-01
4.536159470375217273e-01
4.544649189670318945e-01
4.544902686630998279e-01
4.547337189467140495e-01
4.549664690359263020e-01
4.550236375557268897e-01
4.554432144899126511e-01
4.558520916061413741e-01
4.559007710819873993e-01
4.561823405195812864e-01
4.568934556481612508e-01
4.570802824473877424e-01
4.571409393628401707e-01
4.571667744216241225e-01
4.574998967516743509e-01
4.575250374206893955e-01
4.577699012236760012e-01
4.579367868370193273e-01
4.580142244468901058e-01
4.580173065582291425e-01
4.583703287345308186e-01
4.587640196409705218e-01
4.589173373243272125e-01
4.594204616146192466e-01
4.595686929960205447e-01
4.596492550928134024e-01
4.596730683801059647e-01
4.598833790969866775e-01
4.603556293993196213e-01
4.609022241861945313e-01
4.611206064664662430e-01
4.611412546567932313e-01
4.616429998279472091e-01
4.616838635960730519e-01
4.620811310561365182e-01
4.621437302808737990e-01
4.625687337882062877e-01
4.626612365074136979e-01
4.627413248468674190e-01
4.629442910664021693e-01
4.633515208625453852e-01
4.636393470710619136e-01
4.636697146208147435e-01
4.638120683500460695e-01
4.640907395218344389e-01
4.647152404956116922e-01
4.648924207421726296e-01
4.651651006427776069e-01
4.656051320809456162e-01
4.656361939349651369e-01
4.660997269493287742e-01
4.663572601443756738e-01
4.665402925265328404e-01
4.666315008207805870e-01
4.666713287231941121e-01
4.669993915155269959e-01
4.670650762662345579e-01
4.676392449280332153e-01
4.680656913285523024e-01
4.681371143273180269e-01
4.681659701388104500e-01
4.684889466016008974e-01
4.685593266243353039e-01
4.686752682747757914e-01
4.687604469132178320e-01
4.694473328996620620e-01
4.695757756060539578e-01
4.696882178363531724e-01
4.698483042903133788e-01
4.701277382046267772e-01
4.702549261660905477e-01
4.703547265999249993e-01
4.709464774390533237e-01
4.712093075168720668e-01
4.717497283604388247e-01
4.717596608556031690e-01
4.717773422974599895e-01
4.721522566739333460e-01
4.724827232415087508e-01
4.725014054912634598e-01
4.726491034998347440e-01
4.729002995370043538e-01
4.731031919869199687e-01
4.731563673658935043e-01
4.731997396542438894e-01
4.737334272508474386e-01
4.738139403583694897e-01
4.743065201115346241e-01
4.745800178103209976e-01
4.749089943777309863e-01
4.754215053316674378e-01
4.756104269966779929e-01
4.757288344590246965e-01
4.758704254533788758e-01
4.759094699447415922e-01
4.764617403178000310e-01
4.770184915329835351e-01
4.772829137410418143e-01
4.774476700209961955e-01
4.776250632478770131e-01
4.777136015670098712e-01
4.780490298089140055e-01
4.782686536738979810e-01
4.785996611971001791e-01
4.786965191947430975e-01
4.791146743752244253e-01
4.792332813527099833e-01
4.793079966995396624e-01
4.797857774294646549e-01
4.810052268555376487e-01
4.810311829946054551e-01
4.810855401401347708e-01
4.812243174686832159e-01
4.813892601190011833e-01
4.818541175121654474e-01
4.819846007265253252e-01
4.820374182596379176e-01
4.824485698669715994e-01
4.827539435079852281e-01
4.827908707969259527e-01
4.829182330702213588e-01
4.829280989553385584e-01
4.835825516650562039e-01
4.836886562438371673e-01
4.839651288235843896e-01
4.846611903306224378e-01
4.850181412526182179e-01
4.851588284202615897e-01
4.855443914282964180e-01
4.858825550473329091e-01
4.862011045845235913e-01
4.863894865403906032e-01
4.868109891584487814e-01
4.868678422481030887e-01
4.870222687837478803e-01
4.871430277730586789e-01
4.875652060795964693e-01
4.880500757421546987e-01
4.881218058618772004e-01
4.881762064898659825e-01
4.886887800400911419e-01
4.887073762866361859e-01
4.890440373294562826e-01
4.891253893629433636e-01
4.892095514798254219e-01
4.901295404760464547e-01
4.903866739429813548e-01
4.903958509303711910e-01
4.908135012081213389e-01
4.909761162618924146e-01
4.910594730576421374e-01
4.914085357748541605e-01
4.915795163021184910e-01
4.916091243057403859e-01
4.920770520396047232e-01
4.924032572079542480e-01
4.925500996959015776e-01
4.928363347206511369e-01
4.929633866145448629e-01
4.931719188863820102e-01
4.932058113856704895e-01
4.934098842509148652e-01
4.936399189891446104e-01
4.937366810366295433e-01
4.942556775619940113e-01
4.945667690847542208e-01
4.947413365501491245e-01
4.951238417315428353e-01
4.952760595010476385e-01
4.952809790851735450e-01
4.954876384192616334e-01
4.955083873127196781e-01
4.956622756104423488e-01
4.963765743289552668e-01
4.966179009251260323e-01
4.966904433477882241e-01
4.968347101212544636e-01
4.969187274529157650e-01
4.972707805941301018e-01
4.974649373655902762e-01
4.976484034209657237e-01
4.978944507073879699e-01
4.982731892976763333e-01
4.985578583589279633e-01
4.987501830011592530e-01
4.989898270768020061e-01
4.991133561565234689e-01
4.992286835281434798e-01
4.998140462190407418e-01
5.004975362729154886e-01
5.008378097325321132e-01
5.008746647845049305e-01
5.010388314718092762e-01
5.011332655119038471e-01
5.019636687411147546e-01
5.022825289274539529e-01
5.023176164545789524e-01
5.025058290285101537e-01
5.031067843677129447e-01
5.032397960875741871e-01
5.033627707930753425e-01
5.037868991280505249e-01
5.038974902423405400e-01
5.039700821608135151e-01
5.041694871326243277e-01
5.049062572182351216e-01
5.049129110849852609e-01
5.054881424990724792e-01
5.055773208204871194e-01
5.056859104773478997e-01
5.057327239266974361e-01
5.058931272832885018e-01
5.059916199342942011e-01
5.060078246706131155e-01
5.062657276862914113e-01
5.071519507249274694e-01
5.073165729119366585e-01
5.074365535978188069e-01
5.076354635312065877e-01
5.077300472312390456e-01
5.079229569179305459e-01
5.082597706185640885e-01
5.086490692333295316e-01
5.086915778545550992e-01
5.087142305003751197e-01
5.093739381893139795e-01
5.094561138589180915e-01
5.094768086868070034e-01
5.095880320450685286e-01
5.099595037935933384e-01
5.102731217432693311e-01
5.103526248627746620e-01
5.109489308409358443e-01
5.111006651515098698e-01
5.115179639121069100e-01
5.115499564470072924e-01
5.119065348087818990e-01
5.121639546834035883e-01
5.123380842538894919e-01
5.125826275284787181e-01
5.127691812694346041e-01
5.128831538578989546e-01
5.129036475332696687e-01
5.131911832381059746e-01
5.138757253777914702e-01
5.141119752733230852e-01
5.141846904296685228e-01
5.142174757930051410e-01
5.143418910162165236e-01
5.145024348637332601e-01
5.145553912742870661e-01
5.152353384083507848e-01
5.153419889706497559e-01
5.157904045969720075e-01
5.158358952243015105e-01
5.166075244280827761e-01
5.166646715667356782e-01
5.166917290273275176e-01
5.166949154985494008e-01
5.169673262474617781e-01
5.174866277014642524e-01
5.175728177585152689e-01
5.176447007011809598e-01
5.179147994653615639e-01
5.180322536772807851e-01
5.188045127816001134e-01
5.190958108865373344e-01
5.191535307045074266e-01
5.194118991277442143e-01
5.197826592164384030e-01
5.200776479536882713e-01
5.208597156291187025e-01
5.211938623735988818e-01
5.213754038535205471e-01
5.214861137726456430e-01
5.216460833124845209e-01
5.218383418324653578e-01
5.221073782306525635e-01
5.222742731666771832e-01
5.229514534466906950e-01
5.229935858115315472e-01
5.234657024107148837e-01
5.236863187594008595e-01
5.236965233259565089e-01
5.239323004418758867e-01
5.241037705330834351e-01
5.241844423500561234e-01
5.243303576231338470e-01
5.247275943802591769e-01
5.249570763819771946e-01
5.249798121952775620e-01
5.251959448562266708e-01
5.252223884171756119e-01
5.255139840928476636e-01
5.258374523158634295e-01
5.262464504966920531e-01
5.262540045277923628e-01
5.265970214056774346e-01
5.267469043479497959e-01
5.268012280684664095e-01
5.268404326710999230e-01
5.270930640444323467e-01
5.277544896627145432e-01
5.277897923790830781e-01
5.282881197347130131e-01
5.284282534538592424e-01
5.287726925171908343e-01
5.292514631228266708e-01
5.294558224469591012e-01
5.296685553072463248e-01
5.299318449995309432e-01
5.299391291397117509e-01
5.299800355462052082e-01
5.301310511491993394e-01
5.301696163208939883e-01
5.304009893538786935e-01
5.309600040242624663e-01
5.314811217004933308e-01
5.318621842689409407e-01
5.319248918376988655e-01
5.322475275252243065e-01
5.323867011050483766e-01
5.325478918350977642e-01
5.334388766134025017e-01
5.340336270988940148e-01
5.342892234386861228e-01
5.343470930654466988e-01
5.347190042843770197e-01
5.347414281941764713e-01
5.347866018235577501e-01
5.348912722558717414e-01
5.350265493614017043e-01
5.355178472938496581e-01
5.356384320596212500e-01
5.359769360271978700e-01
5.360373523213539659e-01
5.364596937589904968e-01
5.368067834468839283e-01
5.371166289877626898e-01
5.371741774060622143e-01
5.376990359963146338e-01
5.377672498577494853e-01
5.380314652820411547e-01
5.383895005340701978e-01
5.385657386185156437e-01
5.398658063294253795e-01
5.398794978971015457e-01
5.401832104184646210e-01
5.407690088814662843e-01
5.410500006340401846e-01
5.414166474698407505e-01
5.414865787069624847e-01
5.423171689927286376e-01
5.431648731099983918e-01
5.433741727501379959e-01
5.433768914807209915e-01
5.434533297602531787e-01
5.439556532776066433e-01
5.440534486025783156e-01
5.447147654327486599e-01
5.448290493755952868e-01
5.450310334896224518e-01
5.451129214525104461e-01
5.453958959936565654e-01
5.454005517884514820e-01
5.455511332465271535e-01
5.460142520636729335e-01
5.462282439620635976e-01
5.465716026020278617e-01
5.466035056410839532e-01
5.470888082276097464e-01
5.479634806673602254e-01
5.484958310017601368e-01
5.486745511340855863e-01
5.492238842748669025e-01
5.493677394590569252e-01
5.505347204572323960e-01
5.508053262086146651e-01
5.512899129921245978e-01
5.514988472518519425e-01
5.517824409924938500e-01
5.518226820765987917e-01
5.519837263876206102e-01
5.520350522339614319e-01
5.526639223519941302e-01
5.528349804365627618e-01
5.535414718324082051e-01
5.539868043393358921e-01
5.540570513536917652e-01
5.542278868319387986e-01
5.543518333127597231e-01
5.546762930217974397e-01
5.548498599018333310e-01
5.549055455077730459e-01
5.549489160913436692e-01
5.549520093221947947e-01
5.562129506366522147e-01
5.563548312986991151e-01
5.565119561877326371e-01
5.565783446763195030e-01
5.567980938933048130e-01
5.570409507988703934e-01
5.570750215284658857e-01
5.572776556003667947e-01
5.577979141414391995e-01
5.585536990729460527e-01
5.586268927807893636e-01
5.587531157853476982e-01
5.593318287421706891e-01
5.598201408523624245e-01
5.600063940990522848e-01
5.606696892715453684e-01
5.607165818756916220e-01
5.611149731537296015e-01
5.611812275425870356e-01
5.618567484912986298e-01
5.619506996874399363e-01
5.623847068117483472e-01
5.627114503952567182e-01
5.628818350645066193e-01
5.631395726375953981e-01
5.634175240238261662e-01
5.634197826688809307e-01
5.639999166130411634e-01
5.642937930819802439e-01
5.647726397627303996e-01
5.648566867872433228e-01
5.652515271643534511e-01
5.658515212006428596e-01
5.659585057348198722e-01
5.661982803889892280e-01
5.669817414739407591e-01
5.670278753142004025e-01
5.675363813692232418e-01
5.675655865466544547e-01
5.676826579407560081e-01
5.677713771167468559e-01
5.682974624966061761e-01
5.684665059732794123e-01
5.687504904389916183e-01
5.691592430187916163e-01
5.695632685544164131e-01
5.698722628005409296e-01
5.707837036954526155e-01
5.708330331274201752e-01
5.709193094819206005e-01
5.709543577049048801e-01
5.712170826471175689e-01
5.719236709177681899e-01
5.723017934682945729e-01
5.725293358232986796e-01
5.728727054034570276e-01
5.736280830097569838e-01
5.737420286277806758e-01
5.737921566341174229e-01
5.741719337811914681e-01
5.742342865657902307e-01
5.749247308872421636e-01
5.752520885529054384e-01
5.754469643980248961e-01
5.756048026771375392e-01
5.758697200832929575e-01
5.761571500334909945e-01
5.762519338952923897e-01
5.766927436995947787e-01
5.768266482725162847e-01
5.771658980595200106e-01
5.772124936093999681e-01
5.777027223588330207e-01
5.777296328778841472e-01
5.779230176256361373e-01
5.780677160126884706e-01
5.781517268382200259e-01
5.784001115448843544e-01
5.787782519441954099e-01
5.788380367736144505e-01
5.790516335404828352e-01
5.792732491624889013e-01
5.797718239965625742e-01
5.806487147924863645e-01
5.809711971829615296e-01
5.811699623489450239e-01
5.812044429231363329e-01
5.814068926873943166e-01
5.816213867391326620e-01
5.819992669608091695e-01
5.822090518130476067e-01
5.822481159148660268e-01
5.823908220128806157e-01
5.831313546664740333e-01
5.833863885964900575e-01
5.834087707543701429e-01
5.839092919979391727e-01
5.840464093057646799e-01
5.847482242429342669e-01
5.850325648679001178e-01
5.853794673835128748e-01
5.857197833744756110e-01
5.858478329058335321e-01
5.861428623539653993e-01
5.866242241487739095e-01
5.867069095415482494e-01
5.871530503914228483e-01
5.874350456810392140e-01
5.876603263222206497e-01
5.878872510578493360e-01
5.881133835599126058e-01
5.881412364657643277e-01
5.886549127537941128e-01
5.894221661204974705e-01
5.896326327567269487e-01
5.896491189808928945e-01
5.902077672347297854e-01
5.904856171535582954e-01
5.909446520661901792e-01
5.911288512065755452e-01
5.912468814693515595e-01
5.914861841109463336e-01
5.917535598397486440e-01
5.921011326723734092e-01
5.925539980897374104e-01
5.926150547690411940e-01
5.928305128438199345e-01
5.929725615891340285e-01
5.933116604864983046e-01
5.933989620219947136e-01
5.935356097662236596e-01
5.940326954772919832e-01
5.949494814049914870e-01
5.951406312841238666e-01
5.952636694523378846e-01
5.953049816049437171e-01
5.957003506012255034e-01
5.957633089980234331e-01
5.962840351660481097e-01
5.968548432659823710e-01
5.968726826478244485e-01
5.970555867181522869e-01
5.972503065903922437e-01
5.975593788906402581e-01
5.984574997911270566e-01
5.988240282224392974e-01
5.989158097839779593e-01
5.989568081563428903e-01
5.994052665857547701e-01
5.999076343226941166e-01
5.999395743081520349e-01
6.003931648984301983e-01
6.005386622637625127e-01
6.010161402021753085e-01
6.010221658128799271e-01
6.013233736757016556e-01
6.013938987638998146e-01
6.016063680352835563e-01
6.020564047224751247e-01
6.023983908499979112e-01
6.027724786444678129e-01
6.037244987831702492e-01
6.040073224022328713e-01
6.040585313268730383e-01
6.041663968257218187e-01
6.046278850063326882e-01
6.047038738955344828e-01
6.049854386479706081e-01
6.053134331765890330e-01
6.057343444399978516e-01
6.059445837370738275e-01
6.061862702316020979e-01
6.067401565311533185e-01
6.069613139299557814e-01
6.073227137876684445e-01
6.075177912572775618e-01
6.078245240838151542e-01
6.082270841231747216e-01
6.087701365497577566e-01
6.091416776623341800e-01
6.093603483643650343e-01
6.094078295178988469e-01
6.096789302938180333e-01
6.101812320414462532e-01
6.102708577203568296e-01
6.109053018300392157e-01
6.109989510498632370e-01
6.110692141532340083e-01
6.111234395617968218e-01
6.114736351966332251e-01
6.118819619965983891e-01
6.120271750460901661e-01
6.122483969598169207e-01
6.124720378294972178e-01
6.134233063148621934e-01
6.137827697130477933e-01
6.138993545828306253e-01
6.143396297460518296e-01
6.147352412017251799e-01
6.149813219109087070e-01
6.157721671029836585e-01
6.163126951114261676e-01
6.167153699424997582e-01
6.173495063132307115e-01
6.182192527773969770e-01
6.182993324804216817e-01
6.188491469371959486e-01
6.193272578768646008e-01
6.201818829380910669e-01
6.202435068753590075e-01
6.204063129798547127e-01
6.205035384519792530e-01
6.205522060627554071e-01
6.211802791596180429e-01
6.217426377277328609e-01
6.221347228770472970e-01
6.223401035911205748e-01
6.228008686127041171e-01
6.229918239631434540e-01
6.234470437479697758e-01
6.239407199167538165e-01
6.242097399484889397e-01
6.246914544645216782e-01
6.252408547344674439e-01
6.255631524012061906e-01
6.256785896117552648e-01
6.256827833407448969e-01
6.258840394672391394e-01
6.265401259478142748e-01
6.272394912995158389e-01
6.277907062957044371e-01
6.279630398095530364e-01
6.282337589881816786e-01
6.285299939195752028e-01
6.286151192998411519e-01
6.286412178851822352e-01
6.292849643080404842e-01
6.302459698380268316e-01
6.312508836661299139e-01
6.315638377515140345e-01
6.316022180038081135e-01
6.319101726194213953e-01
6.321483869144809420e-01
6.325834887553000163e-01
6.327487302942568226e-01
6.327551519580651984e-01
6.330206289692554833e-01
6.337758289617608787e-01
6.344172570517301324e-01
6.348809908788066725e-01
6.352592381642191421e-01
6.362582783075324544e-01
6.364392952253319358e-01
6.367509558002230063e-01
6.370470135633039543e-01
6.376479120639994003e-01
6.386737307349653614e-01
6.388117643783196575e-01
6.389231368195005256e-01
6.394791382103252042e-01
6.396382751857184745e-01
6.402124679388714323e-01
6.409490379777872393e-01
6.409681657891160844e-01
6.409983885384038516e-01
6.415109904927679407e-01
6.419857711342239481e-01
6.424985458791171444e-01
6.433904658842273250e-01
6.438068263329002061e-01
6.445453780474896810e-01
6.448822529245652468e-01
6.454321003829086578e-01
6.458599491777321511e-01
6.460327690973132198e-01
6.461588322362175063e-01
6.462585772783946414e-01
6.468793375739704254e-01
6.474488866152202649e-01
6.477300554007814348e-01
6.483044209331224605e-01
6.486315906777214702e-01
6.501076362211818394e-01
6.503330583202759918e-01
6.508648350846976127e-01
6.514283400439423444e-01
6.516537444084761210e-01
6.517940013249472475e-01
6.519499917843261105e-01
6.523132223642076344e-01
6.526842410068278699e-01
6.527120741332500531e-01
6.542520938334041025e-01
6.542850522318478523e-01
6.544985764589147381e-01
6.545538385713497442e-01
6.552438803666915668e-01
6.556106803228022306e-01
6.564627529471267486e-01
6.564715668233805923e-01
6.576265861640507859e-01
6.576355570486591695e-01
6.583280958534304395e-01
6.585018869950697296e-01
6.590996736952557944e-01
6.594555099615735383e-01
6.602334381944721109e-01
6.605238462450674364e-01
6.607138056414711969e-01
6.616675056927319165e-01
6.620544995520225573e-01
6.629249051677390536e-01
6.633012247433365260e-01
6.633538484210284025e-01
6.637652512085517875e-01
6.644540771033627946e-01
6.650170741554617404e-01
6.650266088392333685e-01
6.651842687750622041e-01
6.654274982917712800e-01
6.662014144278420869e-01
6.664351972066212548e-01
6.669788959515607907e-01
6.670717652446281898e-01
6.674085898273105499e-01
6.678224807742331182e-01
6.686023993190839398e-01
6.691560858473343254e-01
6.704165237360076857e-01
6.709849513374518404e-01
6.709904490121227916e-01
6.711862253698078762e-01
6.714798845025032881e-01
6.719470819308137610e-01
6.728299456478633589e-01
6.728899251653032154e-01
6.744749944836673228e-01
6.750995652273629188e-01
6.757842835901647360e-01
6.758366440060636915e-01
6.769813159582038775e-01
6.771875167535054141e-01
6.779011559578540513e-01
6.779629670472264724e-01
6.783876276308902220e-01
6.793197144496054829e-01
6.800121946054707989e-01
6.803881668828211104e-01
6.817146818692428889e-01
6.817945949723713817e-01
6.825375517430732897e-01
6.836258615453743026e-01
6.842315385973455344e-01
6.843999756159930836e-01
6.845088453232042180e-01
6.850366369373508402e-01
6.864605513330456210e-01
6.866482855700182242e-01
6.870975244837081997e-01
6.875536979023435524e-01
6.886591363365504037e-01
6.888112486755876285e-01
6.895676962256006570e-01
6.900668371948750490e-01
6.918580868711657894e-01
6.919605943958629934e-01
6.925344472856552747e-01
6.935865513069550126e-01
6.942168954521564794e-01
6.945163096640035727e-01
6.947492714670020497e-01
6.963428510490748957e-01
6.965017379918223561e-01
6.967264566195611186e-01
6.971797573472906517e-01
6.972422443234375100e-01
6.976707211272606957e-01
6.987634708134674577e-01
6.994501454276074170e-01
6.996558948414245416e-01
7.020824605862641121e-01
7.021122256088920821e-01
7.021319857673264941e-01
7.032789794308815789e-01
7.038003660273915996e-01
7.041769914924632667e-01
7.048540124259683459e-01
7.058405845498608722e-01
7.062220743603839779e-01
7.074001408642602851e-01
7.075842257934743529e-01
7.080598874118101405e-01
7.103230606930304170e-01
7.116085176389430611e-01
7.118618670701587492e-01
7.142367184319151630e-01
7.151326097492827216e-01
7.156490993019238855e-01
7.163436341822022602e-01
7.172250665146043813e-01
7.174625514784971347e-01
7.179771909456754697e-01
7.193907080264368981e-01
7.202418687636096273e-01
7.203840371525809250e-01
7.211282405478530722e-01
7.217837682450699566e-01
7.221676349229972924e-01
7.236485048888541272e-01
7.254707509253219833e-01
7.267159272817580451e-01
7.269500925027148064e-01
7.272166158171540218e-01
7.277088836425468221e-01
7.298379428081596121e-01
7.304605403725644708e-01
7.309701146277794992e-01
7.311468291002610753e-01
7.315239194174664172e-01
7.323572353363024812e-01
7.325204212442787410e-01
7.327212068553730084e-01
7.347206259006564544e-01
7.350800620330532054e-01
7.361106075371783852e-01
7.385364047664199072e-01
7.385736923995137593e-01
7.408786578075096108e-01
7.432117034927211430e-01
7.433070997796064061e-01
7.450940586059360271e-01
7.451668728344037484e-01
7.464593719573932029e-01
7.473338030633710494e-01
7.479322025597597845e-01
7.496295015714455889e-01
7.502889805050977357e-01
7.507604907947599271e-01
7.516099234437791932e-01
7.538838982925581966e-01
7.544611843767060622e-01
7.551721853650241734e-01
7.586054660009676764e-01
7.587715012877060961e-01
7.619987883660315209e-01
7.626890197613547251e-01
7.641034737270090416e-01
7.645014434220323007e-01
7.676122876665736339e-01
7.695637912410590031e-01
7.790342807918189116e-01
7.803238519028172782e-01
7.816490904263942996e-01
7.823001861215644892e-01
7.902055641762272264e-01
7.915904977997894054e-01
7.924705046290345667e-01
7.927742084495247310e-01
7.959671645554906583e-01
7.962549558332217003e-01
7.967366557054461618e-01
7.974772263392191363e-01
7.981501164257545078e-01
8.035011071933009230e-01
8.046136325836015235e-01
8.055698387668026594e-01
8.075782130694225680e-01
8.085607403413781480e-01
8.126978548855761098e-01
8.178993667053315875e-01
8.186300251974589770e-01
8.215671754161240070e-01
8.346384261368899882e-01
8.356191904002868709e-01
8.406554440010440832e-01
8.409980062726681860e-01
8.414557734402077216e-01
8.424373508730728100e-01
8.430679426146839850e-01
8.454428324331954014e-01
8.516627387609142508e-01
8.535639633551247440e-01
8.659341587288832409e-01
8.666873124773131210e-01
8.742145780245944575e-01
8.747969424948767170e-01
8.855322627481583275e-01
8.864988166692970850e-01
9.846463314165503355e-01
9.870847109965849020e-01
9.878089949161226180e-01
9.891276370214509006e-01
9.968256351646397340e-01
9.977593432478337743e-01
9.991976799222569428e-01
1.000000000000000000e+00
