# sorted relative singular values (kkt) field=gauss eps=0.5 N=12 n=3601
7.641946728212655479e-04
9.528190302114720360e-04
1.006598695561482367e-03
1.043232814333830676e-03
1.058514031514646127e-03
1.096739018813874507e-03
1.185852535339804647e-03
1.262877863746995292e-03
1.345184490800470280e-03
1.447667195610334709e-03
1.534927363855725447e-03
1.549012333191798806e-03
1.644981055989433363e-03
1.734969043922716210e-03
1.786141929273069506e-03
1.935512498110527127e-03
1.967424207379030784e-03
2.124124844467509179e-03
2.185945049248880483e-03
2.288954263900401694e-03
2.316336992771323919e-03
2.480453647802091568e-03
2.599740254234669899e-03
2.683489233556058447e-03
2.769839524180637766e-03
2.804207227840120002e-03
2.877306098223007466e-03
3.000264320145965610e-03
3.086741613478004992e-03
3.182421430692943497e-03
3.429645698347568404e-03
3.766401742196914988e-03
3.973711544830298495e-03
4.017349828374122689e-03
4.046433273960730291e-03
4.314101452005738267e-03
4.416489971797763793e-03
4.486187580245201700e-03
4.529537509908630223e-03
4.676148803747540508e-03
4.743821869056052444e-03
4.771495888384520191e-03
4.948516286837092298e-03
5.068049684887262173e-03
5.142231047657286683e-03
5.276662888956644079e-03
5.320219311006651151e-03
5.387662284914633212e-03
5.459912974785948933e-03
5.588113895584096054e-03
5.627738058159487827e-03
5.852261586333223388e-03
5.890408698476875919e-03
5.932685808408152961e-03
5.975903863442705646e-03
6.122925721300151100e-03
6.241590700895362567e-03
6.283989022486873716e-03
6.455571335586894437e-03
6.536223932504635868e-03
6.618737154241645035e-03
6.652270078863365549e-03
6.717327656976186494e-03
6.749478561873916045e-03
6.839718353674699609e-03
6.852362914630985395e-03
6.942645222842347766e-03
7.041079254592345904e-03
7.209133124484680757e-03
7.259040644072674124e-03
7.347269661021249045e-03
7.438127682270161481e-03
7.581785536272925979e-03
7.676154485457704554e-03
7.710253500165172545e-03
7.785821755345853634e-03
7.799765537584258529e-03
7.916066979559379171e-03
8.056186652587846511e-03
8.118634828135315104e-03
8.177715601331564735e-03
8.284674586438840749e-03
8.342549224840067890e-03
8.415190145233416782e-03
8.519615339367462431e-03
8.567606259282168832e-03
8.600047280154820770e-03
8.648468355647627101e-03
8.790360601766650933e-03
8.932674257525825140e-03
8.988641595755724606e-03
9.059216528776036989e-03
9.172008464176258785e-03
9.271717148813160211e-03
9.299870997415667431e-03
9.409587214257627771e-03
9.494168775694538862e-03
9.660863309443171176e-03
9.691048970963971401e-03
9.749298944318437674e-03
9.758823841947693659e-03
9.814817537738830880e-03
9.933963188530481672e-03
9.957148284859006909e-03
1.003126791808478004e-02
1.015001831702318918e-02
1.023564237883450682e-02
1.032121258692439252e-02
1.033701902624581566e-02
1.041185497358337701e-02
1.051075617587675197e-02
1.061250911946327521e-02
1.067334357265563305e-02
1.071139617414523446e-02
1.083333482102708661e-02
1.090792960850706789e-02
1.097894474861748140e-02
1.100565027014295365e-02
1.103650389282074228e-02
1.109355221226655114e-02
1.119195661209989624e-02
1.122542782578629314e-02
1.126501730300099799e-02
1.132719581158786980e-02
1.157749580896124189e-02
1.163518232304034880e-02
1.171803676673828509e-02
1.188165267664485943e-02
1.199625258271520487e-02
1.203091029130788116e-02
1.219147052706341314e-02
1.223873640370699151e-02
1.238811751860022757e-02
1.244612657296183429e-02
1.248396629145657327e-02
1.260549887911445281e-02
1.267985232039149472e-02
1.279259994796230065e-02
1.294611139379775802e-02
1.295049068176408295e-02
1.300781726498603276e-02
1.304792233252005315e-02
1.319153863600486774e-02
1.327399774192868434e-02
1.331386014847316633e-02
1.336461625266410075e-02
1.341530104053909912e-02
1.355654149740809396e-02
1.361505791449933375e-02
1.368741710144177545e-02
1.372799325117960399e-02
1.383872272167994792e-02
1.403164675068932325e-02
1.413674906126589394e-02
1.415611649279304926e-02
1.428469362469659935e-02
1.442907569442830433e-02
1.446808294350515611e-02
1.458844575335320991e-02
1.467973539890627364e-02
1.474125600060464773e-02
1.484544871448276702e-02
1.495647780078163819e-02
1.505599684638863657e-02
1.513763504525418233e-02
1.518539655732664174e-02
1.532684283716305787e-02
1.541388809542323761e-02
1.558308241248370675e-02
1.563782202089248827e-02
1.567919378665658808e-02
1.580406120049913932e-02
1.590657313877077289e-02
1.598379976009845979e-02
1.601449958968772028e-02
1.608323226816465654e-02
1.613323589097545932e-02
1.621262951732665991e-02
1.638890250714519076e-02
1.641775191978486412e-02
1.643389056924307243e-02
1.647726618546746166e-02
1.658540021651287721e-02
1.670796046197539977e-02
1.677519985926772400e-02
1.694805246347571431e-02
1.700696578267088185e-02
1.703776506863483725e-02
1.721214303642284310e-02
1.722002929731773074e-02
1.738155857801326407e-02
1.741777032442328940e-02
1.753190043491677924e-02
1.754989458513108933e-02
1.763427242438319470e-02
1.774685230697027605e-02
1.775689583754661016e-02
1.786266698659161670e-02
1.794280706079667137e-02
1.802914347569668091e-02
1.812636924993206097e-02
1.816019066817881750e-02
1.822187465503004658e-02
1.837497013778804228e-02
1.843987169215058342e-02
1.849199963351111711e-02
1.851770291164455545e-02
1.854725531956158066e-02
1.858653384780284759e-02
1.869452227163482735e-02
1.873513275816010570e-02
1.878624535354362496e-02
1.896197163558840937e-02
1.902689421899856834e-02
1.912001597498272018e-02
1.918030975420696380e-02
1.932247232919639263e-02
1.941047332435656692e-02
1.951771804279831685e-02
1.958039321059987584e-02
1.962416006659627871e-02
1.970805377845229536e-02
1.977672953229616531e-02
1.980124811996888945e-02
1.987416743004702391e-02
1.992917335593462347e-02
2.004159985598347876e-02
2.014204976786350756e-02
2.019167396943616702e-02
2.025333061023868592e-02
2.034696954151190770e-02
2.039221529096663099e-02
2.055563035405958902e-02
2.058980676737401719e-02
2.071721087610314815e-02
2.079457768828910091e-02
2.080602664459708581e-02
2.091041193820047592e-02
2.091107884908017037e-02
2.101695031034611638e-02
2.106063142881715866e-02
2.119229720491932339e-02
2.123348120463483882e-02
2.126063894122532175e-02
2.138260039543061694e-02
2.148768551363999454e-02
2.150801458298752522e-02
2.160437304241106388e-02
2.167022838013278954e-02
2.175840173648932799e-02
2.183102054798805383e-02
2.193753133776194311e-02
2.195166365482846549e-02
2.206551682618801413e-02
2.211645953328929964e-02
2.217709878671065421e-02
2.222300807402012926e-02
2.237138016235712054e-02
2.247462670538724269e-02
2.254641594621136641e-02
2.256890157893594318e-02
2.266628176783711673e-02
2.274260919702746422e-02
2.280506546727412501e-02
2.290662280219704292e-02
2.295773113681741362e-02
2.303548379806584848e-02
2.309764838681975171e-02
2.312790823402194676e-02
2.321722339000536345e-02
2.331340723922151886e-02
2.348136989162579250e-02
2.358455026018015793e-02
2.361416073808565719e-02
2.370988972721776653e-02
2.383799024898681021e-02
2.389048631391551061e-02
2.394923790773022254e-02
2.398719406160735451e-02
2.403017676812371425e-02
2.416795408715550000e-02
2.420652981082905414e-02
2.420982904384414228e-02
2.433102622702168136e-02
2.440361652276755097e-02
2.445283812255439129e-02
2.455680926066106454e-02
2.460418517195225169e-02
2.463407151388285685e-02
2.469269474269148931e-02
2.476146338589150370e-02
2.491120824443819257e-02
2.500944325025282119e-02
2.503272419311348279e-02
2.507599642104613516e-02
2.518759965611912233e-02
2.527541879996175397e-02
2.533420636368660661e-02
2.534512968124689666e-02
2.540477689037787604e-02
2.548850220521556992e-02
2.554149275206515565e-02
2.560887696764332574e-02
2.566204829448505767e-02
2.577230986561425408e-02
2.579186084289618666e-02
2.588292820682753376e-02
2.595831505964009064e-02
2.603054304138750774e-02
2.609022721775147019e-02
2.613398487878195939e-02
2.621183815281322160e-02
2.627167339127995174e-02
2.633026852378973076e-02
2.646600471383538794e-02
2.648942955329770463e-02
2.655658000631407403e-02
2.659755736220646705e-02
2.672596071838732185e-02
2.677457776971830725e-02
2.682598576165817761e-02
2.689032171286014419e-02
2.696850154201220831e-02
2.706407006427201736e-02
2.707520735217713859e-02
2.718580457248213206e-02
2.719720394656148163e-02
2.722975885302452576e-02
2.730079263232944309e-02
2.743989431803359885e-02
2.745982242322104333e-02
2.753724517299406885e-02
2.762094729075597471e-02
2.767015547148619914e-02
2.770990082960105017e-02
2.781913273834266120e-02
2.791371937113274609e-02
2.794830436571177357e-02
2.806602139759477310e-02
2.815502701752464407e-02
2.827145599343846433e-02
2.833441616897905760e-02
2.843638423920890126e-02
2.848625737853654333e-02
2.856378106310661705e-02
2.858179510029911982e-02
2.864961301931937682e-02
2.870393670314961079e-02
2.878511052216187888e-02
2.888399697050727730e-02
2.892680245166222644e-02
2.897222074146090648e-02
2.901412080139732785e-02
2.907722218532289918e-02
2.920702775583529365e-02
2.923277831541403263e-02
2.923886459603455834e-02
2.929641284691777287e-02
2.938467147287244022e-02
2.952054858421372316e-02
2.953263241526530788e-02
2.957010460888312431e-02
2.963347632883087113e-02
2.965685305001230371e-02
2.975226222059036002e-02
2.982790673926381114e-02
2.989619886047533565e-02
2.996710694313614934e-02
2.999149786856006306e-02
2.999994839412840203e-02
3.011636103730292932e-02
3.016185744426659252e-02
3.019121087272227597e-02
3.023767698613832877e-02
3.027101187673079258e-02
3.039380368039842212e-02
3.043068803254991850e-02
3.048114909156453278e-02
3.054509721979941847e-02
3.067469349009478360e-02
3.077382917191617481e-02
3.080091243969230660e-02
3.082927943217606687e-02
3.089104969823571606e-02
3.098622762685245349e-02
3.105944955112593941e-02
3.118005035861834418e-02
3.127300084275524972e-02
3.129711154070645429e-02
3.133480231377271802e-02
3.138991423267389197e-02
3.149177524642680220e-02
3.152894338370435673e-02
3.157533623909980491e-02
3.161745709146020211e-02
3.170955031853216893e-02
3.175736269678289952e-02
3.187838412463602639e-02
3.192093080986654202e-02
3.204517007691243952e-02
3.209947973445480968e-02
3.212708387361538215e-02
3.215566463082513565e-02
3.227333562240998488e-02
3.238914106296448409e-02
3.241488502547375944e-02
3.247807083222350316e-02
3.250943832069876083e-02
3.253088691066085419e-02
3.262989153567728839e-02
3.272056296097845818e-02
3.274810923148212261e-02
3.281020526665115455e-02
3.284771704853133717e-02
3.300402489285578916e-02
3.313252181458255230e-02
3.315183932526265947e-02
3.318521954463853063e-02
3.323724768136497587e-02
3.328240888289787924e-02
3.340233482657250369e-02
3.341197944258226388e-02
3.343184559706391390e-02
3.345897170456259978e-02
3.347390786067314106e-02
3.348450007295643294e-02
3.357792731080330717e-02
3.365872026925343513e-02
3.377406131317937932e-02
3.380952685524227924e-02
3.388275942797868562e-02
3.394550976376893570e-02
3.399944911309948220e-02
3.404196225923450392e-02
3.411793101998252670e-02
3.418849639490025016e-02
3.429019498190494925e-02
3.430747448358374002e-02
3.440081751509955349e-02
3.440451275257881691e-02
3.449501242201940404e-02
3.453022589917880553e-02
3.458657424071012731e-02
3.459301074995849157e-02
3.462430459004422340e-02
3.476051077114004906e-02
3.483091933484377262e-02
3.487061489405410969e-02
3.488759132462198459e-02
3.493789624892241347e-02
3.498548009678904835e-02
3.502085971484189542e-02
3.510606213757457711e-02
3.513462487801499029e-02
3.521620810361233977e-02
3.527666873425716609e-02
3.538627666368406033e-02
3.539080044850161089e-02
3.542178244838715268e-02
3.549238204168909255e-02
3.551444493248607365e-02
3.553214991329438355e-02
3.556452682657239295e-02
3.569869891444404225e-02
3.572445756359413083e-02
3.574756482339006003e-02
3.586501527500931402e-02
3.587785657526542521e-02
3.598838607603433576e-02
3.601738649981869184e-02
3.603644659629048203e-02
3.611872111394315299e-02
3.615355967370585677e-02
3.616905210347866328e-02
3.629937661531364157e-02
3.635276252420904103e-02
3.638072458736345965e-02
3.648682329333138852e-02
3.651564925227752251e-02
3.652467657391787054e-02
3.657317048940790516e-02
3.661744412227233708e-02
3.668915192709544526e-02
3.676107606813418943e-02
3.688981504085216828e-02
3.689846191184244922e-02
3.694814690020761794e-02
3.696896823249476438e-02
3.703054477985150833e-02
3.708586201350028144e-02
3.715207420782588865e-02
3.718708252212660215e-02
3.730258865157912856e-02
3.733648791673774975e-02
3.744885109124359429e-02
3.754199145243303920e-02
3.754760146679869681e-02
3.757536645937604308e-02
3.761199953568218624e-02
3.764943818069172582e-02
3.771326615629795598e-02
3.781391361623685082e-02
3.788885863246602842e-02
3.794889585570779961e-02
3.798613820685151771e-02
3.800444861307416405e-02
3.809124568733455313e-02
3.813029187908048567e-02
3.813312981846175842e-02
3.823263911623417388e-02
3.829678277843449885e-02
3.831204939884618604e-02
3.838133288371621543e-02
3.839521457481636507e-02
3.843991314589659952e-02
3.847930465974151726e-02
3.853167442410286581e-02
3.861384993980192248e-02
3.867158417561246397e-02
3.872739475813474080e-02
3.882513041330912934e-02
3.883751246597050288e-02
3.886787531168395260e-02
3.890973831379873626e-02
3.898663003163134466e-02
3.905434603182223602e-02
3.913119948065101744e-02
3.914847046223519922e-02
3.918787325024000040e-02
3.924574045564879071e-02
3.925528695558763714e-02
3.939102265199000835e-02
3.944723249868747894e-02
3.955480974328477034e-02
3.960121911531740840e-02
3.962312500259043690e-02
3.966988933646391907e-02
3.975384610996897383e-02
3.977433249797469872e-02
3.984346868079419873e-02
3.992203244358680930e-02
3.997729950620756978e-02
4.002265807857654373e-02
4.006928975738952708e-02
4.010419476053109222e-02
4.017738132021095310e-02
4.023153231291323739e-02
4.026310541044315211e-02
4.038422455758961666e-02
4.044132419872855516e-02
4.044914412451144914e-02
4.054376061496701295e-02
4.055307179127217582e-02
4.059105665359161869e-02
4.066494469476508028e-02
4.068794525495072339e-02
4.074348906966453882e-02
4.076488980337646117e-02
4.082612394224675867e-02
4.087180526669567660e-02
4.094537061282901153e-02
4.102097700620901261e-02
4.110470241153409143e-02
4.112724364750228179e-02
4.121019291245387600e-02
4.123133695577803348e-02
4.126100607375365881e-02
4.128201902031509996e-02
4.129142350405030221e-02
4.133898516809293711e-02
4.140209385014653742e-02
4.149812348224615755e-02
4.156365069827614583e-02
4.159170162226446393e-02
4.163920668857130913e-02
4.172931285132604196e-02
4.178283798891116452e-02
4.180806002602734800e-02
4.192016267867224727e-02
4.196587317392421607e-02
4.201408339040772072e-02
4.207538179610319229e-02
4.208631235233828427e-02
4.215839070338500000e-02
4.218001391758443436e-02
4.224532478462834917e-02
4.225685231183053808e-02
4.226520306977716440e-02
4.228800443728976399e-02
4.235664083721415313e-02
4.241391004019588740e-02
4.244434888700613501e-02
4.249700004736620129e-02
4.254262875486881229e-02
4.261778107967951340e-02
4.265561285740238767e-02
4.274306624627823709e-02
4.278584979232682994e-02
4.281372495480063184e-02
4.289415948652824245e-02
4.293841839347108807e-02
4.303474567709129894e-02
4.304609979530808761e-02
4.306598332904942872e-02
4.312615754448276273e-02
4.318918401898144688e-02
4.323798302567812696e-02
4.330622370388065995e-02
4.334391086206254573e-02
4.341628714247646598e-02
4.345462260926419296e-02
4.352032439389572765e-02
4.365280457928136931e-02
4.365459463801069778e-02
4.367790512759751193e-02
4.372228953841746785e-02
4.376300774436255037e-02
4.378263400753362039e-02
4.387661505889339092e-02
4.389755022854232441e-02
4.391971447394348721e-02
4.394845978029295747e-02
4.401252692400651340e-02
4.408606329913047905e-02
4.412256545452584999e-02
4.416360485594870294e-02
4.423045064087684913e-02
4.425399364304465760e-02
4.433909083947051855e-02
4.436940976177985996e-02
4.445172808281550730e-02
4.446632719328171002e-02
4.452047700863170920e-02
4.462223219892980791e-02
4.465796398506612086e-02
4.469314625405312880e-02
4.476717353189033077e-02
4.478894551707832822e-02
4.483254861384122075e-02
4.498417478926588359e-02
4.501158812139103432e-02
4.504059839939595494e-02
4.509488513449020491e-02
4.510078057997204959e-02
4.514487919287187706e-02
4.519316049411767344e-02
4.520385502926844989e-02
4.522792319965164565e-02
4.532276084261993576e-02
4.534524052973901848e-02
4.537925448358252900e-02
4.546755911911758846e-02
4.549764220137127169e-02
4.555152198709126743e-02
4.557940673286123290e-02
4.571046295581528834e-02
4.575627335920103012e-02
4.581850035894659279e-02
4.583175948315993536e-02
4.589609565576360795e-02
4.593483737611861462e-02
4.599546475095405568e-02
4.603352367648379240e-02
4.608005104553564157e-02
4.614637282334799195e-02
4.622515617844483865e-02
4.622532030782982443e-02
4.625575654434259387e-02
4.627492023948280575e-02
4.631371710976812245e-02
4.638113806154306462e-02
4.641850808569324138e-02
4.645987848534886833e-02
4.651196927969371980e-02
4.660957857601021742e-02
4.662404766151814761e-02
4.665078222600226726e-02
4.673458982976835124e-02
4.683681525830078740e-02
4.683866010360587112e-02
4.685169971656026611e-02
4.694074157514281642e-02
4.697978665307892682e-02
4.702580679807165376e-02
4.712146776841144580e-02
4.720494958026856536e-02
4.723573729887545203e-02
4.729176642199647146e-02
4.736824497832797798e-02
4.737273215059490533e-02
4.738189348949454344e-02
4.746273091987911197e-02
4.758935068992457829e-02
4.760686540013766427e-02
4.767934059076593678e-02
4.777660158833453574e-02
4.778229828740398338e-02
4.782174846424001174e-02
4.784413070635187837e-02
4.794131882163912839e-02
4.797208363089672245e-02
4.800157312611951638e-02
4.807282278274582765e-02
4.813276013825239230e-02
4.816767352493320914e-02
4.819360995529101133e-02
4.821453076199834487e-02
4.827395414604668256e-02
4.832298113040571497e-02
4.836781780270022618e-02
4.841503387747983500e-02
4.845016319601651994e-02
4.856773289197448967e-02
4.860106564876680996e-02
4.861314579423908766e-02
4.869636899820251053e-02
4.875787413113532448e-02
4.879844716239081087e-02
4.881109037081324958e-02
4.891038574284006096e-02
4.895503347121104437e-02
4.898154974983723320e-02
4.905031387855587899e-02
4.910240008994033734e-02
4.911527478925507839e-02
4.918642967302778307e-02
4.924146706125069606e-02
4.927382829909561501e-02
4.934480278646347778e-02
4.940173938465185904e-02
4.944903177054002508e-02
4.946195723285662371e-02
4.948052956802156954e-02
4.955887255632245719e-02
4.957465659367447930e-02
4.969061330503255630e-02
4.976577787940470593e-02
4.981668810417082260e-02
4.985500154569200842e-02
4.989819988231270625e-02
4.994170175344214008e-02
4.998786478003513362e-02
5.002716360191482997e-02
5.009659584390085268e-02
5.015227348357716164e-02
5.015928819927587684e-02
5.019053598064743965e-02
5.021906716968337070e-02
5.022950520518075501e-02
5.029338163887353552e-02
5.033152119068962788e-02
5.043627639099074883e-02
5.050936995158554488e-02
5.061035126796154665e-02
5.063762742614491552e-02
5.069670342752700953e-02
5.071788477324501443e-02
5.081222191062316484e-02
5.085674922945650211e-02
5.089963516628566442e-02
5.097027772865086320e-02
5.099286252345556353e-02
5.109048413177125214e-02
5.115658519665051973e-02
5.116389886242202201e-02
5.120372472368921180e-02
5.126634508658086536e-02
5.128356847070022345e-02
5.131788363793614999e-02
5.137613916494951360e-02
5.143543500717084188e-02
5.148736906304792610e-02
5.152857988709180770e-02
5.156652486535523439e-02
5.166607244191041837e-02
5.167994768949111389e-02
5.169467272740377317e-02
5.178992905871024344e-02
5.181606484587593375e-02
5.185732317078541737e-02
5.189388436630342633e-02
5.194356078835823953e-02
5.201870358215809204e-02
5.210209019657203317e-02
5.218937633650965607e-02
5.222846523905878141e-02
5.227492927914336590e-02
5.231592447450045258e-02
5.234188761951578256e-02
5.239549891888145572e-02
5.244323829404327203e-02
5.254229589545370699e-02
5.254958528990245903e-02
5.258611291356145301e-02
5.262959803746937448e-02
5.269287197048073967e-02
5.273097890705819024e-02
5.277743628545342874e-02
5.279640448197030211e-02
5.284399848814480549e-02
5.291242588714539091e-02
5.292795770573080483e-02
5.299755147516404391e-02
5.303907439623678499e-02
5.309386980907979808e-02
5.312563046847870729e-02
5.315588484700033145e-02
5.319339359452000121e-02
5.320478918276497216e-02
5.324375781083341003e-02
5.331545397826346899e-02
5.335719206502554518e-02
5.337362091163883049e-02
5.342948559617922977e-02
5.346453706167427627e-02
5.356604429512204502e-02
5.362599270894271436e-02
5.373067798473363937e-02
5.373844387119123406e-02
5.379473431015632107e-02
5.386717590571839936e-02
5.388835881615796491e-02
5.401402652996118575e-02
5.403285811444102915e-02
5.405548206062116279e-02
5.413745139021412800e-02
5.414872153311370284e-02
5.422699085048642703e-02
5.426340924474956640e-02
5.431089548705242409e-02
5.433146525257503967e-02
5.444413377933584458e-02
5.445647297305158951e-02
5.447389231460476183e-02
5.454927824906537215e-02
5.459543996996178011e-02
5.464174714948200062e-02
5.467116446677092179e-02
5.471914940272510491e-02
5.473622592634044826e-02
5.481090771054580868e-02
5.487509859273626001e-02
5.490669414486332861e-02
5.497721520663285261e-02
5.503976789035987249e-02
5.504103283677757447e-02
5.514017602995366363e-02
5.517029219405951423e-02
5.518639427483720827e-02
5.524048197764333534e-02
5.533292375025815335e-02
5.534601367413204825e-02
5.543564591050804957e-02
5.548559537792630003e-02
5.555428393616568261e-02
5.559254092425476579e-02
5.565180535125138078e-02
5.567242476885574803e-02
5.576230278318972805e-02
5.578855932237134635e-02
5.587271978694220709e-02
5.593752000775883970e-02
5.598554427936596606e-02
5.599718958944011754e-02
5.601672442008504005e-02
5.608410315343181907e-02
5.610683576448390747e-02
5.620097016588792432e-02
5.623032257645946969e-02
5.625174485995355217e-02
5.633189906531734653e-02
5.637198136620231309e-02
5.641191508441645991e-02
5.642975686893410975e-02
5.647378771572787726e-02
5.653909227377960922e-02
5.655900427385544826e-02
5.665136552462918251e-02
5.668295868071848015e-02
5.671714506596246125e-02
5.677623238398225858e-02
5.682215735025000769e-02
5.685306280843844401e-02
5.692007414979723123e-02
5.692765380202069458e-02
5.705449869263153756e-02
5.708735484111752273e-02
5.711801718284113122e-02
5.712906233055598665e-02
5.719351556766628930e-02
5.725594433935636551e-02
5.726709527852340970e-02
5.732787258908562944e-02
5.735523500179675466e-02
5.744669943135854301e-02
5.746660596037277136e-02
5.756226310038529276e-02
5.763890875375324296e-02
5.767164637095531510e-02
5.770141629356481672e-02
5.771886541811495352e-02
5.772869719170516112e-02
5.786607235901839591e-02
5.788927486121012156e-02
5.793637342151665426e-02
5.796812946726671162e-02
5.800527714527069917e-02
5.802440054390441831e-02
5.805600087067380732e-02
5.810778381513813373e-02
5.817306758810081302e-02
5.823971783814595876e-02
5.832617027402830362e-02
5.839026554213194720e-02
5.842804643903538875e-02
5.843133595670667313e-02
5.850298872833685493e-02
5.850329812736985297e-02
5.861102543075689258e-02
5.864443527001755169e-02
5.874700354383265849e-02
5.879484252736769806e-02
5.882695687108836086e-02
5.887091327704030430e-02
5.888674456938075563e-02
5.896447246602898318e-02
5.898826314125643622e-02
5.903563668068512876e-02
5.906902334608730987e-02
5.907926661222185488e-02
5.914959319164230650e-02
5.921924182702248407e-02
5.923222773481080783e-02
5.929076016906158902e-02
5.937859662846091402e-02
5.939877139343922169e-02
5.944939053076370855e-02
5.948997474131186014e-02
5.958950550330291418e-02
5.963741593095433363e-02
5.971700402155896009e-02
5.975146300780521252e-02
5.984449219241642914e-02
5.987697514924185394e-02
5.992423472515825966e-02
5.992425276232639375e-02
5.999037145284948774e-02
6.006869464374063605e-02
6.019595924983441732e-02
6.022649126252793694e-02
6.024124717117983197e-02
6.032668777093435492e-02
6.035588446552729580e-02
6.039998812145767199e-02
6.044428727825165021e-02
6.053765911092190422e-02
6.056071986863411499e-02
6.059424114498317138e-02
6.060690591922631570e-02
6.066749385330831579e-02
6.073224905121128725e-02
6.079734372140516152e-02
6.082245128844366439e-02
6.084597171123312664e-02
6.090686360161162716e-02
6.098016459367193443e-02
6.102549192938913625e-02
6.116144710455840433e-02
6.118466761952544991e-02
6.124254826657924561e-02
6.129982063635209394e-02
6.131021591644732899e-02
6.139719785835649063e-02
6.142371651243103831e-02
6.148816953672663760e-02
6.156737722917349220e-02
6.160455346063940796e-02
6.171849315753935583e-02
6.172279840955085389e-02
6.177959539739112660e-02
6.183489519669525813e-02
6.185367462656929383e-02
6.190245139218441411e-02
6.195649565238953854e-02
6.206763073361160760e-02
6.208668196174296078e-02
6.218389191111193398e-02
6.222957661264141849e-02
6.227913885908041569e-02
6.234324281300900744e-02
6.240173052603179005e-02
6.244662247305782926e-02
6.256052570047712647e-02
6.256704875330400262e-02
6.260023407170893506e-02
6.267462317542651928e-02
6.270524809874204741e-02
6.276171380390319077e-02
6.277889715821795280e-02
6.282844999011165388e-02
6.295931117174362324e-02
6.300099806492381882e-02
6.301550009458499468e-02
6.305105210173883590e-02
6.309196275226186534e-02
6.318607838820999856e-02
6.320726091962758364e-02
6.326764404036537559e-02
6.329217511628457138e-02
6.337480919557542114e-02
6.343909222094759603e-02
6.348473786600505875e-02
6.357684551091027925e-02
6.362194425115620666e-02
6.370332189518099208e-02
6.371479461791083876e-02
6.381201395068228366e-02
6.385810872723572673e-02
6.388302651990947212e-02
6.393426446472126601e-02
6.403418051556335200e-02
6.409659293148310677e-02
6.412179253301175663e-02
6.412341508283604663e-02
6.414875242600799610e-02
6.418654111527447026e-02
6.420217725196983305e-02
6.430044712868471235e-02
6.451174380325311319e-02
6.452806371483464642e-02
6.452836976714587669e-02
6.454344148947666060e-02
6.461474564474418980e-02
6.466067136545620986e-02
6.473624961527407740e-02
6.479577249720989973e-02
6.487325195714925552e-02
6.488740740106714588e-02
6.489350569641713640e-02
6.500441687794490664e-02
6.501353587691437175e-02
6.504796797582999834e-02
6.506798650102621484e-02
6.516022275688819476e-02
6.520560274251134547e-02
6.522048564219730393e-02
6.527526033771584302e-02
6.534531296419414381e-02
6.542211175089324149e-02
6.546917511219176034e-02
6.551142487527789049e-02
6.555172895959610058e-02
6.562470623935340308e-02
6.567631658254738380e-02
6.578356346625693907e-02
6.582906119379378085e-02
6.593976172277557501e-02
6.595620781931468835e-02
6.603551026538474755e-02
6.609293008602039332e-02
6.614511316717508471e-02
6.619197822145057863e-02
6.620970316091721874e-02
6.621756079441801224e-02
6.630788397106185394e-02
6.635783461088237689e-02
6.647491039803467283e-02
6.657392283618403239e-02
6.663156499953694356e-02
6.666549162213430968e-02
6.671184692561241136e-02
6.676591336137580046e-02
6.685628431204165834e-02
6.692294146520724740e-02
6.697495408357902191e-02
6.704676927939380582e-02
6.711232844740158687e-02
6.720296621656454694e-02
6.722151549607191523e-02
6.724957559036057186e-02
6.734898718025977837e-02
6.742539940847906699e-02
6.745410531761009132e-02
6.748475773910821152e-02
6.751555379694124115e-02
6.760924968399374679e-02
6.762198327201356107e-02
6.767286854610871094e-02
6.770017433434996623e-02
6.776839414041055387e-02
6.784414000410475543e-02
6.794624520220486630e-02
6.799560160089375416e-02
6.804893456726515688e-02
6.810606841617199148e-02
6.817833050707496068e-02
6.821748534403677955e-02
6.824352589927125401e-02
6.826849525813852293e-02
6.830178404083779575e-02
6.841723582822464844e-02
6.849078003639512413e-02
6.866418871693011350e-02
6.870840083776708074e-02
6.873644822213927086e-02
6.880209880104616593e-02
6.883685387370745701e-02
6.884539149680388159e-02
6.894451364451126274e-02
6.896131934068368274e-02
6.900192803923169138e-02
6.904139003194670332e-02
6.911242648419993473e-02
6.912342718343920944e-02
6.919620544928799244e-02
6.924014402130013179e-02
6.928885237950727083e-02
6.937015249275606255e-02
6.941270252601675073e-02
6.947113712873725921e-02
6.951540656742703772e-02
6.964708585754035564e-02
6.965327825012904150e-02
6.967565763536343049e-02
6.982010076455172354e-02
6.991934389016694895e-02
6.999947673850384633e-02
7.002288726212241299e-02
7.014655218072279874e-02
7.020529579408410492e-02
7.026292220984685366e-02
7.027057708846831674e-02
7.037201634203715805e-02
7.043176979461970855e-02
7.052231282017794312e-02
7.055141999941545727e-02
7.070760642761106385e-02
7.071971628209301752e-02
7.076085224982554822e-02
7.080750490112851236e-02
7.086716832652165121e-02
7.098238193077820168e-02
7.099326867680516573e-02
7.109873095750704475e-02
7.115718875304627433e-02
7.117450844565244295e-02
7.122712938879377509e-02
7.126209175487252523e-02
7.132781307779351154e-02
7.136054708614768260e-02
7.141103040397274448e-02
7.148901425755033179e-02
7.149713800660166541e-02
7.163233033933580352e-02
7.167713115506145483e-02
7.169587230253188226e-02
7.177905093879080600e-02
7.183820855304812181e-02
7.187940240100691713e-02
7.203349067214978585e-02
7.207326842789789356e-02
7.210313994606096233e-02
7.216880835115581372e-02
7.219018957896873590e-02
7.227928648282000434e-02
7.229360620684785466e-02
7.230078604949485843e-02
7.238495786668955323e-02
7.249261416170839356e-02
7.255421162829411852e-02
7.261201420475241197e-02
7.266072699568701387e-02
7.267817562732975523e-02
7.275298541069254166e-02
7.278768096437861213e-02
7.280617618777600331e-02
7.284192237162386008e-02
7.293255363420210469e-02
7.309714700348461658e-02
7.315288303546281512e-02
7.323728916219769680e-02
7.328136438540670816e-02
7.332673090818025985e-02
7.334231275992710020e-02
7.336418061620980646e-02
7.345971665655381955e-02
7.355105976499616560e-02
7.356524825452689931e-02
7.363879441802657910e-02
7.370537097436349883e-02
7.376686975543529645e-02
7.377625205527182928e-02
7.384939767910612962e-02
7.390546497776739887e-02
7.396411119639970111e-02
7.400248087610176995e-02
7.403847273515609673e-02
7.404140360720706804e-02
7.413269299597378958e-02
7.416913776598511865e-02
7.419767327278421754e-02
7.427883366341146709e-02
7.430901523300069422e-02
7.439864159905862362e-02
7.446163873057955185e-02
7.447469269969547723e-02
7.449644344069432378e-02
7.465819695900352548e-02
7.467435574022217304e-02
7.469552044747149178e-02
7.472713644414998024e-02
7.479029073602201649e-02
7.483834973410705138e-02
7.490796523382957373e-02
7.496303837638139400e-02
7.504548781196923590e-02
7.508174529611599812e-02
7.510218751374439505e-02
7.517394175903642506e-02
7.525042719254143586e-02
7.532920693507334786e-02
7.539208723003625046e-02
7.545788246659833332e-02
7.553098580214810676e-02
7.556535442494874411e-02
7.565814779810574320e-02
7.571832649672886884e-02
7.576220647499896932e-02
7.579312033686973205e-02
7.584168595032264593e-02
7.595325439802473599e-02
7.608881325366427528e-02
7.615854381558495589e-02
7.625152887554467740e-02
7.632965150375040086e-02
7.634234259421264490e-02
7.638240936660224689e-02
7.642855704440394693e-02
7.646432381708984094e-02
7.650811603287477336e-02
7.665131372560750334e-02
7.667032438693766050e-02
7.676516722528971270e-02
7.680962552077547079e-02
7.690098093880372299e-02
7.691219601922838489e-02
7.695949195938869836e-02
7.709635533176840971e-02
7.713606370969547377e-02
7.715628208961222700e-02
7.727235448765630565e-02
7.732561295903819798e-02
7.737978832317421451e-02
7.739880124926420968e-02
7.755808097603636431e-02
7.758027372472746375e-02
7.761505077406122277e-02
7.765519242973221992e-02
7.772709110811845679e-02
7.777313805296923177e-02
7.781285684042621442e-02
7.785438962113511163e-02
7.787295422469933670e-02
7.797027776200228522e-02
7.802916766893591705e-02
7.815451649363168440e-02
7.817912704097335075e-02
7.825147693377407232e-02
7.827206754343227213e-02
7.831403161791007650e-02
7.845920003366792239e-02
7.851708969805153149e-02
7.862580913793229542e-02
7.863269490527569072e-02
7.865523572063229385e-02
7.870723337762515481e-02
7.879849630859236953e-02
7.886682421188465075e-02
7.894699147169058351e-02
7.908634332417190105e-02
7.911101232939858618e-02
7.912442932811115937e-02
7.920893836751852213e-02
7.922567849196733569e-02
7.923288177412037003e-02
7.932712265847775834e-02
7.941504757405894177e-02
7.948276132025297591e-02
7.951630737597067955e-02
7.960671199792454522e-02
7.969763829491738338e-02
7.972062518933818731e-02
7.989541970267041715e-02
7.991839916741549921e-02
7.998316574009063651e-02
8.006599955825154102e-02
8.012724854343468428e-02
8.015094668229419406e-02
8.017484047434149386e-02
8.019317736775748162e-02
8.026426728120923670e-02
8.032910142288728073e-02
8.038892629755051145e-02
8.045631365282297776e-02
8.056383402156186424e-02
8.057507041920129731e-02
8.069176387535112460e-02
8.075562134789808499e-02
8.082429348003029868e-02
8.085939520224859345e-02
8.090704704784060231e-02
8.095989850486821904e-02
8.103729181645269453e-02
8.109396596649605382e-02
8.111721577753627788e-02
8.118753324414534900e-02
8.132355635906518554e-02
8.136212192748042138e-02
8.147628028007138090e-02
8.150943392394646714e-02
8.159264714768349469e-02
8.162132059022690622e-02
8.166575555930537245e-02
8.178606802099530615e-02
8.182621844258611277e-02
8.192326642758107624e-02
8.200021237398874563e-02
8.204640437706627043e-02
8.216378980840899349e-02
8.216652320716610891e-02
8.219309937594125592e-02
8.226184049626822370e-02
8.239446428018798452e-02
8.241380628324468383e-02
8.257740531001561690e-02
8.259929855459574588e-02
8.265728051913266705e-02
8.273766837540000307e-02
8.276873775568595326e-02
8.280110224302614230e-02
8.280482349877484050e-02
8.290208143942176533e-02
8.299133958052551385e-02
8.306487887827311567e-02
8.310915649727737553e-02
8.319573744390863779e-02
8.323260955120137528e-02
8.332189535205039577e-02
8.337377370519229169e-02
8.338320309722728474e-02
8.346741098634237466e-02
8.360987907975818423e-02
8.363034659829290951e-02
8.371455997645035896e-02
8.378773561116553692e-02
8.381656573638969487e-02
8.389040115401501241e-02
8.396960862459947050e-02
8.405724046762726165e-02
8.408792871501843957e-02
8.410567314187651633e-02
8.423565468522863087e-02
8.425046423789460392e-02
8.435057511357986482e-02
8.436145803307781854e-02
8.442630937204929908e-02
8.444687673345117884e-02
8.446743469375619928e-02
8.453458381819597967e-02
8.465321126163229126e-02
8.468168095453310062e-02
8.473866864237841745e-02
8.485748074755299075e-02
8.503129611075839478e-02
8.516887608579590263e-02
8.520336413896582861e-02
8.527457021007792126e-02
8.531532512902763321e-02
8.540963431694292840e-02
8.549372422637285807e-02
8.554904875109567430e-02
8.559915239365528672e-02
8.561184797086798803e-02
8.571095137916633078e-02
8.576918703042885062e-02
8.580290355886217857e-02
8.581671724895009734e-02
8.590732159993712258e-02
8.594969110159261794e-02
8.600494226177542167e-02
8.615894395269997619e-02
8.629074966315730677e-02
8.635033221256227520e-02
8.642737988342362454e-02
8.644197922196934780e-02
8.659616126406027847e-02
8.660102875683793611e-02
8.667882070689320040e-02
8.675542171894447263e-02
8.682047910007800740e-02
8.684298019004398073e-02
8.701076862632080300e-02
8.707742997335865542e-02
8.711300685239091457e-02
8.722079128331267084e-02
8.725565620202467565e-02
8.729231713778079493e-02
8.732943210104320009e-02
8.751077280972045791e-02
8.753964190529617273e-02
8.766513314528603940e-02
8.767906765253043189e-02
8.774279035806811788e-02
8.781176410514666963e-02
8.783107046819615960e-02
8.792983682020490133e-02
8.804362632569009972e-02
8.820535154841530057e-02
8.825397658871808604e-02
8.830436246564270231e-02
8.834614873986383621e-02
8.837623502482537530e-02
8.840824791999232768e-02
8.849920691359761116e-02
8.852397785823468146e-02
8.873735337736939066e-02
8.881337563965285842e-02
8.889034784998121885e-02
8.895816088675603805e-02
8.899512173411758265e-02
8.905529635475485650e-02
8.909667325472410415e-02
8.910706633071123484e-02
8.919594928205279438e-02
8.929680643652272709e-02
8.937621265807972615e-02
8.942175784490043189e-02
8.946028579048878604e-02
8.955086584276869544e-02
8.963828709359475400e-02
8.965878815105966793e-02
8.969361164287202592e-02
8.977053170695591111e-02
8.986759820839773649e-02
8.990608272422875857e-02
8.996812253932882919e-02
9.000859918095087397e-02
9.009507791565847523e-02
9.013444516431376452e-02
9.030312738894988311e-02
9.030769017285819600e-02
9.039630407176951765e-02
9.040672821372673640e-02
9.051559525571437059e-02
9.057356309140299211e-02
9.065762058141799140e-02
9.073170525836768419e-02
9.078611531195882045e-02
9.092616119883206727e-02
9.099789123104252975e-02
9.101931933609926084e-02
9.108041540885492005e-02
9.113665944942538066e-02
9.122310595128292621e-02
9.129870289977959352e-02
9.136258630613741660e-02
9.145859630664655848e-02
9.149840191823677138e-02
9.152506368354701438e-02
9.154651970110540271e-02
9.161310690938216650e-02
9.171008399051562565e-02
9.171351004123043382e-02
9.180175614414123886e-02
9.186119936740656799e-02
9.194098163382083411e-02
9.197449543538493977e-02
9.203631129587959425e-02
9.218593407047305510e-02
9.221576839061715325e-02
9.232656726189404639e-02
9.237582615667193353e-02
9.250940803866464224e-02
9.260999656905449795e-02
9.263511929045815940e-02
9.268727294538950390e-02
9.271175911292678373e-02
9.283810061052974461e-02
9.291008795992183877e-02
9.297103832253264533e-02
9.303203217127511970e-02
9.318315443482540206e-02
9.322951952500665995e-02
9.326209394375396811e-02
9.334743806315921877e-02
9.340406911082496655e-02
9.351485078546949159e-02
9.361978199997322836e-02
9.370158076574958139e-02
9.377173553501537417e-02
9.392313134421062526e-02
9.399310603853659740e-02
9.412027763647116962e-02
9.416048295493752163e-02
9.423054147902767963e-02
9.430164343578026354e-02
9.439758794209726633e-02
9.440389240147573080e-02
9.445654727947133678e-02
9.450322663959391523e-02
9.462209418270149663e-02
9.467541895535419583e-02
9.477879979235800945e-02
9.482451208312070445e-02
9.491338543799393568e-02
9.499263013586523030e-02
9.509276103530678315e-02
9.520817076872865881e-02
9.532737754386727547e-02
9.539497732990112611e-02
9.548817986601940144e-02
9.551601623906304239e-02
9.563063651846373525e-02
9.572476248056718817e-02
9.577698448927557395e-02
9.582340199102640232e-02
9.586218538349973450e-02
9.589729978528095666e-02
9.592932728385082652e-02
9.606920447475990332e-02
9.613300944564846795e-02
9.619884298201171469e-02
9.624244763937377101e-02
9.636002532928801545e-02
9.637750441466569340e-02
9.642383457852914119e-02
9.650018040442751022e-02
9.668044534770312004e-02
9.674149392910610934e-02
9.687090511178424179e-02
9.690909009791767725e-02
9.694174099472747941e-02
9.705402386582874519e-02
9.713085728582231126e-02
9.713447871915259491e-02
9.728145789687903111e-02
9.734592344580665635e-02
9.740451318789389301e-02
9.749262462302608900e-02
9.760958761883616053e-02
9.761607595937561721e-02
9.778502885830882285e-02
9.783213984614776149e-02
9.789283915711001482e-02
9.790835393839968093e-02
9.802941276434998241e-02
9.806231329442950673e-02
9.815746840978316345e-02
9.822950782368534972e-02
9.830720270125961613e-02
9.844391990319327490e-02
9.849765978033857283e-02
9.855139955361211235e-02
9.866530561879437167e-02
9.873796133060314117e-02
9.883901252695065365e-02
9.887126515475817834e-02
9.891045818469021422e-02
9.899987498257606378e-02
9.912624960890217829e-02
9.922132055488684654e-02
9.930937133283390672e-02
9.941863533760297855e-02
9.945356760815809993e-02
9.956094796249090328e-02
9.960367870251755906e-02
9.967955482755241903e-02
9.981783248846627654e-02
9.986350570834687246e-02
9.988187273200410665e-02
1.000068262196778524e-01
1.001275004327115831e-01
1.001306000703448829e-01
1.002202340184315671e-01
1.003786481562072980e-01
1.004132140012339303e-01
1.005324695987878242e-01
1.005909306584103768e-01
1.006348011879790588e-01
1.007143845849573643e-01
1.007828251228498340e-01
1.009711709259674128e-01
1.010473690650795925e-01
1.010766035809149005e-01
1.011479136403620055e-01
1.012182668136954733e-01
1.012697073433167921e-01
1.012998393989700263e-01
1.014007174127910804e-01
1.014602775811748181e-01
1.014965182048413739e-01
1.015662370283995919e-01
1.017298691543072758e-01
1.017433860820453617e-01
1.017939998883715669e-01
1.018825305735308745e-01
1.019130142852474885e-01
1.020472538278709151e-01
1.020474353383499649e-01
1.020550605083876267e-01
1.022225772276553896e-01
1.023085360288389506e-01
1.024491690835238472e-01
1.024898919827884614e-01
1.025385695788933182e-01
1.025713879102952975e-01
1.025719017860517862e-01
1.027352389646934150e-01
1.027838231505986272e-01
1.028373968172417025e-01
1.029461062560894924e-01
1.031001182667718591e-01
1.031575892673497613e-01
1.032165902521994388e-01
1.032246117166882859e-01
1.033586102976565696e-01
1.033765238778367040e-01
1.035239859869145213e-01
1.036212705451216021e-01
1.036640732648979740e-01
1.037764827112204885e-01
1.038061179896163089e-01
1.039082398525145723e-01
1.039814074963637952e-01
1.040316533798626430e-01
1.040964622018192148e-01
1.041199584974424469e-01
1.042601776645699641e-01
1.043571778402476308e-01
1.044851432725709683e-01
1.044932644028050139e-01
1.046161023600222784e-01
1.047136234891312412e-01
1.047454291289793560e-01
1.048921359652438545e-01
1.049235715638636574e-01
1.049853177754324629e-01
1.051377134621696435e-01
1.052291166236440784e-01
1.053456792585081570e-01
1.054195371489403399e-01
1.054525573625087614e-01
1.055262834708109027e-01
1.056092774632653719e-01
1.056629728260782414e-01
1.057607470722680965e-01
1.058898864799919098e-01
1.059659799448216394e-01
1.060265776275612637e-01
1.061611034351607474e-01
1.062589691463327046e-01
1.063439737293578047e-01
1.064219495073912836e-01
1.064423262660964403e-01
1.064685066073828013e-01
1.065413938665537574e-01
1.065902379003506040e-01
1.067017050787560095e-01
1.068963369288068038e-01
1.069274831360982891e-01
1.070068872432265866e-01
1.070336930210656345e-01
1.071222160207410679e-01
1.072659997220818118e-01
1.073361868508430489e-01
1.073542510193876559e-01
1.074669422687992704e-01
1.075013890809773665e-01
1.075177761556308231e-01
1.076669412649080004e-01
1.077621632806978896e-01
1.078509186582191498e-01
1.078598802744076129e-01
1.079942953062934252e-01
1.080304516547051369e-01
1.080511601186902593e-01
1.081398335447734532e-01
1.082812674733540648e-01
1.084234547792792408e-01
1.084442024580627578e-01
1.085415904401746401e-01
1.086353442002711139e-01
1.086667601436644287e-01
1.087333253195709448e-01
1.088173044480194446e-01
1.088642245114505025e-01
1.089324264329757513e-01
1.091194071108559371e-01
1.091753971667265982e-01
1.092272317342093818e-01
1.092861176313848770e-01
1.093154718287422528e-01
1.094040576273382914e-01
1.094661128254707377e-01
1.095881711612833875e-01
1.096725475491905771e-01
1.096918539938983028e-01
1.098513812390727040e-01
1.099066653324486664e-01
1.099792677072830988e-01
1.100662107282514707e-01
1.101485539189287072e-01
1.101710263246946236e-01
1.102896277840988842e-01
1.103299211181466843e-01
1.104501285118296705e-01
1.105050482372803566e-01
1.105487244847762618e-01
1.105835900738855598e-01
1.106749624356940659e-01
1.107942960229541529e-01
1.108674296207671772e-01
1.109068713630314146e-01
1.110102583364339229e-01
1.110660366960245227e-01
1.111752167458043283e-01
1.112812737750915465e-01
1.113238781675158634e-01
1.114789255749866481e-01
1.115384299586762856e-01
1.116038778059999376e-01
1.117057669753695054e-01
1.117576442461174074e-01
1.118723593520834642e-01
1.119805195743016901e-01
1.120119784294754117e-01
1.121536186730509865e-01
1.123490422442516290e-01
1.124284441124466793e-01
1.125041432724382812e-01
1.125672860887485249e-01
1.126719598983427217e-01
1.127765927903253418e-01
1.128070833054149458e-01
1.128678720636935723e-01
1.129463593583574788e-01
1.130490707953551027e-01
1.131394665535144090e-01
1.132385847260204137e-01
1.133098987793233065e-01
1.133846209059434923e-01
1.135527251383643271e-01
1.136198923508446590e-01
1.136905832655025345e-01
1.137163490419526996e-01
1.137627258350365073e-01
1.138264065031257821e-01
1.139361273013292652e-01
1.140668248886728409e-01
1.142076868598075473e-01
1.142322577237676468e-01
1.142850616930340124e-01
1.143309175554764884e-01
1.144729617277466666e-01
1.145634932839319081e-01
1.147278759149783639e-01
1.147915966249080238e-01
1.148303479438761987e-01
1.149471915967169994e-01
1.151212059867142284e-01
1.151278478770144387e-01
1.152295771421407294e-01
1.152906906607005094e-01
1.154200661657034388e-01
1.154453326798816903e-01
1.155202796258738979e-01
1.155919837191743821e-01
1.157119334785935150e-01
1.158194278290330115e-01
1.158539410811375570e-01
1.159567897550325133e-01
1.160162756739577528e-01
1.161635501439857582e-01
1.162785630647322904e-01
1.164559911735826986e-01
1.165527679721870269e-01
1.166422105933603154e-01
1.167388074987086855e-01
1.168049473864918864e-01
1.168782869741757102e-01
1.169773709544959933e-01
1.170166911478986715e-01
1.171245462616008620e-01
1.171657742813819736e-01
1.172990705236250653e-01
1.173933374763650311e-01
1.174200625795573660e-01
1.174309271605173538e-01
1.175663690842983500e-01
1.176200402209110901e-01
1.176784649304255109e-01
1.177846926508425845e-01
1.178676523084078998e-01
1.181013158623747117e-01
1.182142623295192457e-01
1.183327175755327920e-01
1.184475875575609072e-01
1.184794433698055371e-01
1.185049746237509805e-01
1.186672819941847895e-01
1.186870434351508935e-01
1.187366558897024471e-01
1.188699885554052454e-01
1.189335785013006380e-01
1.190774805183732882e-01
1.191135729354305117e-01
1.191608074138758577e-01
1.192734214269216830e-01
1.192898447629378578e-01
1.194530913711289166e-01
1.195012668160842090e-01
1.195800246629551145e-01
1.196346521735975610e-01
1.197173176903632980e-01
1.197540383143005649e-01
1.198796145041572392e-01
1.199844634756214029e-01
1.200474368282109100e-01
1.200894935901072602e-01
1.201975719714919594e-01
1.204686759166910953e-01
1.204935847660252579e-01
1.205646963559054846e-01
1.206880687547524783e-01
1.207279590682114601e-01
1.208274346581952458e-01
1.209822651462376664e-01
1.210720001370989285e-01
1.211630625640722492e-01
1.212793942127760594e-01
1.213742098964825517e-01
1.215109509450468389e-01
1.215452054219230277e-01
1.216636237960388722e-01
1.217042181841122839e-01
1.217533521195035273e-01
1.218683286338485688e-01
1.220198038999256718e-01
1.220780650663157024e-01
1.221223356413045497e-01
1.221361738262563973e-01
1.224178117828816081e-01
1.224871086161118811e-01
1.225428699916679687e-01
1.226414310805906405e-01
1.227168458604315504e-01
1.228603451964582205e-01
1.229525611169223209e-01
1.230806866409131506e-01
1.231238900130405683e-01
1.231629834984275529e-01
1.232359156993251548e-01
1.233222402148687058e-01
1.233411601519413814e-01
1.234052081327083050e-01
1.234663233239749885e-01
1.235507892521265222e-01
1.236830833753513464e-01
1.238499493263660600e-01
1.239604343141052639e-01
1.240001715600242138e-01
1.240843447882516298e-01
1.241269571636871433e-01
1.242091993820417101e-01
1.244253405128506601e-01
1.244837483448673343e-01
1.245233103668840074e-01
1.245741579123026410e-01
1.246677907490236908e-01
1.246840113401071481e-01
1.248364183790914433e-01
1.249229330284805234e-01
1.250429614998526950e-01
1.250747951801085833e-01
1.251231639764262826e-01
1.252798879503052021e-01
1.254557982315288867e-01
1.254717977223346048e-01
1.255547688574984722e-01
1.256952822094067890e-01
1.257867130944343159e-01
1.259188453169087507e-01
1.259903252250116068e-01
1.260732763299693693e-01
1.261451725028734649e-01
1.262795126204203366e-01
1.264054503222634407e-01
1.264511298834323783e-01
1.266764321567455664e-01
1.267063791596444999e-01
1.267901473332129214e-01
1.267997896972997696e-01
1.269550500266236892e-01
1.269837970082887957e-01
1.270490970596669100e-01
1.271410372818380652e-01
1.272229752665700042e-01
1.273148365145685967e-01
1.274480454430090282e-01
1.275210458925636059e-01
1.276062783604272333e-01
1.276846755953984780e-01
1.278085622623517936e-01
1.279336476792546640e-01
1.279996540238047542e-01
1.281221436663550761e-01
1.281937305435659202e-01
1.282344257919513508e-01
1.284051185993325406e-01
1.285116738661644664e-01
1.286120768104473122e-01
1.286722419151239138e-01
1.287917964038052809e-01
1.289073366709198309e-01
1.289426924040011913e-01
1.290223262649206337e-01
1.292104508464642365e-01
1.292340810942002316e-01
1.294039436148740896e-01
1.294844511158962375e-01
1.296027170048116017e-01
1.296589751918533762e-01
1.296860482824932215e-01
1.298016317798760533e-01
1.298728607943885338e-01
1.299058536622863524e-01
1.300013362284564711e-01
1.300869422397036568e-01
1.301357793165952570e-01
1.302503002256640563e-01
1.303169475712380176e-01
1.303762525453765475e-01
1.304169896869924461e-01
1.305312846250677450e-01
1.306183338136461258e-01
1.307209908107767049e-01
1.307849280070451370e-01
1.307986925334619355e-01
1.308894901480428807e-01
1.309764386017322202e-01
1.310823200938275035e-01
1.312159788015660189e-01
1.313301682655291791e-01
1.314120333441514410e-01
1.315129871245326043e-01
1.315992964724229108e-01
1.317891448694632484e-01
1.318346336257493479e-01
1.319126843108619496e-01
1.320239497639184301e-01
1.320661555758096684e-01
1.321121570566999304e-01
1.321147115327817589e-01
1.321462647048359806e-01
1.322668672277986512e-01
1.323994836741615166e-01
1.324530577834553968e-01
1.326032120974336703e-01
1.326363971899001126e-01
1.327960483112454737e-01
1.328652863655453986e-01
1.329388511322907862e-01
1.330107578215832254e-01
1.332033091794238566e-01
1.332892118000155723e-01
1.333090274499377503e-01
1.334327192436648157e-01
1.334829381930494330e-01
1.335816351777427413e-01
1.337044670769264587e-01
1.338428451867219593e-01
1.338794112205826670e-01
1.339761039381994479e-01
1.340738234145862906e-01
1.341763756270163144e-01
1.342218852901305159e-01
1.343462408778133277e-01
1.345432746958559189e-01
1.346448319153565609e-01
1.347374335615480756e-01
1.348463570301615400e-01
1.348965961080183240e-01
1.349614853435836814e-01
1.351006815144117357e-01
1.352144289253521259e-01
1.352360183380414416e-01
1.353814448628437028e-01
1.355508892422573886e-01
1.355884742142398347e-01
1.356575253868194941e-01
1.358003415377583567e-01
1.358363485572351148e-01
1.359304436382648418e-01
1.359818818716961031e-01
1.360638028036548763e-01
1.362469767811861909e-01
1.362718728371873356e-01
1.363830754382540367e-01
1.365494003691732905e-01
1.366102024728299003e-01
1.366767329510544249e-01
1.368817388346900144e-01
1.369984058347861466e-01
1.370774304957090017e-01
1.372026114217605453e-01
1.372346608486151864e-01
1.373558497156494584e-01
1.374174606735653337e-01
1.375307770117241146e-01
1.375396802802710539e-01
1.377414771762245083e-01
1.378445912595076261e-01
1.378925444347205986e-01
1.379700272519518989e-01
1.380561752453786373e-01
1.382283891591589708e-01
1.383913904171232279e-01
1.384493645443928278e-01
1.385447923374578394e-01
1.386399698953078297e-01
1.387795862230560839e-01
1.387951423312753230e-01
1.389491838969064974e-01
1.390104750650988374e-01
1.390854193225567748e-01
1.392651233059609972e-01
1.393014387957032807e-01
1.393828526374393806e-01
1.394734709327050126e-01
1.395353224636320388e-01
1.396139446840803655e-01
1.397707994706009482e-01
1.398450056167535593e-01
1.400229338594119743e-01
1.400775322973420722e-01
1.400892672063074884e-01
1.401175119189670693e-01
1.403108509551626304e-01
1.403657372388024960e-01
1.404940166299875615e-01
1.407490391706275323e-01
1.408512369979683376e-01
1.408938375465680071e-01
1.410672277940234476e-01
1.412659425408157310e-01
1.413711487252814203e-01
1.413943192137773197e-01
1.414863571009671028e-01
1.416159775639991847e-01
1.416287962659934507e-01
1.417186792188878108e-01
1.417609054869061469e-01
1.418376008207136996e-01
1.419913792261615348e-01
1.420935418818765339e-01
1.421939288126169987e-01
1.422926144025821182e-01
1.423048715664951280e-01
1.423559447501878128e-01
1.424328342661934088e-01
1.425290323053497454e-01
1.427168662135971933e-01
1.428157902618892861e-01
1.428462853281610712e-01
1.429778209700211800e-01
1.431081463057888581e-01
1.432736542044941719e-01
1.433111331531504162e-01
1.433597637903156474e-01
1.435317930582890034e-01
1.436728608421546649e-01
1.438090158876477453e-01
1.438858239307677644e-01
1.439911741539328105e-01
1.440959360520563393e-01
1.441708903467222302e-01
1.442029734812813879e-01
1.443283596945012237e-01
1.444191982604089153e-01
1.444964026897492537e-01
1.445906736079818899e-01
1.446671928942495078e-01
1.447674833751455559e-01
1.448553288367585568e-01
1.450587970707433449e-01
1.451420284165783336e-01
1.451946061852125158e-01
1.453543512203507027e-01
1.454654249218784723e-01
1.454957633843278475e-01
1.455565500934077883e-01
1.457059488587087448e-01
1.458561710645969733e-01
1.459288474922804391e-01
1.460559735133008241e-01
1.461322225910084704e-01
1.462903614135615538e-01
1.463093461199663214e-01
1.464222344744357251e-01
1.465746958715937187e-01
1.467201132307149880e-01
1.467419063768115872e-01
1.469425984999314927e-01
1.469812818030857560e-01
1.470511957523126523e-01
1.471674409816683959e-01
1.473064093044891554e-01
1.473520239605937421e-01
1.475702655995089485e-01
1.476121399117342470e-01
1.476670828978552119e-01
1.477936349592991194e-01
1.479021486307291744e-01
1.481168284922429468e-01
1.481586218163792601e-01
1.482326758791173149e-01
1.482971113701195831e-01
1.484412693618518131e-01
1.485130110195875264e-01
1.486072776499091919e-01
1.487207861872474335e-01
1.487940306378823796e-01
1.489086619400360745e-01
1.489593077531267129e-01
1.490863549554265199e-01
1.491871010037746637e-01
1.492770685971235856e-01
1.493759464822595195e-01
1.494206535269540226e-01
1.496740606378353933e-01
1.497276933497538876e-01
1.498472510889361786e-01
1.499033575149971986e-01
1.500161698629924600e-01
1.501146702061887939e-01
1.501992633278521616e-01
1.502352247457744705e-01
1.503785831019311681e-01
1.505363726253692025e-01
1.506363403411803414e-01
1.506687709602415048e-01
1.507965861208649117e-01
1.509640940355287120e-01
1.511340726954085445e-01
1.512032389428970836e-01
1.513579405270557010e-01
1.514052922363669229e-01
1.514591922578939209e-01
1.516200116345374771e-01
1.516839351653713475e-01
1.517618062161630865e-01
1.518722130979866802e-01
1.521602409376983100e-01
1.521989689750774255e-01
1.523559696258291740e-01
1.524659083823673988e-01
1.525552224142865398e-01
1.526647238634110115e-01
1.526753834582508240e-01
1.528080700141709325e-01
1.528672854952109472e-01
1.530024107544333267e-01
1.530725500500421110e-01
1.531946087326619965e-01
1.532871398112266026e-01
1.533611049888028155e-01
1.534806655254394026e-01
1.535574142809424392e-01
1.536306696570581276e-01
1.537444623767615648e-01
1.538110190836801117e-01
1.539251247365814312e-01
1.540322988980543373e-01
1.541111224491776011e-01
1.542209942458277472e-01
1.543732189918033681e-01
1.544807769598247615e-01
1.546322276436033483e-01
1.547017014934481405e-01
1.548137570594028678e-01
1.549074348139959090e-01
1.549688046907776173e-01
1.549737872654548820e-01
1.551559748168373498e-01
1.551736500199782376e-01
1.553135458117132217e-01
1.553914333097171641e-01
1.555154247877882367e-01
1.555597757299736483e-01
1.556679314121531266e-01
1.558005265016171037e-01
1.559467164593460464e-01
1.560285700664909569e-01
1.560525222832835901e-01
1.562331771502052380e-01
1.563116351998318221e-01
1.564473262066496673e-01
1.564810641783982992e-01
1.566565345697253087e-01
1.567874069571352780e-01
1.568612275374322851e-01
1.569406777635499739e-01
1.570968009225192918e-01
1.571685986134366275e-01
1.572966768071258625e-01
1.573239193816716175e-01
1.574438902067851753e-01
1.574705917145724776e-01
1.576073383815761730e-01
1.577353311245387191e-01
1.578334820433712482e-01
1.579144452381713581e-01
1.580171100142943319e-01
1.581481575701325359e-01
1.583118740450958073e-01
1.583410233575476278e-01
1.585467644877105453e-01
1.586616083603380745e-01
1.588228940585331150e-01
1.589096505694115591e-01
1.590223228665476884e-01
1.590475875570996067e-01
1.591186056498704315e-01
1.591556221650005654e-01
1.593728253461467737e-01
1.594460290894100796e-01
1.595802355593823052e-01
1.596758055409099042e-01
1.597296548019181417e-01
1.597810028259570581e-01
1.599413282138594794e-01
1.600037435047803880e-01
1.601896916614591049e-01
1.603397013244294567e-01
1.604955828952146224e-01
1.605285205612576593e-01
1.606564055503503508e-01
1.607177740667987964e-01
1.608514783620551836e-01
1.610041912345245851e-01
1.610582458174328047e-01
1.610992379142501540e-01
1.612090553366984924e-01
1.614057334130997723e-01
1.615159203691655387e-01
1.616329099875773445e-01
1.617273646046339663e-01
1.618806719377010872e-01
1.619513090898721530e-01
1.621426412065712641e-01
1.622861644353944255e-01
1.624079629262149826e-01
1.624462858833887746e-01
1.625304331816201375e-01
1.626546862880100253e-01
1.627784435131574836e-01
1.628199241051684065e-01
1.629088459084019891e-01
1.629370597313906655e-01
1.631594259459563656e-01
1.633278988811182608e-01
1.634420046588410391e-01
1.634546156365308534e-01
1.635457136108386667e-01
1.637164383347615160e-01
1.639096992138286690e-01
1.639203675045470543e-01
1.641310998971585167e-01
1.641619123402004998e-01
1.643667077258016418e-01
1.645447621839601915e-01
1.646327484648874295e-01
1.646682723598473508e-01
1.647761348049183727e-01
1.649042222541100000e-01
1.650360280657305334e-01
1.652486465557478357e-01
1.652964002716170167e-01
1.654014958301953386e-01
1.654747005142691019e-01
1.655846464712137367e-01
1.657257669792930321e-01
1.658014334917244370e-01
1.658220856961435952e-01
1.658536595108102696e-01
1.660790617876293507e-01
1.661875314913872359e-01
1.662894687858117171e-01
1.663972792574075765e-01
1.665140068296755982e-01
1.666247476806072547e-01
1.666855029451495551e-01
1.667759128111896694e-01
1.667869367756100729e-01
1.669284061095437366e-01
1.670246539825318011e-01
1.670852713938789924e-01
1.673012605273347386e-01
1.673602244240442738e-01
1.674599606048697287e-01
1.675727528680926171e-01
1.678666424878727803e-01
1.679253129096046071e-01
1.679618195310722817e-01
1.680854153959974451e-01
1.682279106572870941e-01
1.682993727877405143e-01
1.684794680097588815e-01
1.685279715283188318e-01
1.687250743423137356e-01
1.687561873271823665e-01
1.689149696802380030e-01
1.690350817158024488e-01
1.690982940799334033e-01
1.691536100653583119e-01
1.692964261210073984e-01
1.694241425341612706e-01
1.695342489209453740e-01
1.697835564593355162e-01
1.698310204692691228e-01
1.699248979626874767e-01
1.700482987651759925e-01
1.701003301560179148e-01
1.702405642784884654e-01
1.703550828190546762e-01
1.704121867927737288e-01
1.705497181482250879e-01
1.707434523308386243e-01
1.708788472845463868e-01
1.710139150445463274e-01
1.710400272263146726e-01
1.711917816958503369e-01
1.712017803500079927e-01
1.713067141060592713e-01
1.713837344302874266e-01
1.714030283731072801e-01
1.715530311262744856e-01
1.716396624998287601e-01
1.717212794436295820e-01
1.718989654844717274e-01
1.720234060964812850e-01
1.721443177768701149e-01
1.723677804209425846e-01
1.724720516611087107e-01
1.725215067854055928e-01
1.726245971014646607e-01
1.726719464998166809e-01
1.727315954958253408e-01
1.728853457626357282e-01
1.730291969035727406e-01
1.732661883477313314e-01
1.734243339286536956e-01
1.734484952141266412e-01
1.735165792208193114e-01
1.736645908863774235e-01
1.737736109529926798e-01
1.739416050481641940e-01
1.741119548658571492e-01
1.741844508167747219e-01
1.742804997014410495e-01
1.744530842999627018e-01
1.745565518730953780e-01
1.746694339270196683e-01
1.747034362505150429e-01
1.748441432477920721e-01
1.749274498093726926e-01
1.749936750647050898e-01
1.751429805522973504e-01
1.753016862986659929e-01
1.754455659588666505e-01
1.755060768330596876e-01
1.756238349228288198e-01
1.756573798989585211e-01
1.759123028051606252e-01
1.759136853970966752e-01
1.760171109716779925e-01
1.762532880782141376e-01
1.763897847183983070e-01
1.764016270501783390e-01
1.765197559966030505e-01
1.767415930347432107e-01
1.768940561580004123e-01
1.769753865871618592e-01
1.770969885919458364e-01
1.772458590795340239e-01
1.774295722076074111e-01
1.775253928030723072e-01
1.775642086327672564e-01
1.777637204998848697e-01
1.778529977647083371e-01
1.779643438292649871e-01
1.780662307595411165e-01
1.781698179700767215e-01
1.782256742634713287e-01
1.783956008865168197e-01
1.785392034979826625e-01
1.787333087147090771e-01
1.787472135659026462e-01
1.790281922867011932e-01
1.791255144441694647e-01
1.792142853674886516e-01
1.793443141679894048e-01
1.794141655296493110e-01
1.795445198659676722e-01
1.796840427301565901e-01
1.798217873850942450e-01
1.798805434219340471e-01
1.799233730980158430e-01
1.800430070683061989e-01
1.801364338547221666e-01
1.803540013048268442e-01
1.804096202371880120e-01
1.807016604417391870e-01
1.807642123318367877e-01
1.809083228172871649e-01
1.809919816357717925e-01
1.811484587530070856e-01
1.812488430653035609e-01
1.812988690442151052e-01
1.813680366544511702e-01
1.815363689956253079e-01
1.816703803166455078e-01
1.817045532115508233e-01
1.818820161522637924e-01
1.819898350226414885e-01
1.821064381254058617e-01
1.821671346634993749e-01
1.823236569716218392e-01
1.824037340293248877e-01
1.825564652558286649e-01
1.827924373428834182e-01
1.828659965028322509e-01
1.828946757728878714e-01
1.831286686565076482e-01
1.831596692843237006e-01
1.833363866354586202e-01
1.833465862710288719e-01
1.834090519487898141e-01
1.836129715368884086e-01
1.836898483134629945e-01
1.837331682230375074e-01
1.839964461919683381e-01
1.841105418373447100e-01
1.842000326772566809e-01
1.843615744738974216e-01
1.844591541631370735e-01
1.845452925102168684e-01
1.846469118110078411e-01
1.846713678094192568e-01
1.849185129092639768e-01
1.850411294871603940e-01
1.852043365562251465e-01
1.852974015872815572e-01
1.853793931163036923e-01
1.855280906143118858e-01
1.856706002691831114e-01
1.858273187273651039e-01
1.858919078344979381e-01
1.860365407107186786e-01
1.860908706834770721e-01
1.861864863596495445e-01
1.863676862935746414e-01
1.865229546022413587e-01
1.865846565853440386e-01
1.866935272534507029e-01
1.867159927395920516e-01
1.868101151219584699e-01
1.870357070908114649e-01
1.872272587659191412e-01
1.872717099843991539e-01
1.873125180588635086e-01
1.873684129744838944e-01
1.876311673689120274e-01
1.876643560644688236e-01
1.878981690325211840e-01
1.880727959989257903e-01
1.881578488052469689e-01
1.882282392601305476e-01
1.884426091577816043e-01
1.885250116458834502e-01
1.885713528318827548e-01
1.888021065162173162e-01
1.889417445927657480e-01
1.889768497011751203e-01
1.890738172739545864e-01
1.892011337668035309e-01
1.892556988091948222e-01
1.893810857068983222e-01
1.894125738345757981e-01
1.896157163312371108e-01
1.897467922559810116e-01
1.898805740575190415e-01
1.900535082818177735e-01
1.900901355279701332e-01
1.902575575084431148e-01
1.903124161063799169e-01
1.905393350194592439e-01
1.906483800987365529e-01
1.908329904405693112e-01
1.909167022918228096e-01
1.909254548603845913e-01
1.911560687610719400e-01
1.911763233196368261e-01
1.914163108616140641e-01
1.914957460278221557e-01
1.916331243273501628e-01
1.916516390839825557e-01
1.918302513908322626e-01
1.919614629904090042e-01
1.920246273378855839e-01
1.922784438961958609e-01
1.924770769524398739e-01
1.925659567238682812e-01
1.926347859292904807e-01
1.928335642670709338e-01
1.929022128647698009e-01
1.930095607822617521e-01
1.931781049555650331e-01
1.932163017295072671e-01
1.933901448587125871e-01
1.934853530738744054e-01
1.936930049940258913e-01
1.938068692450891639e-01
1.939980522080544667e-01
1.941494854432145034e-01
1.942081512524756748e-01
1.943061485151142687e-01
1.944031661927101418e-01
1.945355002914588016e-01
1.946617307709243849e-01
1.946878727971285972e-01
1.947652483540615043e-01
1.948441052424500219e-01
1.949374439548557103e-01
1.951036285420014726e-01
1.953105058340117162e-01
1.953496789278251211e-01
1.954399605466139167e-01
1.956318730505736125e-01
1.958006762194694772e-01
1.960084107163014011e-01
1.960450404900468402e-01
1.961612406386643581e-01
1.962930785228662878e-01
1.964055432630530396e-01
1.965625992409646972e-01
1.966814413087799029e-01
1.967704322529660599e-01
1.968524716422345722e-01
1.970285669834692110e-01
1.971823953107057770e-01
1.973899935863411559e-01
1.974955127309692693e-01
1.976387110632075172e-01
1.977189180981371863e-01
1.977657279419803571e-01
1.979612242130071309e-01
1.980451423917672926e-01
1.981727185034604932e-01
1.983895336115497898e-01
1.985127146783279284e-01
1.987397045154762343e-01
1.988046028478070992e-01
1.989258575797826223e-01
1.990751033511964363e-01
1.991247750382532655e-01
1.992129940047643599e-01
1.993336473649528484e-01
1.994239797998859642e-01
1.996452317353451800e-01
1.998296630197554657e-01
1.999308558546432912e-01
2.000104504514055026e-01
2.001805017210332993e-01
2.002507297986464985e-01
2.004130833887371177e-01
2.004956824964044260e-01
2.006203531603088230e-01
2.007321316770679931e-01
2.008800312069844440e-01
2.010992894673514775e-01
2.011631552455721839e-01
2.013864618077375601e-01
2.014287914092064424e-01
2.014555354889362715e-01
2.016127251909574647e-01
2.016364798523845592e-01
2.018816105053856391e-01
2.019589966795901359e-01
2.022527623483228176e-01
2.022871854257534685e-01
2.024187133110258718e-01
2.024521271853744475e-01
2.026636671302299297e-01
2.028414240220624276e-01
2.029744752783649298e-01
2.030690525746092767e-01
2.031173531409056210e-01
2.032751253427849125e-01
2.035005672824823364e-01
2.037487619892802970e-01
2.038660516598165828e-01
2.039095320562749891e-01
2.040379111577615978e-01
2.042745655893484225e-01
2.043403807061381916e-01
2.043838261484475782e-01
2.047062610492716983e-01
2.047349870779821557e-01
2.047923138482072303e-01
2.049780533599111776e-01
2.051683931214934309e-01
2.051746516244048468e-01
2.053023217487688623e-01
2.053709033078868762e-01
2.054642348687514275e-01
2.056115979476943467e-01
2.057954769700475472e-01
2.059183202024190695e-01
2.061615098878350205e-01
2.063449406587547497e-01
2.063973644864514345e-01
2.064735465935224334e-01
2.066861031305761986e-01
2.068565630426554558e-01
2.068926547715255193e-01
2.070040935715052322e-01
2.071838669460774052e-01
2.072935567651429389e-01
2.074077606747888325e-01
2.074782693198818084e-01
2.076449191437497732e-01
2.078263611780356290e-01
2.079949951792463836e-01
2.080432421084317807e-01
2.081599692607982166e-01
2.081668330687551915e-01
2.083528853430437200e-01
2.084091774039806000e-01
2.085901307560078799e-01
2.086325508269729623e-01
2.089326317300889968e-01
2.090479678251327966e-01
2.091105865020723154e-01
2.091889291589304201e-01
2.093121656447473056e-01
2.095378715577985440e-01
2.098033516184057146e-01
2.099044764563112453e-01
2.099670028560277069e-01
2.100944805952952021e-01
2.102248124409856478e-01
2.103959452353043602e-01
2.105149574739370588e-01
2.105543850516971849e-01
2.107488482372404381e-01
2.110603473759098403e-01
2.112372756234239535e-01
2.113101912293438300e-01
2.113921189330325856e-01
2.115110082523875557e-01
2.116745037578829369e-01
2.117801044465134619e-01
2.118963845819135938e-01
2.121704803399499240e-01
2.123238897085084065e-01
2.123539047151142278e-01
2.124805159879376015e-01
2.126165402910077107e-01
2.128423849862643991e-01
2.129134268170341793e-01
2.130051920934558363e-01
2.130804728605258103e-01
2.131822344241271205e-01
2.133597753202749192e-01
2.135508590019437603e-01
2.136908955198730808e-01
2.138161674170724891e-01
2.140252933271619140e-01
2.141114276072235423e-01
2.142745609440396548e-01
2.143985216884667089e-01
2.145497024621018656e-01
2.146556750870003694e-01
2.147461375226848990e-01
2.150028045551971578e-01
2.150339321609123777e-01
2.152264534349712655e-01
2.154018158029281649e-01
2.155364802677224301e-01
2.155839999267934182e-01
2.156544557291072695e-01
2.158268807878897522e-01
2.161157039077235831e-01
2.162135227284158190e-01
2.163586308792405377e-01
2.164936713273413749e-01
2.165662136433460228e-01
2.167773181696179552e-01
2.170338997093578526e-01
2.170872876536936447e-01
2.173115305127773234e-01
2.174421123079961216e-01
2.175456139393376342e-01
2.177106345678017918e-01
2.177833556053125341e-01
2.179429258330560781e-01
2.179902431985305256e-01
2.180561968456618815e-01
2.182556714612352011e-01
2.183690569133331094e-01
2.184938327812276371e-01
2.185547700845204833e-01
2.188116825788790631e-01
2.188855927315804806e-01
2.190024754671879292e-01
2.193990634728071321e-01
2.194304793827558664e-01
2.196290486973244138e-01
2.197595323096135367e-01
2.198722607528794393e-01
2.199679342067791255e-01
2.201280456380728945e-01
2.202066012137184059e-01
2.204821734094476182e-01
2.207011914346266035e-01
2.207242717364264195e-01
2.208767147801824482e-01
2.211815138613431042e-01
2.212665880641096483e-01
2.215254522160912121e-01
2.216597224009544120e-01
2.217970890501579362e-01
2.218438637312565020e-01
2.219241632178706181e-01
2.220248612473056105e-01
2.221802072091484115e-01
2.222293422262849594e-01
2.224603926424918998e-01
2.225483527151166929e-01
2.228695207506985188e-01
2.229395519262255820e-01
2.231272103535867912e-01
2.232520209916654952e-01
2.234382583406277212e-01
2.236494764099736521e-01
2.237492918269439468e-01
2.237856058236790679e-01
2.239996786112850580e-01
2.240635093779837772e-01
2.241912232035821462e-01
2.242583033422182182e-01
2.244733083776860871e-01
2.245830082065731481e-01
2.248189375594853712e-01
2.249376312695024471e-01
2.250907711947936207e-01
2.251654021439499498e-01
2.253086023199602217e-01
2.256330853917703494e-01
2.256394967495956583e-01
2.258325880594397872e-01
2.259220369852874832e-01
2.261017148559676948e-01
2.261881531191570760e-01
2.263175819655541543e-01
2.264979922772044629e-01
2.266267366446679254e-01
2.268543851338080397e-01
2.269784502071157950e-01
2.271200496510366040e-01
2.272267897371002265e-01
2.272620127403180146e-01
2.274563305044911832e-01
2.276487270375948946e-01
2.278375138498634767e-01
2.280139110167147820e-01
2.280619521378338399e-01
2.281994565039899836e-01
2.282504031659067234e-01
2.285010223983930111e-01
2.285700214159915311e-01
2.287497018816301853e-01
2.289120699474182785e-01
2.289331524290097175e-01
2.291149225742949991e-01
2.292007596351297583e-01
2.293708647037601411e-01
2.295602907402262138e-01
2.295846911924792899e-01
2.297212717650487790e-01
2.299427594447303880e-01
2.301324663401994042e-01
2.303476880253461090e-01
2.304801265717210668e-01
2.305911398624585218e-01
2.307099119694501488e-01
2.309018821212072969e-01
2.310363496419022000e-01
2.311489687628628942e-01
2.313614649719624439e-01
2.313908306031700335e-01
2.314954012836177577e-01
2.316922044859591467e-01
2.318793469067072233e-01
2.319398459311387550e-01
2.322359367262876728e-01
2.323752679650633313e-01
2.324670176911979580e-01
2.326603460295355863e-01
2.327458271554664893e-01
2.328485467686011723e-01
2.329210022379893941e-01
2.330646402384616844e-01
2.332500011467262546e-01
2.333232116349472918e-01
2.333969443679403677e-01
2.336850285798539040e-01
2.337428040739897295e-01
2.340550165867167631e-01
2.341590962804292742e-01
2.343976160725955438e-01
2.345095353809656946e-01
2.346255752114512760e-01
2.347852833207676182e-01
2.349460647067246055e-01
2.349774946245395957e-01
2.351416175032159661e-01
2.354960875817162236e-01
2.355981587031525104e-01
2.356975475580217472e-01
2.358737956687413928e-01
2.360171060507048058e-01
2.361386291236658719e-01
2.363452843019746841e-01
2.363960558615707530e-01
2.366463876537081568e-01
2.368534841982253558e-01
2.369137443721767988e-01
2.369601029696074557e-01
2.370866821138806202e-01
2.373837530834689291e-01
2.375231491735992073e-01
2.377789343336192407e-01
2.378437755478959303e-01
2.381202952100593684e-01
2.383051413187581846e-01
2.384524174134932117e-01
2.386479043077385509e-01
2.387187901923772393e-01
2.389259604813805393e-01
2.391855032930976510e-01
2.392945400330578065e-01
2.394861936563185967e-01
2.397065242744834401e-01
2.398697957653322110e-01
2.400878861233591288e-01
2.401608213381669354e-01
2.402716464003999963e-01
2.405760387665567546e-01
2.406956638076442057e-01
2.407819926724623361e-01
2.410962176547447045e-01
2.411534300590966462e-01
2.413605208000400015e-01
2.414807574386162170e-01
2.416648301884630479e-01
2.417180552182144615e-01
2.418373800827377518e-01
2.419726931263925795e-01
2.422785180753979917e-01
2.423785173580648433e-01
2.424975797135655864e-01
2.426301414222135910e-01
2.428852233051680687e-01
2.429722226530546536e-01
2.431261633512577236e-01
2.433370428178606715e-01
2.434063276162639899e-01
2.435194675763781846e-01
2.436194227382122435e-01
2.440128152977336928e-01
2.440953122441262002e-01
2.441884884313836324e-01
2.443310886608554278e-01
2.444838843498832182e-01
2.446432418710649814e-01
2.446629695674497895e-01
2.450324261964313688e-01
2.451579358131695807e-01
2.454477581301638955e-01
2.456619242398526137e-01
2.457958208497286745e-01
2.458879321707091448e-01
2.462308313840531615e-01
2.463617205606848104e-01
2.464893712153623517e-01
2.465943547537838010e-01
2.468316000025751467e-01
2.469179525935502051e-01
2.470570412342598110e-01
2.471755603282214386e-01
2.473643525326195136e-01
2.474880580059098389e-01
2.477196802434682432e-01
2.477570546274950047e-01
2.478597225632075407e-01
2.479573687470344734e-01
2.483170402984585245e-01
2.484705190537805086e-01
2.486104568751988653e-01
2.487841901196186922e-01
2.490030151088196975e-01
2.491522845830458355e-01
2.493273645126929949e-01
2.493888105035151348e-01
2.496476859694963524e-01
2.497421270249246539e-01
2.498480814387976368e-01
2.501018260938668303e-01
2.502364012046441877e-01
2.502606939476464953e-01
2.505531140165538906e-01
2.506368299958947055e-01
2.508604600394408468e-01
2.511335950204817147e-01
2.513193980218497714e-01
2.514682432087449460e-01
2.516244407471565081e-01
2.517119202849315007e-01
2.521257686480504190e-01
2.522404239983499497e-01
2.524261045068433296e-01
2.527476998200521852e-01
2.527883853550786375e-01
2.529325500861151488e-01
2.531176128476766429e-01
2.533136023489215849e-01
2.534054758262930251e-01
2.536831215997628064e-01
2.537872346581850902e-01
2.539868311988852656e-01
2.541117083710336955e-01
2.542988591132046561e-01
2.546434283189904502e-01
2.547433595645801629e-01
2.547837371261092998e-01
2.548507394730661346e-01
2.550255962190211001e-01
2.550570084708954632e-01
2.551928058704808766e-01
2.553072097620215919e-01
2.554980262861261120e-01
2.556525457105361943e-01
2.559280563854651747e-01
2.559825648462302206e-01
2.561627900661396784e-01
2.564733725262220432e-01
2.566249347653874469e-01
2.567592394809661838e-01
2.569397026185856747e-01
2.571022623989449030e-01
2.571850960221483962e-01
2.573075751355156648e-01
2.576042769400936350e-01
2.578692173625646844e-01
2.580399964443030325e-01
2.581397764965780994e-01
2.582426277651820312e-01
2.582933205591544934e-01
2.586242386174262831e-01
2.589963186684273722e-01
2.590205956595957315e-01
2.591184215313586670e-01
2.593266756145951590e-01
2.595228830387898977e-01
2.595983200739377383e-01
2.598376196255125503e-01
2.599778155498225218e-01
2.604109515481565218e-01
2.607282467787485070e-01
2.607430012269449371e-01
2.609660347689351512e-01
2.611472310158192700e-01
2.613797664286857669e-01
2.615306110221788938e-01
2.616553929814067203e-01
2.619724858537494372e-01
2.622604781387020689e-01
2.624002597575565421e-01
2.626193127062174670e-01
2.626559086702155432e-01
2.628752709456614878e-01
2.631148122475494011e-01
2.633260394688739514e-01
2.634339068819820939e-01
2.636787897134117986e-01
2.637833109848795599e-01
2.639315334044583516e-01
2.641285882456899103e-01
2.644019820412437660e-01
2.645750666508751014e-01
2.646463476414899763e-01
2.646867961252638568e-01
2.647547764422600314e-01
2.649570811543583426e-01
2.655260133990806626e-01
2.655476034589590584e-01
2.659008593851050484e-01
2.660355326223751704e-01
2.663989685737516155e-01
2.665582919417889274e-01
2.667248203337624912e-01
2.668722880760784899e-01
2.670357712176333886e-01
2.670653799794449612e-01
2.673135044852186226e-01
2.675761504285440462e-01
2.677138368628947940e-01
2.679745132012327224e-01
2.682534548848204969e-01
2.685800001072595755e-01
2.687293209415175799e-01
2.689606895440410650e-01
2.691805949336999459e-01
2.692802332441753821e-01
2.693832034008180054e-01
2.695482685673880607e-01
2.697030848768089406e-01
2.698513622036079473e-01
2.701383849601632914e-01
2.704345934443961319e-01
2.705394091287069980e-01
2.708173983955484698e-01
2.710575372108363079e-01
2.711623675907118280e-01
2.715553028959139525e-01
2.716339530892667442e-01
2.717929920052780668e-01
2.722284464656865577e-01
2.725140388683809367e-01
2.726840215311783777e-01
2.728377717014213721e-01
2.731138770311638542e-01
2.732869116023933231e-01
2.735550449808818452e-01
2.736678342594242030e-01
2.738782308228037143e-01
2.741865728989117956e-01
2.743062523172767886e-01
2.744360007115014821e-01
2.745942015467726094e-01
2.748417650837018389e-01
2.752059066375424634e-01
2.755191724866372649e-01
2.755945822605613826e-01
2.757752670729118893e-01
2.758423850161711433e-01
2.761027880310596427e-01
2.763044790786032268e-01
2.764838456331021321e-01
2.766106973603177366e-01
2.771384179019735217e-01
2.772924599521046640e-01
2.774242661907467267e-01
2.776997955208232449e-01
2.779104624123110434e-01
2.782940829270186822e-01
2.783273208213513095e-01
2.786307952968799517e-01
2.788591548019677124e-01
2.791927626043815280e-01
2.795292324155722596e-01
2.796124685512218488e-01
2.797192542836535178e-01
2.800231632188375785e-01
2.800929597948435545e-01
2.804433016675449974e-01
2.806840459407637378e-01
2.809723511465247459e-01
2.810002239430378079e-01
2.812351509344080958e-01
2.813327486597345106e-01
2.816838685117270535e-01
2.820504571385212267e-01
2.823436743232581314e-01
2.826213060112727771e-01
2.826938626382038411e-01
2.827955929402625745e-01
2.829726539244843964e-01
2.831870574891477421e-01
2.832988220430424087e-01
2.833729895960260259e-01
2.839285002382040402e-01
2.840992373107814606e-01
2.842512294248776827e-01
2.844361609847205208e-01
2.846539713781879311e-01
2.849891274094465965e-01
2.853114171674868138e-01
2.853371002279138091e-01
2.855796188272701763e-01
2.858061807083974726e-01
2.860758468004517829e-01
2.863589041678779590e-01
2.864819445118284569e-01
2.868419456571297821e-01
2.870124343562521219e-01
2.872292843538856166e-01
2.874718928450951672e-01
2.876479519844243882e-01
2.879459238389298070e-01
2.880768964601244098e-01
2.884005062735627845e-01
2.886315673117649805e-01
2.888425117333514036e-01
2.890258816760861160e-01
2.892323476561289297e-01
2.895857537037075380e-01
2.897707756754009378e-01
2.901206842340514624e-01
2.902817230684863192e-01
2.903304267808130001e-01
2.905552469271107108e-01
2.908737861129427338e-01
2.911738628749648283e-01
2.914063636160647563e-01
2.915186114277003582e-01
2.918027227986881300e-01
2.921605986251518128e-01
2.923748145212396454e-01
2.927207670630840308e-01
2.928049687571439019e-01
2.930392067051133531e-01
2.932962073377538559e-01
2.935209862735160824e-01
2.937308560872839425e-01
2.938699111285043020e-01
2.941695190830828088e-01
2.943082537518241226e-01
2.946068482266663846e-01
2.948708139656450733e-01
2.952583119798991573e-01
2.955164517290626569e-01
2.957451723017369694e-01
2.959272972227942611e-01
2.960947723682996746e-01
2.963058146520091141e-01
2.965953462366164306e-01
2.968594775222713200e-01
2.970215698931380488e-01
2.973966084897055606e-01
2.975527401019076312e-01
2.978305331694148794e-01
2.982024054469057384e-01
2.983536111383863765e-01
2.986315158913236401e-01
2.986547765211949867e-01
2.990017572245027289e-01
2.990747757396003403e-01
2.994872771043319282e-01
2.997994177779620406e-01
3.001106584708034264e-01
3.002217954161787161e-01
3.003994577708422598e-01
3.005639050375455423e-01
3.008154528313051745e-01
3.012031049043438213e-01
3.013852275814245529e-01
3.015388805667387762e-01
3.018120296984940776e-01
3.019225737389790165e-01
3.023725439984432661e-01
3.025615614592245262e-01
3.028773390072337368e-01
3.030906418265093549e-01
3.032932308846489899e-01
3.034782550532824086e-01
3.035156558252652403e-01
3.038353672449820575e-01
3.042434777759124853e-01
3.043834395383803182e-01
3.047645941842127004e-01
3.050129554874405069e-01
3.051444224964272589e-01
3.052512244435146016e-01
3.057591318691329496e-01
3.060332301128658727e-01
3.062615708027091044e-01
3.064254427250269752e-01
3.066910310195462563e-01
3.068953469145669910e-01
3.072032083353229415e-01
3.077470407140994180e-01
3.078277908632231497e-01
3.079615168524508229e-01
3.081408227448438342e-01
3.085242739839917370e-01
3.086351239368547716e-01
3.090792180401670808e-01
3.094995900160261715e-01
3.095221294740775342e-01
3.097085464119828102e-01
3.099696451392106034e-01
3.104900488763603361e-01
3.106167259979668582e-01
3.108138916849971789e-01
3.112338151732290670e-01
3.114536011953358829e-01
3.116439077426525484e-01
3.123597289600202886e-01
3.124465626837525933e-01
3.125337406864277523e-01
3.134527674758004756e-01
3.135960556664907362e-01
3.138659961302635026e-01
3.140371872986970625e-01
3.144048635291198379e-01
3.147348372767443947e-01
3.148992467489448166e-01
3.150321756845114174e-01
3.154885264810316503e-01
3.158912812999941089e-01
3.162530799949872518e-01
3.164368224910604210e-01
3.169466624458938120e-01
3.170474028757857554e-01
3.173746130995040993e-01
3.176647702156100705e-01
3.179556371594087771e-01
3.183071663983500499e-01
3.185026565881103333e-01
3.186652394743247352e-01
3.191958240964948290e-01
3.195569445932385233e-01
3.199535768200838515e-01
3.201728053943592722e-01
3.203511007390468790e-01
3.205384845482749934e-01
3.205766480738143631e-01
3.207867850763050366e-01
3.214898785359843747e-01
3.215324151336703129e-01
3.220480835296996025e-01
3.222281584443932312e-01
3.225395656710964842e-01
3.227564675143856365e-01
3.231136798905406837e-01
3.235461903115028348e-01
3.238730215761392306e-01
3.241523047679021330e-01
3.246309909794287130e-01
3.251832631321683320e-01
3.252117207923672648e-01
3.257319085846294704e-01
3.261996719819680868e-01
3.265182664471319995e-01
3.266262017331099110e-01
3.269638065305518482e-01
3.272364243520921034e-01
3.274346538751398139e-01
3.281551121057916243e-01
3.282246487070963892e-01
3.289086049095214515e-01
3.292285932336964094e-01
3.293191861126687492e-01
3.293677808223110515e-01
3.299664762636080884e-01
3.300717320914928754e-01
3.305179119944623434e-01
3.307524302397690796e-01
3.313835825539104829e-01
3.318057754222024647e-01
3.320591410051624837e-01
3.321716057469393246e-01
3.325001405066245197e-01
3.328710474539465225e-01
3.333157281529324778e-01
3.335768649297305433e-01
3.340468345163264408e-01
3.341839093664400462e-01
3.346857347536607019e-01
3.349310592395286501e-01
3.352464261697234438e-01
3.356916631071241719e-01
3.363806666198529416e-01
3.364534117607697050e-01
3.369044139455890097e-01
3.371685327940557309e-01
3.373815481021732454e-01
3.376790777464734328e-01
3.380052010746260049e-01
3.385083241101386475e-01
3.386722409062078998e-01
3.389055713408440362e-01
3.390677801206203879e-01
3.396516104609905162e-01
3.397679740633920975e-01
3.400129932026353941e-01
3.403240636174232336e-01
3.406870436233690458e-01
3.407182651605425439e-01
3.409365208732975105e-01
3.415025832499204439e-01
3.418493513822591368e-01
3.424723946991411472e-01
3.430637358946727056e-01
3.433974092075348650e-01
3.436621157380357339e-01
3.437998995172237282e-01
3.440978525114567477e-01
3.445509804610690230e-01
3.448213596156408656e-01
3.450226673397754351e-01
3.452028089632671604e-01
3.456194153182815532e-01
3.459365779553005282e-01
3.461087637712603193e-01
3.467310745400071226e-01
3.473241591502498893e-01
3.477118376892558427e-01
3.479384625469873482e-01
3.481961708977328596e-01
3.489164995632621502e-01
3.490880149548782341e-01
3.494392688817422599e-01
3.497744927922957769e-01
3.499855369705709429e-01
3.507962201768543009e-01
3.511379880402325515e-01
3.514814872564879233e-01
3.518614225931681050e-01
3.526623512850673436e-01
3.529886421477176905e-01
3.533880550884824223e-01
3.536931866590737883e-01
3.541623529600653741e-01
3.545319297962732930e-01
3.548241303837779692e-01
3.553483593502637095e-01
3.559611262862824588e-01
3.561611731763011934e-01
3.565231033288205342e-01
3.566826337147906423e-01
3.571207765632193332e-01
3.577406110572399212e-01
3.582432993290269319e-01
3.587734694574509220e-01
3.593581801046236146e-01
3.597010974604477052e-01
3.600329175807674975e-01
3.609161891251876919e-01
3.612551952754655127e-01
3.615822713661048238e-01
3.620013547388625241e-01
3.626012542811838379e-01
3.629783931230884386e-01
3.635276533983187175e-01
3.644781787598145306e-01
3.650310810392572436e-01
3.651623800946282583e-01
3.659286080210808478e-01
3.665861140170902366e-01
3.669796762365048481e-01
3.671908444907400759e-01
3.674164027087418183e-01
3.683148918288604579e-01
3.687732861982253585e-01
3.689137970375711562e-01
3.699868681149519611e-01
3.702381809197340390e-01
3.705651638080214028e-01
3.708243879674971155e-01
3.711134238493757898e-01
3.725282319669935838e-01
3.727835627183948009e-01
3.733483741219155716e-01
3.738164957060969296e-01
3.746433220769355699e-01
3.748534557799746980e-01
3.755949069718503286e-01
3.761071691673042450e-01
3.765414789767920767e-01
3.770961256893545221e-01
3.772174498083186167e-01
3.777345846989557665e-01
3.786357894339813512e-01
3.792891253506687765e-01
3.794267467140018946e-01
3.800973189732644308e-01
3.806150995130063719e-01
3.808139950034069576e-01
3.811919105103904193e-01
3.820105534863396657e-01
3.823809695771344663e-01
3.827810972388698829e-01
3.832339768264095281e-01
3.837187165634274311e-01
3.843465970370665841e-01
3.845991681905831516e-01
3.851898530112791708e-01
3.855621227311791799e-01
3.865379272275391576e-01
3.867375583068538014e-01
3.871406393704999171e-01
3.873649203857071899e-01
3.877215257989862218e-01
3.884257537390445880e-01
3.885961080186096650e-01
3.891093388658985464e-01
3.900423035353630108e-01
3.908617781923273138e-01
3.919399066756502625e-01
3.921349868591131882e-01
3.927005513547191518e-01
3.933138559438470461e-01
3.937596045153662905e-01
3.948398727006817155e-01
3.949355167429520752e-01
3.952748024472590438e-01
3.956007624148067392e-01
3.963008776099649078e-01
3.964981150399953802e-01
3.973633787650065474e-01
3.978946796342999748e-01
3.996688096143259927e-01
3.998249949593019048e-01
4.004532959907312617e-01
4.007871755823014803e-01
4.017858435152519281e-01
4.023148999678432536e-01
4.026262404808285122e-01
4.032194314739999674e-01
4.036573985978243462e-01
4.045114406479718427e-01
4.046572016983231435e-01
4.051834283990335961e-01
4.052336677848341617e-01
4.062429834583210497e-01
4.062812841441437173e-01
4.076525703658766542e-01
4.083552264642932306e-01
4.089787916216089947e-01
4.101419650494803615e-01
4.111216517556477990e-01
4.115353451708506638e-01
4.122723014217068438e-01
4.123537373942570139e-01
4.132778899103015657e-01
4.137300956550260533e-01
4.142243064272209674e-01
4.151010113287263437e-01
4.152272099813838491e-01
4.156805955440517897e-01
4.164469721146140113e-01
4.165303172963071843e-01
4.174560888556384519e-01
4.179623433308241598e-01
4.194014114657051984e-01
4.209350625081676456e-01
4.219032684492175500e-01
4.223864139884221935e-01
4.240024719271220377e-01
4.246143990277360669e-01
4.249577347528703530e-01
4.251835914650106685e-01
4.262309232745346010e-01
4.266150271124974358e-01
4.271906842309070584e-01
4.276740966791031662e-01
4.284114979507203658e-01
4.287123715536306223e-01
4.297009213095874802e-01
4.302383713215389149e-01
4.312588821035450160e-01
4.324882736392109406e-01
4.335513959999094391e-01
4.343457437813089683e-01
4.355950172399992160e-01
4.366246054391431652e-01
4.377042686434568508e-01
4.384972280614599649e-01
4.394381013392906210e-01
4.408690101769729419e-01
4.414570545241026100e-01
4.416720578698574706e-01
4.425723587212174737e-01
4.430753583790520422e-01
4.437313948203533975e-01
4.442915113845271047e-01
4.453415132564431111e-01
4.458947756644770499e-01
4.481146134344892173e-01
4.485715861476651800e-01
4.508801282537505672e-01
4.517474012359729008e-01
4.527168437633865006e-01
4.539511691837703200e-01
4.540145268988655669e-01
4.546589984922933536e-01
4.553737821331455549e-01
4.567116240167136132e-01
4.581254733843436733e-01
4.590511555563199786e-01
4.598426689691006986e-01
4.612406240000573865e-01
4.622703878560883717e-01
4.643023041637266979e-01
4.659977232861213792e-01
4.665393918632579906e-01
4.677172462435497113e-01
4.701065267168233475e-01
4.706165535423438850e-01
4.722473741778843159e-01
4.738057322849842379e-01
4.753765126115948036e-01
4.761195901792404372e-01
4.768881349202500619e-01
4.791052335145097874e-01
4.801079793168319121e-01
4.810137161387240679e-01
4.811514027040796337e-01
4.825315376140194568e-01
4.847962551940133147e-01
4.867344752157153898e-01
4.915500354426832197e-01
4.930112646855672742e-01
4.945388546804695973e-01
4.958259809723380429e-01
4.961820051488336492e-01
4.978047374656574542e-01
4.989685257323452916e-01
4.997572062768914636e-01
5.017104155476166394e-01
5.024091630613949366e-01
5.032797188348968609e-01
5.065647807579506390e-01
5.092241132883890131e-01
5.093491798136379201e-01
5.123429060288835490e-01
5.127153380997224730e-01
5.138533419020064885e-01
5.161223246364626815e-01
5.189175411502772173e-01
5.200637521942802488e-01
5.241346409121198091e-01
5.286075403111449855e-01
5.304252451614447361e-01
5.330544727433460528e-01
5.344303229463807092e-01
5.407662080144030048e-01
5.463426416269034913e-01
5.513245279679692690e-01
5.528848097019846142e-01
5.577598463097496184e-01
5.578273772671062947e-01
5.591137172566635893e-01
5.599857088682432815e-01
5.608755154339529758e-01
5.642859536298632239e-01
5.719343936783013449e-01
5.762943773044698625e-01
5.769411971926385885e-01
5.786854734826909485e-01
5.831308176377499874e-01
5.851893974105051299e-01
5.929364387486427690e-01
5.966268647925733193e-01
6.008391318064912889e-01
6.030473017279547321e-01
6.063757702643783887e-01
6.087014580209663128e-01
6.216648447241571729e-01
6.219496582269178342e-01
6.246473405426913317e-01
6.332854889033142642e-01
6.383012206040097336e-01
6.437136910091686426e-01
6.455792605396764028e-01
6.548247049395670150e-01
6.603922872969181235e-01
6.764783817507277197e-01
6.820339912703848873e-01
6.891901747758945040e-01
7.024370656667603408e-01
7.373892632279193116e-01
7.681327671703082061e-01
7.887536568276782845e-01
8.863362881693730433e-01
9.154433737680023331e-01
1.000000000000000000e+00
