# SF-29 N2 candidate (i) i0 field=lester_brk eps=0.5 N=12: sorted relative singular values of the dense central-FD Jacobian at the final_iterate state (rows F_i=-q(L_i-S_i); smax=1.945900e+03)
4.341055e-06
1.030851e-05
2.408261e-05
2.828439e-05
5.009757e-05
5.714479e-05
7.350101e-05
8.511447e-05
1.053267e-04
1.164982e-04
1.329701e-04
1.694822e-04
1.848899e-04
1.900901e-04
2.170542e-04
2.283269e-04
2.497057e-04
2.833999e-04
3.586973e-04
3.657460e-04
3.777399e-04
3.853635e-04
4.728310e-04
4.837097e-04
4.907938e-04
5.495991e-04
5.894465e-04
6.985497e-04
7.057705e-04
8.025025e-04
8.659742e-04
8.889364e-04
9.686582e-04
1.022985e-03
1.054551e-03
1.167592e-03
1.213812e-03
1.288910e-03
1.305228e-03
1.409200e-03
1.464057e-03
1.495248e-03
1.498117e-03
1.579095e-03
1.590392e-03
1.788962e-03
1.863075e-03
2.021476e-03
2.084535e-03
2.260128e-03
2.275655e-03
2.328348e-03
2.512114e-03
2.603332e-03
2.793362e-03
2.873785e-03
3.058897e-03
3.210454e-03
3.328927e-03
3.483182e-03
3.734947e-03
3.817443e-03
3.971988e-03
3.981864e-03
4.122281e-03
4.166808e-03
4.308707e-03
4.460817e-03
4.878302e-03
4.896402e-03
4.905156e-03
5.059987e-03
5.125949e-03
5.145502e-03
5.209543e-03
5.251349e-03
6.118712e-03
6.221741e-03
6.262322e-03
6.270057e-03
6.549560e-03
6.692361e-03
6.706915e-03
6.754524e-03
6.791534e-03
6.966977e-03
7.045345e-03
7.076905e-03
7.196067e-03
7.275758e-03
7.422871e-03
7.469857e-03
7.495034e-03
7.518726e-03
7.561489e-03
7.961009e-03
8.003216e-03
8.040341e-03
8.131926e-03
8.271142e-03
8.328091e-03
8.536143e-03
8.575615e-03
8.729979e-03
8.879708e-03
9.008823e-03
9.111306e-03
9.137492e-03
9.176631e-03
9.368565e-03
9.736443e-03
9.851286e-03
9.918960e-03
1.049925e-02
1.053494e-02
1.073597e-02
1.075758e-02
1.105321e-02
1.109579e-02
1.121713e-02
1.136336e-02
1.137855e-02
1.142591e-02
1.159016e-02
1.170428e-02
1.216148e-02
1.227968e-02
1.240034e-02
1.255446e-02
1.314018e-02
1.329277e-02
1.376058e-02
1.412501e-02
1.433530e-02
1.440015e-02
1.477315e-02
1.505331e-02
1.509946e-02
1.512029e-02
1.556383e-02
1.577001e-02
1.587044e-02
1.591928e-02
1.597644e-02
1.647417e-02
1.648956e-02
1.714285e-02
1.718235e-02
1.732740e-02
1.739663e-02
1.784302e-02
1.784543e-02
1.784875e-02
1.890614e-02
1.923031e-02
1.962962e-02
1.984259e-02
2.054388e-02
2.055637e-02
2.075000e-02
2.078468e-02
2.092516e-02
2.105948e-02
2.157512e-02
2.169518e-02
2.175321e-02
2.180124e-02
2.213543e-02
2.213879e-02
2.222339e-02
2.223662e-02
2.234722e-02
2.240729e-02
2.249707e-02
2.262554e-02
2.279009e-02
2.306298e-02
2.314396e-02
2.318685e-02
2.341177e-02
2.345491e-02
2.350885e-02
2.368949e-02
2.369235e-02
2.376712e-02
2.385382e-02
2.404976e-02
2.414041e-02
2.420292e-02
2.443136e-02
2.443791e-02
2.452204e-02
2.465503e-02
2.476408e-02
2.481547e-02
2.488002e-02
2.507854e-02
2.530021e-02
2.533335e-02
2.568504e-02
2.569109e-02
2.608637e-02
2.609134e-02
2.628107e-02
2.637990e-02
2.638673e-02
2.651735e-02
2.654043e-02
2.672840e-02
2.685623e-02
2.694082e-02
2.705221e-02
2.716941e-02
2.733628e-02
2.750240e-02
2.755916e-02
2.776074e-02
2.851496e-02
2.853690e-02
2.866116e-02
2.911591e-02
2.917354e-02
2.917663e-02
2.963463e-02
3.034390e-02
3.058229e-02
3.106191e-02
3.129206e-02
3.154803e-02
3.158221e-02
3.171184e-02
3.175168e-02
3.203258e-02
3.208780e-02
3.230812e-02
3.303059e-02
3.331362e-02
3.340522e-02
3.360034e-02
3.369870e-02
3.371665e-02
3.416970e-02
3.424773e-02
3.461707e-02
3.502786e-02
3.516970e-02
3.517330e-02
3.519511e-02
3.547881e-02
3.552621e-02
3.580341e-02
3.668017e-02
3.671798e-02
3.687508e-02
3.742371e-02
3.764004e-02
3.771570e-02
3.776393e-02
3.807860e-02
3.817198e-02
3.821217e-02
3.835786e-02
3.912883e-02
3.928355e-02
3.930865e-02
3.955215e-02
3.969045e-02
3.988707e-02
4.000667e-02
4.014517e-02
4.051881e-02
4.081990e-02
4.088263e-02
4.089285e-02
4.098698e-02
4.114025e-02
4.114925e-02
4.180483e-02
4.202967e-02
4.212166e-02
4.214059e-02
4.233864e-02
4.269441e-02
4.291746e-02
4.292036e-02
4.347113e-02
4.361042e-02
4.378450e-02
4.385514e-02
4.391209e-02
4.391256e-02
4.425983e-02
4.443057e-02
4.468925e-02
4.474852e-02
4.524555e-02
4.532141e-02
4.546188e-02
4.558485e-02
4.561797e-02
4.567427e-02
4.583902e-02
4.612465e-02
4.635525e-02
4.637415e-02
4.638832e-02
4.661396e-02
4.723587e-02
4.725264e-02
4.735295e-02
4.771407e-02
4.778264e-02
4.785817e-02
4.817278e-02
4.818707e-02
4.823988e-02
4.829364e-02
4.865480e-02
4.874131e-02
4.889426e-02
4.892501e-02
4.916543e-02
4.926819e-02
4.942568e-02
4.956171e-02
4.964130e-02
4.980157e-02
4.992065e-02
5.004185e-02
5.009684e-02
5.077329e-02
5.097267e-02
5.097379e-02
5.100539e-02
5.148853e-02
5.173486e-02
5.197396e-02
5.259696e-02
5.309173e-02
5.339435e-02
5.351578e-02
5.355378e-02
5.402339e-02
5.410187e-02
5.440098e-02
5.476546e-02
5.480872e-02
5.530368e-02
5.541641e-02
5.556579e-02
5.557926e-02
5.579376e-02
5.585588e-02
5.636388e-02
5.638813e-02
5.665015e-02
5.666368e-02
5.700708e-02
5.701932e-02
5.748414e-02
5.753279e-02
5.766402e-02
5.777416e-02
5.796473e-02
5.804185e-02
5.874465e-02
5.889422e-02
5.898156e-02
5.898515e-02
5.952622e-02
5.999111e-02
6.014896e-02
6.026412e-02
6.063155e-02
6.075487e-02
6.101265e-02
6.121440e-02
6.124687e-02
6.150772e-02
6.160417e-02
6.167930e-02
6.196063e-02
6.217313e-02
6.222730e-02
6.245882e-02
6.268591e-02
6.285749e-02
6.287125e-02
6.313232e-02
6.344681e-02
6.346140e-02
6.350602e-02
6.364630e-02
6.368252e-02
6.369808e-02
6.404495e-02
6.446774e-02
6.456661e-02
6.544600e-02
6.561969e-02
6.563548e-02
6.596180e-02
6.603075e-02
6.682846e-02
6.685950e-02
6.694375e-02
6.740388e-02
6.762548e-02
6.809381e-02
6.811883e-02
6.891665e-02
6.929131e-02
6.964119e-02
6.980297e-02
7.030332e-02
7.039162e-02
7.068873e-02
7.083125e-02
7.099625e-02
7.112227e-02
7.125088e-02
7.128330e-02
7.167903e-02
7.182372e-02
7.240612e-02
7.271734e-02
7.342128e-02
7.350163e-02
7.361774e-02
7.391370e-02
7.433690e-02
7.443434e-02
7.455887e-02
7.484623e-02
7.523328e-02
7.526391e-02
7.542023e-02
7.558544e-02
7.575316e-02
7.578563e-02
7.588613e-02
7.612871e-02
7.627139e-02
7.634513e-02
7.647473e-02
7.649854e-02
7.663846e-02
7.683421e-02
7.685633e-02
7.702465e-02
7.712467e-02
7.768354e-02
7.813870e-02
7.817563e-02
7.826250e-02
7.836170e-02
7.844740e-02
7.856894e-02
7.862051e-02
7.873207e-02
7.893865e-02
7.915293e-02
7.936727e-02
7.940278e-02
7.946142e-02
7.961621e-02
7.962801e-02
7.988169e-02
8.026544e-02
8.055212e-02
8.073810e-02
8.082944e-02
8.094443e-02
8.102345e-02
8.138021e-02
8.150987e-02
8.169682e-02
8.172576e-02
8.173936e-02
8.200496e-02
8.259956e-02
8.266085e-02
8.269131e-02
8.283713e-02
8.286758e-02
8.287959e-02
8.316354e-02
8.319508e-02
8.333415e-02
8.370662e-02
8.409135e-02
8.416231e-02
8.438722e-02
8.450488e-02
8.470204e-02
8.475210e-02
8.482803e-02
8.489462e-02
8.519237e-02
8.540714e-02
8.549337e-02
8.580073e-02
8.589247e-02
8.590517e-02
8.638643e-02
8.642534e-02
8.645588e-02
8.666769e-02
8.683495e-02
8.689628e-02
8.707266e-02
8.707671e-02
8.717667e-02
8.738622e-02
8.739679e-02
8.751755e-02
8.762118e-02
8.766852e-02
8.786533e-02
8.798702e-02
8.819027e-02
8.851377e-02
8.872418e-02
8.877440e-02
8.877780e-02
8.878926e-02
8.940408e-02
8.944068e-02
8.950554e-02
8.961088e-02
8.978270e-02
8.992696e-02
9.024878e-02
9.072124e-02
9.088204e-02
9.090323e-02
9.105575e-02
9.126716e-02
9.133512e-02
9.137559e-02
9.145411e-02
9.168351e-02
9.188752e-02
9.191291e-02
9.224201e-02
9.237574e-02
9.264019e-02
9.279295e-02
9.281204e-02
9.284889e-02
9.288818e-02
9.329168e-02
9.342603e-02
9.380021e-02
9.381690e-02
9.390688e-02
9.446050e-02
9.446937e-02
9.466738e-02
9.470267e-02
9.508446e-02
9.517121e-02
9.543100e-02
9.551252e-02
9.559410e-02
9.594548e-02
9.652109e-02
9.706245e-02
9.726222e-02
9.733709e-02
9.752832e-02
9.773969e-02
9.803753e-02
9.827869e-02
9.849498e-02
9.929734e-02
9.937528e-02
9.968253e-02
9.988512e-02
1.001678e-01
1.010822e-01
1.011103e-01
1.015096e-01
1.018792e-01
1.020624e-01
1.022561e-01
1.023956e-01
1.025893e-01
1.026983e-01
1.030504e-01
1.031708e-01
1.033982e-01
1.034823e-01
1.034947e-01
1.036243e-01
1.043225e-01
1.044319e-01
1.046039e-01
1.049238e-01
1.055050e-01
1.057104e-01
1.057260e-01
1.059186e-01
1.063486e-01
1.063828e-01
1.064349e-01
1.069083e-01
1.070636e-01
1.071501e-01
1.072280e-01
1.073447e-01
1.074286e-01
1.075577e-01
1.079141e-01
1.080312e-01
1.082898e-01
1.085457e-01
1.088749e-01
1.090536e-01
1.092073e-01
1.095740e-01
1.096866e-01
1.097958e-01
1.097979e-01
1.101645e-01
1.101673e-01
1.103503e-01
1.104349e-01
1.106534e-01
1.108805e-01
1.108839e-01
1.110850e-01
1.111926e-01
1.115744e-01
1.120259e-01
1.122434e-01
1.122578e-01
1.122829e-01
1.124811e-01
1.125733e-01
1.126593e-01
1.127110e-01
1.127346e-01
1.128591e-01
1.131217e-01
1.132378e-01
1.135995e-01
1.138263e-01
1.138799e-01
1.141584e-01
1.142179e-01
1.142382e-01
1.142796e-01
1.144527e-01
1.146516e-01
1.146630e-01
1.146738e-01
1.151916e-01
1.152685e-01
1.153083e-01
1.153619e-01
1.158373e-01
1.158438e-01
1.160337e-01
1.160474e-01
1.161845e-01
1.164588e-01
1.165625e-01
1.167129e-01
1.169820e-01
1.171727e-01
1.171950e-01
1.173639e-01
1.175948e-01
1.176262e-01
1.177922e-01
1.182495e-01
1.182863e-01
1.184970e-01
1.185635e-01
1.185974e-01
1.186263e-01
1.188349e-01
1.189857e-01
1.193100e-01
1.194582e-01
1.197644e-01
1.200171e-01
1.201274e-01
1.203548e-01
1.204557e-01
1.206826e-01
1.208763e-01
1.209705e-01
1.210320e-01
1.211311e-01
1.211800e-01
1.215310e-01
1.218400e-01
1.219971e-01
1.222550e-01
1.223069e-01
1.223426e-01
1.224665e-01
1.227507e-01
1.228479e-01
1.228868e-01
1.230810e-01
1.232903e-01
1.234490e-01
1.240678e-01
1.241026e-01
1.245540e-01
1.245938e-01
1.246856e-01
1.248775e-01
1.256145e-01
1.256612e-01
1.258976e-01
1.259711e-01
1.260537e-01
1.263895e-01
1.264329e-01
1.264999e-01
1.265201e-01
1.267790e-01
1.269422e-01
1.270115e-01
1.275411e-01
1.275899e-01
1.277967e-01
1.279285e-01
1.281216e-01
1.285589e-01
1.287205e-01
1.287841e-01
1.287976e-01
1.296158e-01
1.298787e-01
1.299122e-01
1.300953e-01
1.302932e-01
1.303563e-01
1.304017e-01
1.308861e-01
1.309390e-01
1.309552e-01
1.316220e-01
1.316754e-01
1.317216e-01
1.318870e-01
1.320464e-01
1.320567e-01
1.322645e-01
1.323322e-01
1.324767e-01
1.327675e-01
1.333399e-01
1.333747e-01
1.335423e-01
1.337762e-01
1.338846e-01
1.341081e-01
1.341640e-01
1.342106e-01
1.343185e-01
1.345921e-01
1.347806e-01
1.349192e-01
1.351372e-01
1.353299e-01
1.353683e-01
1.354393e-01
1.354606e-01
1.359386e-01
1.361168e-01
1.363350e-01
1.363683e-01
1.367285e-01
1.367362e-01
1.368163e-01
1.371384e-01
1.373535e-01
1.373808e-01
1.374970e-01
1.376475e-01
1.378662e-01
1.380763e-01
1.380821e-01
1.382568e-01
1.384152e-01
1.386645e-01
1.390456e-01
1.390618e-01
1.391244e-01
1.393613e-01
1.393935e-01
1.397108e-01
1.402411e-01
1.402684e-01
1.404795e-01
1.404876e-01
1.407419e-01
1.409453e-01
1.414184e-01
1.414394e-01
1.415039e-01
1.419484e-01
1.423083e-01
1.423604e-01
1.424514e-01
1.425507e-01
1.427305e-01
1.428110e-01
1.430250e-01
1.431176e-01
1.433193e-01
1.434172e-01
1.434396e-01
1.434450e-01
1.435993e-01
1.437686e-01
1.439607e-01
1.441343e-01
1.442054e-01
1.444072e-01
1.446010e-01
1.446206e-01
1.448501e-01
1.448982e-01
1.452914e-01
1.452968e-01
1.454276e-01
1.459582e-01
1.459760e-01
1.461659e-01
1.461815e-01
1.462993e-01
1.467413e-01
1.469068e-01
1.469426e-01
1.471171e-01
1.472775e-01
1.474023e-01
1.474025e-01
1.476957e-01
1.479285e-01
1.481923e-01
1.483736e-01
1.486514e-01
1.487498e-01
1.490659e-01
1.492170e-01
1.492274e-01
1.493108e-01
1.495014e-01
1.495633e-01
1.497432e-01
1.497680e-01
1.499075e-01
1.501945e-01
1.503915e-01
1.506834e-01
1.507302e-01
1.508710e-01
1.510149e-01
1.511349e-01
1.513306e-01
1.513934e-01
1.519457e-01
1.520092e-01
1.521549e-01
1.521760e-01
1.523054e-01
1.525384e-01
1.525668e-01
1.525747e-01
1.525825e-01
1.527692e-01
1.531640e-01
1.534556e-01
1.535513e-01
1.535568e-01
1.536874e-01
1.538196e-01
1.542775e-01
1.545536e-01
1.545656e-01
1.547285e-01
1.547349e-01
1.547837e-01
1.549130e-01
1.549420e-01
1.553653e-01
1.553962e-01
1.554890e-01
1.557987e-01
1.559280e-01
1.559692e-01
1.560261e-01
1.562693e-01
1.564802e-01
1.566493e-01
1.567285e-01
1.567408e-01
1.570448e-01
1.571281e-01
1.574855e-01
1.575205e-01
1.576585e-01
1.580756e-01
1.581972e-01
1.583119e-01
1.584059e-01
1.585724e-01
1.586312e-01
1.587105e-01
1.587279e-01
1.589987e-01
1.590043e-01
1.593446e-01
1.594396e-01
1.595951e-01
1.597934e-01
1.598315e-01
1.599458e-01
1.599547e-01
1.604698e-01
1.606724e-01
1.607603e-01
1.608050e-01
1.608407e-01
1.610342e-01
1.611706e-01
1.613743e-01
1.614053e-01
1.614153e-01
1.615863e-01
1.616634e-01
1.621583e-01
1.622364e-01
1.622989e-01
1.623102e-01
1.625061e-01
1.625928e-01
1.626972e-01
1.630310e-01
1.631036e-01
1.633681e-01
1.634294e-01
1.637289e-01
1.638913e-01
1.639007e-01
1.641617e-01
1.644626e-01
1.645447e-01
1.647060e-01
1.649787e-01
1.652925e-01
1.653864e-01
1.654062e-01
1.655803e-01
1.656168e-01
1.658200e-01
1.665154e-01
1.665287e-01
1.666031e-01
1.671669e-01
1.673788e-01
1.674090e-01
1.674151e-01
1.676042e-01
1.677396e-01
1.683074e-01
1.686165e-01
1.687304e-01
1.689138e-01
1.692318e-01
1.692719e-01
1.692930e-01
1.696108e-01
1.700529e-01
1.701792e-01
1.702313e-01
1.702688e-01
1.704398e-01
1.704638e-01
1.707190e-01
1.708224e-01
1.711103e-01
1.713461e-01
1.715403e-01
1.716127e-01
1.718056e-01
1.721191e-01
1.722723e-01
1.724218e-01
1.725389e-01
1.726030e-01
1.730698e-01
1.731982e-01
1.735690e-01
1.736862e-01
1.737972e-01
1.740898e-01
1.741482e-01
1.744303e-01
1.745289e-01
1.745539e-01
1.748327e-01
1.749593e-01
1.750733e-01
1.751996e-01
1.752653e-01
1.752662e-01
1.754298e-01
1.755693e-01
1.757146e-01
1.765692e-01
1.765953e-01
1.766831e-01
1.766890e-01
1.767981e-01
1.768906e-01
1.769310e-01
1.771943e-01
1.772977e-01
1.773155e-01
1.776263e-01
1.776989e-01
1.779577e-01
1.781135e-01
1.787216e-01
1.787541e-01
1.789648e-01
1.792924e-01
1.793784e-01
1.795355e-01
1.797042e-01
1.798283e-01
1.799097e-01
1.799569e-01
1.799692e-01
1.799949e-01
1.807782e-01
1.810007e-01
1.813936e-01
1.814254e-01
1.815391e-01
1.815434e-01
1.817199e-01
1.820162e-01
1.820826e-01
1.822668e-01
1.826590e-01
1.826627e-01
1.828273e-01
1.828277e-01
1.832139e-01
1.834057e-01
1.837189e-01
1.837523e-01
1.839529e-01
1.841926e-01
1.845051e-01
1.846496e-01
1.847991e-01
1.849100e-01
1.850195e-01
1.852503e-01
1.856535e-01
1.856798e-01
1.858336e-01
1.861387e-01
1.865147e-01
1.871069e-01
1.871276e-01
1.873352e-01
1.873973e-01
1.874295e-01
1.876713e-01
1.877554e-01
1.878401e-01
1.880025e-01
1.883381e-01
1.885269e-01
1.886080e-01
1.889267e-01
1.889893e-01
1.891561e-01
1.893128e-01
1.894267e-01
1.897103e-01
1.897802e-01
1.902529e-01
1.903206e-01
1.903716e-01
1.908028e-01
1.909484e-01
1.910268e-01
1.911319e-01
1.912058e-01
1.914362e-01
1.914604e-01
1.918157e-01
1.918575e-01
1.919344e-01
1.919511e-01
1.926900e-01
1.927645e-01
1.927909e-01
1.929193e-01
1.934780e-01
1.937064e-01
1.937941e-01
1.939440e-01
1.940134e-01
1.940874e-01
1.941923e-01
1.943460e-01
1.946626e-01
1.946926e-01
1.947390e-01
1.948019e-01
1.950986e-01
1.951346e-01
1.951841e-01
1.955277e-01
1.956344e-01
1.957207e-01
1.957535e-01
1.959401e-01
1.961835e-01
1.963476e-01
1.963986e-01
1.967219e-01
1.968541e-01
1.971989e-01
1.973846e-01
1.973956e-01
1.976538e-01
1.978237e-01
1.979091e-01
1.979825e-01
1.982593e-01
1.983576e-01
1.983834e-01
1.985480e-01
1.985712e-01
1.988172e-01
1.988386e-01
1.990312e-01
1.991007e-01
1.994861e-01
1.996229e-01
1.996441e-01
1.997536e-01
1.997777e-01
2.000384e-01
2.000546e-01
2.001879e-01
2.004134e-01
2.008755e-01
2.008952e-01
2.009889e-01
2.014873e-01
2.015125e-01
2.016409e-01
2.018980e-01
2.019585e-01
2.023581e-01
2.025270e-01
2.026304e-01
2.027530e-01
2.031420e-01
2.031452e-01
2.032641e-01
2.033649e-01
2.035408e-01
2.035882e-01
2.039922e-01
2.041091e-01
2.041613e-01
2.045436e-01
2.046736e-01
2.046754e-01
2.050571e-01
2.050807e-01
2.052697e-01
2.055146e-01
2.057444e-01
2.057764e-01
2.057915e-01
2.060384e-01
2.061905e-01
2.062633e-01
2.063130e-01
2.067587e-01
2.068598e-01
2.069144e-01
2.070542e-01
2.071046e-01
2.073107e-01
2.075498e-01
2.079828e-01
2.082129e-01
2.083966e-01
2.084028e-01
2.086290e-01
2.087809e-01
2.088037e-01
2.088461e-01
2.092484e-01
2.092949e-01
2.096143e-01
2.097400e-01
2.098487e-01
2.100531e-01
2.101125e-01
2.102344e-01
2.104730e-01
2.107009e-01
2.110716e-01
2.112163e-01
2.112169e-01
2.113231e-01
2.114275e-01
2.117372e-01
2.119748e-01
2.119970e-01
2.123330e-01
2.124450e-01
2.127843e-01
2.128361e-01
2.131088e-01
2.131892e-01
2.132443e-01
2.132537e-01
2.134169e-01
2.134956e-01
2.136526e-01
2.137555e-01
2.137676e-01
2.138305e-01
2.141148e-01
2.141717e-01
2.143441e-01
2.147145e-01
2.149797e-01
2.150599e-01
2.152653e-01
2.152892e-01
2.154805e-01
2.156854e-01
2.157857e-01
2.158211e-01
2.158283e-01
2.161128e-01
2.162347e-01
2.162728e-01
2.165661e-01
2.167215e-01
2.168842e-01
2.172595e-01
2.174875e-01
2.177470e-01
2.180258e-01
2.180837e-01
2.182636e-01
2.183532e-01
2.185341e-01
2.186415e-01
2.188339e-01
2.190601e-01
2.191654e-01
2.192601e-01
2.192803e-01
2.194461e-01
2.197676e-01
2.198242e-01
2.198815e-01
2.199341e-01
2.200400e-01
2.202461e-01
2.205550e-01
2.205967e-01
2.208402e-01
2.210940e-01
2.211784e-01
2.212397e-01
2.213963e-01
2.216129e-01
2.216936e-01
2.217524e-01
2.219242e-01
2.220875e-01
2.222900e-01
2.225554e-01
2.225728e-01
2.227904e-01
2.228851e-01
2.228934e-01
2.230592e-01
2.230675e-01
2.232122e-01
2.232401e-01
2.234251e-01
2.239117e-01
2.240171e-01
2.240687e-01
2.242944e-01
2.243412e-01
2.247425e-01
2.247435e-01
2.249324e-01
2.251673e-01
2.252731e-01
2.254188e-01
2.254669e-01
2.255123e-01
2.257193e-01
2.257246e-01
2.260637e-01
2.261325e-01
2.264024e-01
2.265034e-01
2.265718e-01
2.266048e-01
2.267856e-01
2.268371e-01
2.274251e-01
2.275490e-01
2.277881e-01
2.279130e-01
2.280472e-01
2.280739e-01
2.284719e-01
2.285620e-01
2.285782e-01
2.286575e-01
2.287065e-01
2.292869e-01
2.295223e-01
2.295305e-01
2.298467e-01
2.298917e-01
2.300441e-01
2.300673e-01
2.304008e-01
2.304311e-01
2.305613e-01
2.307959e-01
2.308260e-01
2.312028e-01
2.314533e-01
2.314841e-01
2.315370e-01
2.316088e-01
2.318570e-01
2.320486e-01
2.322378e-01
2.324716e-01
2.324723e-01
2.327768e-01
2.328776e-01
2.329389e-01
2.330049e-01
2.333670e-01
2.334132e-01
2.336559e-01
2.337457e-01
2.338069e-01
2.339152e-01
2.340346e-01
2.344359e-01
2.346277e-01
2.346689e-01
2.348203e-01
2.348892e-01
2.349721e-01
2.350602e-01
2.351921e-01
2.352860e-01
2.353736e-01
2.355219e-01
2.356989e-01
2.357338e-01
2.358886e-01
2.362425e-01
2.362654e-01
2.362834e-01
2.365367e-01
2.366492e-01
2.368592e-01
2.369931e-01
2.370135e-01
2.374053e-01
2.374297e-01
2.379441e-01
2.380277e-01
2.380718e-01
2.381954e-01
2.383525e-01
2.385495e-01
2.387745e-01
2.388611e-01
2.389712e-01
2.393244e-01
2.393646e-01
2.394379e-01
2.396894e-01
2.398750e-01
2.401825e-01
2.402191e-01
2.402596e-01
2.404933e-01
2.405141e-01
2.409854e-01
2.410588e-01
2.411020e-01
2.414206e-01
2.414686e-01
2.416747e-01
2.417142e-01
2.417538e-01
2.418149e-01
2.418728e-01
2.420309e-01
2.422237e-01
2.424483e-01
2.428687e-01
2.429863e-01
2.430576e-01
2.431575e-01
2.433950e-01
2.436227e-01
2.436268e-01
2.437405e-01
2.438674e-01
2.439406e-01
2.439690e-01
2.441775e-01
2.442028e-01
2.444901e-01
2.447148e-01
2.447340e-01
2.447966e-01
2.453248e-01
2.453322e-01
2.453615e-01
2.454518e-01
2.455551e-01
2.456434e-01
2.458853e-01
2.460084e-01
2.460756e-01
2.461463e-01
2.466337e-01
2.467591e-01
2.468341e-01
2.470672e-01
2.471807e-01
2.472490e-01
2.472992e-01
2.474200e-01
2.475468e-01
2.478058e-01
2.479881e-01
2.480604e-01
2.482983e-01
2.485607e-01
2.485692e-01
2.486536e-01
2.487571e-01
2.487763e-01
2.488834e-01
2.493330e-01
2.494688e-01
2.494939e-01
2.497848e-01
2.498726e-01
2.499816e-01
2.501863e-01
2.503571e-01
2.503773e-01
2.505708e-01
2.507327e-01
2.509133e-01
2.510324e-01
2.510845e-01
2.513385e-01
2.513919e-01
2.514739e-01
2.518364e-01
2.519048e-01
2.521016e-01
2.526380e-01
2.526398e-01
2.528368e-01
2.528513e-01
2.532595e-01
2.534006e-01
2.534610e-01
2.535778e-01
2.536379e-01
2.537569e-01
2.540206e-01
2.540561e-01
2.541198e-01
2.542631e-01
2.544419e-01
2.547286e-01
2.549199e-01
2.550418e-01
2.552021e-01
2.552312e-01
2.555230e-01
2.555732e-01
2.557336e-01
2.557765e-01
2.558226e-01
2.559086e-01
2.561169e-01
2.561869e-01
2.562110e-01
2.564673e-01
2.566101e-01
2.567512e-01
2.567845e-01
2.569066e-01
2.570771e-01
2.571761e-01
2.571774e-01
2.576004e-01
2.576309e-01
2.579641e-01
2.582104e-01
2.582732e-01
2.583471e-01
2.584428e-01
2.585090e-01
2.586211e-01
2.586839e-01
2.588306e-01
2.589136e-01
2.593727e-01
2.597352e-01
2.597867e-01
2.599104e-01
2.599383e-01
2.600039e-01
2.600845e-01
2.603327e-01
2.604486e-01
2.604496e-01
2.604893e-01
2.607472e-01
2.609494e-01
2.611979e-01
2.612789e-01
2.616529e-01
2.616688e-01
2.616767e-01
2.619445e-01
2.620551e-01
2.622485e-01
2.624194e-01
2.625511e-01
2.626209e-01
2.627317e-01
2.627866e-01
2.628491e-01
2.628829e-01
2.629612e-01
2.632891e-01
2.634000e-01
2.634468e-01
2.636329e-01
2.637512e-01
2.640763e-01
2.641221e-01
2.642867e-01
2.644082e-01
2.644593e-01
2.647572e-01
2.649231e-01
2.650728e-01
2.651138e-01
2.653896e-01
2.654513e-01
2.656121e-01
2.660557e-01
2.661345e-01
2.662100e-01
2.663396e-01
2.664575e-01
2.665572e-01
2.667591e-01
2.667870e-01
2.668595e-01
2.673168e-01
2.673457e-01
2.673482e-01
2.673490e-01
2.677073e-01
2.677108e-01
2.678382e-01
2.679767e-01
2.680528e-01
2.680529e-01
2.685902e-01
2.686605e-01
2.686834e-01
2.687609e-01
2.688430e-01
2.689487e-01
2.692697e-01
2.693244e-01
2.694607e-01
2.695272e-01
2.695827e-01
2.697277e-01
2.698944e-01
2.701579e-01
2.701972e-01
2.703449e-01
2.703941e-01
2.704709e-01
2.705916e-01
2.707490e-01
2.707888e-01
2.708716e-01
2.711677e-01
2.718924e-01
2.720509e-01
2.721381e-01
2.722251e-01
2.724859e-01
2.725524e-01
2.725615e-01
2.727676e-01
2.729357e-01
2.731721e-01
2.732049e-01
2.735158e-01
2.735265e-01
2.737658e-01
2.737742e-01
2.739612e-01
2.740728e-01
2.741595e-01
2.742067e-01
2.744116e-01
2.744235e-01
2.744767e-01
2.746385e-01
2.747260e-01
2.748349e-01
2.749438e-01
2.750564e-01
2.754447e-01
2.756519e-01
2.756725e-01
2.759057e-01
2.759716e-01
2.761054e-01
2.762092e-01
2.763118e-01
2.767214e-01
2.768527e-01
2.768725e-01
2.770145e-01
2.772363e-01
2.773201e-01
2.774971e-01
2.776778e-01
2.777668e-01
2.777904e-01
2.779787e-01
2.781106e-01
2.783522e-01
2.785734e-01
2.787174e-01
2.788119e-01
2.789442e-01
2.789841e-01
2.793450e-01
2.793651e-01
2.795429e-01
2.795555e-01
2.797239e-01
2.799519e-01
2.800630e-01
2.801821e-01
2.801951e-01
2.802490e-01
2.804178e-01
2.804771e-01
2.805835e-01
2.807644e-01
2.810220e-01
2.810692e-01
2.812805e-01
2.814334e-01
2.814838e-01
2.815604e-01
2.816433e-01
2.818159e-01
2.818747e-01
2.820865e-01
2.822598e-01
2.823911e-01
2.824659e-01
2.827389e-01
2.827810e-01
2.829045e-01
2.829060e-01
2.829824e-01
2.830648e-01
2.831525e-01
2.836381e-01
2.836842e-01
2.837084e-01
2.838921e-01
2.841773e-01
2.843248e-01
2.843660e-01
2.845442e-01
2.845833e-01
2.846438e-01
2.847442e-01
2.849441e-01
2.853041e-01
2.854589e-01
2.854815e-01
2.855105e-01
2.857067e-01
2.858414e-01
2.863072e-01
2.864692e-01
2.865037e-01
2.866122e-01
2.867145e-01
2.868241e-01
2.871637e-01
2.872779e-01
2.874980e-01
2.876167e-01
2.876511e-01
2.877998e-01
2.880143e-01
2.880374e-01
2.880711e-01
2.880755e-01
2.881453e-01
2.885212e-01
2.885933e-01
2.890021e-01
2.891369e-01
2.891665e-01
2.893876e-01
2.894557e-01
2.896426e-01
2.897901e-01
2.898246e-01
2.899215e-01
2.901091e-01
2.903660e-01
2.904459e-01
2.905762e-01
2.906281e-01
2.908921e-01
2.911447e-01
2.914265e-01
2.916662e-01
2.918543e-01
2.919271e-01
2.920965e-01
2.921411e-01
2.922002e-01
2.922937e-01
2.923940e-01
2.924202e-01
2.924779e-01
2.926511e-01
2.927143e-01
2.930029e-01
2.930780e-01
2.931276e-01
2.931534e-01
2.934381e-01
2.935128e-01
2.936396e-01
2.937245e-01
2.940052e-01
2.940471e-01
2.943797e-01
2.945187e-01
2.945870e-01
2.947893e-01
2.949481e-01
2.950289e-01
2.950867e-01
2.955679e-01
2.958371e-01
2.959876e-01
2.960968e-01
2.961220e-01
2.962474e-01
2.963972e-01
2.963980e-01
2.964291e-01
2.964592e-01
2.966470e-01
2.967872e-01
2.968614e-01
2.968869e-01
2.969270e-01
2.972557e-01
2.973169e-01
2.973498e-01
2.975281e-01
2.977408e-01
2.979344e-01
2.979776e-01
2.980558e-01
2.982411e-01
2.984694e-01
2.987961e-01
2.989771e-01
2.991166e-01
2.992359e-01
2.993423e-01
2.994797e-01
2.995022e-01
2.995292e-01
2.995969e-01
2.998804e-01
2.999755e-01
3.000262e-01
3.000438e-01
3.002065e-01
3.003608e-01
3.005806e-01
3.006868e-01
3.009779e-01
3.012546e-01
3.014253e-01
3.014332e-01
3.014708e-01
3.015021e-01
3.016934e-01
3.017874e-01
3.021818e-01
3.022809e-01
3.024517e-01
3.024520e-01
3.026304e-01
3.026992e-01
3.029168e-01
3.031735e-01
3.032008e-01
3.032155e-01
3.033888e-01
3.034826e-01
3.036111e-01
3.037539e-01
3.040840e-01
3.041336e-01
3.042605e-01
3.043463e-01
3.043897e-01
3.045777e-01
3.048315e-01
3.048425e-01
3.048990e-01
3.049425e-01
3.049897e-01
3.051890e-01
3.057096e-01
3.058171e-01
3.060420e-01
3.061578e-01
3.062187e-01
3.062650e-01
3.064822e-01
3.065817e-01
3.066065e-01
3.066277e-01
3.069494e-01
3.071016e-01
3.071885e-01
3.073297e-01
3.074203e-01
3.075689e-01
3.076399e-01
3.079573e-01
3.081084e-01
3.081987e-01
3.082161e-01
3.083716e-01
3.084150e-01
3.085864e-01
3.087943e-01
3.088142e-01
3.088146e-01
3.088172e-01
3.090187e-01
3.094333e-01
3.098118e-01
3.101556e-01
3.101938e-01
3.103898e-01
3.104243e-01
3.105808e-01
3.105898e-01
3.110361e-01
3.111488e-01
3.111690e-01
3.111892e-01
3.113353e-01
3.115042e-01
3.115094e-01
3.118252e-01
3.118270e-01
3.118689e-01
3.120080e-01
3.123436e-01
3.124351e-01
3.126382e-01
3.128421e-01
3.128602e-01
3.129976e-01
3.130759e-01
3.132235e-01
3.135246e-01
3.135415e-01
3.137639e-01
3.138668e-01
3.138814e-01
3.140109e-01
3.141782e-01
3.143967e-01
3.146483e-01
3.148007e-01
3.149943e-01
3.150608e-01
3.154162e-01
3.154746e-01
3.155822e-01
3.155986e-01
3.163446e-01
3.163548e-01
3.164212e-01
3.166037e-01
3.167255e-01
3.168148e-01
3.168730e-01
3.168862e-01
3.170467e-01
3.172306e-01
3.175842e-01
3.176331e-01
3.177132e-01
3.178478e-01
3.180258e-01
3.181200e-01
3.181858e-01
3.186827e-01
3.187545e-01
3.188345e-01
3.189714e-01
3.192173e-01
3.192330e-01
3.193289e-01
3.194507e-01
3.195126e-01
3.198170e-01
3.200361e-01
3.201818e-01
3.203587e-01
3.203855e-01
3.207446e-01
3.207920e-01
3.208859e-01
3.210310e-01
3.210870e-01
3.211071e-01
3.215658e-01
3.215991e-01
3.218343e-01
3.219438e-01
3.222142e-01
3.222510e-01
3.223487e-01
3.224839e-01
3.227487e-01
3.229209e-01
3.229989e-01
3.231138e-01
3.231597e-01
3.233303e-01
3.234555e-01
3.235177e-01
3.236741e-01
3.238514e-01
3.241471e-01
3.243844e-01
3.244302e-01
3.245070e-01
3.245141e-01
3.247537e-01
3.249086e-01
3.249472e-01
3.249966e-01
3.251180e-01
3.254525e-01
3.257703e-01
3.259265e-01
3.260149e-01
3.262187e-01
3.262253e-01
3.265189e-01
3.266139e-01
3.266797e-01
3.269551e-01
3.271229e-01
3.271445e-01
3.272346e-01
3.274556e-01
3.274609e-01
3.276047e-01
3.276928e-01
3.276943e-01
3.277022e-01
3.280517e-01
3.284043e-01
3.284527e-01
3.285697e-01
3.287710e-01
3.289046e-01
3.290442e-01
3.293682e-01
3.296134e-01
3.297455e-01
3.297691e-01
3.299123e-01
3.299736e-01
3.300247e-01
3.301111e-01
3.303057e-01
3.304495e-01
3.308981e-01
3.309849e-01
3.312383e-01
3.313087e-01
3.313478e-01
3.313622e-01
3.318182e-01
3.318326e-01
3.321160e-01
3.321254e-01
3.321570e-01
3.322755e-01
3.326420e-01
3.328143e-01
3.330530e-01
3.332021e-01
3.335270e-01
3.337192e-01
3.337746e-01
3.338470e-01
3.339331e-01
3.339811e-01
3.344337e-01
3.346094e-01
3.347100e-01
3.347815e-01
3.348758e-01
3.351529e-01
3.352209e-01
3.354250e-01
3.354631e-01
3.357265e-01
3.359221e-01
3.360315e-01
3.362807e-01
3.365747e-01
3.366053e-01
3.366611e-01
3.369329e-01
3.370489e-01
3.371734e-01
3.372154e-01
3.373304e-01
3.373592e-01
3.375433e-01
3.382228e-01
3.382236e-01
3.382330e-01
3.382491e-01
3.384102e-01
3.390341e-01
3.390523e-01
3.395182e-01
3.395370e-01
3.395743e-01
3.395947e-01
3.399434e-01
3.399565e-01
3.402040e-01
3.402494e-01
3.405824e-01
3.406507e-01
3.406999e-01
3.408416e-01
3.408542e-01
3.410812e-01
3.411340e-01
3.413048e-01
3.416465e-01
3.416672e-01
3.417109e-01
3.420734e-01
3.423965e-01
3.424037e-01
3.424580e-01
3.427995e-01
3.429034e-01
3.431425e-01
3.432655e-01
3.432829e-01
3.434176e-01
3.436226e-01
3.438020e-01
3.438126e-01
3.438139e-01
3.443393e-01
3.443397e-01
3.446861e-01
3.447669e-01
3.450689e-01
3.452567e-01
3.457438e-01
3.458464e-01
3.458663e-01
3.459985e-01
3.461679e-01
3.461865e-01
3.461994e-01
3.464388e-01
3.465696e-01
3.467374e-01
3.467656e-01
3.468445e-01
3.471469e-01
3.474159e-01
3.474399e-01
3.477427e-01
3.478282e-01
3.479900e-01
3.484840e-01
3.485613e-01
3.485945e-01
3.488270e-01
3.488913e-01
3.490439e-01
3.490736e-01
3.495625e-01
3.497233e-01
3.498571e-01
3.501057e-01
3.502871e-01
3.505087e-01
3.505704e-01
3.506045e-01
3.506309e-01
3.509357e-01
3.510782e-01
3.512118e-01
3.512698e-01
3.513866e-01
3.516105e-01
3.516737e-01
3.518147e-01
3.524055e-01
3.524651e-01
3.526354e-01
3.527298e-01
3.528593e-01
3.530900e-01
3.536696e-01
3.537164e-01
3.537601e-01
3.539403e-01
3.544541e-01
3.545470e-01
3.549214e-01
3.550116e-01
3.550993e-01
3.552082e-01
3.553622e-01
3.555837e-01
3.560495e-01
3.562483e-01
3.563816e-01
3.565283e-01
3.566529e-01
3.568782e-01
3.569123e-01
3.572490e-01
3.573056e-01
3.573806e-01
3.574632e-01
3.576659e-01
3.577050e-01
3.580678e-01
3.581884e-01
3.583069e-01
3.583409e-01
3.584938e-01
3.585751e-01
3.585870e-01
3.585881e-01
3.590090e-01
3.592757e-01
3.594434e-01
3.595751e-01
3.599480e-01
3.600957e-01
3.602785e-01
3.603245e-01
3.605759e-01
3.607976e-01
3.610412e-01
3.611631e-01
3.611917e-01
3.615407e-01
3.619821e-01
3.620411e-01
3.621896e-01
3.622711e-01
3.629125e-01
3.629428e-01
3.630734e-01
3.631335e-01
3.632276e-01
3.633632e-01
3.634412e-01
3.638302e-01
3.638312e-01
3.641368e-01
3.641502e-01
3.644337e-01
3.647009e-01
3.650827e-01
3.652006e-01
3.653170e-01
3.657746e-01
3.658058e-01
3.659052e-01
3.661164e-01
3.662841e-01
3.664574e-01
3.665166e-01
3.665401e-01
3.665430e-01
3.669673e-01
3.671829e-01
3.672002e-01
3.675270e-01
3.677496e-01
3.679865e-01
3.680041e-01
3.681472e-01
3.684226e-01
3.684642e-01
3.686052e-01
3.687890e-01
3.692322e-01
3.693551e-01
3.693619e-01
3.694937e-01
3.696684e-01
3.699810e-01
3.704083e-01
3.705235e-01
3.707221e-01
3.708636e-01
3.709053e-01
3.710356e-01
3.713862e-01
3.714991e-01
3.715488e-01
3.718066e-01
3.719980e-01
3.720350e-01
3.723992e-01
3.724609e-01
3.729029e-01
3.729082e-01
3.731382e-01
3.731628e-01
3.732645e-01
3.736264e-01
3.736446e-01
3.736479e-01
3.739278e-01
3.740223e-01
3.741708e-01
3.746977e-01
3.747591e-01
3.752169e-01
3.752483e-01
3.753609e-01
3.757458e-01
3.757953e-01
3.759222e-01
3.760386e-01
3.761641e-01
3.764803e-01
3.767368e-01
3.768573e-01
3.772864e-01
3.776103e-01
3.776493e-01
3.776687e-01
3.778876e-01
3.780774e-01
3.784992e-01
3.785300e-01
3.785789e-01
3.788859e-01
3.790860e-01
3.791225e-01
3.791416e-01
3.791997e-01
3.795406e-01
3.799783e-01
3.800452e-01
3.804163e-01
3.808738e-01
3.808994e-01
3.809429e-01
3.811106e-01
3.811900e-01
3.812560e-01
3.813308e-01
3.814111e-01
3.815790e-01
3.820347e-01
3.824808e-01
3.825699e-01
3.826921e-01
3.828895e-01
3.831371e-01
3.833200e-01
3.833849e-01
3.834512e-01
3.835435e-01
3.836932e-01
3.839770e-01
3.840810e-01
3.846159e-01
3.847159e-01
3.847374e-01
3.848987e-01
3.851236e-01
3.851970e-01
3.852124e-01
3.857405e-01
3.857902e-01
3.859152e-01
3.859725e-01
3.864173e-01
3.865404e-01
3.866898e-01
3.868480e-01
3.870465e-01
3.874014e-01
3.876661e-01
3.876682e-01
3.876774e-01
3.877487e-01
3.880425e-01
3.883385e-01
3.884876e-01
3.886017e-01
3.888937e-01
3.896686e-01
3.896992e-01
3.897445e-01
3.900594e-01
3.904776e-01
3.905231e-01
3.907994e-01
3.909488e-01
3.910169e-01
3.912102e-01
3.913592e-01
3.914803e-01
3.917960e-01
3.919861e-01
3.922331e-01
3.923450e-01
3.926347e-01
3.929497e-01
3.930331e-01
3.930400e-01
3.933397e-01
3.934848e-01
3.938536e-01
3.939657e-01
3.942871e-01
3.943077e-01
3.944951e-01
3.946232e-01
3.949372e-01
3.951089e-01
3.951104e-01
3.952396e-01
3.954388e-01
3.957532e-01
3.964926e-01
3.966630e-01
3.967640e-01
3.969062e-01
3.971803e-01
3.974048e-01
3.977945e-01
3.978586e-01
3.979095e-01
3.979108e-01
3.981175e-01
3.985362e-01
3.987964e-01
3.988867e-01
3.989578e-01
3.990533e-01
3.996222e-01
3.998477e-01
3.998635e-01
4.002273e-01
4.003169e-01
4.003912e-01
4.003916e-01
4.009398e-01
4.010673e-01
4.011786e-01
4.015445e-01
4.021968e-01
4.022322e-01
4.025714e-01
4.026402e-01
4.028476e-01
4.029922e-01
4.032775e-01
4.033200e-01
4.036778e-01
4.037127e-01
4.037931e-01
4.038234e-01
4.038713e-01
4.041665e-01
4.045120e-01
4.047636e-01
4.048615e-01
4.051917e-01
4.055960e-01
4.060721e-01
4.062781e-01
4.064757e-01
4.069336e-01
4.070594e-01
4.072264e-01
4.073053e-01
4.077376e-01
4.082038e-01
4.083076e-01
4.086166e-01
4.087490e-01
4.088346e-01
4.089715e-01
4.090439e-01
4.093277e-01
4.093804e-01
4.096233e-01
4.096913e-01
4.097008e-01
4.099200e-01
4.104696e-01
4.106064e-01
4.106923e-01
4.108669e-01
4.113169e-01
4.114662e-01
4.117188e-01
4.119357e-01
4.122221e-01
4.124768e-01
4.125819e-01
4.126431e-01
4.126837e-01
4.131179e-01
4.132892e-01
4.136533e-01
4.136572e-01
4.139649e-01
4.145824e-01
4.147585e-01
4.150070e-01
4.152528e-01
4.154690e-01
4.156265e-01
4.157223e-01
4.161275e-01
4.162890e-01
4.164437e-01
4.165179e-01
4.166707e-01
4.166792e-01
4.169586e-01
4.173794e-01
4.174495e-01
4.178465e-01
4.180676e-01
4.182834e-01
4.183110e-01
4.185204e-01
4.187214e-01
4.190439e-01
4.191515e-01
4.195774e-01
4.196087e-01
4.196410e-01
4.200225e-01
4.203211e-01
4.203785e-01
4.206557e-01
4.207749e-01
4.208578e-01
4.210156e-01
4.213266e-01
4.214746e-01
4.216455e-01
4.216505e-01
4.218183e-01
4.221439e-01
4.223625e-01
4.227113e-01
4.229558e-01
4.231621e-01
4.236063e-01
4.239141e-01
4.239813e-01
4.239874e-01
4.247751e-01
4.249915e-01
4.252548e-01
4.254536e-01
4.254681e-01
4.258736e-01
4.259779e-01
4.261912e-01
4.262190e-01
4.264332e-01
4.265086e-01
4.266304e-01
4.267927e-01
4.273227e-01
4.277557e-01
4.280297e-01
4.281572e-01
4.283960e-01
4.285904e-01
4.288168e-01
4.288699e-01
4.290010e-01
4.294759e-01
4.295335e-01
4.298347e-01
4.298927e-01
4.302169e-01
4.302987e-01
4.304840e-01
4.308417e-01
4.316105e-01
4.317122e-01
4.318683e-01
4.325775e-01
4.326345e-01
4.327635e-01
4.331917e-01
4.333787e-01
4.338589e-01
4.340021e-01
4.340160e-01
4.345900e-01
4.348134e-01
4.348245e-01
4.350806e-01
4.354287e-01
4.354339e-01
4.357876e-01
4.361147e-01
4.364900e-01
4.367512e-01
4.368358e-01
4.370649e-01
4.370927e-01
4.374979e-01
4.378724e-01
4.380126e-01
4.382482e-01
4.384040e-01
4.386435e-01
4.387770e-01
4.389849e-01
4.392659e-01
4.394359e-01
4.397048e-01
4.399286e-01
4.402983e-01
4.404343e-01
4.410744e-01
4.415907e-01
4.417137e-01
4.418422e-01
4.419373e-01
4.420479e-01
4.426629e-01
4.427523e-01
4.433409e-01
4.434165e-01
4.435682e-01
4.435906e-01
4.437584e-01
4.442048e-01
4.443862e-01
4.447348e-01
4.449744e-01
4.458842e-01
4.459352e-01
4.459885e-01
4.460378e-01
4.462775e-01
4.467148e-01
4.468055e-01
4.468113e-01
4.479633e-01
4.481275e-01
4.485427e-01
4.487026e-01
4.488167e-01
4.491286e-01
4.493218e-01
4.493525e-01
4.493934e-01
4.498049e-01
4.502259e-01
4.502786e-01
4.505904e-01
4.510301e-01
4.512129e-01
4.512218e-01
4.516118e-01
4.516765e-01
4.518122e-01
4.522265e-01
4.524998e-01
4.528002e-01
4.528244e-01
4.531199e-01
4.531721e-01
4.531779e-01
4.535267e-01
4.538706e-01
4.542932e-01
4.550003e-01
4.550515e-01
4.551073e-01
4.551604e-01
4.555511e-01
4.555841e-01
4.562515e-01
4.563244e-01
4.567512e-01
4.568783e-01
4.570431e-01
4.571033e-01
4.573763e-01
4.578967e-01
4.579254e-01
4.579862e-01
4.585577e-01
4.585709e-01
4.587767e-01
4.591026e-01
4.591562e-01
4.593173e-01
4.601145e-01
4.601592e-01
4.602374e-01
4.604910e-01
4.609274e-01
4.610167e-01
4.610550e-01
4.621526e-01
4.625264e-01
4.625302e-01
4.629375e-01
4.629821e-01
4.630613e-01
4.634571e-01
4.634633e-01
4.636968e-01
4.649856e-01
4.650510e-01
4.651645e-01
4.659633e-01
4.660979e-01
4.666322e-01
4.666785e-01
4.667757e-01
4.669471e-01
4.672918e-01
4.674883e-01
4.675243e-01
4.680546e-01
4.681465e-01
4.682450e-01
4.684388e-01
4.687394e-01
4.688975e-01
4.689353e-01
4.693249e-01
4.696000e-01
4.699029e-01
4.703115e-01
4.705316e-01
4.712915e-01
4.713043e-01
4.720283e-01
4.720516e-01
4.724106e-01
4.730352e-01
4.731984e-01
4.734795e-01
4.736596e-01
4.737313e-01
4.739160e-01
4.747514e-01
4.748432e-01
4.750145e-01
4.751603e-01
4.753712e-01
4.758162e-01
4.760718e-01
4.763957e-01
4.775959e-01
4.776058e-01
4.779502e-01
4.780749e-01
4.781820e-01
4.782466e-01
4.784420e-01
4.788305e-01
4.796271e-01
4.800606e-01
4.805397e-01
4.807396e-01
4.807715e-01
4.812060e-01
4.812501e-01
4.812542e-01
4.813506e-01
4.815764e-01
4.819557e-01
4.821934e-01
4.824646e-01
4.826222e-01
4.827230e-01
4.833584e-01
4.834927e-01
4.840483e-01
4.840585e-01
4.845435e-01
4.847230e-01
4.848370e-01
4.854097e-01
4.855300e-01
4.856056e-01
4.863524e-01
4.866255e-01
4.868091e-01
4.871208e-01
4.871373e-01
4.876175e-01
4.880989e-01
4.882963e-01
4.888403e-01
4.892609e-01
4.895777e-01
4.895820e-01
4.900738e-01
4.901334e-01
4.909730e-01
4.911331e-01
4.915283e-01
4.918545e-01
4.919580e-01
4.921155e-01
4.924687e-01
4.927822e-01
4.928487e-01
4.930270e-01
4.932384e-01
4.936508e-01
4.939815e-01
4.944994e-01
4.949006e-01
4.950529e-01
4.950601e-01
4.953261e-01
4.958218e-01
4.958976e-01
4.959511e-01
4.961343e-01
4.963170e-01
4.971791e-01
4.975893e-01
4.977173e-01
4.977658e-01
4.981423e-01
4.984534e-01
4.987515e-01
4.994145e-01
4.996244e-01
4.996631e-01
5.004324e-01
5.007012e-01
5.009363e-01
5.014375e-01
5.015942e-01
5.016385e-01
5.022359e-01
5.023444e-01
5.032509e-01
5.033263e-01
5.036576e-01
5.042563e-01
5.047359e-01
5.047741e-01
5.050524e-01
5.053773e-01
5.054269e-01
5.058725e-01
5.066686e-01
5.067640e-01
5.067782e-01
5.074603e-01
5.079245e-01
5.079350e-01
5.080223e-01
5.084679e-01
5.085955e-01
5.093989e-01
5.096035e-01
5.098446e-01
5.101999e-01
5.103549e-01
5.105518e-01
5.108445e-01
5.112111e-01
5.113731e-01
5.115064e-01
5.117148e-01
5.122567e-01
5.126347e-01
5.127513e-01
5.133381e-01
5.134635e-01
5.137186e-01
5.138418e-01
5.138951e-01
5.141620e-01
5.141714e-01
5.145125e-01
5.152291e-01
5.154855e-01
5.159414e-01
5.159898e-01
5.167645e-01
5.171963e-01
5.174274e-01
5.175680e-01
5.179638e-01
5.181899e-01
5.185595e-01
5.185870e-01
5.189981e-01
5.190779e-01
5.191429e-01
5.196870e-01
5.200783e-01
5.202253e-01
5.212912e-01
5.213494e-01
5.223799e-01
5.224545e-01
5.229095e-01
5.237972e-01
5.240420e-01
5.241425e-01
5.243192e-01
5.246076e-01
5.248439e-01
5.251824e-01
5.252580e-01
5.255395e-01
5.256675e-01
5.260062e-01
5.262737e-01
5.263344e-01
5.270401e-01
5.279133e-01
5.279462e-01
5.280344e-01
5.282694e-01
5.288430e-01
5.289582e-01
5.293006e-01
5.294328e-01
5.298200e-01
5.299217e-01
5.299248e-01
5.299507e-01
5.304238e-01
5.304412e-01
5.309491e-01
5.311528e-01
5.319028e-01
5.324587e-01
5.325181e-01
5.326695e-01
5.329942e-01
5.330897e-01
5.333700e-01
5.338060e-01
5.338147e-01
5.341305e-01
5.348359e-01
5.352282e-01
5.352314e-01
5.353264e-01
5.355677e-01
5.365072e-01
5.367453e-01
5.367828e-01
5.368856e-01
5.379992e-01
5.380902e-01
5.381926e-01
5.384669e-01
5.389138e-01
5.389371e-01
5.389730e-01
5.394760e-01
5.399150e-01
5.401056e-01
5.406188e-01
5.407442e-01
5.409535e-01
5.412098e-01
5.412291e-01
5.414360e-01
5.424112e-01
5.425471e-01
5.427638e-01
5.435745e-01
5.436089e-01
5.438603e-01
5.439338e-01
5.442669e-01
5.444178e-01
5.449010e-01
5.453763e-01
5.454115e-01
5.454426e-01
5.458952e-01
5.462581e-01
5.467422e-01
5.468685e-01
5.473484e-01
5.476396e-01
5.478194e-01
5.482937e-01
5.484681e-01
5.490141e-01
5.491987e-01
5.497199e-01
5.502870e-01
5.513653e-01
5.519973e-01
5.520189e-01
5.526825e-01
5.529258e-01
5.531935e-01
5.538040e-01
5.538548e-01
5.540144e-01
5.542847e-01
5.547078e-01
5.557157e-01
5.557501e-01
5.559809e-01
5.563319e-01
5.564102e-01
5.566370e-01
5.566828e-01
5.571375e-01
5.579425e-01
5.580250e-01
5.582849e-01
5.588805e-01
5.594354e-01
5.599093e-01
5.600849e-01
5.603075e-01
5.604988e-01
5.608744e-01
5.612864e-01
5.613473e-01
5.616516e-01
5.620119e-01
5.623035e-01
5.627379e-01
5.627659e-01
5.629480e-01
5.634036e-01
5.636594e-01
5.637134e-01
5.639639e-01
5.641413e-01
5.647203e-01
5.649161e-01
5.650394e-01
5.654079e-01
5.657528e-01
5.658897e-01
5.658988e-01
5.663684e-01
5.668364e-01
5.669706e-01
5.673110e-01
5.684915e-01
5.685823e-01
5.687776e-01
5.694347e-01
5.695886e-01
5.705178e-01
5.707423e-01
5.709894e-01
5.712606e-01
5.717578e-01
5.724102e-01
5.725916e-01
5.727216e-01
5.735650e-01
5.740155e-01
5.744053e-01
5.745407e-01
5.746750e-01
5.747980e-01
5.753325e-01
5.753755e-01
5.757402e-01
5.759695e-01
5.759732e-01
5.759878e-01
5.763139e-01
5.775838e-01
5.777170e-01
5.777904e-01
5.783718e-01
5.791653e-01
5.794333e-01
5.801941e-01
5.806678e-01
5.813715e-01
5.814181e-01
5.814664e-01
5.820756e-01
5.824237e-01
5.825378e-01
5.836071e-01
5.838183e-01
5.844692e-01
5.846356e-01
5.853335e-01
5.859331e-01
5.862472e-01
5.864887e-01
5.866026e-01
5.868139e-01
5.869543e-01
5.876236e-01
5.876376e-01
5.879294e-01
5.882115e-01
5.890720e-01
5.891657e-01
5.892363e-01
5.894093e-01
5.894722e-01
5.912390e-01
5.913421e-01
5.914876e-01
5.923126e-01
5.929622e-01
5.935247e-01
5.941179e-01
5.943123e-01
5.946888e-01
5.952688e-01
5.954195e-01
5.955146e-01
5.965263e-01
5.965619e-01
5.971830e-01
5.974144e-01
5.976287e-01
5.976617e-01
5.977732e-01
5.982139e-01
5.982143e-01
5.987603e-01
5.991248e-01
5.994520e-01
5.994650e-01
5.999799e-01
6.006815e-01
6.011066e-01
6.012016e-01
6.016282e-01
6.023210e-01
6.026542e-01
6.029905e-01
6.037817e-01
6.039841e-01
6.043080e-01
6.043468e-01
6.047605e-01
6.062015e-01
6.073838e-01
6.084136e-01
6.091849e-01
6.091979e-01
6.094124e-01
6.103086e-01
6.103781e-01
6.105850e-01
6.111877e-01
6.112955e-01
6.113616e-01
6.118698e-01
6.123857e-01
6.124371e-01
6.124770e-01
6.132665e-01
6.133588e-01
6.134840e-01
6.139126e-01
6.142348e-01
6.151599e-01
6.152335e-01
6.153168e-01
6.154895e-01
6.164170e-01
6.167454e-01
6.176380e-01
6.177040e-01
6.180166e-01
6.187869e-01
6.188194e-01
6.198935e-01
6.206078e-01
6.214156e-01
6.218270e-01
6.219008e-01
6.220159e-01
6.222833e-01
6.227893e-01
6.231557e-01
6.245080e-01
6.247211e-01
6.251875e-01
6.254680e-01
6.264850e-01
6.266062e-01
6.272249e-01
6.273573e-01
6.276316e-01
6.282176e-01
6.286962e-01
6.287032e-01
6.299116e-01
6.302842e-01
6.311078e-01
6.319857e-01
6.342316e-01
6.342814e-01
6.344883e-01
6.346349e-01
6.355790e-01
6.356198e-01
6.372574e-01
6.374302e-01
6.376976e-01
6.385881e-01
6.394367e-01
6.399834e-01
6.404055e-01
6.411376e-01
6.412350e-01
6.415021e-01
6.415129e-01
6.419018e-01
6.421028e-01
6.444276e-01
6.450409e-01
6.456981e-01
6.460629e-01
6.466398e-01
6.468782e-01
6.470107e-01
6.476613e-01
6.484430e-01
6.484823e-01
6.485054e-01
6.497393e-01
6.499301e-01
6.510809e-01
6.525543e-01
6.525715e-01
6.532868e-01
6.534296e-01
6.540957e-01
6.541610e-01
6.547776e-01
6.554264e-01
6.559205e-01
6.559906e-01
6.568956e-01
6.576431e-01
6.578316e-01
6.580907e-01
6.582903e-01
6.590285e-01
6.605371e-01
6.606204e-01
6.610995e-01
6.614063e-01
6.620306e-01
6.640590e-01
6.644597e-01
6.655038e-01
6.655544e-01
6.660891e-01
6.675724e-01
6.676672e-01
6.682616e-01
6.692921e-01
6.695039e-01
6.711330e-01
6.730317e-01
6.731197e-01
6.741256e-01
6.741699e-01
6.742045e-01
6.744841e-01
6.766242e-01
6.769625e-01
6.783164e-01
6.786546e-01
6.787106e-01
6.788580e-01
6.793526e-01
6.794973e-01
6.799943e-01
6.806287e-01
6.815701e-01
6.820199e-01
6.821469e-01
6.830781e-01
6.842070e-01
6.842271e-01
6.857688e-01
6.863225e-01
6.881182e-01
6.894172e-01
6.900771e-01
6.903486e-01
6.920777e-01
6.931303e-01
6.933242e-01
6.934860e-01
6.935618e-01
6.951913e-01
6.960311e-01
6.967585e-01
6.974811e-01
6.976855e-01
6.976983e-01
6.981965e-01
6.982641e-01
6.986137e-01
6.990466e-01
6.996141e-01
6.996786e-01
7.014315e-01
7.018719e-01
7.038055e-01
7.060925e-01
7.061216e-01
7.062878e-01
7.064679e-01
7.080799e-01
7.085265e-01
7.088332e-01
7.091156e-01
7.104936e-01
7.105152e-01
7.106232e-01
7.107137e-01
7.112351e-01
7.117606e-01
7.122614e-01
7.140906e-01
7.141374e-01
7.143561e-01
7.151371e-01
7.165501e-01
7.180201e-01
7.181304e-01
7.181610e-01
7.196345e-01
7.197283e-01
7.197355e-01
7.222203e-01
7.238387e-01
7.242180e-01
7.259873e-01
7.264772e-01
7.266931e-01
7.273174e-01
7.282000e-01
7.283110e-01
7.308088e-01
7.311168e-01
7.311649e-01
7.313470e-01
7.329745e-01
7.331056e-01
7.337699e-01
7.353599e-01
7.353637e-01
7.371669e-01
7.390008e-01
7.390294e-01
7.414043e-01
7.416796e-01
7.418641e-01
7.421741e-01
7.421888e-01
7.435922e-01
7.440632e-01
7.458698e-01
7.498704e-01
7.505377e-01
7.507738e-01
7.528093e-01
7.576894e-01
7.579288e-01
7.600225e-01
7.600247e-01
7.602726e-01
7.604437e-01
7.622609e-01
7.622869e-01
7.628823e-01
7.629071e-01
7.667235e-01
7.674649e-01
7.675836e-01
7.687337e-01
7.719858e-01
7.721600e-01
7.734846e-01
7.734951e-01
7.777330e-01
7.778470e-01
7.779402e-01
7.783780e-01
7.799081e-01
7.800702e-01
7.840437e-01
7.845809e-01
7.864197e-01
7.866077e-01
7.869792e-01
7.871952e-01
7.881258e-01
7.884058e-01
7.897679e-01
7.903574e-01
8.009559e-01
8.009959e-01
8.034901e-01
8.034981e-01
8.038995e-01
8.039646e-01
8.056055e-01
8.056252e-01
8.163999e-01
8.164462e-01
8.183752e-01
8.185076e-01
8.326365e-01
8.326405e-01
8.413954e-01
8.413969e-01
8.417995e-01
8.418148e-01
8.567771e-01
8.567812e-01
8.594445e-01
8.594558e-01
8.617294e-01
8.618445e-01
8.665301e-01
8.666051e-01
8.710954e-01
8.711392e-01
8.764495e-01
8.764529e-01
8.910789e-01
8.910908e-01
8.964915e-01
8.964945e-01
9.307228e-01
9.307443e-01
9.628533e-01
9.628537e-01
9.999989e-01
1.000000e+00
