# SF-29 N2 candidate (i) i0 field=lester2021 eps=0.25 N=12: sorted relative singular values of the dense central-FD Jacobian at the oracle state (rows F_i=-q(L_i-S_i); smax=1.567898e+03)
3.802157e-06
5.219683e-06
6.157174e-06
8.451458e-06
8.467588e-06
1.075035e-05
1.112735e-05
1.348629e-05
1.373718e-05
1.505483e-05
1.814264e-05
1.837942e-05
2.556920e-05
2.666704e-05
2.768532e-05
2.803383e-05
3.453788e-05
3.613040e-05
4.188053e-05
5.382500e-05
6.450966e-05
7.125513e-05
8.112075e-05
8.182685e-05
8.717362e-05
9.131384e-05
1.046352e-04
1.198170e-04
1.388023e-04
1.393811e-04
1.489201e-04
1.611331e-04
1.663279e-04
1.916510e-04
2.023348e-04
2.340819e-04
3.561764e-04
3.577035e-04
3.694872e-04
3.807021e-04
4.116029e-04
4.123510e-04
4.251799e-04
4.492969e-04
7.484754e-04
8.187865e-04
8.263211e-04
8.760964e-04
8.955539e-04
9.127065e-04
9.219798e-04
9.918234e-04
1.112007e-03
1.117702e-03
1.119273e-03
1.221608e-03
1.277303e-03
1.336521e-03
1.366093e-03
1.378407e-03
1.414006e-03
1.419205e-03
1.455296e-03
1.467640e-03
1.473000e-03
1.496165e-03
1.511525e-03
1.527655e-03
1.577337e-03
1.665576e-03
1.721421e-03
1.774649e-03
4.136169e-03
4.136312e-03
4.652837e-03
4.653293e-03
4.992725e-03
4.993318e-03
5.009909e-03
5.048715e-03
5.119471e-03
5.119797e-03
5.572260e-03
5.572386e-03
8.074564e-03
8.082288e-03
8.198253e-03
8.218837e-03
8.931247e-03
9.006736e-03
9.011794e-03
9.016538e-03
9.027688e-03
9.058775e-03
9.091764e-03
9.098394e-03
9.099723e-03
9.110038e-03
9.204112e-03
9.207690e-03
9.228259e-03
9.296929e-03
9.303947e-03
9.321920e-03
9.394470e-03
9.396628e-03
9.655722e-03
9.656657e-03
9.860708e-03
9.908831e-03
9.998827e-03
1.004975e-02
1.030991e-02
1.032059e-02
1.032293e-02
1.041202e-02
1.084450e-02
1.084642e-02
1.115017e-02
1.115512e-02
1.391100e-02
1.392236e-02
1.399481e-02
1.415775e-02
1.415813e-02
1.417517e-02
1.417585e-02
1.426155e-02
1.437689e-02
1.438905e-02
1.524106e-02
1.524369e-02
1.554266e-02
1.554476e-02
1.585343e-02
1.610886e-02
1.639208e-02
1.673273e-02
1.726350e-02
1.726370e-02
1.746102e-02
1.746331e-02
1.756268e-02
1.756289e-02
1.761387e-02
1.761450e-02
1.854045e-02
1.876902e-02
1.974664e-02
1.976233e-02
1.978876e-02
1.980382e-02
1.986309e-02
1.987713e-02
1.991626e-02
1.992304e-02
2.274228e-02
2.274305e-02
2.404994e-02
2.405125e-02
2.407456e-02
2.407543e-02
2.501439e-02
2.520798e-02
2.521735e-02
2.526420e-02
2.540826e-02
2.548854e-02
2.571931e-02
2.577765e-02
2.578167e-02
2.606008e-02
2.774110e-02
2.774522e-02
2.842640e-02
2.847709e-02
2.859141e-02
2.868275e-02
2.870191e-02
2.870772e-02
2.873658e-02
2.880331e-02
2.882891e-02
2.886225e-02
2.886705e-02
2.891880e-02
2.896805e-02
2.902698e-02
2.903758e-02
2.906962e-02
2.909574e-02
2.914617e-02
2.918155e-02
2.931490e-02
2.936121e-02
2.948149e-02
2.952218e-02
2.963706e-02
2.964617e-02
2.975059e-02
2.976187e-02
3.003481e-02
3.005486e-02
3.019327e-02
3.028479e-02
3.037064e-02
3.058003e-02
3.072646e-02
3.078635e-02
3.079570e-02
3.094543e-02
3.101439e-02
3.136008e-02
3.144608e-02
3.153459e-02
3.166963e-02
3.176008e-02
3.178698e-02
3.201580e-02
3.252049e-02
3.355967e-02
3.356096e-02
3.407354e-02
3.407814e-02
3.416478e-02
3.452976e-02
3.457994e-02
3.461431e-02
3.468928e-02
3.469202e-02
3.520893e-02
3.538370e-02
3.728273e-02
3.728551e-02
3.853847e-02
3.854029e-02
3.971785e-02
3.972594e-02
3.982142e-02
3.983436e-02
4.020771e-02
4.023334e-02
4.029647e-02
4.031837e-02
4.485026e-02
4.491016e-02
4.505139e-02
4.508295e-02
4.508943e-02
4.517895e-02
4.525936e-02
4.537713e-02
4.598917e-02
4.598977e-02
4.747683e-02
4.747776e-02
4.864307e-02
4.868919e-02
4.927450e-02
4.944394e-02
4.956855e-02
4.966295e-02
4.968662e-02
4.971596e-02
4.972877e-02
4.975604e-02
4.977456e-02
4.985741e-02
5.057030e-02
5.077245e-02
5.084066e-02
5.087074e-02
5.118832e-02
5.121127e-02
5.150533e-02
5.173348e-02
5.177084e-02
5.186590e-02
5.200115e-02
5.225955e-02
5.228417e-02
5.229306e-02
5.231389e-02
5.257569e-02
5.270691e-02
5.281291e-02
5.290925e-02
5.295968e-02
5.297490e-02
5.299159e-02
5.317908e-02
5.322425e-02
5.436218e-02
5.446702e-02
5.449671e-02
5.461491e-02
5.801121e-02
5.820311e-02
5.824191e-02
5.831135e-02
5.851108e-02
5.856245e-02
5.868648e-02
5.869266e-02
5.872700e-02
5.875747e-02
5.876178e-02
5.882427e-02
5.882431e-02
5.886677e-02
5.887678e-02
5.892020e-02
5.901491e-02
5.904389e-02
5.904409e-02
5.904665e-02
5.905654e-02
5.908548e-02
5.911783e-02
5.921441e-02
5.932996e-02
5.933912e-02
5.937775e-02
5.944079e-02
5.968323e-02
5.968370e-02
5.971256e-02
5.973558e-02
6.000915e-02
6.017169e-02
6.021991e-02
6.024123e-02
6.381239e-02
6.384078e-02
6.392262e-02
6.414098e-02
6.419500e-02
6.424024e-02
6.429251e-02
6.458057e-02
6.568754e-02
6.577151e-02
6.596282e-02
6.596611e-02
6.600417e-02
6.600797e-02
6.620757e-02
6.620799e-02
6.962956e-02
6.966592e-02
6.977222e-02
6.988908e-02
6.991579e-02
7.006775e-02
7.010059e-02
7.018793e-02
7.088243e-02
7.089979e-02
7.093851e-02
7.095730e-02
7.137865e-02
7.138147e-02
7.151461e-02
7.151784e-02
7.254611e-02
7.259690e-02
7.260755e-02
7.329403e-02
7.330127e-02
7.340350e-02
7.344427e-02
7.436539e-02
7.488665e-02
7.488787e-02
7.495679e-02
7.497132e-02
7.541778e-02
7.542989e-02
7.544377e-02
7.546768e-02
7.626832e-02
7.632757e-02
7.648336e-02
7.654614e-02
7.679618e-02
7.686930e-02
7.690821e-02
7.695270e-02
7.830497e-02
7.840647e-02
7.917163e-02
7.931518e-02
7.968730e-02
7.970662e-02
7.976794e-02
7.982902e-02
7.993059e-02
7.999091e-02
8.005204e-02
8.019504e-02
8.037535e-02
8.042026e-02
8.087364e-02
8.103178e-02
8.112352e-02
8.130071e-02
8.143826e-02
8.171109e-02
8.405005e-02
8.405018e-02
8.449759e-02
8.449900e-02
8.768631e-02
8.768653e-02
8.798714e-02
8.798800e-02
9.078110e-02
9.080449e-02
9.105748e-02
9.113557e-02
9.143317e-02
9.168402e-02
9.199186e-02
9.220720e-02
9.229527e-02
9.230287e-02
9.254136e-02
9.254292e-02
9.418537e-02
9.428141e-02
9.470933e-02
9.478149e-02
9.484295e-02
9.492341e-02
9.513324e-02
9.643060e-02
9.671541e-02
9.678991e-02
9.679907e-02
9.686127e-02
9.696384e-02
9.696627e-02
9.701126e-02
9.708140e-02
9.708921e-02
9.750368e-02
9.750882e-02
9.762656e-02
9.763487e-02
9.765189e-02
9.766380e-02
9.766397e-02
9.770714e-02
9.782592e-02
9.785715e-02
9.807232e-02
9.810004e-02
9.810024e-02
9.812392e-02
9.829286e-02
9.830550e-02
9.837925e-02
9.846752e-02
9.858233e-02
9.906056e-02
9.911645e-02
9.920151e-02
9.932380e-02
9.957597e-02
9.969475e-02
9.982093e-02
9.990902e-02
9.991371e-02
9.997979e-02
1.000768e-01
1.001482e-01
1.002732e-01
1.003297e-01
1.011060e-01
1.012285e-01
1.019100e-01
1.023019e-01
1.023562e-01
1.028006e-01
1.028116e-01
1.031928e-01
1.033530e-01
1.034306e-01
1.035635e-01
1.038098e-01
1.039401e-01
1.040143e-01
1.040411e-01
1.044205e-01
1.045354e-01
1.056343e-01
1.061632e-01
1.063800e-01
1.075277e-01
1.075352e-01
1.078392e-01
1.080026e-01
1.080624e-01
1.082706e-01
1.083458e-01
1.083700e-01
1.085245e-01
1.087495e-01
1.095882e-01
1.095958e-01
1.097923e-01
1.098789e-01
1.101595e-01
1.104471e-01
1.107992e-01
1.109710e-01
1.121907e-01
1.124831e-01
1.135716e-01
1.136410e-01
1.138198e-01
1.139939e-01
1.140988e-01
1.141289e-01
1.141648e-01
1.142120e-01
1.142773e-01
1.142935e-01
1.143062e-01
1.147688e-01
1.148256e-01
1.149001e-01
1.149516e-01
1.150023e-01
1.150426e-01
1.150612e-01
1.150980e-01
1.153224e-01
1.155104e-01
1.156753e-01
1.157005e-01
1.157919e-01
1.160563e-01
1.162562e-01
1.162927e-01
1.164190e-01
1.165730e-01
1.166026e-01
1.166137e-01
1.166705e-01
1.166882e-01
1.168320e-01
1.170571e-01
1.171326e-01
1.172220e-01
1.175245e-01
1.175430e-01
1.175999e-01
1.177263e-01
1.178503e-01
1.179537e-01
1.181188e-01
1.181820e-01
1.181923e-01
1.183860e-01
1.184248e-01
1.186760e-01
1.186972e-01
1.187643e-01
1.188833e-01
1.189818e-01
1.190888e-01
1.191020e-01
1.192501e-01
1.198750e-01
1.199219e-01
1.202992e-01
1.203293e-01
1.204656e-01
1.205232e-01
1.211175e-01
1.211266e-01
1.239874e-01
1.247109e-01
1.262432e-01
1.264688e-01
1.266212e-01
1.268653e-01
1.282658e-01
1.284255e-01
1.287192e-01
1.287657e-01
1.294853e-01
1.295288e-01
1.320709e-01
1.321464e-01
1.337052e-01
1.337319e-01
1.344551e-01
1.344600e-01
1.344989e-01
1.348730e-01
1.350897e-01
1.351141e-01
1.351615e-01
1.352097e-01
1.353744e-01
1.356818e-01
1.357681e-01
1.360874e-01
1.361877e-01
1.375620e-01
1.376106e-01
1.378331e-01
1.382643e-01
1.383142e-01
1.388210e-01
1.388464e-01
1.389503e-01
1.389899e-01
1.394204e-01
1.400608e-01
1.401415e-01
1.403461e-01
1.409875e-01
1.414703e-01
1.415523e-01
1.418186e-01
1.418711e-01
1.418863e-01
1.420214e-01
1.420289e-01
1.421445e-01
1.425026e-01
1.425074e-01
1.425602e-01
1.426967e-01
1.427091e-01
1.427271e-01
1.427710e-01
1.428730e-01
1.430009e-01
1.431095e-01
1.431168e-01
1.431501e-01
1.431806e-01
1.432089e-01
1.432216e-01
1.432648e-01
1.433194e-01
1.433725e-01
1.433756e-01
1.434532e-01
1.435244e-01
1.435785e-01
1.436396e-01
1.436410e-01
1.438193e-01
1.439257e-01
1.440628e-01
1.443021e-01
1.443444e-01
1.444370e-01
1.448690e-01
1.449501e-01
1.452031e-01
1.452400e-01
1.455389e-01
1.455861e-01
1.456793e-01
1.457206e-01
1.457674e-01
1.460118e-01
1.467041e-01
1.468857e-01
1.469047e-01
1.470411e-01
1.477422e-01
1.478858e-01
1.479646e-01
1.479950e-01
1.481657e-01
1.483105e-01
1.485085e-01
1.487403e-01
1.488736e-01
1.490049e-01
1.491176e-01
1.494393e-01
1.508121e-01
1.509573e-01
1.511298e-01
1.512090e-01
1.512254e-01
1.513909e-01
1.514208e-01
1.516092e-01
1.522619e-01
1.525755e-01
1.526437e-01
1.528053e-01
1.528198e-01
1.533327e-01
1.535248e-01
1.553371e-01
1.568061e-01
1.568752e-01
1.578718e-01
1.578798e-01
1.584479e-01
1.585410e-01
1.585587e-01
1.586199e-01
1.588169e-01
1.593761e-01
1.594927e-01
1.595123e-01
1.597623e-01
1.599017e-01
1.601361e-01
1.602702e-01
1.605306e-01
1.607033e-01
1.608632e-01
1.608970e-01
1.610828e-01
1.612593e-01
1.616759e-01
1.619838e-01
1.620466e-01
1.621766e-01
1.621961e-01
1.622928e-01
1.623181e-01
1.626560e-01
1.628085e-01
1.628737e-01
1.630910e-01
1.632389e-01
1.632481e-01
1.633392e-01
1.635080e-01
1.635496e-01
1.635676e-01
1.637301e-01
1.637748e-01
1.639693e-01
1.641306e-01
1.642118e-01
1.643942e-01
1.644601e-01
1.646267e-01
1.646861e-01
1.648056e-01
1.649252e-01
1.649775e-01
1.650468e-01
1.650540e-01
1.651166e-01
1.654595e-01
1.655036e-01
1.655220e-01
1.656102e-01
1.657448e-01
1.657808e-01
1.657864e-01
1.658508e-01
1.659637e-01
1.661365e-01
1.662621e-01
1.666212e-01
1.667819e-01
1.670234e-01
1.670875e-01
1.673252e-01
1.673940e-01
1.679167e-01
1.679592e-01
1.685232e-01
1.689817e-01
1.692225e-01
1.693194e-01
1.697361e-01
1.700173e-01
1.706541e-01
1.707375e-01
1.710186e-01
1.711790e-01
1.713718e-01
1.714641e-01
1.715889e-01
1.738947e-01
1.739135e-01
1.739757e-01
1.742827e-01
1.749813e-01
1.752307e-01
1.752580e-01
1.753697e-01
1.756185e-01
1.759971e-01
1.762159e-01
1.764482e-01
1.768803e-01
1.769757e-01
1.770626e-01
1.773723e-01
1.774461e-01
1.777427e-01
1.779538e-01
1.780169e-01
1.783221e-01
1.784054e-01
1.784846e-01
1.785083e-01
1.785344e-01
1.786115e-01
1.786455e-01
1.791863e-01
1.792201e-01
1.796562e-01
1.801754e-01
1.803471e-01
1.804578e-01
1.807773e-01
1.808003e-01
1.808531e-01
1.817895e-01
1.821339e-01
1.823031e-01
1.823066e-01
1.825924e-01
1.829205e-01
1.832616e-01
1.832977e-01
1.833493e-01
1.834314e-01
1.834528e-01
1.836179e-01
1.836508e-01
1.838229e-01
1.840731e-01
1.844827e-01
1.846933e-01
1.847094e-01
1.850250e-01
1.851273e-01
1.851524e-01
1.852669e-01
1.853703e-01
1.856842e-01
1.858089e-01
1.860858e-01
1.861437e-01
1.865326e-01
1.865763e-01
1.867274e-01
1.871895e-01
1.872070e-01
1.875781e-01
1.879884e-01
1.882357e-01
1.883382e-01
1.884261e-01
1.884937e-01
1.884969e-01
1.885922e-01
1.886494e-01
1.887284e-01
1.890002e-01
1.891246e-01
1.891838e-01
1.892782e-01
1.904234e-01
1.906781e-01
1.907589e-01
1.909831e-01
1.911339e-01
1.914591e-01
1.916978e-01
1.920789e-01
1.921026e-01
1.922337e-01
1.922446e-01
1.923649e-01
1.923834e-01
1.925244e-01
1.925287e-01
1.929305e-01
1.930940e-01
1.930984e-01
1.931210e-01
1.931468e-01
1.931741e-01
1.932073e-01
1.932121e-01
1.933206e-01
1.933465e-01
1.933670e-01
1.935103e-01
1.935275e-01
1.936396e-01
1.936792e-01
1.937192e-01
1.938292e-01
1.940090e-01
1.940713e-01
1.940783e-01
1.941245e-01
1.942371e-01
1.945317e-01
1.945579e-01
1.950238e-01
1.951316e-01
1.952124e-01
1.956284e-01
1.958467e-01
1.961197e-01
1.964513e-01
1.965218e-01
1.965535e-01
1.969761e-01
1.970671e-01
1.972740e-01
1.974597e-01
1.974943e-01
1.975525e-01
1.976267e-01
1.981974e-01
1.984152e-01
1.985852e-01
1.986564e-01
1.986659e-01
1.986900e-01
1.988144e-01
1.991348e-01
1.992464e-01
1.993419e-01
2.001967e-01
2.002955e-01
2.006734e-01
2.008250e-01
2.010592e-01
2.011243e-01
2.013056e-01
2.015831e-01
2.019645e-01
2.024384e-01
2.025068e-01
2.027574e-01
2.027659e-01
2.029624e-01
2.033014e-01
2.034484e-01
2.036937e-01
2.037829e-01
2.039604e-01
2.040313e-01
2.042244e-01
2.049593e-01
2.051269e-01
2.052505e-01
2.054051e-01
2.056927e-01
2.059943e-01
2.071221e-01
2.071443e-01
2.071562e-01
2.072503e-01
2.072949e-01
2.073334e-01
2.074859e-01
2.075157e-01
2.075528e-01
2.076866e-01
2.077850e-01
2.083182e-01
2.083898e-01
2.086740e-01
2.089165e-01
2.092213e-01
2.092646e-01
2.094473e-01
2.096020e-01
2.097667e-01
2.102369e-01
2.102686e-01
2.103808e-01
2.106253e-01
2.107430e-01
2.108015e-01
2.109094e-01
2.115653e-01
2.119298e-01
2.128424e-01
2.128883e-01
2.129063e-01
2.130163e-01
2.140496e-01
2.141017e-01
2.144057e-01
2.144945e-01
2.147754e-01
2.156969e-01
2.163248e-01
2.165980e-01
2.166428e-01
2.168621e-01
2.172724e-01
2.173695e-01
2.176253e-01
2.177858e-01
2.178292e-01
2.185727e-01
2.191591e-01
2.194116e-01
2.196451e-01
2.199464e-01
2.201082e-01
2.206577e-01
2.214789e-01
2.219678e-01
2.220770e-01
2.222900e-01
2.224092e-01
2.230115e-01
2.233700e-01
2.241718e-01
2.244781e-01
2.246666e-01
2.248383e-01
2.249354e-01
2.250616e-01
2.251800e-01
2.254375e-01
2.267641e-01
2.268008e-01
2.274921e-01
2.276617e-01
2.276939e-01
2.279611e-01
2.284410e-01
2.285291e-01
2.285681e-01
2.291385e-01
2.296908e-01
2.297787e-01
2.298185e-01
2.300558e-01
2.302780e-01
2.304593e-01
2.305512e-01
2.307999e-01
2.310533e-01
2.311502e-01
2.312694e-01
2.313271e-01
2.314107e-01
2.316927e-01
2.316986e-01
2.317655e-01
2.320902e-01
2.322276e-01
2.333295e-01
2.335403e-01
2.337467e-01
2.337892e-01
2.339671e-01
2.343266e-01
2.346093e-01
2.347446e-01
2.348629e-01
2.352085e-01
2.352205e-01
2.355034e-01
2.355367e-01
2.357192e-01
2.364410e-01
2.368776e-01
2.369162e-01
2.370382e-01
2.377448e-01
2.378686e-01
2.380641e-01
2.381544e-01
2.392940e-01
2.407092e-01
2.412060e-01
2.413294e-01
2.415272e-01
2.418410e-01
2.418876e-01
2.422051e-01
2.424823e-01
2.424889e-01
2.426003e-01
2.432364e-01
2.433684e-01
2.435108e-01
2.435785e-01
2.436104e-01
2.437016e-01
2.437804e-01
2.439685e-01
2.439773e-01
2.444230e-01
2.444917e-01
2.445811e-01
2.445964e-01
2.447213e-01
2.451677e-01
2.456557e-01
2.457426e-01
2.459458e-01
2.459901e-01
2.460193e-01
2.461086e-01
2.463578e-01
2.464189e-01
2.467457e-01
2.471700e-01
2.471919e-01
2.473185e-01
2.473772e-01
2.474897e-01
2.479357e-01
2.479763e-01
2.482678e-01
2.483069e-01
2.483576e-01
2.485051e-01
2.486241e-01
2.487472e-01
2.490355e-01
2.491160e-01
2.492987e-01
2.493180e-01
2.493637e-01
2.494095e-01
2.500170e-01
2.503346e-01
2.504215e-01
2.507541e-01
2.509510e-01
2.511482e-01
2.512821e-01
2.516506e-01
2.518208e-01
2.519463e-01
2.523044e-01
2.525637e-01
2.526192e-01
2.527873e-01
2.528750e-01
2.530690e-01
2.531651e-01
2.532491e-01
2.535126e-01
2.535451e-01
2.536877e-01
2.547513e-01
2.547688e-01
2.547950e-01
2.550033e-01
2.550203e-01
2.554016e-01
2.559647e-01
2.560763e-01
2.564614e-01
2.565685e-01
2.569184e-01
2.575196e-01
2.575346e-01
2.581744e-01
2.582981e-01
2.585983e-01
2.586576e-01
2.587780e-01
2.588611e-01
2.592376e-01
2.594021e-01
2.594041e-01
2.595885e-01
2.597130e-01
2.598063e-01
2.599876e-01
2.599877e-01
2.601181e-01
2.602055e-01
2.605702e-01
2.607128e-01
2.607623e-01
2.617981e-01
2.618746e-01
2.630786e-01
2.632107e-01
2.634737e-01
2.638915e-01
2.640070e-01
2.641320e-01
2.642733e-01
2.648046e-01
2.648247e-01
2.648968e-01
2.649117e-01
2.654702e-01
2.672276e-01
2.676671e-01
2.677057e-01
2.681361e-01
2.683882e-01
2.688098e-01
2.688297e-01
2.690111e-01
2.690971e-01
2.696475e-01
2.698078e-01
2.699183e-01
2.700101e-01
2.703077e-01
2.705671e-01
2.707373e-01
2.711303e-01
2.711497e-01
2.717617e-01
2.718217e-01
2.718358e-01
2.720684e-01
2.722114e-01
2.725030e-01
2.728376e-01
2.731201e-01
2.733138e-01
2.733581e-01
2.737127e-01
2.738116e-01
2.742242e-01
2.743935e-01
2.745289e-01
2.747493e-01
2.750689e-01
2.751250e-01
2.752822e-01
2.753871e-01
2.757167e-01
2.759623e-01
2.760538e-01
2.760740e-01
2.765207e-01
2.767103e-01
2.768049e-01
2.770534e-01
2.771117e-01
2.771337e-01
2.771872e-01
2.773497e-01
2.773741e-01
2.776691e-01
2.779988e-01
2.781696e-01
2.783311e-01
2.785312e-01
2.787178e-01
2.787563e-01
2.788968e-01
2.790614e-01
2.792507e-01
2.793917e-01
2.795114e-01
2.797367e-01
2.797420e-01
2.800525e-01
2.801168e-01
2.802334e-01
2.803539e-01
2.805945e-01
2.807769e-01
2.809347e-01
2.812328e-01
2.814112e-01
2.814732e-01
2.816664e-01
2.817399e-01
2.819100e-01
2.825555e-01
2.829076e-01
2.831977e-01
2.834527e-01
2.834650e-01
2.839294e-01
2.840642e-01
2.841828e-01
2.841879e-01
2.845692e-01
2.847453e-01
2.853344e-01
2.853565e-01
2.853929e-01
2.859867e-01
2.860206e-01
2.864206e-01
2.864895e-01
2.866478e-01
2.868560e-01
2.868926e-01
2.870266e-01
2.873142e-01
2.874538e-01
2.874914e-01
2.875310e-01
2.877977e-01
2.880022e-01
2.880496e-01
2.882864e-01
2.883226e-01
2.889364e-01
2.891174e-01
2.892037e-01
2.895907e-01
2.902300e-01
2.906957e-01
2.907103e-01
2.909779e-01
2.912811e-01
2.912937e-01
2.914420e-01
2.915713e-01
2.916994e-01
2.917349e-01
2.921679e-01
2.923970e-01
2.924461e-01
2.925762e-01
2.926095e-01
2.926541e-01
2.929600e-01
2.931512e-01
2.932195e-01
2.932649e-01
2.932721e-01
2.933108e-01
2.935260e-01
2.935666e-01
2.935837e-01
2.939469e-01
2.939578e-01
2.942566e-01
2.942618e-01
2.942863e-01
2.947022e-01
2.951980e-01
2.952687e-01
2.953406e-01
2.954578e-01
2.956846e-01
2.958127e-01
2.958944e-01
2.959202e-01
2.962117e-01
2.963527e-01
2.966315e-01
2.971618e-01
2.971875e-01
2.972652e-01
2.975556e-01
2.978652e-01
2.981063e-01
2.983637e-01
2.986674e-01
2.986933e-01
2.991795e-01
2.992545e-01
2.994901e-01
2.995580e-01
2.997021e-01
2.998667e-01
3.000525e-01
3.002662e-01
3.006084e-01
3.009929e-01
3.010105e-01
3.011290e-01
3.012509e-01
3.016150e-01
3.018461e-01
3.019519e-01
3.019795e-01
3.020487e-01
3.024041e-01
3.025905e-01
3.028082e-01
3.034989e-01
3.036981e-01
3.037597e-01
3.037724e-01
3.038518e-01
3.042016e-01
3.042651e-01
3.050956e-01
3.053764e-01
3.055137e-01
3.055156e-01
3.055427e-01
3.055817e-01
3.061243e-01
3.062505e-01
3.062596e-01
3.064519e-01
3.065404e-01
3.071929e-01
3.073938e-01
3.076145e-01
3.076786e-01
3.080805e-01
3.082128e-01
3.082240e-01
3.083321e-01
3.084877e-01
3.085200e-01
3.086100e-01
3.086214e-01
3.086678e-01
3.089346e-01
3.092560e-01
3.095356e-01
3.095393e-01
3.098380e-01
3.098461e-01
3.105882e-01
3.106994e-01
3.110178e-01
3.111330e-01
3.112549e-01
3.113310e-01
3.113490e-01
3.116522e-01
3.118203e-01
3.118352e-01
3.120175e-01
3.122126e-01
3.123121e-01
3.125090e-01
3.128162e-01
3.131617e-01
3.133966e-01
3.136316e-01
3.139190e-01
3.140306e-01
3.142409e-01
3.143427e-01
3.143918e-01
3.144948e-01
3.145060e-01
3.146250e-01
3.147484e-01
3.150408e-01
3.152170e-01
3.153064e-01
3.155693e-01
3.157300e-01
3.157502e-01
3.158541e-01
3.161886e-01
3.162394e-01
3.163368e-01
3.165318e-01
3.165886e-01
3.166104e-01
3.169078e-01
3.169859e-01
3.169900e-01
3.173941e-01
3.174270e-01
3.174953e-01
3.176125e-01
3.177757e-01
3.179225e-01
3.180073e-01
3.180371e-01
3.180477e-01
3.182056e-01
3.185809e-01
3.186688e-01
3.191420e-01
3.193457e-01
3.193574e-01
3.194406e-01
3.197886e-01
3.198342e-01
3.199036e-01
3.199061e-01
3.204404e-01
3.204731e-01
3.205151e-01
3.206944e-01
3.208425e-01
3.211489e-01
3.215534e-01
3.216686e-01
3.217108e-01
3.218677e-01
3.222808e-01
3.225228e-01
3.227429e-01
3.229098e-01
3.229257e-01
3.231428e-01
3.235726e-01
3.236335e-01
3.237526e-01
3.240067e-01
3.240547e-01
3.243351e-01
3.244637e-01
3.245215e-01
3.247654e-01
3.250153e-01
3.251528e-01
3.251887e-01
3.252551e-01
3.256274e-01
3.257939e-01
3.260397e-01
3.260765e-01
3.263732e-01
3.265155e-01
3.267463e-01
3.269389e-01
3.270350e-01
3.272430e-01
3.273841e-01
3.275762e-01
3.279910e-01
3.281603e-01
3.283233e-01
3.285557e-01
3.285906e-01
3.290006e-01
3.291464e-01
3.291647e-01
3.292135e-01
3.295041e-01
3.297782e-01
3.298355e-01
3.300146e-01
3.305026e-01
3.306110e-01
3.306526e-01
3.307275e-01
3.309100e-01
3.309609e-01
3.309719e-01
3.313381e-01
3.313596e-01
3.313713e-01
3.314509e-01
3.317189e-01
3.318828e-01
3.319771e-01
3.320621e-01
3.320949e-01
3.323543e-01
3.325782e-01
3.328214e-01
3.329130e-01
3.331659e-01
3.332680e-01
3.336701e-01
3.338088e-01
3.338834e-01
3.339916e-01
3.340464e-01
3.345103e-01
3.345165e-01
3.347934e-01
3.347972e-01
3.348403e-01
3.349132e-01
3.351476e-01
3.355241e-01
3.355915e-01
3.356728e-01
3.357607e-01
3.358082e-01
3.360354e-01
3.360800e-01
3.361260e-01
3.362221e-01
3.366261e-01
3.366702e-01
3.369832e-01
3.372256e-01
3.372947e-01
3.375850e-01
3.377117e-01
3.377747e-01
3.377840e-01
3.379287e-01
3.381894e-01
3.384798e-01
3.385648e-01
3.386932e-01
3.386948e-01
3.390130e-01
3.391882e-01
3.395040e-01
3.398597e-01
3.400110e-01
3.400962e-01
3.402050e-01
3.402472e-01
3.403401e-01
3.405358e-01
3.405460e-01
3.407769e-01
3.408413e-01
3.408705e-01
3.411543e-01
3.414444e-01
3.415241e-01
3.415758e-01
3.415839e-01
3.417139e-01
3.421178e-01
3.422614e-01
3.424021e-01
3.425500e-01
3.428221e-01
3.430588e-01
3.430987e-01
3.439688e-01
3.439977e-01
3.440074e-01
3.440986e-01
3.441053e-01
3.442016e-01
3.445934e-01
3.446271e-01
3.446405e-01
3.447993e-01
3.448196e-01
3.451512e-01
3.453854e-01
3.454091e-01
3.458969e-01
3.461217e-01
3.462031e-01
3.462098e-01
3.467496e-01
3.469035e-01
3.469449e-01
3.470207e-01
3.470333e-01
3.472049e-01
3.473318e-01
3.473326e-01
3.474793e-01
3.476768e-01
3.478099e-01
3.479400e-01
3.480568e-01
3.480868e-01
3.481870e-01
3.483094e-01
3.484618e-01
3.486344e-01
3.486430e-01
3.489249e-01
3.489831e-01
3.491495e-01
3.494549e-01
3.495219e-01
3.496966e-01
3.499185e-01
3.501289e-01
3.501592e-01
3.501631e-01
3.506932e-01
3.507952e-01
3.508490e-01
3.508759e-01
3.511627e-01
3.512680e-01
3.515292e-01
3.515447e-01
3.519038e-01
3.522848e-01
3.524644e-01
3.528453e-01
3.528752e-01
3.529686e-01
3.531774e-01
3.532472e-01
3.537648e-01
3.540727e-01
3.542023e-01
3.542610e-01
3.544687e-01
3.545721e-01
3.545903e-01
3.546955e-01
3.547863e-01
3.548544e-01
3.550132e-01
3.550781e-01
3.550967e-01
3.551440e-01
3.555483e-01
3.557288e-01
3.559566e-01
3.559854e-01
3.559972e-01
3.563225e-01
3.564767e-01
3.565840e-01
3.565913e-01
3.566133e-01
3.566727e-01
3.568936e-01
3.570337e-01
3.572427e-01
3.575979e-01
3.576978e-01
3.577873e-01
3.578293e-01
3.578592e-01
3.580091e-01
3.582086e-01
3.582677e-01
3.585106e-01
3.585974e-01
3.587227e-01
3.588303e-01
3.589086e-01
3.590910e-01
3.592840e-01
3.593457e-01
3.594386e-01
3.596862e-01
3.598337e-01
3.598440e-01
3.599633e-01
3.601335e-01
3.604194e-01
3.605416e-01
3.606488e-01
3.606882e-01
3.609058e-01
3.609762e-01
3.609857e-01
3.613990e-01
3.614402e-01
3.617650e-01
3.619230e-01
3.619231e-01
3.620992e-01
3.621701e-01
3.622733e-01
3.627045e-01
3.629478e-01
3.631366e-01
3.631782e-01
3.631815e-01
3.632722e-01
3.633547e-01
3.636822e-01
3.638820e-01
3.638842e-01
3.640171e-01
3.641148e-01
3.643074e-01
3.645638e-01
3.646310e-01
3.649841e-01
3.650137e-01
3.653055e-01
3.654380e-01
3.656569e-01
3.657222e-01
3.658541e-01
3.660993e-01
3.662340e-01
3.665742e-01
3.668282e-01
3.671413e-01
3.672297e-01
3.673838e-01
3.674063e-01
3.674890e-01
3.678674e-01
3.679414e-01
3.679842e-01
3.682358e-01
3.682922e-01
3.683969e-01
3.685939e-01
3.686209e-01
3.688381e-01
3.689417e-01
3.690003e-01
3.692882e-01
3.693205e-01
3.695698e-01
3.696679e-01
3.697918e-01
3.698941e-01
3.699387e-01
3.700251e-01
3.701418e-01
3.701939e-01
3.703360e-01
3.704331e-01
3.706164e-01
3.707167e-01
3.708467e-01
3.709116e-01
3.710408e-01
3.712010e-01
3.713632e-01
3.714431e-01
3.715827e-01
3.716095e-01
3.716247e-01
3.720469e-01
3.720989e-01
3.724634e-01
3.725080e-01
3.725612e-01
3.726493e-01
3.728824e-01
3.729639e-01
3.731897e-01
3.732694e-01
3.733515e-01
3.735688e-01
3.736785e-01
3.737646e-01
3.739734e-01
3.742669e-01
3.743161e-01
3.743294e-01
3.744318e-01
3.747286e-01
3.747291e-01
3.749275e-01
3.750413e-01
3.752717e-01
3.754474e-01
3.755437e-01
3.756854e-01
3.757742e-01
3.757886e-01
3.758213e-01
3.759662e-01
3.760416e-01
3.763365e-01
3.763418e-01
3.765939e-01
3.766910e-01
3.768509e-01
3.769488e-01
3.769948e-01
3.772464e-01
3.773224e-01
3.773775e-01
3.775889e-01
3.775993e-01
3.776937e-01
3.777238e-01
3.779677e-01
3.780281e-01
3.782317e-01
3.782537e-01
3.783824e-01
3.784179e-01
3.784668e-01
3.784895e-01
3.787101e-01
3.788061e-01
3.789554e-01
3.789591e-01
3.792449e-01
3.793346e-01
3.794863e-01
3.797726e-01
3.798474e-01
3.802532e-01
3.802850e-01
3.804380e-01
3.805534e-01
3.807226e-01
3.807396e-01
3.811009e-01
3.811292e-01
3.812617e-01
3.815250e-01
3.818511e-01
3.819829e-01
3.820330e-01
3.823274e-01
3.823408e-01
3.825851e-01
3.826246e-01
3.826475e-01
3.827347e-01
3.829006e-01
3.834622e-01
3.835491e-01
3.836488e-01
3.836819e-01
3.837643e-01
3.839420e-01
3.844412e-01
3.845152e-01
3.845588e-01
3.846770e-01
3.848102e-01
3.849034e-01
3.849517e-01
3.849542e-01
3.850821e-01
3.852825e-01
3.853026e-01
3.853781e-01
3.854700e-01
3.856325e-01
3.857357e-01
3.859101e-01
3.860207e-01
3.860897e-01
3.861106e-01
3.864705e-01
3.865332e-01
3.867283e-01
3.869950e-01
3.872372e-01
3.876800e-01
3.877324e-01
3.877746e-01
3.880800e-01
3.882119e-01
3.883752e-01
3.884479e-01
3.886795e-01
3.889658e-01
3.890337e-01
3.891346e-01
3.893647e-01
3.893751e-01
3.897106e-01
3.899429e-01
3.900149e-01
3.903061e-01
3.905823e-01
3.905961e-01
3.906394e-01
3.908093e-01
3.910640e-01
3.912955e-01
3.914171e-01
3.916787e-01
3.917118e-01
3.919987e-01
3.921584e-01
3.923079e-01
3.924624e-01
3.927640e-01
3.927970e-01
3.929828e-01
3.931840e-01
3.933616e-01
3.934129e-01
3.937211e-01
3.937815e-01
3.940321e-01
3.940990e-01
3.942192e-01
3.946534e-01
3.948519e-01
3.951319e-01
3.951903e-01
3.953191e-01
3.955483e-01
3.956042e-01
3.958716e-01
3.959766e-01
3.960362e-01
3.960672e-01
3.961504e-01
3.962752e-01
3.963827e-01
3.964553e-01
3.965741e-01
3.965975e-01
3.966561e-01
3.970200e-01
3.971602e-01
3.973262e-01
3.975505e-01
3.980099e-01
3.980232e-01
3.983949e-01
3.985046e-01
3.988224e-01
3.988950e-01
3.989365e-01
3.989375e-01
3.990768e-01
3.995740e-01
3.996374e-01
3.998116e-01
3.998272e-01
3.999102e-01
4.003284e-01
4.003419e-01
4.003854e-01
4.006476e-01
4.014528e-01
4.015628e-01
4.016819e-01
4.017116e-01
4.020025e-01
4.023558e-01
4.024855e-01
4.026890e-01
4.028542e-01
4.030852e-01
4.032397e-01
4.032974e-01
4.034762e-01
4.035842e-01
4.036158e-01
4.040610e-01
4.041527e-01
4.042441e-01
4.042739e-01
4.045877e-01
4.045886e-01
4.051213e-01
4.055187e-01
4.056360e-01
4.059254e-01
4.059903e-01
4.061258e-01
4.063109e-01
4.063274e-01
4.065104e-01
4.070441e-01
4.070765e-01
4.075175e-01
4.075404e-01
4.075495e-01
4.075603e-01
4.078705e-01
4.078803e-01
4.079050e-01
4.081065e-01
4.081451e-01
4.087610e-01
4.088068e-01
4.088453e-01
4.088782e-01
4.093018e-01
4.094738e-01
4.099587e-01
4.101258e-01
4.101556e-01
4.104078e-01
4.106796e-01
4.110516e-01
4.111722e-01
4.113669e-01
4.114580e-01
4.115040e-01
4.117068e-01
4.117522e-01
4.120244e-01
4.122247e-01
4.127474e-01
4.128682e-01
4.129309e-01
4.131992e-01
4.133941e-01
4.135009e-01
4.136413e-01
4.138606e-01
4.139802e-01
4.142289e-01
4.144196e-01
4.144516e-01
4.145134e-01
4.145517e-01
4.148285e-01
4.149088e-01
4.150515e-01
4.153637e-01
4.154981e-01
4.155653e-01
4.156915e-01
4.162300e-01
4.162992e-01
4.163307e-01
4.165340e-01
4.166368e-01
4.166411e-01
4.170265e-01
4.170510e-01
4.172353e-01
4.177290e-01
4.180332e-01
4.181058e-01
4.181896e-01
4.182782e-01
4.184332e-01
4.188956e-01
4.189290e-01
4.192906e-01
4.193594e-01
4.194404e-01
4.194805e-01
4.196763e-01
4.199030e-01
4.199106e-01
4.199659e-01
4.200167e-01
4.200513e-01
4.206868e-01
4.207555e-01
4.209158e-01
4.212370e-01
4.213187e-01
4.216979e-01
4.217855e-01
4.220159e-01
4.224301e-01
4.224574e-01
4.224799e-01
4.226052e-01
4.227022e-01
4.228206e-01
4.228660e-01
4.229263e-01
4.230604e-01
4.231524e-01
4.233830e-01
4.237316e-01
4.238966e-01
4.239128e-01
4.241934e-01
4.243793e-01
4.245630e-01
4.245755e-01
4.248410e-01
4.248864e-01
4.252310e-01
4.252410e-01
4.252677e-01
4.253865e-01
4.260907e-01
4.261304e-01
4.267524e-01
4.267682e-01
4.268842e-01
4.269373e-01
4.270580e-01
4.273625e-01
4.274660e-01
4.274969e-01
4.276269e-01
4.276513e-01
4.278352e-01
4.280556e-01
4.282643e-01
4.283393e-01
4.287463e-01
4.288880e-01
4.289981e-01
4.291742e-01
4.292785e-01
4.295095e-01
4.300094e-01
4.301750e-01
4.303592e-01
4.303929e-01
4.304589e-01
4.306938e-01
4.309938e-01
4.315835e-01
4.315991e-01
4.316283e-01
4.318058e-01
4.318150e-01
4.318703e-01
4.322564e-01
4.325635e-01
4.329373e-01
4.332523e-01
4.333478e-01
4.336127e-01
4.336629e-01
4.338250e-01
4.339620e-01
4.342451e-01
4.342593e-01
4.343529e-01
4.347396e-01
4.349860e-01
4.349983e-01
4.351344e-01
4.355039e-01
4.358823e-01
4.358871e-01
4.362959e-01
4.363356e-01
4.367864e-01
4.368272e-01
4.369733e-01
4.371205e-01
4.371995e-01
4.373792e-01
4.376057e-01
4.376333e-01
4.379928e-01
4.383640e-01
4.387656e-01
4.388198e-01
4.388510e-01
4.394154e-01
4.394223e-01
4.395441e-01
4.397484e-01
4.403561e-01
4.405449e-01
4.406235e-01
4.406440e-01
4.406595e-01
4.409496e-01
4.410927e-01
4.415107e-01
4.417961e-01
4.421721e-01
4.423815e-01
4.423834e-01
4.427838e-01
4.432976e-01
4.433061e-01
4.434101e-01
4.434388e-01
4.441719e-01
4.442214e-01
4.445639e-01
4.448280e-01
4.448572e-01
4.452864e-01
4.454153e-01
4.455239e-01
4.455828e-01
4.456257e-01
4.456583e-01
4.460387e-01
4.461312e-01
4.465831e-01
4.466172e-01
4.469190e-01
4.469951e-01
4.472109e-01
4.477529e-01
4.479272e-01
4.479318e-01
4.482024e-01
4.483051e-01
4.487461e-01
4.487730e-01
4.489632e-01
4.492358e-01
4.496218e-01
4.496343e-01
4.498267e-01
4.501015e-01
4.502260e-01
4.503875e-01
4.507780e-01
4.510383e-01
4.511993e-01
4.514039e-01
4.514781e-01
4.518101e-01
4.519498e-01
4.520189e-01
4.520237e-01
4.523488e-01
4.524622e-01
4.528328e-01
4.533149e-01
4.534147e-01
4.539079e-01
4.542444e-01
4.544358e-01
4.544671e-01
4.547469e-01
4.547870e-01
4.557420e-01
4.559141e-01
4.559480e-01
4.561337e-01
4.561676e-01
4.562107e-01
4.563310e-01
4.563671e-01
4.564659e-01
4.566093e-01
4.571003e-01
4.574050e-01
4.575768e-01
4.576793e-01
4.577915e-01
4.578426e-01
4.587072e-01
4.589677e-01
4.590912e-01
4.591465e-01
4.593859e-01
4.595468e-01
4.596125e-01
4.598707e-01
4.601111e-01
4.603958e-01
4.605171e-01
4.605437e-01
4.607440e-01
4.608844e-01
4.609999e-01
4.613816e-01
4.615290e-01
4.618776e-01
4.618965e-01
4.620125e-01
4.622319e-01
4.627851e-01
4.627853e-01
4.630410e-01
4.630653e-01
4.630833e-01
4.636372e-01
4.636798e-01
4.637076e-01
4.637300e-01
4.638884e-01
4.642443e-01
4.642707e-01
4.650155e-01
4.651026e-01
4.651585e-01
4.652771e-01
4.653494e-01
4.655502e-01
4.656387e-01
4.661992e-01
4.662784e-01
4.668785e-01
4.669900e-01
4.671760e-01
4.672655e-01
4.678005e-01
4.678011e-01
4.678580e-01
4.679859e-01
4.681918e-01
4.686289e-01
4.690948e-01
4.691927e-01
4.692008e-01
4.694935e-01
4.701680e-01
4.705866e-01
4.708708e-01
4.708951e-01
4.710132e-01
4.711884e-01
4.714139e-01
4.717125e-01
4.723036e-01
4.723437e-01
4.726298e-01
4.729860e-01
4.730319e-01
4.734493e-01
4.737772e-01
4.739848e-01
4.740686e-01
4.742862e-01
4.746146e-01
4.748502e-01
4.752884e-01
4.752891e-01
4.754191e-01
4.755871e-01
4.756937e-01
4.760523e-01
4.760737e-01
4.765846e-01
4.765910e-01
4.766419e-01
4.768919e-01
4.771974e-01
4.778003e-01
4.778087e-01
4.781968e-01
4.784341e-01
4.787155e-01
4.788930e-01
4.795862e-01
4.796831e-01
4.796910e-01
4.799409e-01
4.800631e-01
4.803484e-01
4.808210e-01
4.809291e-01
4.810154e-01
4.810365e-01
4.815040e-01
4.816611e-01
4.819316e-01
4.820593e-01
4.821355e-01
4.821902e-01
4.826641e-01
4.826678e-01
4.827607e-01
4.834738e-01
4.838929e-01
4.843211e-01
4.846542e-01
4.848267e-01
4.858545e-01
4.858840e-01
4.866940e-01
4.867961e-01
4.869732e-01
4.878954e-01
4.879847e-01
4.879959e-01
4.884119e-01
4.888402e-01
4.889116e-01
4.889986e-01
4.896536e-01
4.897987e-01
4.899538e-01
4.903357e-01
4.903371e-01
4.907805e-01
4.908350e-01
4.908846e-01
4.914283e-01
4.914978e-01
4.916826e-01
4.919265e-01
4.924818e-01
4.932986e-01
4.935198e-01
4.936030e-01
4.936228e-01
4.938000e-01
4.940985e-01
4.942826e-01
4.944744e-01
4.945525e-01
4.950648e-01
4.951259e-01
4.953972e-01
4.957768e-01
4.958510e-01
4.959224e-01
4.962437e-01
4.964286e-01
4.966746e-01
4.971130e-01
4.973084e-01
4.974888e-01
4.979391e-01
4.981671e-01
4.981864e-01
4.982215e-01
4.985523e-01
4.988527e-01
4.993642e-01
4.994002e-01
4.996225e-01
4.998177e-01
5.002769e-01
5.004671e-01
5.005451e-01
5.005800e-01
5.014520e-01
5.015810e-01
5.016845e-01
5.020257e-01
5.025955e-01
5.026100e-01
5.027600e-01
5.027711e-01
5.029366e-01
5.035110e-01
5.035699e-01
5.037229e-01
5.041665e-01
5.042192e-01
5.044127e-01
5.044605e-01
5.048507e-01
5.048948e-01
5.051166e-01
5.051383e-01
5.060638e-01
5.062578e-01
5.063729e-01
5.064252e-01
5.066008e-01
5.068953e-01
5.069501e-01
5.071898e-01
5.078238e-01
5.079416e-01
5.080354e-01
5.081976e-01
5.084830e-01
5.090896e-01
5.091502e-01
5.092062e-01
5.092736e-01
5.095401e-01
5.096026e-01
5.096353e-01
5.099388e-01
5.099422e-01
5.099718e-01
5.102960e-01
5.103527e-01
5.110978e-01
5.113706e-01
5.117661e-01
5.123244e-01
5.124833e-01
5.133066e-01
5.133857e-01
5.134308e-01
5.136093e-01
5.138847e-01
5.147683e-01
5.150442e-01
5.154064e-01
5.157314e-01
5.158305e-01
5.161678e-01
5.165427e-01
5.168252e-01
5.169806e-01
5.175392e-01
5.178853e-01
5.185157e-01
5.188124e-01
5.193128e-01
5.193882e-01
5.196674e-01
5.199817e-01
5.203910e-01
5.209443e-01
5.209851e-01
5.215089e-01
5.221536e-01
5.221728e-01
5.222091e-01
5.225193e-01
5.232865e-01
5.236148e-01
5.236707e-01
5.237550e-01
5.240437e-01
5.241733e-01
5.242821e-01
5.249385e-01
5.252473e-01
5.256299e-01
5.258621e-01
5.259084e-01
5.261597e-01
5.263911e-01
5.270849e-01
5.272374e-01
5.275281e-01
5.277313e-01
5.279523e-01
5.279857e-01
5.279991e-01
5.287493e-01
5.288071e-01
5.291374e-01
5.295810e-01
5.302377e-01
5.305116e-01
5.306926e-01
5.308502e-01
5.311576e-01
5.316529e-01
5.317687e-01
5.318994e-01
5.324929e-01
5.326564e-01
5.329460e-01
5.331397e-01
5.331663e-01
5.341106e-01
5.341581e-01
5.343663e-01
5.354648e-01
5.356512e-01
5.358468e-01
5.362419e-01
5.363203e-01
5.365781e-01
5.366911e-01
5.376817e-01
5.376935e-01
5.377987e-01
5.380466e-01
5.383742e-01
5.388062e-01
5.390938e-01
5.395057e-01
5.395363e-01
5.402441e-01
5.402808e-01
5.405373e-01
5.405655e-01
5.406695e-01
5.409012e-01
5.416195e-01
5.417854e-01
5.420791e-01
5.422594e-01
5.424118e-01
5.426924e-01
5.431333e-01
5.433733e-01
5.434993e-01
5.437501e-01
5.437831e-01
5.442676e-01
5.442894e-01
5.453277e-01
5.453693e-01
5.457751e-01
5.461790e-01
5.462139e-01
5.467559e-01
5.468664e-01
5.469620e-01
5.472464e-01
5.478367e-01
5.479534e-01
5.480559e-01
5.482756e-01
5.490080e-01
5.491299e-01
5.492763e-01
5.494798e-01
5.495540e-01
5.498924e-01
5.500264e-01
5.502277e-01
5.506366e-01
5.506815e-01
5.507800e-01
5.509639e-01
5.513610e-01
5.515332e-01
5.516589e-01
5.524323e-01
5.528996e-01
5.536621e-01
5.540828e-01
5.541506e-01
5.542170e-01
5.546099e-01
5.547883e-01
5.552979e-01
5.553715e-01
5.561688e-01
5.562050e-01
5.563432e-01
5.566463e-01
5.566753e-01
5.569276e-01
5.575076e-01
5.576480e-01
5.579098e-01
5.582729e-01
5.586137e-01
5.589568e-01
5.589728e-01
5.592261e-01
5.597153e-01
5.599169e-01
5.599892e-01
5.602903e-01
5.605880e-01
5.607182e-01
5.612098e-01
5.613034e-01
5.615419e-01
5.615772e-01
5.621240e-01
5.630952e-01
5.633626e-01
5.636921e-01
5.637216e-01
5.643313e-01
5.643341e-01
5.650836e-01
5.651911e-01
5.658899e-01
5.659162e-01
5.661079e-01
5.664525e-01
5.673185e-01
5.674620e-01
5.682579e-01
5.684957e-01
5.698437e-01
5.705568e-01
5.706102e-01
5.706549e-01
5.713966e-01
5.714549e-01
5.725409e-01
5.727776e-01
5.734561e-01
5.736426e-01
5.737268e-01
5.739812e-01
5.743436e-01
5.743514e-01
5.748585e-01
5.751129e-01
5.756253e-01
5.758214e-01
5.762273e-01
5.764928e-01
5.768404e-01
5.771523e-01
5.773223e-01
5.778262e-01
5.781210e-01
5.783332e-01
5.788888e-01
5.789351e-01
5.791544e-01
5.792432e-01
5.801579e-01
5.802218e-01
5.807123e-01
5.810894e-01
5.818818e-01
5.824783e-01
5.826333e-01
5.827715e-01
5.835736e-01
5.836974e-01
5.843247e-01
5.845471e-01
5.851486e-01
5.854131e-01
5.856798e-01
5.857520e-01
5.860590e-01
5.869827e-01
5.871677e-01
5.877898e-01
5.881518e-01
5.882254e-01
5.885693e-01
5.888406e-01
5.896652e-01
5.897187e-01
5.903516e-01
5.910089e-01
5.910627e-01
5.912062e-01
5.913582e-01
5.921751e-01
5.921865e-01
5.924808e-01
5.925485e-01
5.925821e-01
5.931437e-01
5.936627e-01
5.939383e-01
5.939723e-01
5.949118e-01
5.950404e-01
5.951841e-01
5.956113e-01
5.956779e-01
5.957769e-01
5.961614e-01
5.971655e-01
5.972078e-01
5.975856e-01
5.978452e-01
5.979306e-01
5.982804e-01
5.984486e-01
5.988188e-01
5.990449e-01
5.992388e-01
5.996195e-01
5.999929e-01
6.002509e-01
6.004126e-01
6.011306e-01
6.016581e-01
6.016677e-01
6.024293e-01
6.024780e-01
6.025542e-01
6.033334e-01
6.034493e-01
6.041954e-01
6.045559e-01
6.046172e-01
6.052848e-01
6.052916e-01
6.053498e-01
6.055049e-01
6.058514e-01
6.064565e-01
6.064787e-01
6.070549e-01
6.077725e-01
6.083051e-01
6.083230e-01
6.084102e-01
6.090649e-01
6.091000e-01
6.091937e-01
6.093701e-01
6.101999e-01
6.102129e-01
6.108695e-01
6.108774e-01
6.118262e-01
6.119476e-01
6.121555e-01
6.125879e-01
6.133857e-01
6.134551e-01
6.135436e-01
6.138065e-01
6.138628e-01
6.140803e-01
6.143088e-01
6.145230e-01
6.148954e-01
6.152110e-01
6.153021e-01
6.162463e-01
6.168983e-01
6.171025e-01
6.175946e-01
6.178024e-01
6.181308e-01
6.187557e-01
6.193003e-01
6.195155e-01
6.204160e-01
6.205968e-01
6.206825e-01
6.210257e-01
6.215507e-01
6.215647e-01
6.221401e-01
6.227266e-01
6.227522e-01
6.231792e-01
6.237651e-01
6.245310e-01
6.246241e-01
6.254480e-01
6.264660e-01
6.266031e-01
6.270356e-01
6.283275e-01
6.283438e-01
6.285675e-01
6.290354e-01
6.308516e-01
6.311526e-01
6.319790e-01
6.323478e-01
6.326867e-01
6.333705e-01
6.333833e-01
6.335315e-01
6.337292e-01
6.340463e-01
6.352149e-01
6.353352e-01
6.358083e-01
6.362067e-01
6.362802e-01
6.367010e-01
6.374379e-01
6.375098e-01
6.380704e-01
6.388532e-01
6.392946e-01
6.393346e-01
6.396810e-01
6.401067e-01
6.402487e-01
6.408255e-01
6.409936e-01
6.415899e-01
6.419542e-01
6.419836e-01
6.426592e-01
6.429843e-01
6.432062e-01
6.441816e-01
6.451626e-01
6.456103e-01
6.462751e-01
6.469757e-01
6.471571e-01
6.472917e-01
6.473753e-01
6.479430e-01
6.480356e-01
6.490964e-01
6.495341e-01
6.496765e-01
6.500630e-01
6.502245e-01
6.515287e-01
6.515409e-01
6.523905e-01
6.526970e-01
6.534167e-01
6.536312e-01
6.538014e-01
6.543640e-01
6.546117e-01
6.563648e-01
6.563728e-01
6.570584e-01
6.576936e-01
6.578136e-01
6.579808e-01
6.581816e-01
6.583494e-01
6.586963e-01
6.587290e-01
6.588823e-01
6.604791e-01
6.604965e-01
6.607776e-01
6.609315e-01
6.616337e-01
6.617965e-01
6.622117e-01
6.622539e-01
6.625388e-01
6.629318e-01
6.633562e-01
6.634128e-01
6.640694e-01
6.642314e-01
6.644425e-01
6.650333e-01
6.651253e-01
6.653331e-01
6.656875e-01
6.660812e-01
6.664918e-01
6.670828e-01
6.674934e-01
6.682288e-01
6.682391e-01
6.684952e-01
6.696845e-01
6.697429e-01
6.697739e-01
6.714084e-01
6.716924e-01
6.722541e-01
6.727875e-01
6.730431e-01
6.737539e-01
6.741735e-01
6.745012e-01
6.747628e-01
6.751949e-01
6.772224e-01
6.775433e-01
6.779921e-01
6.781101e-01
6.782925e-01
6.788434e-01
6.792133e-01
6.794273e-01
6.795114e-01
6.796564e-01
6.798317e-01
6.801205e-01
6.806734e-01
6.810832e-01
6.812664e-01
6.813021e-01
6.816062e-01
6.819708e-01
6.820744e-01
6.827585e-01
6.828940e-01
6.830313e-01
6.835236e-01
6.836124e-01
6.837588e-01
6.844242e-01
6.848200e-01
6.853392e-01
6.853579e-01
6.854211e-01
6.856369e-01
6.861481e-01
6.862737e-01
6.863957e-01
6.867381e-01
6.869634e-01
6.870295e-01
6.877583e-01
6.880664e-01
6.880697e-01
6.884975e-01
6.888905e-01
6.890572e-01
6.891075e-01
6.892805e-01
6.895064e-01
6.898998e-01
6.899677e-01
6.899853e-01
6.900590e-01
6.904139e-01
6.906119e-01
6.907747e-01
6.909282e-01
6.909670e-01
6.913834e-01
6.914486e-01
6.914507e-01
6.916841e-01
6.917079e-01
6.917811e-01
6.920102e-01
6.921047e-01
6.925693e-01
6.928391e-01
6.933002e-01
6.933387e-01
6.933822e-01
6.934789e-01
6.938592e-01
6.938711e-01
6.940187e-01
6.941403e-01
6.943244e-01
6.943505e-01
6.944082e-01
6.944533e-01
6.947908e-01
6.948270e-01
6.951505e-01
6.952639e-01
6.953380e-01
6.955073e-01
6.955752e-01
6.958140e-01
6.958174e-01
6.959197e-01
6.960567e-01
6.962918e-01
6.964301e-01
6.966130e-01
6.967661e-01
6.972431e-01
6.973148e-01
6.973883e-01
6.974244e-01
6.975178e-01
6.975553e-01
6.976114e-01
6.979968e-01
6.980277e-01
6.980667e-01
6.981253e-01
6.985948e-01
6.986484e-01
6.988821e-01
6.992797e-01
6.997341e-01
6.997501e-01
7.002111e-01
7.002660e-01
7.004793e-01
7.007277e-01
7.007380e-01
7.012112e-01
7.013197e-01
7.016274e-01
7.016735e-01
7.020615e-01
7.024394e-01
7.027355e-01
7.031917e-01
7.034248e-01
7.035035e-01
7.035561e-01
7.040798e-01
7.041907e-01
7.050231e-01
7.051808e-01
7.053751e-01
7.054412e-01
7.055082e-01
7.059629e-01
7.061520e-01
7.066993e-01
7.067729e-01
7.068801e-01
7.069002e-01
7.073395e-01
7.078766e-01
7.081433e-01
7.083187e-01
7.083955e-01
7.084366e-01
7.088653e-01
7.088778e-01
7.090156e-01
7.094765e-01
7.096868e-01
7.098626e-01
7.099781e-01
7.103126e-01
7.107718e-01
7.110583e-01
7.113383e-01
7.113410e-01
7.118643e-01
7.118797e-01
7.120733e-01
7.123290e-01
7.125810e-01
7.127245e-01
7.136656e-01
7.139386e-01
7.139652e-01
7.141467e-01
7.142758e-01
7.146208e-01
7.147879e-01
7.151540e-01
7.152292e-01
7.160094e-01
7.160971e-01
7.162399e-01
7.164811e-01
7.170526e-01
7.180264e-01
7.181975e-01
7.187398e-01
7.191322e-01
7.192098e-01
7.193200e-01
7.196640e-01
7.204073e-01
7.205567e-01
7.208585e-01
7.218882e-01
7.223557e-01
7.223806e-01
7.229272e-01
7.232097e-01
7.236983e-01
7.237218e-01
7.238687e-01
7.240398e-01
7.246513e-01
7.248249e-01
7.255114e-01
7.255143e-01
7.260454e-01
7.269995e-01
7.283296e-01
7.295110e-01
7.299579e-01
7.301068e-01
7.302186e-01
7.304157e-01
7.305753e-01
7.318425e-01
7.318459e-01
7.323364e-01
7.331074e-01
7.337379e-01
7.337590e-01
7.338864e-01
7.348938e-01
7.355239e-01
7.357680e-01
7.358191e-01
7.358657e-01
7.364975e-01
7.365333e-01
7.368834e-01
7.372290e-01
7.374486e-01
7.391958e-01
7.396111e-01
7.399164e-01
7.405936e-01
7.409034e-01
7.415412e-01
7.416579e-01
7.421893e-01
7.429843e-01
7.436271e-01
7.437808e-01
7.438475e-01
7.439621e-01
7.447013e-01
7.457788e-01
7.469734e-01
7.478245e-01
7.478888e-01
7.479544e-01
7.480222e-01
7.480730e-01
7.482054e-01
7.484926e-01
7.513395e-01
7.515691e-01
7.531446e-01
7.531468e-01
7.532623e-01
7.538275e-01
7.542463e-01
7.548947e-01
7.573617e-01
7.574557e-01
7.582719e-01
7.582833e-01
7.590350e-01
7.600058e-01
7.600130e-01
7.600460e-01
7.604513e-01
7.615371e-01
7.618458e-01
7.619722e-01
7.644442e-01
7.656238e-01
7.663628e-01
7.686491e-01
7.687406e-01
7.688362e-01
7.692248e-01
7.717781e-01
7.723671e-01
7.729095e-01
7.730907e-01
7.733095e-01
7.735683e-01
7.739191e-01
7.739973e-01
7.740275e-01
7.756950e-01
7.760135e-01
7.769564e-01
7.772336e-01
7.785085e-01
7.788062e-01
7.791456e-01
7.792853e-01
7.795167e-01
7.815057e-01
7.821618e-01
7.823955e-01
7.833729e-01
7.838084e-01
7.838290e-01
7.843742e-01
7.845581e-01
7.848476e-01
7.856245e-01
7.860904e-01
7.871583e-01
7.875162e-01
7.876064e-01
7.896030e-01
7.940838e-01
7.956271e-01
7.956941e-01
7.958268e-01
7.964375e-01
8.003156e-01
8.011430e-01
8.023826e-01
8.031113e-01
8.043181e-01
8.057765e-01
8.060224e-01
8.060823e-01
8.067586e-01
8.079939e-01
8.085596e-01
8.114006e-01
8.122241e-01
8.145463e-01
8.148728e-01
8.159175e-01
8.169892e-01
8.183096e-01
8.193328e-01
8.196995e-01
8.203940e-01
8.229413e-01
8.247174e-01
8.248168e-01
8.250319e-01
8.255634e-01
8.257486e-01
8.257777e-01
8.257987e-01
8.279067e-01
8.282902e-01
8.295486e-01
8.301928e-01
8.303654e-01
8.305262e-01
8.309286e-01
8.316999e-01
8.317971e-01
8.329621e-01
8.334213e-01
8.334998e-01
8.335353e-01
8.357448e-01
8.375068e-01
8.386651e-01
8.390610e-01
8.415809e-01
8.418311e-01
8.422207e-01
8.443653e-01
8.461924e-01
8.467685e-01
8.468070e-01
8.468123e-01
8.468379e-01
8.491824e-01
8.529202e-01
8.531927e-01
8.545876e-01
8.553147e-01
8.562981e-01
8.572474e-01
8.572953e-01
8.573500e-01
8.585410e-01
8.586418e-01
8.590522e-01
8.596258e-01
8.612682e-01
8.645185e-01
8.666275e-01
8.672875e-01
8.690803e-01
8.692420e-01
8.697513e-01
8.703115e-01
8.713201e-01
8.716892e-01
8.728014e-01
8.743569e-01
8.751638e-01
8.774463e-01
8.783385e-01
8.785592e-01
8.793663e-01
8.813510e-01
8.819729e-01
8.838690e-01
8.846617e-01
8.852266e-01
8.860999e-01
8.861192e-01
8.864904e-01
8.867282e-01
8.883476e-01
8.927715e-01
8.943209e-01
8.951729e-01
8.956789e-01
8.961240e-01
8.961975e-01
8.974266e-01
8.978188e-01
8.979687e-01
8.986567e-01
8.992284e-01
8.994413e-01
9.018543e-01
9.023632e-01
9.038364e-01
9.043522e-01
9.127180e-01
9.127637e-01
9.167118e-01
9.171579e-01
9.218310e-01
9.218429e-01
9.250535e-01
9.257042e-01
9.275249e-01
9.282048e-01
9.294422e-01
9.300859e-01
9.329196e-01
9.334894e-01
9.427243e-01
9.427697e-01
9.595491e-01
9.596535e-01
9.619718e-01
9.621989e-01
9.650707e-01
9.651827e-01
9.734747e-01
9.735163e-01
9.793722e-01
9.794372e-01
9.999755e-01
1.000000e+00
