# sorted relative singular values (hessian_L_full) field=gauss eps=0.25 N=12 n=3456
1.701887749155871253e-03
1.873271016304071078e-03
1.913840388939439235e-03
2.037367057952741561e-03
2.062835303858564021e-03
2.141459471223989153e-03
2.179573486965007134e-03
2.256047463419063280e-03
2.281541943147085815e-03
2.343431125157208368e-03
2.455448568336777212e-03
2.503082621624583629e-03
2.594619499320057355e-03
2.620083933173424865e-03
2.663427874127536742e-03
2.697080325605046101e-03
2.964909556699099093e-03
3.007910891952073323e-03
3.063401770641964623e-03
3.151500969641766407e-03
3.183541547285683587e-03
3.274641050026829044e-03
3.401880747423803759e-03
3.494518219356132060e-03
3.750259989881506335e-03
3.900312233867921086e-03
4.454882105996112347e-03
5.014632215203827618e-03
5.059059969273865462e-03
5.201461356142822803e-03
5.351297745456210300e-03
5.460638918193831161e-03
5.526959218554012253e-03
5.624373652209377003e-03
5.691810514923972657e-03
5.759233863799815417e-03
7.771906052800154306e-03
7.947466901902802694e-03
8.106985814172467872e-03
8.421373370144299986e-03
8.598331532086092924e-03
8.904471504411509697e-03
9.002394318706826923e-03
9.046673393226959542e-03
9.124583797216249959e-03
9.399255095757244605e-03
1.011544853412842289e-02
1.038678237940215618e-02
1.058029157876951530e-02
1.074366818691360574e-02
1.097810672849596283e-02
1.120552357467401519e-02
1.151979108158294844e-02
1.174917646445693652e-02
1.185681112363048094e-02
1.195455380302844380e-02
1.208054206733145085e-02
1.220019153453238449e-02
1.227782555602124209e-02
1.259024239239949980e-02
1.278134466778692822e-02
1.283158432944218712e-02
1.349043121982524025e-02
1.352423947365499063e-02
1.354022487892046246e-02
1.368105296809818405e-02
1.385968518935462926e-02
1.396579833620400536e-02
1.413448363922561665e-02
1.420681411808848334e-02
1.429023658391275972e-02
1.441094113292708083e-02
1.456800801334394262e-02
1.480826179755135447e-02
1.492160215906582731e-02
1.515597045133856152e-02
1.522312763449248756e-02
1.538870110831013979e-02
1.564976259646422632e-02
1.570907921260169746e-02
1.653245924861016999e-02
1.657397581751308968e-02
1.669103257385570402e-02
1.711384242227396296e-02
1.739522382852826468e-02
1.749828734989192572e-02
1.777272627713476910e-02
1.784360371676123325e-02
1.804952681577935356e-02
1.821363644938764001e-02
1.834421207856472627e-02
1.877082425827926448e-02
1.883418652838881463e-02
1.900907360058264051e-02
1.911311490717866948e-02
1.922258355718657954e-02
1.949895269547709947e-02
1.982274040818686814e-02
1.984402624504928020e-02
2.004005644516614060e-02
2.014088355641046116e-02
2.042825872315494687e-02
2.056575980329576267e-02
2.067979572728714799e-02
2.082743779717075028e-02
2.087943117990975761e-02
2.095231194048318910e-02
2.118826422781077204e-02
2.134209222135389702e-02
2.143593632315600114e-02
2.151583296479372617e-02
2.161138263316119551e-02
2.192165362955302704e-02
2.197040932167079047e-02
2.207219238674994199e-02
2.208941389794818327e-02
2.225061816645136636e-02
2.234380895603982342e-02
2.246267333903618699e-02
2.262880626139969487e-02
2.277329275792030344e-02
2.292696559354116467e-02
2.308738712750408109e-02
2.314867989215331490e-02
2.328890420812814929e-02
2.345063575994294977e-02
2.352454323024921398e-02
2.359971207918998976e-02
2.389198158023699003e-02
2.405980154596405046e-02
2.407766016769643039e-02
2.422275553176679586e-02
2.436642092751372876e-02
2.450467226577692642e-02
2.490554225507946376e-02
2.501626648626351437e-02
2.520354161088713893e-02
2.535077275543869482e-02
2.552199379509232854e-02
2.575233887229899654e-02
2.590004640954192763e-02
2.593742769367424553e-02
2.602409024616070612e-02
2.629542254831564174e-02
2.673655986027803286e-02
2.698625599934657143e-02
2.760356254750496660e-02
2.798933816127125579e-02
2.880310315116530254e-02
2.978911174477767362e-02
3.015885628247370540e-02
3.022677379318961660e-02
3.043971428824382083e-02
3.056323350047691553e-02
3.086101351950055680e-02
3.160631716679469100e-02
3.185998794144829366e-02
3.205325252705443217e-02
3.262033832613198819e-02
3.291939163167662691e-02
3.309259761183650644e-02
3.348860106413486387e-02
3.366152315535962669e-02
3.375223269746182447e-02
3.385227531014516067e-02
3.409795260067813999e-02
3.416300701854531330e-02
3.450180177572814005e-02
3.468513277665535854e-02
3.496105276814093221e-02
3.498850521941711950e-02
3.538952956403870059e-02
3.552153435799128983e-02
3.554462871539127572e-02
3.571535649285591252e-02
3.580757325378974149e-02
3.596020088988289426e-02
3.626918998708043157e-02
3.644589621034073634e-02
3.664902310445049965e-02
3.674993612021316969e-02
3.694406266820696866e-02
3.718928451017700088e-02
3.730635439795764591e-02
3.733911042928590024e-02
3.751688489671504978e-02
3.758943910434271035e-02
3.768063968541478931e-02
3.779285713563661914e-02
3.798077248273444562e-02
3.822544981119951890e-02
3.862491875770647509e-02
3.867953741107491017e-02
3.886889829607404617e-02
3.923883556449738602e-02
3.936713936510328332e-02
3.950473659405760729e-02
3.952001762731998519e-02
3.973647546466361341e-02
3.988549480280415699e-02
3.995091329418162113e-02
4.011416344993468802e-02
4.024481596203455941e-02
4.067652901547120364e-02
4.102528205262987587e-02
4.108116156784814843e-02
4.128830049423673487e-02
4.135270839823655675e-02
4.153290028861950089e-02
4.174903755474186628e-02
4.186254823186093960e-02
4.206669994137411661e-02
4.212305230574565212e-02
4.235226586272622384e-02
4.263147931813770358e-02
4.279916867646871986e-02
4.302524712209778585e-02
4.313541502590843846e-02
4.336935707529479544e-02
4.368043300428676307e-02
4.375189647349905092e-02
4.396495829153996421e-02
4.402326093005626967e-02
4.407531736663033300e-02
4.417457388622735709e-02
4.427202593074905379e-02
4.445381918795945214e-02
4.466662374127301771e-02
4.484942844707587306e-02
4.510587466941173157e-02
4.523520456821488595e-02
4.534750857163139665e-02
4.556109803082948606e-02
4.582957110773770715e-02
4.595368958809119275e-02
4.608995150970269378e-02
4.636805343955452408e-02
4.664382820969054100e-02
4.681189007315488676e-02
4.701811174494164441e-02
4.722405771886450249e-02
4.728609502006273640e-02
4.797963930106670383e-02
4.819823701617635681e-02
4.825881041378853042e-02
4.855504118981857770e-02
4.874255795606129149e-02
4.892305842719880254e-02
4.916807430502310311e-02
4.950240510072818900e-02
4.970357073831970646e-02
4.983347297796586473e-02
5.012791352987784610e-02
5.022016858003956058e-02
5.041462145278093748e-02
5.060960295482199583e-02
5.112332953027143995e-02
5.124068007919611173e-02
5.136052241384276434e-02
5.156096585352141354e-02
5.187529848115608744e-02
5.201187729617737232e-02
5.222535736567585074e-02
5.242343825845858368e-02
5.261987610523927855e-02
5.268797103794091441e-02
5.277648108795413712e-02
5.282640047910488329e-02
5.323210833450506968e-02
5.352735334366520020e-02
5.367503157411282477e-02
5.378531840279669046e-02
5.398122835267553377e-02
5.415116572217047036e-02
5.432368578776528706e-02
5.447777853235016843e-02
5.459428753856683525e-02
5.490071054181916432e-02
5.493626198482703255e-02
5.527651333311962151e-02
5.537167310473522369e-02
5.541944325114826070e-02
5.543862528360863490e-02
5.557173518617966601e-02
5.585135390615311723e-02
5.604724013932433496e-02
5.615040187036460934e-02
5.663894744475474197e-02
5.681733955789978335e-02
5.692296502549688136e-02
5.706004536770421104e-02
5.713551900286691076e-02
5.741726344178203073e-02
5.757725073540758548e-02
5.779037122733651083e-02
5.792169944454169522e-02
5.800283820317891914e-02
5.807513427531563188e-02
5.827637280424640548e-02
5.852623100578443344e-02
5.881398921616445147e-02
5.902203812885672973e-02
5.915938679410721185e-02
5.944105489818941879e-02
5.954513827235869555e-02
5.969282285199192101e-02
5.972825802338377343e-02
5.981542470793031058e-02
6.008679199653846337e-02
6.015786411161280767e-02
6.035099970462772662e-02
6.059157974231509092e-02
6.067663219978419731e-02
6.079750073835185620e-02
6.100346490378202174e-02
6.116222838280089419e-02
6.128804664695137322e-02
6.147963200976767212e-02
6.150945142058328319e-02
6.176525317738158771e-02
6.204838241651833286e-02
6.220837843230458963e-02
6.234622127556934540e-02
6.246324188777155340e-02
6.248911944365008464e-02
6.268721470255730899e-02
6.288800428634842843e-02
6.296134161725983058e-02
6.320466852930418933e-02
6.327203251362523151e-02
6.339623688456551276e-02
6.343882550666535280e-02
6.368057647875623173e-02
6.391575094470021423e-02
6.420867373741487305e-02
6.437734505756971537e-02
6.449543440974313258e-02
6.469980713174507125e-02
6.477619126389529136e-02
6.490601201980195079e-02
6.519511493838497929e-02
6.526652544275579615e-02
6.563009761383842289e-02
6.576255055649457559e-02
6.586006264132204802e-02
6.598964384114268389e-02
6.615439632887139265e-02
6.635641306252759719e-02
6.642794162546136749e-02
6.687551392285780161e-02
6.695879403761158255e-02
6.720211480621961220e-02
6.745510243407019935e-02
6.757163957396576659e-02
6.775892166820327023e-02
6.786790142774280776e-02
6.799184006446443163e-02
6.815983615989576472e-02
6.829261308928046004e-02
6.842935212220242758e-02
6.865001976142043327e-02
6.900848705555663598e-02
6.911424336074052654e-02
6.940127004998622451e-02
6.943863138611849894e-02
6.952629674856765363e-02
6.967379459349394566e-02
6.987438251323950522e-02
7.022599130344298057e-02
7.032980532408247831e-02
7.043258219306917922e-02
7.057108173881612712e-02
7.082332486489767431e-02
7.093782781415604310e-02
7.107298065074815763e-02
7.115725785235341161e-02
7.142249396495406466e-02
7.155764367048884911e-02
7.169399468331810743e-02
7.185273273652163784e-02
7.206600574522113722e-02
7.218987874941154570e-02
7.246837757748875175e-02
7.251561540687230523e-02
7.256310821352830731e-02
7.276314501740514806e-02
7.286407677359402202e-02
7.291230195645986845e-02
7.311763372702867469e-02
7.339154815722497005e-02
7.344883200075538743e-02
7.364740550719466039e-02
7.376006184576887337e-02
7.403656348268652931e-02
7.428346731485303833e-02
7.441346366579273952e-02
7.459276204580392311e-02
7.468807748731083607e-02
7.515929331509156597e-02
7.536156252304707093e-02
7.562465963498334054e-02
7.582720632254323634e-02
7.599519004580598813e-02
7.600289419491547405e-02
7.615994012105849198e-02
7.641569200842197873e-02
7.666100138581109780e-02
7.681558972591293055e-02
7.688820697997152120e-02
7.702582153528202136e-02
7.724320875549708920e-02
7.743474869030675389e-02
7.760550618435201053e-02
7.774512548890166741e-02
7.787434557683967085e-02
7.819633017888258375e-02
7.836487207654628528e-02
7.857972131573105756e-02
7.858962672202214617e-02
7.883753845032276386e-02
7.897270794430509555e-02
7.912925518915141232e-02
7.946852200761846119e-02
7.963499217142186448e-02
7.999722645399795495e-02
8.010971048375564729e-02
8.048146324885520342e-02
8.079447646668486138e-02
8.109965118252054905e-02
8.124413565342600285e-02
8.146975718504237407e-02
8.167992070193048904e-02
8.177724342331632590e-02
8.184739102080142159e-02
8.188244374429265449e-02
8.226286448793733441e-02
8.250415071539859979e-02
8.263706220863578644e-02
8.277900124514268876e-02
8.291510902558160701e-02
8.311944903390541817e-02
8.330932922464907853e-02
8.360841308772970493e-02
8.406013538922349482e-02
8.408223616678742185e-02
8.429344862120596860e-02
8.433806827376449933e-02
8.455064710443599418e-02
8.466552595362604461e-02
8.486153283858689778e-02
8.488469809887981554e-02
8.503336679549272636e-02
8.526514436604926139e-02
8.537277009404879713e-02
8.555427453964091489e-02
8.572489713022794777e-02
8.580884917511640009e-02
8.594477460466096175e-02
8.618143549942684778e-02
8.643473898217503282e-02
8.651102345718905684e-02
8.667452059917050977e-02
8.686236911795788829e-02
8.693951473418329301e-02
8.705097500797839838e-02
8.723093003830044434e-02
8.742620933960414120e-02
8.755383486868051346e-02
8.767890294811438168e-02
8.797661452961927364e-02
8.823761813312637481e-02
8.849497262921764140e-02
8.867855884662832755e-02
8.871348680342334980e-02
8.897082629959245093e-02
8.915005300481439188e-02
8.933747564153325660e-02
8.944987858922587298e-02
8.963541405167824161e-02
8.973642719351672403e-02
8.989859632386897059e-02
9.007585586740390893e-02
9.028924476690423917e-02
9.030739122027919841e-02
9.080354299018290887e-02
9.096159777188433937e-02
9.109493586540270971e-02
9.116073137214684985e-02
9.140145282584752340e-02
9.158332190051769739e-02
9.166151702246973232e-02
9.176081884061201843e-02
9.194274247097324049e-02
9.196139401958582094e-02
9.206000082711038313e-02
9.235361043490127042e-02
9.279240347154615876e-02
9.285538460839308506e-02
9.311073436653488633e-02
9.320754703710311395e-02
9.324835870742885502e-02
9.338442336430727297e-02
9.353264556076149039e-02
9.364930889370021161e-02
9.376755678814580053e-02
9.394626877060412162e-02
9.407421076550782912e-02
9.425728110188875963e-02
9.439238022608918699e-02
9.449209181261944424e-02
9.475244138423283280e-02
9.486546195731640485e-02
9.508423052956446742e-02
9.520714825564652317e-02
9.545788750158379354e-02
9.564537138842466035e-02
9.574946567786427054e-02
9.588655550382152448e-02
9.615167056107315480e-02
9.633572754381854175e-02
9.648182226243547099e-02
9.680276789657968339e-02
9.683828779226506811e-02
9.685614146192354779e-02
9.702009745647476036e-02
9.724191984833265023e-02
9.725164982302388073e-02
9.745336857785934226e-02
9.773145212871264809e-02
9.793196005206201982e-02
9.796854264501836385e-02
9.816700071919400028e-02
9.833653743080952858e-02
9.846527584699253655e-02
9.865197187472285467e-02
9.869885088874488788e-02
9.892783625338624764e-02
9.904006250405578138e-02
9.918919537436723943e-02
9.924820309878755464e-02
9.936517247151731291e-02
9.958732147503346344e-02
9.980554890964286885e-02
9.997350818659420102e-02
1.001705753177090236e-01
1.003892381367720577e-01
1.004915627528125549e-01
1.007184106759394238e-01
1.007211568625648035e-01
1.008360498981002440e-01
1.009506145043585629e-01
1.010898077287053082e-01
1.013025883486227269e-01
1.015438951461183903e-01
1.016203834803978689e-01
1.017216134965770458e-01
1.018587109231257892e-01
1.020370804774455020e-01
1.022705969995348907e-01
1.024809893275436395e-01
1.026196712830898666e-01
1.026356138343523516e-01
1.028927566590514125e-01
1.029723140197301157e-01
1.031858681267439903e-01
1.032443550396813653e-01
1.034269077085664956e-01
1.035113236343866427e-01
1.036118550388461373e-01
1.036930714546901305e-01
1.039515450176050904e-01
1.041120213593558497e-01
1.042424192837511365e-01
1.043323297453188914e-01
1.044050352205544707e-01
1.046477255970922338e-01
1.047142672645617473e-01
1.048456781452537095e-01
1.052886006251855799e-01
1.053816556135477311e-01
1.056189938643553733e-01
1.056433365572306410e-01
1.057094170481119033e-01
1.057947945416931046e-01
1.058978954261684396e-01
1.061117252415477163e-01
1.062355697093361473e-01
1.062599867328516828e-01
1.064065835068372379e-01
1.065559424656648130e-01
1.066627483934266263e-01
1.068264180501914268e-01
1.070724932123245376e-01
1.072151670036325943e-01
1.072453270135287767e-01
1.073305983238641431e-01
1.075180181439503724e-01
1.077538187181827367e-01
1.077916207545813604e-01
1.079668607135108593e-01
1.080163546393777402e-01
1.081554926267924710e-01
1.082162278879035960e-01
1.083383010159839760e-01
1.085409672195587066e-01
1.086592126462757463e-01
1.088460966769363159e-01
1.089444250158265876e-01
1.090111934103593083e-01
1.092223289235843137e-01
1.093758840372533875e-01
1.094970972362634271e-01
1.095775857088997773e-01
1.096909724849197826e-01
1.097565688035395948e-01
1.098583127143874238e-01
1.098841042677031477e-01
1.101532274981276427e-01
1.102750578417360794e-01
1.104100187793141674e-01
1.104319847612140471e-01
1.105995913827518273e-01
1.108043840752475223e-01
1.110106362664444457e-01
1.110899154107047870e-01
1.112643642861669141e-01
1.113138279071932274e-01
1.115948044453092119e-01
1.117860282898724966e-01
1.118786689199351841e-01
1.119981469930659002e-01
1.121858335827676245e-01
1.122379587145278523e-01
1.123716770806812981e-01
1.126054578938778528e-01
1.126978325045730894e-01
1.128743284704105121e-01
1.130152749907708254e-01
1.131363724354133293e-01
1.132579088274542345e-01
1.134375584276559740e-01
1.135127796914826570e-01
1.136208645486234958e-01
1.136791480709820751e-01
1.138216456810768468e-01
1.140128649371367625e-01
1.140877409189293562e-01
1.142241018352061627e-01
1.142370689907140080e-01
1.144428265877992651e-01
1.145689461473043957e-01
1.147121646350143936e-01
1.148577505175976815e-01
1.148773131403593301e-01
1.151850863886495352e-01
1.153619320254619662e-01
1.154913653919222849e-01
1.155600332424404630e-01
1.156732964129400798e-01
1.157303707250105923e-01
1.157771301061530506e-01
1.158437129348673794e-01
1.160246921989851465e-01
1.161222544097389175e-01
1.162777954120587931e-01
1.164659467414014410e-01
1.164835566550847523e-01
1.165935474398877014e-01
1.166942197788849445e-01
1.167797557040874123e-01
1.168927046254683855e-01
1.170763843843685009e-01
1.172345278215960601e-01
1.173625405095647667e-01
1.174170252474476817e-01
1.174891172242167464e-01
1.177189493297346873e-01
1.178168564813944774e-01
1.180268584764193468e-01
1.180739265215671602e-01
1.182713690512816052e-01
1.184059422888483482e-01
1.185253810281882425e-01
1.185514447647724734e-01
1.186361524395904699e-01
1.187778755891705090e-01
1.188907005370696129e-01
1.190289494405239457e-01
1.191317575988753014e-01
1.192638442086658979e-01
1.194673312018667277e-01
1.195691359710618767e-01
1.197013579339669537e-01
1.197994756021985713e-01
1.199819633027429527e-01
1.200143258406068114e-01
1.203050113653194308e-01
1.203651357837764724e-01
1.204403433350564184e-01
1.204941398059698465e-01
1.206072794548738863e-01
1.206368087402833467e-01
1.208564571323883924e-01
1.209633775150882606e-01
1.211772627032807609e-01
1.211994540783101482e-01
1.212413765786539560e-01
1.214173297026171078e-01
1.214459974631172251e-01
1.216967463687831374e-01
1.218773390185663302e-01
1.219153347403129084e-01
1.220893755578646156e-01
1.221317797073807609e-01
1.222544707575210499e-01
1.223653300879702227e-01
1.225898486952637922e-01
1.227080448237286708e-01
1.228439031122048331e-01
1.228954419036184104e-01
1.231350894608429503e-01
1.231638418825309750e-01
1.233023250268346777e-01
1.234038046645490327e-01
1.235988796386915112e-01
1.236673228266466362e-01
1.237690070188883079e-01
1.238555210819274194e-01
1.239031297648401919e-01
1.240530648477572023e-01
1.240983493260191250e-01
1.241748466837641895e-01
1.244820702110732424e-01
1.245694482985654356e-01
1.247645480748221514e-01
1.248420787213744415e-01
1.249426718105689088e-01
1.251481274392703680e-01
1.252993670975010021e-01
1.253269419688874120e-01
1.254787478733128681e-01
1.255141318368312719e-01
1.256968584718425042e-01
1.257708169485352301e-01
1.258746411560203171e-01
1.259512901350795799e-01
1.261144134623637392e-01
1.262609425853134515e-01
1.262782098882529180e-01
1.264557429385913256e-01
1.266377786334892674e-01
1.266684951105419288e-01
1.267310693372483144e-01
1.268353312053278892e-01
1.269595742032449959e-01
1.272035992554171879e-01
1.273513021208014240e-01
1.274453289827487124e-01
1.275418345102016238e-01
1.275646878644459969e-01
1.277215738471879081e-01
1.277488707341558616e-01
1.278678466739872344e-01
1.279239564044117039e-01
1.280254928398703584e-01
1.281964535814218709e-01
1.283349267602773291e-01
1.283865768737794399e-01
1.285531022130444456e-01
1.286298321232703379e-01
1.288015162482277487e-01
1.289255103354142451e-01
1.289686461420692931e-01
1.290156793606891117e-01
1.293110018829919938e-01
1.293771403887846727e-01
1.294584792344547208e-01
1.295109562314161467e-01
1.296566442891562698e-01
1.296666091194383363e-01
1.298318432840797620e-01
1.299711789560891728e-01
1.300187246548405451e-01
1.301174190512478512e-01
1.302667224506058596e-01
1.303388449754392664e-01
1.304542164062276743e-01
1.305358669949031047e-01
1.305660722223671577e-01
1.307331677133228842e-01
1.308868785301238180e-01
1.309260335840274625e-01
1.312381101576425291e-01
1.312608753323084021e-01
1.313844674730906548e-01
1.315396340803115238e-01
1.316538030585760743e-01
1.319780136986801466e-01
1.320524342583783428e-01
1.320934764014299323e-01
1.322507797770054172e-01
1.323034512658488038e-01
1.323802296101433684e-01
1.325038590612687972e-01
1.326540117185653622e-01
1.328590103712939396e-01
1.330578708505321672e-01
1.331112320731436816e-01
1.332184298090285657e-01
1.333672076297658660e-01
1.334696263835883356e-01
1.336494364975298332e-01
1.337057389825206666e-01
1.337870386916929777e-01
1.339074186255764520e-01
1.341045888052372625e-01
1.341508508613034334e-01
1.342709033975408861e-01
1.343775138591203899e-01
1.345314215194549912e-01
1.345981960036699288e-01
1.347273077430883870e-01
1.348633701865296630e-01
1.350504576315553762e-01
1.351382632037581577e-01
1.352488172254788790e-01
1.353820441064514934e-01
1.354394531861766449e-01
1.355403957550175009e-01
1.356754553024524801e-01
1.358336887226374856e-01
1.359260149394076744e-01
1.359401906300267970e-01
1.360129378227525332e-01
1.362168558622505465e-01
1.365130915260975575e-01
1.366397046850157670e-01
1.366578155698849051e-01
1.367491737609007330e-01
1.368595364502118439e-01
1.370942861136498214e-01
1.371687127336199408e-01
1.371956761979637451e-01
1.373499298497677656e-01
1.375443251055004923e-01
1.375580071045527930e-01
1.376866479741419846e-01
1.377898597782189205e-01
1.378553598714820361e-01
1.379007254767261881e-01
1.380141862029791444e-01
1.380741731611268286e-01
1.382236769169513102e-01
1.383035982436472411e-01
1.384074237161968257e-01
1.385760047717198296e-01
1.385986584317223103e-01
1.386855129345310467e-01
1.388357061077160615e-01
1.390659418569291372e-01
1.391663244373336494e-01
1.392569005859226328e-01
1.393520071930112736e-01
1.394922884578899958e-01
1.395652791628728684e-01
1.397184269077110241e-01
1.398129794955111360e-01
1.400102380249202971e-01
1.401650115503978722e-01
1.402286416227462584e-01
1.403560955644649055e-01
1.404408885197754586e-01
1.405359490275238377e-01
1.405879458539559257e-01
1.407026076932963443e-01
1.408182948380816424e-01
1.409747597618321302e-01
1.411049222796558200e-01
1.411970968682087768e-01
1.412500596606320880e-01
1.413137894162878327e-01
1.415329336159597828e-01
1.416276209843798650e-01
1.417669559098548859e-01
1.418722997982998502e-01
1.419633714806505242e-01
1.420433102077943710e-01
1.421606521199125228e-01
1.422622470838886821e-01
1.423552623864104971e-01
1.424516823594126624e-01
1.426249434170074049e-01
1.427203340667509979e-01
1.427533245641086912e-01
1.428515202008764640e-01
1.429181668690894802e-01
1.431444471240373439e-01
1.431953015517657968e-01
1.433363802863416581e-01
1.434017569922899082e-01
1.434973631976794728e-01
1.435857974888361810e-01
1.438379158187915452e-01
1.439380060257923200e-01
1.440930701581447648e-01
1.442200525140553136e-01
1.442738273059947507e-01
1.443691774668649508e-01
1.444280176898244394e-01
1.445402735296318353e-01
1.446409757438322785e-01
1.447020986469633452e-01
1.447594570442131690e-01
1.450118974430348595e-01
1.451063311303712189e-01
1.451763673552950995e-01
1.452492294703799092e-01
1.453390959610956490e-01
1.454479223887940598e-01
1.455708574894124252e-01
1.456401754690648531e-01
1.457487801946136252e-01
1.458729468125282980e-01
1.460415993411688929e-01
1.460656720461551983e-01
1.462937067139266634e-01
1.463876213852934316e-01
1.464329841036893787e-01
1.466078775143785651e-01
1.467201472984839272e-01
1.468014038002543875e-01
1.468559312121802407e-01
1.468940343887601419e-01
1.470279819636638174e-01
1.472961472111752323e-01
1.473151281824655046e-01
1.473969192883128054e-01
1.475284048853056917e-01
1.476539673694310661e-01
1.476861738323144435e-01
1.477509668966363598e-01
1.479303101552010558e-01
1.480318856741578148e-01
1.481024276403208606e-01
1.482620286175329316e-01
1.483468570255453978e-01
1.484358335131474860e-01
1.485775673330709534e-01
1.486998469757745411e-01
1.488629063048566292e-01
1.489813105186851838e-01
1.490160939295820108e-01
1.490748102584503465e-01
1.491833438089507358e-01
1.492848032678084635e-01
1.493440733231080619e-01
1.495114551819801962e-01
1.495615976777138201e-01
1.497245395856790784e-01
1.498568762972518065e-01
1.499420934295029040e-01
1.500310202426069772e-01
1.501618996317675148e-01
1.503511377949782180e-01
1.505034226219915117e-01
1.505873437743541210e-01
1.506860495339920059e-01
1.508227120185284265e-01
1.509042783053652359e-01
1.509232912809670701e-01
1.511751714702087301e-01
1.511771540643288558e-01
1.513076378169738168e-01
1.514452287370981198e-01
1.515343958622651088e-01
1.516858042029887998e-01
1.517511355887155300e-01
1.517946350111985809e-01
1.519195185635992817e-01
1.521513203478863374e-01
1.521856294808224541e-01
1.523716692909664050e-01
1.523927771188870184e-01
1.525843237074709646e-01
1.526013337050272645e-01
1.526771012825322571e-01
1.527565118069372507e-01
1.528115968799625135e-01
1.529710290726657707e-01
1.529892977048459279e-01
1.531858196083093482e-01
1.533113661526401272e-01
1.534656151542454217e-01
1.536252336298117582e-01
1.538030416678412282e-01
1.539344175577962714e-01
1.541385243615593370e-01
1.543061522695293730e-01
1.543879479362472995e-01
1.544407240922065494e-01
1.545442693007736679e-01
1.546913905323460126e-01
1.547863699712690722e-01
1.548877383650595629e-01
1.550225432420733740e-01
1.551478884541637460e-01
1.552183412632626991e-01
1.552485617499887449e-01
1.553595837446163641e-01
1.554610605135667289e-01
1.557969061579378145e-01
1.558953838649241030e-01
1.560183366927680726e-01
1.560697037532099152e-01
1.561881203372824101e-01
1.563751342881533890e-01
1.565330916047269205e-01
1.566153516399453882e-01
1.566747966305774287e-01
1.567285108205527799e-01
1.567784148687471624e-01
1.569907038107523356e-01
1.571391482337689272e-01
1.572335519664335990e-01
1.574615664559937955e-01
1.575408386777034375e-01
1.577424098894658899e-01
1.578575095771650172e-01
1.579168316884479728e-01
1.580657156712494404e-01
1.581560094995064780e-01
1.582815670009461717e-01
1.583921565910723916e-01
1.585197611524143124e-01
1.586115622324859586e-01
1.587794101828085835e-01
1.588490884197029662e-01
1.589793048588765134e-01
1.590456456160201926e-01
1.592015186311452057e-01
1.593150714681630387e-01
1.593659309221587550e-01
1.594924964284421265e-01
1.596344294497769600e-01
1.597264469817420429e-01
1.598421933809414663e-01
1.599487728494154160e-01
1.600982243844951136e-01
1.601138293663180445e-01
1.603650909902530897e-01
1.604445789064763983e-01
1.605301831246127020e-01
1.606518319438475506e-01
1.607265872605256329e-01
1.608496968248200876e-01
1.609281509822228784e-01
1.610525186177951262e-01
1.611191443939969103e-01
1.611216362689174009e-01
1.611817866340895800e-01
1.614548716780346282e-01
1.614983465958393927e-01
1.615253407283557818e-01
1.616279905829839381e-01
1.617145220479361267e-01
1.617939695153437218e-01
1.621343607600644054e-01
1.621897205311888246e-01
1.622694851148498152e-01
1.623960254175295104e-01
1.624521310609424174e-01
1.625494026570770967e-01
1.627118801817332705e-01
1.627313711062388091e-01
1.628884948530404109e-01
1.630126282817563610e-01
1.630690392898876129e-01
1.632240133308212604e-01
1.632986430171871617e-01
1.634318790044004543e-01
1.634813431703277253e-01
1.635300675453507935e-01
1.638038450850218541e-01
1.639676332361350852e-01
1.640262946971711155e-01
1.640875240801968893e-01
1.641721505056299157e-01
1.644299677453002484e-01
1.644493188272256601e-01
1.645033502757575206e-01
1.646742034175051050e-01
1.647827614580877620e-01
1.648085013530536935e-01
1.649363053083229835e-01
1.651181414561211924e-01
1.652213161080471615e-01
1.653003754212825083e-01
1.654474880069483067e-01
1.655959962663606788e-01
1.656001639447651497e-01
1.658194375782353069e-01
1.658618488606908303e-01
1.660228160743315307e-01
1.660287288265897276e-01
1.661938015162958415e-01
1.662914207186060866e-01
1.664666154033956069e-01
1.666825406228070183e-01
1.668301756953324833e-01
1.669738305136104772e-01
1.670500119856109245e-01
1.671030116568150425e-01
1.671752096382696784e-01
1.673283806136063034e-01
1.673728659818643216e-01
1.676372970534074358e-01
1.676713761285494875e-01
1.678209570220094149e-01
1.678608893599467244e-01
1.679463923796157276e-01
1.680128320762142857e-01
1.681588004436902761e-01
1.683746789209967232e-01
1.685473972470225568e-01
1.685806163758913900e-01
1.687470434696917432e-01
1.689145802157083209e-01
1.690941919788258863e-01
1.691239064847608886e-01
1.693694311680249420e-01
1.693844724672853297e-01
1.694876995207444115e-01
1.697522358690296829e-01
1.698177771184272433e-01
1.698636060086168575e-01
1.701918329331578994e-01
1.702622141277844170e-01
1.703145573213084574e-01
1.704468642950890678e-01
1.705601010969552966e-01
1.705705409459006283e-01
1.707394399167245225e-01
1.708642862336081647e-01
1.708958508785554109e-01
1.709993805304301229e-01
1.712168152775241370e-01
1.713072430579352379e-01
1.713960659051372015e-01
1.714619663599678823e-01
1.716205248664697536e-01
1.717701604753203992e-01
1.718663065316128336e-01
1.720763468891353676e-01
1.721115088648385305e-01
1.722649532021830188e-01
1.724609391451451534e-01
1.725545867091628771e-01
1.725812602612408486e-01
1.728697217272699982e-01
1.729369007682015069e-01
1.730820779622929961e-01
1.731593048425423276e-01
1.731831992805912546e-01
1.732737520728437897e-01
1.733310396668108766e-01
1.736089182243880091e-01
1.737041307572893822e-01
1.738201420683881393e-01
1.738786847508390354e-01
1.740318588802715616e-01
1.740711893585044356e-01
1.741443027003763411e-01
1.743242366138821053e-01
1.743930754554040563e-01
1.745341325939247512e-01
1.745825795439281403e-01
1.746647458477623704e-01
1.748834646177558905e-01
1.750274344821026451e-01
1.750601144822591382e-01
1.751064977967900504e-01
1.751889854757600617e-01
1.752619814650777652e-01
1.754162452106748926e-01
1.754548544083430750e-01
1.756105762509573009e-01
1.758530371770823664e-01
1.759107431852804937e-01
1.760259645143477103e-01
1.760727805195522466e-01
1.761576016982335235e-01
1.763045098847837444e-01
1.764307336598343878e-01
1.764464596831351317e-01
1.766187251216453091e-01
1.767963692655707963e-01
1.768721033654329644e-01
1.770618219337614929e-01
1.772774080761974624e-01
1.773736010458644430e-01
1.775305663286315672e-01
1.775563436507081594e-01
1.778361605481970087e-01
1.779237963117319410e-01
1.780758196022571294e-01
1.781419833874289538e-01
1.783075105350608036e-01
1.784348855172805948e-01
1.784889936247430475e-01
1.785171676158386345e-01
1.786811450405726698e-01
1.787489730368215790e-01
1.788579674133127795e-01
1.790219330110848495e-01
1.790567509151994585e-01
1.792723132190616742e-01
1.793779799102793449e-01
1.794035979863411456e-01
1.795123866113314259e-01
1.796031055206464555e-01
1.798003720224348734e-01
1.798469143571776452e-01
1.800138583948226179e-01
1.800478080465753861e-01
1.801869515800998411e-01
1.803611265742286474e-01
1.804285192554706541e-01
1.805124983987557441e-01
1.805739442365055514e-01
1.806294016673503644e-01
1.807241149403479574e-01
1.809712265683748045e-01
1.811241541215931061e-01
1.811805091880001051e-01
1.812882870155508030e-01
1.814001513625400352e-01
1.814917882258136050e-01
1.817375133408977717e-01
1.818360279078976294e-01
1.819753593444355388e-01
1.820254530066049981e-01
1.821160153186409114e-01
1.823094809332340416e-01
1.824351904877763442e-01
1.825664575324584538e-01
1.827837013740468697e-01
1.828219029962138698e-01
1.829294495205525395e-01
1.830317212029693164e-01
1.832575966777245657e-01
1.832800303635255812e-01
1.833980520853359386e-01
1.834483426232106917e-01
1.835467421089800322e-01
1.836307254652033427e-01
1.838666798523849455e-01
1.839579837741207313e-01
1.841187278522271598e-01
1.841812168437877983e-01
1.843092311944461714e-01
1.844358004854170785e-01
1.846080350806670878e-01
1.847155389312443996e-01
1.847940075878103106e-01
1.849382757134014343e-01
1.850391569728462859e-01
1.851203931995126506e-01
1.852798140911155744e-01
1.853469229580164968e-01
1.855582301723737726e-01
1.857496243632648369e-01
1.858647094071809169e-01
1.859161304353395272e-01
1.860596166882884650e-01
1.862043975465148549e-01
1.864164767696356584e-01
1.865237958284482467e-01
1.865774996491988136e-01
1.866815107228788628e-01
1.867960487588009866e-01
1.869053378300643831e-01
1.871202823357075717e-01
1.871664320020938466e-01
1.872827534258840743e-01
1.873735516620800290e-01
1.875568281336466858e-01
1.877651458822080233e-01
1.879608574415703726e-01
1.880682410248585290e-01
1.881276104052142517e-01
1.882868509383522071e-01
1.883624099044463318e-01
1.884987039539194609e-01
1.885925603058057343e-01
1.887383081166673360e-01
1.888806816757735707e-01
1.889796489795648737e-01
1.890704974907981561e-01
1.892686287142346935e-01
1.893381080192886867e-01
1.894431348054124997e-01
1.895512053884522985e-01
1.897581171924123122e-01
1.898115352043626691e-01
1.899439933209090825e-01
1.900173308440928910e-01
1.901894318099530135e-01
1.902072910654343807e-01
1.904338934515885096e-01
1.906275009675081900e-01
1.907030939644513701e-01
1.907950124624332167e-01
1.908334004629048120e-01
1.908781834808665756e-01
1.910115131398852917e-01
1.911639280699622689e-01
1.912429849101499046e-01
1.913096608895581974e-01
1.914693248295805950e-01
1.915356628423156848e-01
1.918052165210888949e-01
1.919588013109713998e-01
1.920946377207946032e-01
1.922084125022422707e-01
1.924921722523023626e-01
1.925382246266870434e-01
1.926463136951612476e-01
1.927727928992834794e-01
1.928217725207804767e-01
1.929352554075291493e-01
1.930411578202757272e-01
1.931194707882889772e-01
1.933419446383155549e-01
1.933840311291411262e-01
1.935765888423696957e-01
1.937300751394029075e-01
1.938961803097074832e-01
1.939180510421335546e-01
1.942303671793036424e-01
1.942371561190453511e-01
1.944272196453291635e-01
1.944612365790231723e-01
1.946183341456802496e-01
1.948428590656792747e-01
1.949059511565686131e-01
1.950812907985657874e-01
1.951742771498351237e-01
1.953517507022450861e-01
1.954323437622277060e-01
1.955505987778066168e-01
1.958226010616474777e-01
1.958804211692508346e-01
1.960752851271726493e-01
1.961439202373666535e-01
1.962478694174997762e-01
1.963288350256063297e-01
1.964812893433696972e-01
1.965093883043951550e-01
1.966301554994935308e-01
1.967162212297729751e-01
1.968936219313501546e-01
1.970139249864976128e-01
1.971524253128908444e-01
1.973712525395915907e-01
1.974008804108512982e-01
1.976016898635926666e-01
1.978121837358964297e-01
1.978360057542969119e-01
1.979500089677459218e-01
1.982035805715853249e-01
1.983909920875708000e-01
1.984255662372486073e-01
1.985123732005733554e-01
1.987223395787600655e-01
1.987844864874410977e-01
1.989169110769617999e-01
1.990415777749024728e-01
1.990471695747022818e-01
1.993745678721520753e-01
1.994439074223677555e-01
1.996138747398181479e-01
1.996558454307987562e-01
1.998713706188036121e-01
2.000438759978676873e-01
2.003018075125516662e-01
2.004703429047430818e-01
2.005245201337473582e-01
2.006473412514369892e-01
2.008520010427833069e-01
2.010081582258789190e-01
2.010451362917690388e-01
2.012159810312570407e-01
2.013528785440120983e-01
2.016091590435735714e-01
2.016836717169860349e-01
2.017667422580850523e-01
2.019229097793471261e-01
2.021783556562562756e-01
2.022638611885279880e-01
2.023580032442500731e-01
2.024832463470659927e-01
2.025987620854751703e-01
2.026742985294842092e-01
2.028484746799799343e-01
2.029639322053951311e-01
2.032108438714288201e-01
2.032639357443186134e-01
2.034196405998985879e-01
2.034988839449352604e-01
2.036519995573096709e-01
2.036649055558988342e-01
2.039439170226785558e-01
2.040164942488621735e-01
2.042122767057732435e-01
2.043218758209059127e-01
2.044509344234775594e-01
2.044912769788974349e-01
2.047919590498124276e-01
2.048869400724236123e-01
2.051104199731631217e-01
2.052252924153077640e-01
2.052743800708689836e-01
2.053460339787934186e-01
2.055521774563285609e-01
2.056460421000375349e-01
2.058081655166262847e-01
2.060000047371353671e-01
2.060757930138527594e-01
2.061304457783758037e-01
2.063224320820769009e-01
2.064482709660954152e-01
2.065914762810193706e-01
2.068260884144679235e-01
2.068734553012839539e-01
2.069559043610740001e-01
2.071207291211415447e-01
2.073201486432396934e-01
2.075987788716905924e-01
2.076861484025619431e-01
2.078636609667267598e-01
2.079807420696662412e-01
2.081268445174913884e-01
2.082512830224651779e-01
2.083447092213966123e-01
2.086979144489346794e-01
2.087174620210795750e-01
2.089887943006025761e-01
2.090311700177292231e-01
2.091405014359685177e-01
2.092846584291803980e-01
2.093621794180756668e-01
2.096459277824366529e-01
2.096948412226892766e-01
2.098810122809670053e-01
2.100403363285286984e-01
2.101340151998017103e-01
2.102295783257093487e-01
2.105105989912166020e-01
2.106699388926886463e-01
2.107455645625401774e-01
2.108849587816970517e-01
2.109800895506416252e-01
2.111314320406476874e-01
2.111787927242071983e-01
2.113236571187660229e-01
2.114229574198228656e-01
2.116560335508325119e-01
2.118872899170055335e-01
2.119485496543588310e-01
2.120606639515501823e-01
2.122747346084663811e-01
2.124005428689764441e-01
2.127353428100078880e-01
2.127785406721602324e-01
2.128395474734572634e-01
2.129110423233938065e-01
2.131658819007534456e-01
2.132420581729503328e-01
2.133558478781571732e-01
2.135830232937004081e-01
2.137873289043712988e-01
2.138291936912749269e-01
2.140970454679834156e-01
2.141585378331163914e-01
2.143877105064791455e-01
2.144975405552467795e-01
2.146449929835786696e-01
2.148885606014587224e-01
2.149506522472456327e-01
2.150573175159929962e-01
2.151110793738150728e-01
2.152630843918837411e-01
2.154872709763394623e-01
2.155850981015054457e-01
2.157360423437928165e-01
2.158718133571062014e-01
2.161077914167705283e-01
2.162199308212239823e-01
2.163416070279823300e-01
2.165191389616752116e-01
2.165596240821705543e-01
2.168150923654774964e-01
2.168642825165796595e-01
2.170556818314683667e-01
2.171110658715137975e-01
2.173153016336830667e-01
2.174583021205580835e-01
2.175318339583697524e-01
2.177431542409904164e-01
2.178765634156574760e-01
2.182813936326735982e-01
2.182967460625473699e-01
2.184627257521063459e-01
2.185172531086499448e-01
2.187039553484224630e-01
2.189443013444153929e-01
2.189916439792255476e-01
2.191627332688107777e-01
2.192544733639356369e-01
2.193897561085401959e-01
2.196184092844002400e-01
2.196583400538197339e-01
2.196893493202448089e-01
2.197998651436226525e-01
2.199139444571450996e-01
2.202058553523658091e-01
2.204056402441286477e-01
2.205099040618409001e-01
2.206797531839119753e-01
2.208158138839569351e-01
2.209589540762982862e-01
2.210559029568049672e-01
2.213126970017589845e-01
2.213835772998675733e-01
2.215715150624540386e-01
2.217157388584023725e-01
2.219483934456230878e-01
2.220486084770893487e-01
2.222142577258006957e-01
2.225444534374955430e-01
2.225712186140974824e-01
2.227979074638899715e-01
2.228298393993066728e-01
2.230532467246434947e-01
2.230861561069501786e-01
2.232282395517467266e-01
2.233735106458942243e-01
2.235529784651373031e-01
2.236764358118411011e-01
2.238779206893984908e-01
2.239590667245136835e-01
2.241550202036237394e-01
2.242345085913883540e-01
2.243419937748540316e-01
2.243939624377314090e-01
2.245887027982865769e-01
2.248288619626040430e-01
2.249076897886799209e-01
2.250423503439614170e-01
2.251682861814532643e-01
2.252411392381486466e-01
2.254294816684085656e-01
2.255692020647014906e-01
2.257272912507881646e-01
2.258135502022952656e-01
2.258958293610278945e-01
2.261214542486097434e-01
2.262989615606780802e-01
2.265042340828926359e-01
2.265411486396825547e-01
2.267860318960428778e-01
2.268777023206553500e-01
2.270222054601853667e-01
2.271179342047842109e-01
2.272824010578532727e-01
2.273326374297378327e-01
2.274971349949405919e-01
2.278052291873662316e-01
2.279182454369720612e-01
2.281566464415396012e-01
2.281879626395956484e-01
2.282945126432556759e-01
2.285449392131046198e-01
2.285958886188387829e-01
2.287105616952563869e-01
2.288594967867031982e-01
2.289872412518882405e-01
2.291369299649719526e-01
2.293666782267562987e-01
2.295336131161216375e-01
2.297450440468885857e-01
2.297641450977918609e-01
2.298732435072410596e-01
2.301125727764401774e-01
2.301304472145178359e-01
2.302875236235643608e-01
2.305509441273706217e-01
2.306049811365792068e-01
2.308122344506901291e-01
2.309213440399827677e-01
2.310642303549856891e-01
2.312252169378879174e-01
2.314770002437843699e-01
2.316072359491516686e-01
2.320240455262477242e-01
2.320476061288063718e-01
2.321315014184771319e-01
2.323815792974180672e-01
2.324702207833191370e-01
2.328075548384989091e-01
2.329567387479106189e-01
2.332053302995377719e-01
2.333590039171903607e-01
2.334879725785231896e-01
2.335003737164639270e-01
2.337355403457427594e-01
2.339018904395142040e-01
2.340326450647515766e-01
2.343301113934909141e-01
2.346230533796873630e-01
2.349355325129852679e-01
2.349754131340150154e-01
2.352019902125463691e-01
2.352713571136170190e-01
2.354228525765912350e-01
2.356327063468404703e-01
2.356815081191699635e-01
2.358745103841255186e-01
2.360448028463859038e-01
2.363177445576290225e-01
2.363965317132487032e-01
2.365598527747806712e-01
2.368490741161378976e-01
2.369999081416274966e-01
2.370717698709191579e-01
2.372075846816837363e-01
2.375144393653004227e-01
2.376037624450475227e-01
2.377458265087207256e-01
2.378767663638614582e-01
2.380537517706394768e-01
2.382256289169896180e-01
2.383426700439258417e-01
2.383961486996350465e-01
2.386277148801434767e-01
2.388870669189145923e-01
2.389786964512356782e-01
2.391034964060753665e-01
2.392524896393084521e-01
2.393757705261968238e-01
2.396907242514704772e-01
2.398406504569564335e-01
2.399215461623391832e-01
2.401675989407344447e-01
2.402313292224292629e-01
2.404298103407119525e-01
2.404553097663395811e-01
2.406328697435567154e-01
2.407978941426950070e-01
2.410117391851624435e-01
2.411965879737189289e-01
2.412384406849412688e-01
2.415850178501400547e-01
2.417048721151126289e-01
2.417988010865855519e-01
2.421702992065705162e-01
2.423903546379138907e-01
2.424637619134776545e-01
2.427178195601657207e-01
2.430111580379879788e-01
2.432863330334007201e-01
2.433667851083439471e-01
2.435229856145168792e-01
2.435883850812677331e-01
2.438759905495457014e-01
2.439484335440227358e-01
2.440480952266515513e-01
2.441422688925012074e-01
2.443442216029568792e-01
2.445338019922943529e-01
2.446932831098364292e-01
2.448293386423220364e-01
2.450306066521114046e-01
2.450793346384376181e-01
2.452725376971179039e-01
2.453110047701994589e-01
2.454989789281249446e-01
2.458129884199669046e-01
2.459308040238436521e-01
2.460661285453064062e-01
2.462222023029202178e-01
2.463350626107991270e-01
2.466066769769433842e-01
2.466783152380967181e-01
2.470873050110677926e-01
2.471634415434358911e-01
2.473367572867853081e-01
2.474515464602135562e-01
2.476069066394832319e-01
2.476279289343605305e-01
2.479324393483452182e-01
2.479933060365239195e-01
2.483193180133442535e-01
2.483688177931172303e-01
2.485213219286549480e-01
2.486764273704937522e-01
2.487405617644166955e-01
2.489754850438355704e-01
2.490526855709493670e-01
2.492466807885662106e-01
2.496488276973058418e-01
2.497280268490854049e-01
2.499700422282458423e-01
2.500838998447733608e-01
2.502317037862558657e-01
2.505504501261583417e-01
2.506919732897788800e-01
2.507702268211861041e-01
2.511172647220499266e-01
2.512680355282344014e-01
2.512999124221094172e-01
2.514551379444108226e-01
2.515374125944080386e-01
2.518629024547149875e-01
2.520173903853724640e-01
2.522728770750740646e-01
2.523418429823210407e-01
2.525636512763554942e-01
2.527296947334085608e-01
2.528636899918755843e-01
2.530401686306671394e-01
2.531398130455647100e-01
2.532113225613527585e-01
2.535452805253639585e-01
2.537106995059087988e-01
2.537862641392850116e-01
2.540310175823699002e-01
2.542988954966144410e-01
2.543754032731016523e-01
2.544540968796459857e-01
2.546607024003418318e-01
2.549783917046354875e-01
2.551358295855450931e-01
2.553623956519644467e-01
2.555181338210179010e-01
2.557427196936641889e-01
2.557844834718199789e-01
2.559228120311954902e-01
2.559788204407316137e-01
2.562780948842665607e-01
2.564249118443399644e-01
2.565493867886086132e-01
2.566998358770469224e-01
2.567051561654320468e-01
2.569391618300276847e-01
2.572136041485846847e-01
2.574383726275407680e-01
2.575195672875292274e-01
2.577111062457530521e-01
2.578903470076201465e-01
2.581128314458040474e-01
2.581186669206556594e-01
2.583641318344481186e-01
2.585123759162280543e-01
2.587172631571256209e-01
2.588024430894807493e-01
2.590161132866374283e-01
2.590811542127477440e-01
2.592844992037657281e-01
2.593929197010940713e-01
2.595899244692743690e-01
2.598114367620359411e-01
2.598370700864538474e-01
2.600284574086194622e-01
2.602955544340002092e-01
2.606495359347992813e-01
2.608122461447569540e-01
2.609231287458093629e-01
2.612325961666957519e-01
2.612644233885387801e-01
2.614907204914863614e-01
2.617668042912473236e-01
2.619445391052860894e-01
2.620057352842315446e-01
2.620669824059604358e-01
2.623984730651259811e-01
2.625278014394087922e-01
2.626638522663795605e-01
2.629004342561010454e-01
2.629557072840675858e-01
2.632136059910094028e-01
2.633475372858494201e-01
2.634702910361397254e-01
2.637122071681787805e-01
2.638865535704064125e-01
2.640286115368243314e-01
2.640748384705051688e-01
2.643252119556330215e-01
2.645129473814077370e-01
2.649516903684410729e-01
2.650792864629525902e-01
2.652253265457023002e-01
2.654000201692377492e-01
2.656601114796174334e-01
2.657767550508896015e-01
2.658317477247256200e-01
2.660424798692677673e-01
2.661574622099256993e-01
2.663106663483049696e-01
2.663872072120358481e-01
2.664994960569294080e-01
2.666143223754428027e-01
2.669020737214596872e-01
2.670885759129345005e-01
2.672453083685536468e-01
2.673659384831594266e-01
2.677481509570706075e-01
2.679195477937174608e-01
2.679581157716939277e-01
2.682330006763146146e-01
2.683443165969592870e-01
2.684980421661505301e-01
2.687783863230687742e-01
2.689737647270849519e-01
2.690845759676280258e-01
2.692213889300273388e-01
2.694036424892149451e-01
2.695903273390717336e-01
2.699200947284980390e-01
2.699783447719540375e-01
2.701353780279472927e-01
2.702698267417181777e-01
2.704192981368395143e-01
2.704456188632631819e-01
2.705980318610888280e-01
2.710164033474999901e-01
2.710953157525254342e-01
2.711923272377308458e-01
2.712900235476840005e-01
2.714786068136891273e-01
2.715808621456030636e-01
2.717841086788604366e-01
2.718189153269232605e-01
2.720574233036661682e-01
2.722434884753140993e-01
2.725910890202062897e-01
2.726312261370083534e-01
2.728402921447748986e-01
2.729898517933363467e-01
2.731878540185608828e-01
2.732424730819987269e-01
2.735986619052533375e-01
2.738439825545493367e-01
2.740088608674103310e-01
2.741679990614921958e-01
2.744043547328775534e-01
2.745487075723365145e-01
2.748058167358579662e-01
2.748845056652473029e-01
2.751160698737191157e-01
2.752327216389468534e-01
2.757357797381002062e-01
2.757706213836628173e-01
2.759310424621711499e-01
2.761375639293295881e-01
2.761744085603851651e-01
2.763518951510288146e-01
2.765667812249146817e-01
2.767329302013075143e-01
2.768347548837149508e-01
2.770038829005189718e-01
2.770517413442354915e-01
2.773470047564166596e-01
2.774561069260407797e-01
2.776115290682674708e-01
2.778909725543881049e-01
2.779649264486616089e-01
2.782661644518187871e-01
2.785313842934395989e-01
2.785615021594312624e-01
2.787073860558728633e-01
2.789672793660324390e-01
2.790913945431537924e-01
2.791786781567485165e-01
2.792257605180965552e-01
2.793673585464383491e-01
2.795774262966537194e-01
2.800306185964045458e-01
2.802160288563756430e-01
2.803103708316209697e-01
2.804409516441621619e-01
2.807956183716198706e-01
2.809010925343503606e-01
2.811432762454656453e-01
2.813366357943811735e-01
2.814295074851483336e-01
2.817716150573925105e-01
2.819626313692180086e-01
2.820839140978735338e-01
2.821930835507911461e-01
2.823984643118567228e-01
2.824648074225804550e-01
2.827416773415418194e-01
2.827784609608319788e-01
2.829966129474015823e-01
2.831444465510871700e-01
2.835169737380413002e-01
2.837402718658065814e-01
2.838963564694231834e-01
2.840355708857693062e-01
2.841814996343801636e-01
2.844747361588260137e-01
2.845865931266674531e-01
2.849171706648508384e-01
2.852520991810327256e-01
2.854633216363840487e-01
2.855567828791725771e-01
2.857141473699078560e-01
2.857931340186820601e-01
2.860428974631981092e-01
2.860807157742215612e-01
2.862466073104946163e-01
2.865813805703542050e-01
2.866213920234578771e-01
2.869254446523881175e-01
2.870148689434618983e-01
2.873139282696633989e-01
2.875655747260716932e-01
2.876149722386882046e-01
2.877201364832700503e-01
2.880251621689924879e-01
2.883188849265822529e-01
2.884867422423752492e-01
2.885881617634931118e-01
2.887733302638234578e-01
2.889732372893023538e-01
2.890990174779445310e-01
2.894589382235873698e-01
2.897131426220321826e-01
2.897690167145964835e-01
2.899951371215312990e-01
2.901814505381994369e-01
2.904274793549888045e-01
2.905017331039267958e-01
2.909583420160021250e-01
2.911440644890151974e-01
2.912538889000490516e-01
2.915105436723677834e-01
2.916414773975484764e-01
2.918474394262390859e-01
2.921157405556163433e-01
2.921405791516191175e-01
2.923031763622916945e-01
2.925726341342581582e-01
2.928246255053951197e-01
2.929841066187897636e-01
2.932533810952319686e-01
2.933361871685927214e-01
2.934042701232963957e-01
2.938290864414771497e-01
2.939103415028250788e-01
2.941659241207112419e-01
2.943381302383484832e-01
2.945449173051555292e-01
2.946574712238507199e-01
2.949671579487030404e-01
2.950368120846231790e-01
2.950717815092824270e-01
2.953238022742448177e-01
2.955627568989795395e-01
2.955925102896040935e-01
2.958029043950026193e-01
2.960342031730800461e-01
2.961874733204842847e-01
2.962747005593832084e-01
2.965468420642101144e-01
2.966619574497323386e-01
2.969290580156530579e-01
2.971801662562542079e-01
2.973966653302874130e-01
2.976115405633421584e-01
2.978400742312047877e-01
2.978977768573080054e-01
2.981368804930507044e-01
2.983007407431361169e-01
2.983571799029981486e-01
2.985616411518844382e-01
2.986715993073217335e-01
2.988843510764132017e-01
2.993183381849002234e-01
2.993372988098568221e-01
2.995228882530345249e-01
2.998113336864196010e-01
2.998929679155428185e-01
3.001207793777844191e-01
3.001884869907079922e-01
3.003535696135425370e-01
3.004637211050414369e-01
3.006130410543875198e-01
3.009219926447961324e-01
3.010352734795896379e-01
3.013008014570255910e-01
3.014973525258210496e-01
3.017492909342643359e-01
3.019226879085677440e-01
3.020179207995669080e-01
3.020960809099591526e-01
3.021976212358067904e-01
3.023877626271352925e-01
3.025657149687424052e-01
3.027456916483381999e-01
3.029998283244330071e-01
3.032505147983653448e-01
3.033594155338805165e-01
3.034645104356142875e-01
3.037048678502143884e-01
3.039492461186596439e-01
3.042051623261097792e-01
3.043310407895511993e-01
3.044616920328755971e-01
3.045971104121003026e-01
3.051097737483154937e-01
3.051909513453179845e-01
3.052905721147572415e-01
3.054518389569802483e-01
3.058315842032239273e-01
3.059460367139966164e-01
3.061855174609797725e-01
3.063174005000811606e-01
3.064668228053541443e-01
3.067304307462148660e-01
3.069479829599553455e-01
3.071739967371342472e-01
3.073195290153385995e-01
3.075103057063466316e-01
3.077567183129014672e-01
3.079143124891525751e-01
3.080899783266186631e-01
3.081537492631347686e-01
3.083333517413870406e-01
3.084909180736706280e-01
3.086230064150998209e-01
3.087833065915298603e-01
3.088827653785446992e-01
3.090261187990026581e-01
3.093035740173007975e-01
3.093628820946537905e-01
3.095303488984973428e-01
3.100197677420095110e-01
3.101310290155225857e-01
3.103323703916050502e-01
3.104082357892379296e-01
3.107020690023534204e-01
3.109748707702880144e-01
3.110298805397385125e-01
3.111241314458713658e-01
3.112397260949688604e-01
3.115647920094706813e-01
3.118922233754827800e-01
3.120305936870264585e-01
3.123020151223103724e-01
3.123644557040942682e-01
3.125640278902541147e-01
3.127367058984096282e-01
3.129761670996654144e-01
3.131399633693407458e-01
3.133134519220573400e-01
3.134650057167656101e-01
3.136002185112342633e-01
3.138535659562294855e-01
3.140703157160437131e-01
3.141957678989353853e-01
3.143555386714766975e-01
3.144768007312155333e-01
3.145414054934420056e-01
3.147616630634336166e-01
3.150892944514037119e-01
3.151949920009386452e-01
3.153417851445545761e-01
3.154927403931171437e-01
3.158315084273145557e-01
3.161322249877344670e-01
3.163363858965235198e-01
3.164275528806423932e-01
3.165871459248214559e-01
3.166156813899577704e-01
3.167488223684832294e-01
3.170103833819243322e-01
3.173403347125089979e-01
3.175800054875552170e-01
3.176632497737038041e-01
3.178957028315381184e-01
3.180232861109434372e-01
3.182140015089817697e-01
3.182802181593089030e-01
3.185441138007456541e-01
3.186851905608653612e-01
3.187362611881818242e-01
3.190332465601612988e-01
3.191468055974258089e-01
3.193045234663459131e-01
3.196055090901732676e-01
3.197233776619491930e-01
3.199090356479076802e-01
3.200817132974720924e-01
3.202043833285290741e-01
3.205450005267002078e-01
3.209616559548049697e-01
3.210781387735313630e-01
3.211645387688750741e-01
3.215374812566583751e-01
3.216914660719965013e-01
3.219263065402387380e-01
3.219826502373048793e-01
3.221278150759893655e-01
3.224441455734133877e-01
3.225273020109094002e-01
3.225990147161096888e-01
3.227492833142497908e-01
3.229316057994435218e-01
3.231447790510454388e-01
3.236082310590863709e-01
3.236783515292580016e-01
3.238522366573394207e-01
3.239458181604394360e-01
3.241670082417504317e-01
3.243071709695354854e-01
3.243928499859767833e-01
3.244844825752231654e-01
3.246318766574152748e-01
3.249295003515599300e-01
3.251253290303889321e-01
3.255308899725508631e-01
3.256059453335037879e-01
3.257727976601982323e-01
3.258093248018498755e-01
3.259949242394512559e-01
3.262214692618157219e-01
3.264667153172363112e-01
3.267357039291096665e-01
3.268647154954750778e-01
3.270428251394968955e-01
3.273793252692249189e-01
3.275374058932719601e-01
3.277805581269793711e-01
3.280301782448080683e-01
3.280920680944513501e-01
3.281718299138005612e-01
3.283320742318110441e-01
3.287538668753278714e-01
3.289255180033704429e-01
3.290956677375196371e-01
3.291315521099799080e-01
3.293288153333985280e-01
3.294048707469618975e-01
3.296846896183927011e-01
3.300567115173714261e-01
3.302755537205366299e-01
3.303521985151231521e-01
3.305259637309646004e-01
3.309378104982544366e-01
3.311652479790686554e-01
3.312335010222233200e-01
3.312945986204283155e-01
3.315857378844971337e-01
3.317447071951778459e-01
3.319099635185243646e-01
3.322546930970157186e-01
3.324295300569478639e-01
3.326871631901749948e-01
3.328975279976166823e-01
3.331824794096719944e-01
3.332336519790436435e-01
3.333778641066769688e-01
3.336877519542986725e-01
3.338150970521664984e-01
3.339315704998151446e-01
3.341837457801051792e-01
3.345151620425198535e-01
3.346199122138346360e-01
3.347274347043423526e-01
3.348572955312723587e-01
3.351027601384373167e-01
3.353051893509658710e-01
3.353348273022108139e-01
3.356479127975443566e-01
3.358810135964210852e-01
3.359470284137543450e-01
3.360206276432998185e-01
3.363126298758304933e-01
3.364207174185543936e-01
3.365917756503576386e-01
3.369077062770383102e-01
3.372180723804055202e-01
3.374971308409954185e-01
3.375638500112079221e-01
3.379127127411732379e-01
3.380950852698007547e-01
3.381610816567604538e-01
3.384401689890211284e-01
3.386437010970467787e-01
3.386513158510880972e-01
3.388316917074524204e-01
3.389749543819010058e-01
3.392287502470643368e-01
3.394699842688425617e-01
3.395377974521651132e-01
3.397808803603860617e-01
3.399952128150831032e-01
3.400900192765658470e-01
3.404071130521739152e-01
3.405302705768692428e-01
3.405747421191359092e-01
3.408260954202081972e-01
3.410522311014619334e-01
3.411090654920054810e-01
3.413906409281121657e-01
3.415024648454322853e-01
3.418881918059566982e-01
3.421599523670412757e-01
3.423860718343748610e-01
3.424897126398502301e-01
3.426483817209339811e-01
3.429327286484406545e-01
3.429881033561180126e-01
3.430827973770029238e-01
3.432745443890249382e-01
3.434659040857405699e-01
3.437067444645290903e-01
3.437749952105916273e-01
3.439095055450323568e-01
3.441734058517367245e-01
3.444438227928180996e-01
3.447690039949074525e-01
3.448995144281446490e-01
3.450221720229296185e-01
3.451668949024172539e-01
3.453965482062685277e-01
3.454867301917660116e-01
3.456346165271024784e-01
3.460074382191220543e-01
3.460795039662594719e-01
3.462337728529339964e-01
3.465210468737034422e-01
3.466646992047772158e-01
3.467969931974380637e-01
3.471317151365283515e-01
3.473696254395815530e-01
3.475120149320006790e-01
3.475430062907820528e-01
3.477749141103940178e-01
3.479448372821444257e-01
3.480798197208440081e-01
3.483563982224570643e-01
3.485710451487556982e-01
3.487422336253603317e-01
3.487613077878716217e-01
3.489466212744360418e-01
3.491667392175929474e-01
3.492711886761141749e-01
3.495049882678754605e-01
3.498009617508613389e-01
3.499141067447313347e-01
3.501785730815196174e-01
3.504024678286650762e-01
3.507173379191993456e-01
3.508183609671675640e-01
3.510989652799363925e-01
3.511907045650364823e-01
3.513741769975045615e-01
3.516428467924376799e-01
3.518154123864300487e-01
3.520514998642949034e-01
3.522097504215639385e-01
3.524008229905524203e-01
3.524568710103952451e-01
3.528639994598535279e-01
3.529947722511352914e-01
3.533627322487955524e-01
3.534857541707265849e-01
3.536773868609318638e-01
3.539019277218681259e-01
3.541718759838702879e-01
3.543086073587132234e-01
3.543895093986643707e-01
3.545009087633776423e-01
3.547492266722663823e-01
3.548474011761305613e-01
3.552062841686760564e-01
3.555412646083340733e-01
3.557776295338153094e-01
3.559568897919799801e-01
3.560330117925690763e-01
3.563249365712354844e-01
3.564540993591597817e-01
3.567370035751226687e-01
3.568371362598636298e-01
3.569333077295335777e-01
3.572596799891953889e-01
3.574539747810104862e-01
3.575115149623901423e-01
3.578680707412997264e-01
3.579099061423420824e-01
3.581658434204981756e-01
3.583499053217488739e-01
3.586653099297986702e-01
3.587271760111123142e-01
3.589472496441266647e-01
3.591587142059000648e-01
3.594041326185842822e-01
3.595508808102356735e-01
3.599375567870132242e-01
3.599695388108790084e-01
3.600989097384348359e-01
3.603071040817752979e-01
3.604510729714329176e-01
3.607209322480718905e-01
3.608521495581850091e-01
3.610505896454355712e-01
3.612079031251695382e-01
3.614103512330313905e-01
3.617785590137072016e-01
3.618233808353120695e-01
3.621160285928153311e-01
3.623220064394953588e-01
3.623720643900247840e-01
3.626058728289341948e-01
3.628592589921184053e-01
3.629267730523760283e-01
3.632107574871026312e-01
3.634085594213566361e-01
3.636183220409995864e-01
3.637921141262582814e-01
3.638928572534348427e-01
3.640141197876122225e-01
3.641470946784868823e-01
3.644463185746176226e-01
3.646685753212275394e-01
3.648358517132910817e-01
3.650624581074283781e-01
3.652968936281958401e-01
3.657012219055397750e-01
3.658015457261853398e-01
3.659060687581499605e-01
3.662119695953374165e-01
3.664767968729420455e-01
3.666115001015738395e-01
3.667369834241085980e-01
3.671732994762816893e-01
3.673890230538127688e-01
3.676188227629885175e-01
3.676799085990726801e-01
3.679615919128519375e-01
3.681240093306885064e-01
3.684748595765124923e-01
3.687043633277471422e-01
3.687582815845350526e-01
3.689848182279590327e-01
3.691260410783200885e-01
3.693965377364312741e-01
3.696036921465112868e-01
3.697351876395866266e-01
3.698716510410007263e-01
3.699935817343973921e-01
3.702569605321688329e-01
3.706433187528145323e-01
3.707390336554811094e-01
3.709605593006455315e-01
3.712207412788126604e-01
3.713081329244387607e-01
3.716244000595461672e-01
3.716493715961602384e-01
3.718266182078888704e-01
3.720122170614441059e-01
3.721375310794149960e-01
3.724546147829136955e-01
3.725863036023764341e-01
3.728021472650723811e-01
3.729959968531926240e-01
3.731282559903482676e-01
3.732589468082342932e-01
3.736627011426904565e-01
3.737858726567402368e-01
3.740194397815430061e-01
3.740823238703130937e-01
3.741955771278212550e-01
3.743520372044004674e-01
3.746534347515459995e-01
3.748126290297101315e-01
3.749529754244609880e-01
3.751934751789346434e-01
3.753696875663861676e-01
3.756727548176755360e-01
3.757320575759562908e-01
3.759687141093215335e-01
3.763376808015332364e-01
3.766848822706646560e-01
3.768392896968507655e-01
3.771337795468154841e-01
3.773036561399955024e-01
3.775576685427612378e-01
3.776648784373482504e-01
3.779344042399750969e-01
3.779737604682581464e-01
3.782482751540530153e-01
3.783281166181917121e-01
3.785690531018559013e-01
3.787794217518679618e-01
3.789606612543093278e-01
3.794523624054861322e-01
3.794736118203626551e-01
3.795051667353519509e-01
3.797554300089198143e-01
3.800028642290372849e-01
3.800138284002201883e-01
3.801770921641506873e-01
3.803333918971207317e-01
3.807475190149277600e-01
3.809197529965202556e-01
3.810557912077155995e-01
3.812375895933992065e-01
3.815117982157678056e-01
3.816205894949930011e-01
3.818457215639770030e-01
3.820270257499233102e-01
3.822246739475302912e-01
3.822868569774666714e-01
3.824640230921276252e-01
3.828193145857756163e-01
3.829296265982049530e-01
3.832097063898369793e-01
3.832882256827266354e-01
3.834898679029407620e-01
3.837399924794744344e-01
3.840107541814853920e-01
3.842721005562296233e-01
3.844160103040683008e-01
3.845832657871456339e-01
3.846230194164126370e-01
3.848018912602292896e-01
3.851534339936930618e-01
3.854895128751845701e-01
3.855998679100797744e-01
3.857164710842957978e-01
3.857796351990317452e-01
3.860614141388336584e-01
3.861999633330452375e-01
3.863033806894694000e-01
3.866036445600463112e-01
3.867673924703573518e-01
3.868854805894697546e-01
3.870715543846859896e-01
3.873016592061258589e-01
3.874111145199105599e-01
3.876938425211315931e-01
3.878564276789212006e-01
3.880988059128007150e-01
3.883779080481661317e-01
3.885427759932425507e-01
3.886334078034215933e-01
3.888699503432698212e-01
3.890621176188564512e-01
3.893159539799432300e-01
3.893915709000868031e-01
3.894622814703623259e-01
3.896567090917014697e-01
3.899581319686173941e-01
3.901792766026744297e-01
3.903985774255147034e-01
3.905464913231438406e-01
3.907404604848786489e-01
3.908501971904992933e-01
3.910590377432234255e-01
3.912546944791471804e-01
3.913695329654849897e-01
3.915896994012163512e-01
3.919245734926348756e-01
3.920307071511098806e-01
3.923106603364845957e-01
3.924277134434796532e-01
3.927762941633931026e-01
3.928924262558812219e-01
3.930843070191188393e-01
3.934328031813661419e-01
3.936604288344155989e-01
3.937392981613090370e-01
3.939492600825733604e-01
3.941545497144588461e-01
3.942838103856514675e-01
3.944836111885681174e-01
3.948534691014599085e-01
3.949090385793901925e-01
3.951931251650847576e-01
3.953370158499722176e-01
3.954257303147309943e-01
3.955848949317836150e-01
3.956700768777082766e-01
3.959342928147026042e-01
3.961397958199126546e-01
3.962462857148467688e-01
3.964887418333787883e-01
3.967128132109988270e-01
3.971933425553843544e-01
3.972150420508425706e-01
3.974489204212646176e-01
3.977961595706266396e-01
3.978688139832377568e-01
3.979514083826303783e-01
3.983325567217793628e-01
3.984496378930469374e-01
3.986033097767417432e-01
3.990757969915750825e-01
3.992720370173984401e-01
3.993838483368109538e-01
3.995287552841825796e-01
3.996919006767231664e-01
4.001341388888962070e-01
4.002328159677064900e-01
4.004389943044094902e-01
4.007444462709092714e-01
4.008583019638746192e-01
4.010793952468101331e-01
4.012212130620786410e-01
4.014248335341049634e-01
4.014677370541030466e-01
4.017200413018398586e-01
4.017879642946228791e-01
4.021387846822324641e-01
4.022942161636806624e-01
4.024126206469899047e-01
4.027799731430047880e-01
4.029357347954840574e-01
4.031652536128522701e-01
4.033723379114707019e-01
4.035788051285829625e-01
4.038677540729393445e-01
4.041480381058947802e-01
4.042770226373706421e-01
4.044006589827886522e-01
4.046592760302851755e-01
4.047600848882030866e-01
4.050345613597709504e-01
4.054657252539842771e-01
4.055101021198488920e-01
4.057951756823675593e-01
4.059229384931163365e-01
4.061055366403670264e-01
4.062479544117594266e-01
4.063835697736581931e-01
4.065197792528114640e-01
4.070459761522565167e-01
4.072425676076729117e-01
4.074905988552451896e-01
4.075073182084957835e-01
4.076293009036599524e-01
4.078234227713333215e-01
4.078959310270400818e-01
4.083192918423468321e-01
4.086510327056329106e-01
4.087269457592138111e-01
4.089192951913304674e-01
4.091636398543678776e-01
4.092410744394914812e-01
4.095409501748985548e-01
4.097386507718339121e-01
4.099895489587893627e-01
4.102115344081055937e-01
4.104379416795697622e-01
4.106897154234986913e-01
4.108720090076179443e-01
4.111018678847035424e-01
4.111198448816206774e-01
4.112783805401327153e-01
4.115794933975384096e-01
4.117856650934171303e-01
4.120667656983034166e-01
4.121873575251996380e-01
4.123152131287320943e-01
4.124904085393581998e-01
4.126759348089108492e-01
4.129331400263912544e-01
4.131177364060458213e-01
4.132959416853728696e-01
4.133553953351605803e-01
4.135938263848113472e-01
4.139610858893664203e-01
4.143173312223248361e-01
4.144646234386465400e-01
4.148604676298193739e-01
4.149285824830496461e-01
4.151967146537122177e-01
4.155811389658817245e-01
4.156386216664448296e-01
4.157899414328611876e-01
4.159378113984582570e-01
4.160625556295567962e-01
4.162880916205126680e-01
4.167914820832361311e-01
4.168667056846288022e-01
4.169728534674554954e-01
4.171388859667721216e-01
4.174658237522516080e-01
4.177646413726965879e-01
4.179298113310891405e-01
4.182044875565654740e-01
4.183526491631810451e-01
4.185897703186242103e-01
4.187913513782513530e-01
4.189801505712983931e-01
4.192510895485898614e-01
4.194632937862422528e-01
4.195463318542804187e-01
4.197416290810964123e-01
4.199458128244148436e-01
4.200725944615950613e-01
4.202295585673596623e-01
4.205473239070242064e-01
4.207073167396760960e-01
4.209271447421530365e-01
4.211528848826739946e-01
4.212457339859886907e-01
4.214152956410706086e-01
4.216446507836110746e-01
4.219174845414350172e-01
4.220514616760763227e-01
4.222572917146948379e-01
4.224796214247837911e-01
4.227298092308467981e-01
4.228251558221380879e-01
4.232179734630052148e-01
4.232776872158029446e-01
4.235518433227841162e-01
4.237735104758139082e-01
4.239958932264324964e-01
4.241240217813367908e-01
4.243879614492558905e-01
4.245487435618798266e-01
4.248480236861811310e-01
4.250080814041787280e-01
4.252040413076245695e-01
4.252946951781090834e-01
4.258390421021116534e-01
4.259173876626659583e-01
4.260051599437141290e-01
4.263311018447860645e-01
4.264875003810940091e-01
4.266180075074442191e-01
4.267039111480549485e-01
4.268863782380520333e-01
4.273367448140314440e-01
4.274441291674594967e-01
4.276577803432641267e-01
4.280399434842085404e-01
4.283239842472433834e-01
4.283677236359952900e-01
4.287169054000500856e-01
4.288531334245096471e-01
4.289410872151506737e-01
4.292856119072236409e-01
4.295756068347121870e-01
4.296537748379963828e-01
4.296877041457779489e-01
4.298522507615768484e-01
4.301939929729338696e-01
4.303131737912069821e-01
4.305347639552656314e-01
4.308041595306256744e-01
4.310376323136383969e-01
4.312124025423286766e-01
4.313754684035263076e-01
4.315317069216027535e-01
4.316554729878313013e-01
4.318827785941216635e-01
4.321103048905303168e-01
4.324228504973837706e-01
4.326729427944280282e-01
4.330040178717344257e-01
4.332226270718093075e-01
4.333106441259277353e-01
4.335883385990424999e-01
4.336032874936919246e-01
4.337306387271696595e-01
4.340644482454656949e-01
4.343857573033977904e-01
4.344239381706308523e-01
4.347582439938130205e-01
4.348004746787852981e-01
4.350846426472402828e-01
4.353297116976373449e-01
4.354987293688643568e-01
4.357400125580782602e-01
4.358594774783575709e-01
4.360505419023371632e-01
4.361671486871871450e-01
4.363441468314262495e-01
4.365952746633897097e-01
4.369030665061703900e-01
4.372469073003545925e-01
4.374146370631653014e-01
4.376048174452848993e-01
4.378283450146132627e-01
4.381966126131536798e-01
4.387156437541175347e-01
4.389188977218221321e-01
4.391776122040244035e-01
4.392581905651725127e-01
4.393920506692939876e-01
4.396379434417281296e-01
4.399183587304255627e-01
4.401325729383828711e-01
4.404424002909499980e-01
4.406222012084936579e-01
4.407693746501270549e-01
4.409430270485235059e-01
4.411073636647117602e-01
4.412152907997845541e-01
4.414967208600890647e-01
4.415850816641532783e-01
4.419422063614594776e-01
4.421093005426399714e-01
4.424121971604827452e-01
4.425478066990715664e-01
4.427128301097741359e-01
4.430413256655978405e-01
4.433600124411840038e-01
4.435177959602782938e-01
4.436828224319426806e-01
4.439275715224507146e-01
4.440113775081733771e-01
4.444622812950811963e-01
4.447390862120375044e-01
4.448170303306714368e-01
4.451089614106629178e-01
4.451650501189989839e-01
4.454876726112111385e-01
4.457509564633009846e-01
4.458877476843920995e-01
4.461168296390128907e-01
4.463912692115656333e-01
4.466561409413269956e-01
4.467922772081613925e-01
4.469202189608521558e-01
4.475058482702580775e-01
4.476918797153353058e-01
4.478313804767174444e-01
4.480750488497509121e-01
4.481477147549763895e-01
4.481605625611992383e-01
4.485123483019067270e-01
4.487377609559227709e-01
4.490612869129238516e-01
4.491670158441631866e-01
4.494265041487688905e-01
4.497653661762248123e-01
4.499995651226444404e-01
4.501420878903928391e-01
4.503903157169600324e-01
4.506495415113844771e-01
4.506957494865717062e-01
4.509556215168917248e-01
4.512097353667496313e-01
4.512742705407685184e-01
4.513941292643791625e-01
4.518213828371138718e-01
4.518930608681666072e-01
4.522373946627458174e-01
4.526384522212177908e-01
4.529121683723799086e-01
4.530712271840853234e-01
4.532939386977684615e-01
4.534274846772350376e-01
4.535459309319739840e-01
4.540250336287589006e-01
4.542211304983453379e-01
4.544010177524850924e-01
4.545381576152878744e-01
4.547847797207055787e-01
4.548891581781805971e-01
4.553213704231836023e-01
4.554611211217637901e-01
4.557201232145724479e-01
4.558953907005331985e-01
4.561195416484451481e-01
4.563728638522172032e-01
4.564604906341350188e-01
4.569993964401157238e-01
4.571613430790849031e-01
4.572326753497013008e-01
4.574692522051397314e-01
4.577118813721731128e-01
4.579014107135702116e-01
4.584567223671279779e-01
4.586099333133709655e-01
4.587720956293299679e-01
4.589391802691767941e-01
4.592886726822579813e-01
4.593451924690050148e-01
4.598550802397975978e-01
4.600254205876535551e-01
4.603200375000935929e-01
4.605681171474920732e-01
4.605898429113959303e-01
4.608959840589145207e-01
4.610696501453429019e-01
4.614251423316955147e-01
4.615687519868580946e-01
4.618176728620295712e-01
4.622189469287361074e-01
4.623008447901537643e-01
4.623863514899436700e-01
4.627537497303801373e-01
4.629320596248036601e-01
4.632216561450371306e-01
4.634831136347817848e-01
4.635856133167511883e-01
4.639458030852840476e-01
4.641238153356873619e-01
4.643531076973052563e-01
4.649031105136611774e-01
4.650313065293739667e-01
4.652036444965977902e-01
4.653956876866315318e-01
4.655036907612297159e-01
4.657211702772327544e-01
4.659361045920864530e-01
4.661576710395730072e-01
4.662842763297757598e-01
4.666388607858169002e-01
4.667202061760645782e-01
4.670127998377886502e-01
4.672547941964799723e-01
4.673975124265247749e-01
4.675733598830523752e-01
4.680223523675265951e-01
4.681243931598070285e-01
4.686987705167295348e-01
4.687275179318610707e-01
4.689485685913514779e-01
4.690477934496259382e-01
4.692601267534288190e-01
4.694949268955861399e-01
4.698647395649820924e-01
4.702581152028874056e-01
4.706891453109113277e-01
4.710356871996533301e-01
4.713913381062633801e-01
4.714720569413528017e-01
4.716471032422328014e-01
4.719818830981811764e-01
4.723191237783769814e-01
4.723619048022630884e-01
4.725057513299305012e-01
4.726294388258710510e-01
4.732106848857853265e-01
4.733318262273009114e-01
4.736978996185735591e-01
4.739022431459160023e-01
4.742839026749411935e-01
4.744789723268804660e-01
4.746339680513190218e-01
4.747314907798982353e-01
4.750595352446067010e-01
4.752693836708586916e-01
4.753581174000863219e-01
4.757183656819181650e-01
4.758863555724877625e-01
4.762936392411269426e-01
4.765465723223821226e-01
4.767267129249010971e-01
4.768706210054889927e-01
4.771528963895332875e-01
4.776396370128819235e-01
4.777284290374175790e-01
4.780434302414621195e-01
4.781780039446602570e-01
4.783198371573552654e-01
4.785070939685527880e-01
4.785569092108205580e-01
4.790222352158598484e-01
4.792712236258631076e-01
4.796003236124153357e-01
4.797953646184290322e-01
4.799999690960382592e-01
4.802404279742795157e-01
4.803684378469586513e-01
4.805464629578506397e-01
4.808301609531803189e-01
4.810151099426252519e-01
4.813989733747850996e-01
4.814522650595165487e-01
4.818076640373262221e-01
4.820443253057187794e-01
4.823125113578961010e-01
4.827594626631014907e-01
4.829524177853360967e-01
4.830325351766976416e-01
4.833203097045554730e-01
4.836168827483574018e-01
4.838531257930182017e-01
4.842395723414972819e-01
4.844699893938921309e-01
4.845591811528698334e-01
4.846866139841147780e-01
4.850764242486310107e-01
4.854797115164966037e-01
4.856958237060957639e-01
4.858654538587243166e-01
4.860479807117473183e-01
4.863531280586395056e-01
4.865972991573839779e-01
4.867886478599355304e-01
4.871652331022675031e-01
4.873422696026208922e-01
4.875413199390086216e-01
4.876769893496960551e-01
4.882933420250498147e-01
4.883663998023506370e-01
4.889105042993404648e-01
4.891347407039649542e-01
4.891776933250450710e-01
4.893692884708232826e-01
4.896407529376475276e-01
4.898655011867555920e-01
4.901545539452128453e-01
4.904213980912254245e-01
4.904911611415045947e-01
4.908263805778421141e-01
4.910249654722547152e-01
4.912927571068658739e-01
4.915410497888286212e-01
4.916291671539282371e-01
4.919384525264373087e-01
4.921535994362102873e-01
4.926232547940055384e-01
4.926964574502420424e-01
4.933761825243667132e-01
4.934551371795833918e-01
4.935229018148916125e-01
4.935725017311261009e-01
4.939111820557786081e-01
4.939143645545103767e-01
4.943046071501235317e-01
4.945338499786990916e-01
4.946396141092677667e-01
4.950296297064744611e-01
4.952661516324840529e-01
4.957771065496924812e-01
4.960731951344053980e-01
4.964044213715063103e-01
4.965474518685413785e-01
4.968784529608062939e-01
4.972955998506590758e-01
4.976470748000997313e-01
4.977429977061296751e-01
4.981986532325614614e-01
4.984443348716903754e-01
4.986431282361621364e-01
4.989391103342354361e-01
4.991570557883426296e-01
4.994729802612358771e-01
4.996238651198188219e-01
4.996658466384318875e-01
5.002272894493084987e-01
5.004117089512929439e-01
5.005224972540937012e-01
5.005927709386622793e-01
5.011400319080653309e-01
5.014285364059427597e-01
5.014882578700210480e-01
5.016940630178734484e-01
5.019356561671656225e-01
5.022076805128744548e-01
5.023113800714247290e-01
5.025091316003492681e-01
5.027529131910810634e-01
5.031966264023385316e-01
5.034176936291214766e-01
5.036548198483058458e-01
5.039790600028140055e-01
5.042129112419486692e-01
5.043137309079916974e-01
5.046089394039874332e-01
5.049035104356766057e-01
5.050305399000194484e-01
5.052499138296950854e-01
5.055109067018525026e-01
5.059139359583249007e-01
5.061710580945304461e-01
5.064079406508006365e-01
5.067118097075816729e-01
5.068962493438536887e-01
5.074421025311701694e-01
5.076316200771862075e-01
5.078138002090338832e-01
5.080736749639215288e-01
5.085607945447376821e-01
5.087228052770079723e-01
5.088119630196070720e-01
5.088305316759919039e-01
5.092160730039445582e-01
5.095688810550004222e-01
5.100564896162395057e-01
5.101065564916165140e-01
5.102820250033238692e-01
5.105741869304158964e-01
5.107347231778914809e-01
5.112131539830440108e-01
5.113303754684609403e-01
5.116107809082730551e-01
5.119180183290183983e-01
5.122182338907496080e-01
5.125818302004846450e-01
5.129557445517246572e-01
5.131468093913555961e-01
5.134549922601693295e-01
5.136110640293308771e-01
5.142079775015491183e-01
5.144215684689740220e-01
5.147601741631036010e-01
5.150169572230853809e-01
5.153296956150900110e-01
5.154801244519747749e-01
5.157088122858194401e-01
5.161194658467207486e-01
5.166663454377354858e-01
5.168636956547899564e-01
5.171689948196314113e-01
5.173488726503304713e-01
5.175522521892713668e-01
5.178194511696184721e-01
5.179739718661406922e-01
5.182157018254582859e-01
5.184904754086675505e-01
5.187801627423731521e-01
5.191874513759178189e-01
5.192735062195446005e-01
5.200565842365751923e-01
5.202967955736429451e-01
5.203871922258280769e-01
5.205662128974527514e-01
5.210368256312836177e-01
5.213963598533158939e-01
5.216758607351931198e-01
5.217068074105585263e-01
5.218608947458515113e-01
5.222781538018909098e-01
5.227802435308337436e-01
5.230386037091218077e-01
5.234203721880489324e-01
5.236351387075661723e-01
5.238861303163161454e-01
5.240566827742505485e-01
5.243647502702424301e-01
5.249589939128671556e-01
5.250995941192500016e-01
5.253736669899491396e-01
5.254591668358592482e-01
5.258160357048931033e-01
5.265601995894343412e-01
5.266309698771486358e-01
5.269650288165201868e-01
5.271323839860868610e-01
5.274883966492592835e-01
5.278382508516862304e-01
5.280165192415118280e-01
5.283519658129592900e-01
5.287421781712909885e-01
5.291142622425407671e-01
5.295354466965295215e-01
5.296625778369653537e-01
5.299464575500804076e-01
5.299829985381268038e-01
5.304324736972749754e-01
5.306035143862305459e-01
5.306991494570647561e-01
5.313641578406613775e-01
5.316435898305577057e-01
5.321568038220091390e-01
5.328427941332575246e-01
5.329847126860831619e-01
5.330652331567559132e-01
5.336483691155315956e-01
5.338148643561635431e-01
5.344614785842417559e-01
5.347692345504744260e-01
5.351321352341787962e-01
5.355608745772534318e-01
5.358580094376029779e-01
5.360229242464554789e-01
5.364041706559652400e-01
5.366130862879711083e-01
5.368989058258913927e-01
5.372557661573521548e-01
5.374437321246874344e-01
5.375659188152845935e-01
5.382930132968128945e-01
5.383749923166034623e-01
5.384915457480083933e-01
5.388752991816458948e-01
5.394882289492609617e-01
5.396738692437013096e-01
5.399885676029612114e-01
5.402245574017251473e-01
5.405826165922247295e-01
5.409077336693526306e-01
5.410963134977544442e-01
5.413386005993880978e-01
5.416435816487327193e-01
5.422207095341412542e-01
5.426638179428466824e-01
5.428860224656005817e-01
5.435247892000691916e-01
5.438921976047719209e-01
5.440941431286467900e-01
5.443398099566767456e-01
5.447456521083211545e-01
5.449463754310202024e-01
5.450708044991326995e-01
5.457480860213587137e-01
5.459402551838292705e-01
5.463937479864839908e-01
5.465434145847877234e-01
5.471476515741978686e-01
5.476336041009584044e-01
5.478998972225548325e-01
5.484005601615797865e-01
5.485139910211367376e-01
5.487344069655455403e-01
5.492950095090352036e-01
5.496811031645610912e-01
5.499828463386371435e-01
5.501980350820186993e-01
5.505644765202962754e-01
5.507897102511899456e-01
5.514870901242499013e-01
5.518100575507581818e-01
5.519824038268442701e-01
5.525286742909659710e-01
5.527511686679777991e-01
5.529113571880477362e-01
5.533793098161262636e-01
5.535001283412070983e-01
5.538091104048888935e-01
5.542800003649852592e-01
5.548337908448760514e-01
5.554225431018778858e-01
5.556647574867077388e-01
5.562147169954554382e-01
5.565972773809459984e-01
5.568868322804371163e-01
5.573077040516322134e-01
5.577265543432242678e-01
5.578233261904541607e-01
5.583789539332627561e-01
5.585301812003634625e-01
5.587797556360890594e-01
5.591532294737299180e-01
5.596072833977262517e-01
5.601405229884734993e-01
5.604533258090977910e-01
5.607975866357047812e-01
5.608218352371273641e-01
5.609333005836122377e-01
5.613103967963462004e-01
5.620214180913425395e-01
5.622366511249283771e-01
5.625797576678917000e-01
5.631693607379928412e-01
5.632779298544240421e-01
5.642146347686695096e-01
5.644810877620749512e-01
5.651414886965945295e-01
5.654169434227348523e-01
5.658221155411794490e-01
5.662100954561551935e-01
5.664778706342876724e-01
5.673286495968616894e-01
5.674223483181193295e-01
5.677589199430292943e-01
5.680859689601153173e-01
5.685154143183800413e-01
5.687348547339509119e-01
5.692992299905534903e-01
5.694778820010074627e-01
5.698168117828544821e-01
5.704989514883345159e-01
5.708268936680531702e-01
5.715242377177340849e-01
5.719831961244089547e-01
5.724030727977801325e-01
5.727543725331005753e-01
5.729756428489993780e-01
5.731857476797429518e-01
5.738217241383889444e-01
5.743975421106276569e-01
5.746388691483356181e-01
5.749965133747089174e-01
5.757292313356089375e-01
5.760239389657481057e-01
5.763681401149907124e-01
5.764759549077187462e-01
5.769488620075162721e-01
5.772962124704220654e-01
5.777255192825109242e-01
5.782611436581757136e-01
5.788364866588225910e-01
5.788973636242245036e-01
5.800784841765622701e-01
5.802622246568936992e-01
5.804014410346364228e-01
5.809162517283499305e-01
5.813534353119961251e-01
5.814956972975502403e-01
5.820910589233074806e-01
5.826447789171925740e-01
5.829103771286271440e-01
5.831009973232582633e-01
5.839797092577067028e-01
5.843941241052221791e-01
5.847612467023044491e-01
5.849724842648773571e-01
5.855314543633098889e-01
5.858515696098005598e-01
5.862192275456447055e-01
5.864647658435354627e-01
5.871857658907079225e-01
5.880522526980479503e-01
5.888115980197775601e-01
5.890526307995291866e-01
5.898323954996900209e-01
5.902558033000042670e-01
5.905798598017530932e-01
5.908331581429209223e-01
5.914560847170191593e-01
5.918039585103385125e-01
5.920586376840112353e-01
5.925230719122681622e-01
5.932788015756375044e-01
5.936418957817299891e-01
5.942790278180016816e-01
5.949699552889543552e-01
5.953141823099773466e-01
5.957967609019181321e-01
5.963497542853355426e-01
5.971284198557199607e-01
5.975050199664599937e-01
5.977334771557530901e-01
5.979705997026574238e-01
5.985502722540008147e-01
5.988561156324582191e-01
5.995280163993417233e-01
5.997283855074897474e-01
6.005300052612190242e-01
6.012127290317678119e-01
6.019257251224725547e-01
6.023517486696341461e-01
6.026612252421579274e-01
6.029382308060068363e-01
6.032092429121628241e-01
6.041220774574623809e-01
6.049065478531286955e-01
6.052393316366575515e-01
6.057963776400904221e-01
6.061954749514539831e-01
6.068640426067537508e-01
6.074773900432728357e-01
6.078288218603310478e-01
6.085201266061869285e-01
6.092300833756081335e-01
6.093546366064056530e-01
6.098056917918366349e-01
6.105657256347036821e-01
6.109783340297656462e-01
6.111446701072138499e-01
6.118973313502139577e-01
6.125230185199007638e-01
6.131095894171577632e-01
6.138483737767086446e-01
6.141529554727106488e-01
6.142464872778041762e-01
6.146200602918634459e-01
6.161622843837448738e-01
6.166496792134403826e-01
6.169095960816712854e-01
6.178639428373280396e-01
6.189962375913059534e-01
6.195242245993350938e-01
6.196307511635570364e-01
6.202794547759380439e-01
6.212520718707430500e-01
6.218250762700996415e-01
6.226924029303276820e-01
6.230829018777912509e-01
6.236814490847361059e-01
6.240720127731129718e-01
6.249159817234075653e-01
6.256601869578406472e-01
6.260308145594563056e-01
6.265575888698109441e-01
6.271521807564042206e-01
6.277413944013745528e-01
6.286838746198657457e-01
6.289697882748251923e-01
6.295758562161980487e-01
6.304241942848664015e-01
6.308438764984879432e-01
6.310823133665534046e-01
6.320582560200210809e-01
6.324909974933999868e-01
6.333516234653383536e-01
6.343612249724225327e-01
6.352120178692161057e-01
6.358282557085751518e-01
6.364580519602659470e-01
6.371819255503187174e-01
6.379617942148575471e-01
6.383432313652175338e-01
6.387468898643318127e-01
6.392844702118110067e-01
6.400909267934368208e-01
6.410101081134469414e-01
6.413306012786870181e-01
6.422569420505291893e-01
6.426452754846397886e-01
6.429624667952797967e-01
6.443644992423867013e-01
6.449155200495495510e-01
6.454007347140178208e-01
6.458641205656417972e-01
6.467990456012968625e-01
6.484683615258354239e-01
6.487158037770544006e-01
6.496190148340958981e-01
6.499559086640527283e-01
6.509275484252624588e-01
6.516722380387336422e-01
6.526168229466933202e-01
6.537554925471866785e-01
6.544491495317007468e-01
6.552521482857268653e-01
6.556345090270856435e-01
6.566279062259139376e-01
6.571083083135431657e-01
6.580856526606202461e-01
6.582871525959633763e-01
6.595556136081053289e-01
6.604005276771567345e-01
6.609017687691274290e-01
6.616813899088799245e-01
6.621977340507050336e-01
6.631809477862160573e-01
6.633020727479027601e-01
6.647065840696050332e-01
6.659665152808543764e-01
6.671463696866806181e-01
6.675121567867906558e-01
6.683978200325559893e-01
6.691213579931449829e-01
6.705348446594846523e-01
6.707457687708014982e-01
6.724920160181186990e-01
6.726728799509897883e-01
6.739588103467628599e-01
6.757554711366902112e-01
6.761749825820699833e-01
6.766434016320311828e-01
6.771569074898469154e-01
6.777648535600842017e-01
6.790976905441842293e-01
6.800560901037843164e-01
6.812581969752783406e-01
6.826458195236858595e-01
6.831201097735173366e-01
6.840773929318251234e-01
6.850303765613555695e-01
6.855272337672375649e-01
6.877067465728089468e-01
6.881446508181855437e-01
6.887313432482852216e-01
6.901752599048773806e-01
6.915112514252514941e-01
6.926558116428813694e-01
6.954881375067166749e-01
6.967869615473453182e-01
6.974155255121473607e-01
6.991997610769402627e-01
7.001631609816731938e-01
7.015662616276776564e-01
7.018931428952611684e-01
7.038306565930202430e-01
7.049854384313402056e-01
7.062762008660792290e-01
7.080665630884149797e-01
7.091494712922485899e-01
7.098694014577323630e-01
7.100742395007053620e-01
7.117219151908417141e-01
7.127353538492197105e-01
7.137515925837778497e-01
7.153600988464530186e-01
7.185698690862863947e-01
7.191822972558195026e-01
7.213789472755649523e-01
7.243084082001525204e-01
7.259335650489568970e-01
7.270929317133378866e-01
7.290344985137996447e-01
7.296343859238100249e-01
7.304683930268839331e-01
7.313403036596202167e-01
7.329466099074054553e-01
7.348311452877419603e-01
7.357599769895902808e-01
7.366430987558462151e-01
7.403295201673809611e-01
7.426578995080281853e-01
7.460449950801288921e-01
7.470846717524582958e-01
7.484667342801387679e-01
7.501923738278525322e-01
7.505206369519926701e-01
7.526812943475763573e-01
7.543959729786913204e-01
7.556042051996786357e-01
7.574063577755208998e-01
7.583549007978143131e-01
7.589092186677726115e-01
7.626148951281597199e-01
7.651226825257744224e-01
7.674721388133820543e-01
7.698401904490824732e-01
7.742207540445382730e-01
7.778437060877418929e-01
7.867364760446197147e-01
7.872113919957850481e-01
7.891703955123596792e-01
7.913407487632572179e-01
7.953516999612382232e-01
7.983525960821475920e-01
8.014368051017187744e-01
8.142906781951523287e-01
8.216072896453813224e-01
8.258651865797206337e-01
8.286598211681162063e-01
8.308467448709190295e-01
8.442553223073455682e-01
8.529463215561764455e-01
8.558119531731628316e-01
8.663869008546003503e-01
8.770336277051309359e-01
8.973994196701083892e-01
9.054549677174265065e-01
9.186907069313137164e-01
9.318373128883087331e-01
9.894800651365821542e-01
1.000000000000000000e+00
