# SF-29 N2 candidate (i) i1 field=gauss eps=1 N=12: sorted relative singular values of the dense central-FD Jacobian at the final_iterate state (rows F_i=-q(L_i-S_i); outlet rows (2q/h)(vperp_in-c_perp); smax=6.425434e+04)
3.039188e-07
1.228750e-05
1.542013e-05
1.718781e-05
2.029046e-05
2.388650e-05
2.714786e-05
2.890491e-05
3.559967e-05
3.766414e-05
3.953691e-05
4.000208e-05
4.727587e-05
5.660888e-05
6.193654e-05
6.692498e-05
7.126193e-05
7.361057e-05
7.774167e-05
8.677826e-05
8.866725e-05
9.322255e-05
1.040689e-04
1.067879e-04
1.100051e-04
1.158604e-04
1.207410e-04
1.224543e-04
1.289540e-04
1.333126e-04
1.357532e-04
1.399470e-04
1.420270e-04
1.476779e-04
1.492900e-04
1.542414e-04
1.567222e-04
1.592903e-04
1.642606e-04
1.669702e-04
1.685629e-04
1.721418e-04
1.770095e-04
1.773218e-04
1.801493e-04
1.836875e-04
1.882257e-04
1.933978e-04
1.995709e-04
2.078825e-04
2.091901e-04
2.124328e-04
2.134251e-04
2.169784e-04
2.191895e-04
2.226279e-04
2.273852e-04
2.312793e-04
2.336922e-04
2.394944e-04
2.435860e-04
2.500943e-04
2.520047e-04
2.556380e-04
2.574771e-04
2.640995e-04
2.653149e-04
2.669722e-04
2.704390e-04
2.759242e-04
2.795526e-04
2.835799e-04
2.849834e-04
2.918137e-04
2.931044e-04
2.947218e-04
2.999283e-04
3.046042e-04
3.075849e-04
3.149087e-04
3.155279e-04
3.202202e-04
3.243343e-04
3.285373e-04
3.295004e-04
3.338636e-04
3.391903e-04
3.406528e-04
3.427238e-04
3.489346e-04
3.551444e-04
3.565321e-04
3.588082e-04
3.605478e-04
3.665851e-04
3.687359e-04
3.702752e-04
3.781450e-04
3.802148e-04
3.840425e-04
3.880031e-04
3.922635e-04
3.951607e-04
3.982268e-04
4.016847e-04
4.054839e-04
4.113614e-04
4.147425e-04
4.166876e-04
4.185165e-04
4.233304e-04
4.253887e-04
4.317038e-04
4.328944e-04
4.371388e-04
4.389728e-04
4.458814e-04
4.477637e-04
4.498791e-04
4.525318e-04
4.549678e-04
4.571465e-04
4.622661e-04
4.684543e-04
4.706901e-04
4.728594e-04
4.787618e-04
4.796042e-04
4.840342e-04
4.880516e-04
4.891093e-04
4.924790e-04
4.934792e-04
4.985411e-04
5.003370e-04
5.066251e-04
5.169448e-04
5.194512e-04
5.197201e-04
5.234775e-04
5.276299e-04
5.311167e-04
5.347673e-04
5.388669e-04
5.415359e-04
5.448454e-04
5.480418e-04
5.507109e-04
5.584357e-04
5.608787e-04
5.625840e-04
5.647016e-04
5.672611e-04
5.700132e-04
5.756510e-04
5.793677e-04
5.824684e-04
5.841966e-04
5.870709e-04
5.892513e-04
5.911953e-04
5.952770e-04
6.010907e-04
6.029594e-04
6.065578e-04
6.119879e-04
6.137196e-04
6.172827e-04
6.204247e-04
6.223627e-04
6.259655e-04
6.295090e-04
6.333953e-04
6.381748e-04
6.423544e-04
6.468685e-04
6.488002e-04
6.499743e-04
6.547716e-04
6.556950e-04
6.603133e-04
6.663145e-04
6.676707e-04
6.707650e-04
6.730292e-04
6.799511e-04
6.819969e-04
6.878045e-04
6.897924e-04
6.931271e-04
6.954994e-04
6.965476e-04
7.004594e-04
7.025647e-04
7.107369e-04
7.141086e-04
7.162384e-04
7.179801e-04
7.228292e-04
7.263207e-04
7.297593e-04
7.324972e-04
7.350526e-04
7.382854e-04
7.407514e-04
7.436500e-04
7.480158e-04
7.483871e-04
7.544002e-04
7.573404e-04
7.582178e-04
7.622737e-04
7.664953e-04
7.698380e-04
7.730437e-04
7.760723e-04
7.806262e-04
7.827775e-04
7.867997e-04
7.885724e-04
7.921422e-04
7.944137e-04
8.000237e-04
8.040456e-04
8.051348e-04
8.105858e-04
8.136963e-04
8.152213e-04
8.178995e-04
8.199053e-04
8.243497e-04
8.300767e-04
8.314063e-04
8.339404e-04
8.369968e-04
8.403883e-04
8.445980e-04
8.461408e-04
8.487114e-04
8.522351e-04
8.566263e-04
8.607534e-04
8.624354e-04
8.647300e-04
8.677715e-04
8.719062e-04
8.740092e-04
8.773837e-04
8.822673e-04
8.850974e-04
8.873447e-04
8.909701e-04
8.944731e-04
8.968734e-04
9.000917e-04
9.013100e-04
9.030674e-04
9.120338e-04
9.134886e-04
9.168394e-04
9.177604e-04
9.237124e-04
9.264683e-04
9.294636e-04
9.338730e-04
9.375846e-04
9.428811e-04
9.438905e-04
9.451789e-04
9.486117e-04
9.534447e-04
9.546394e-04
9.564005e-04
9.614353e-04
9.656293e-04
9.717989e-04
9.725340e-04
9.741370e-04
9.785842e-04
9.809903e-04
9.826790e-04
9.847422e-04
9.893655e-04
9.922669e-04
9.939227e-04
9.944886e-04
9.986302e-04
1.003111e-03
1.005245e-03
1.007422e-03
1.009648e-03
1.013534e-03
1.016671e-03
1.020515e-03
1.023861e-03
1.025589e-03
1.028143e-03
1.033322e-03
1.035097e-03
1.040088e-03
1.044771e-03
1.047359e-03
1.049942e-03
1.052119e-03
1.052677e-03
1.055728e-03
1.059504e-03
1.061581e-03
1.063923e-03
1.068570e-03
1.071328e-03
1.073635e-03
1.078418e-03
1.083706e-03
1.086918e-03
1.088344e-03
1.090457e-03
1.096319e-03
1.101434e-03
1.103867e-03
1.105145e-03
1.105177e-03
1.110881e-03
1.113416e-03
1.117425e-03
1.121015e-03
1.124647e-03
1.126480e-03
1.132789e-03
1.135271e-03
1.136522e-03
1.139186e-03
1.141836e-03
1.144971e-03
1.147912e-03
1.150817e-03
1.152865e-03
1.153350e-03
1.159203e-03
1.165587e-03
1.167416e-03
1.169752e-03
1.170544e-03
1.172019e-03
1.176283e-03
1.184032e-03
1.185077e-03
1.190655e-03
1.191106e-03
1.194635e-03
1.199014e-03
1.206198e-03
1.209313e-03
1.212545e-03
1.213926e-03
1.217861e-03
1.220622e-03
1.224916e-03
1.232310e-03
1.233991e-03
1.235310e-03
1.237283e-03
1.240736e-03
1.246122e-03
1.249224e-03
1.251203e-03
1.253406e-03
1.253865e-03
1.257724e-03
1.261647e-03
1.263569e-03
1.267228e-03
1.270808e-03
1.271805e-03
1.275036e-03
1.280625e-03
1.282690e-03
1.285068e-03
1.289721e-03
1.292594e-03
1.295523e-03
1.300037e-03
1.302339e-03
1.305890e-03
1.306579e-03
1.309558e-03
1.313301e-03
1.313821e-03
1.317059e-03
1.322743e-03
1.324952e-03
1.326588e-03
1.329223e-03
1.334238e-03
1.336907e-03
1.339672e-03
1.341264e-03
1.347166e-03
1.348766e-03
1.352965e-03
1.356161e-03
1.358256e-03
1.359999e-03
1.364483e-03
1.369180e-03
1.371815e-03
1.378432e-03
1.381482e-03
1.382150e-03
1.382438e-03
1.385300e-03
1.388354e-03
1.393090e-03
1.393999e-03
1.396094e-03
1.399812e-03
1.405171e-03
1.408735e-03
1.416821e-03
1.417497e-03
1.420574e-03
1.423922e-03
1.428913e-03
1.429042e-03
1.436132e-03
1.438962e-03
1.442013e-03
1.443524e-03
1.450069e-03
1.451606e-03
1.456738e-03
1.459701e-03
1.461598e-03
1.465505e-03
1.468256e-03
1.471508e-03
1.473736e-03
1.478006e-03
1.481689e-03
1.483761e-03
1.484449e-03
1.488499e-03
1.492449e-03
1.494653e-03
1.501389e-03
1.504344e-03
1.505783e-03
1.509606e-03
1.510680e-03
1.516173e-03
1.518696e-03
1.522646e-03
1.523671e-03
1.529306e-03
1.534144e-03
1.535157e-03
1.538646e-03
1.542946e-03
1.544085e-03
1.546011e-03
1.549685e-03
1.551964e-03
1.555040e-03
1.558014e-03
1.562854e-03
1.565522e-03
1.566245e-03
1.568352e-03
1.576509e-03
1.580685e-03
1.582564e-03
1.585648e-03
1.589940e-03
1.592787e-03
1.595439e-03
1.602217e-03
1.603219e-03
1.606552e-03
1.609596e-03
1.611306e-03
1.614057e-03
1.615148e-03
1.619413e-03
1.619491e-03
1.626420e-03
1.629146e-03
1.632261e-03
1.634861e-03
1.636088e-03
1.637719e-03
1.640741e-03
1.644494e-03
1.647640e-03
1.652299e-03
1.654909e-03
1.658723e-03
1.660819e-03
1.664783e-03
1.671711e-03
1.674429e-03
1.675923e-03
1.680306e-03
1.684298e-03
1.686290e-03
1.688045e-03
1.693047e-03
1.694713e-03
1.697891e-03
1.708215e-03
1.709022e-03
1.711635e-03
1.712379e-03
1.715280e-03
1.721719e-03
1.724081e-03
1.725897e-03
1.728546e-03
1.733927e-03
1.734777e-03
1.738540e-03
1.741958e-03
1.745359e-03
1.748077e-03
1.749667e-03
1.752184e-03
1.755503e-03
1.763317e-03
1.764320e-03
1.769086e-03
1.769845e-03
1.776317e-03
1.779763e-03
1.781525e-03
1.783406e-03
1.787735e-03
1.789266e-03
1.792976e-03
1.794377e-03
1.799020e-03
1.801619e-03
1.805009e-03
1.806557e-03
1.812591e-03
1.815217e-03
1.818330e-03
1.823406e-03
1.829078e-03
1.829694e-03
1.835038e-03
1.838609e-03
1.838888e-03
1.845072e-03
1.846872e-03
1.848441e-03
1.853458e-03
1.855973e-03
1.860538e-03
1.865087e-03
1.866121e-03
1.868496e-03
1.870442e-03
1.871754e-03
1.876121e-03
1.876800e-03
1.880206e-03
1.882968e-03
1.887476e-03
1.888645e-03
1.896808e-03
1.897855e-03
1.904339e-03
1.905740e-03
1.909149e-03
1.911744e-03
1.914603e-03
1.917787e-03
1.919891e-03
1.922796e-03
1.932232e-03
1.936038e-03
1.937240e-03
1.939794e-03
1.943526e-03
1.947329e-03
1.949789e-03
1.952035e-03
1.956479e-03
1.958077e-03
1.961954e-03
1.966343e-03
1.966588e-03
1.968410e-03
1.973775e-03
1.975590e-03
1.978920e-03
1.982866e-03
1.988082e-03
1.990986e-03
1.994659e-03
1.997226e-03
1.999840e-03
2.003750e-03
2.010571e-03
2.013817e-03
2.016229e-03
2.019297e-03
2.022921e-03
2.025823e-03
2.031298e-03
2.035427e-03
2.040129e-03
2.043615e-03
2.044494e-03
2.045234e-03
2.049538e-03
2.055554e-03
2.058084e-03
2.058551e-03
2.059503e-03
2.065751e-03
2.066344e-03
2.072570e-03
2.078592e-03
2.083848e-03
2.086111e-03
2.088877e-03
2.092323e-03
2.102141e-03
2.104132e-03
2.105594e-03
2.106494e-03
2.111634e-03
2.116120e-03
2.118580e-03
2.124871e-03
2.128555e-03
2.129221e-03
2.131873e-03
2.135655e-03
2.139575e-03
2.142080e-03
2.148356e-03
2.150101e-03
2.154116e-03
2.155208e-03
2.157644e-03
2.161150e-03
2.165473e-03
2.166034e-03
2.173027e-03
2.177854e-03
2.179761e-03
2.182775e-03
2.183421e-03
2.185736e-03
2.188852e-03
2.192324e-03
2.196508e-03
2.202889e-03
2.206429e-03
2.210029e-03
2.213509e-03
2.217923e-03
2.220957e-03
2.223728e-03
2.228305e-03
2.229572e-03
2.238408e-03
2.240161e-03
2.242837e-03
2.247339e-03
2.249692e-03
2.254688e-03
2.256544e-03
2.261748e-03
2.265429e-03
2.268600e-03
2.269357e-03
2.272018e-03
2.274375e-03
2.277410e-03
2.282872e-03
2.289199e-03
2.290486e-03
2.296113e-03
2.296990e-03
2.300406e-03
2.306101e-03
2.309702e-03
2.310128e-03
2.313480e-03
2.314994e-03
2.320859e-03
2.321683e-03
2.325450e-03
2.328807e-03
2.334114e-03
2.338735e-03
2.342794e-03
2.343542e-03
2.346125e-03
2.352296e-03
2.355616e-03
2.358282e-03
2.362452e-03
2.363251e-03
2.367236e-03
2.369316e-03
2.374276e-03
2.377366e-03
2.379015e-03
2.382502e-03
2.385853e-03
2.390054e-03
2.392608e-03
2.395860e-03
2.400593e-03
2.406330e-03
2.409400e-03
2.412362e-03
2.415930e-03
2.417682e-03
2.420434e-03
2.426912e-03
2.432239e-03
2.433286e-03
2.436794e-03
2.441188e-03
2.444916e-03
2.448549e-03
2.450324e-03
2.454110e-03
2.457913e-03
2.463768e-03
2.466903e-03
2.468168e-03
2.472801e-03
2.476190e-03
2.479115e-03
2.483327e-03
2.485755e-03
2.491697e-03
2.497247e-03
2.499748e-03
2.503203e-03
2.506449e-03
2.511942e-03
2.516683e-03
2.520973e-03
2.524733e-03
2.527899e-03
2.531382e-03
2.534710e-03
2.536993e-03
2.543021e-03
2.544461e-03
2.549195e-03
2.553080e-03
2.554576e-03
2.557793e-03
2.559341e-03
2.566824e-03
2.567909e-03
2.571065e-03
2.579748e-03
2.580521e-03
2.585619e-03
2.587967e-03
2.591695e-03
2.594911e-03
2.598149e-03
2.604230e-03
2.608018e-03
2.611251e-03
2.612555e-03
2.620632e-03
2.623831e-03
2.626937e-03
2.630722e-03
2.635185e-03
2.638091e-03
2.641196e-03
2.643671e-03
2.650492e-03
2.653157e-03
2.656570e-03
2.660269e-03
2.662336e-03
2.663486e-03
2.666380e-03
2.671471e-03
2.673575e-03
2.676246e-03
2.679959e-03
2.683249e-03
2.688912e-03
2.691948e-03
2.694353e-03
2.700701e-03
2.704244e-03
2.708931e-03
2.713595e-03
2.717705e-03
2.719317e-03
2.723576e-03
2.725059e-03
2.731728e-03
2.733828e-03
2.736365e-03
2.741192e-03
2.744574e-03
2.748359e-03
2.754325e-03
2.757134e-03
2.763431e-03
2.766097e-03
2.770573e-03
2.772889e-03
2.778780e-03
2.780530e-03
2.785862e-03
2.786674e-03
2.789488e-03
2.792696e-03
2.796874e-03
2.800768e-03
2.805885e-03
2.812585e-03
2.815188e-03
2.818235e-03
2.824911e-03
2.825610e-03
2.829504e-03
2.832960e-03
2.835981e-03
2.839719e-03
2.847440e-03
2.848566e-03
2.850846e-03
2.853105e-03
2.857477e-03
2.859137e-03
2.865053e-03
2.869772e-03
2.871869e-03
2.874259e-03
2.881688e-03
2.885188e-03
2.888453e-03
2.892563e-03
2.897065e-03
2.899202e-03
2.901354e-03
2.903105e-03
2.910733e-03
2.916033e-03
2.918878e-03
2.920657e-03
2.923912e-03
2.926534e-03
2.930039e-03
2.934936e-03
2.941164e-03
2.943363e-03
2.948190e-03
2.949521e-03
2.956152e-03
2.956550e-03
2.961416e-03
2.962608e-03
2.970112e-03
2.975025e-03
2.977460e-03
2.980004e-03
2.987248e-03
2.991300e-03
2.995269e-03
2.998345e-03
3.003896e-03
3.005168e-03
3.007186e-03
3.010023e-03
3.015235e-03
3.019455e-03
3.026596e-03
3.032707e-03
3.036481e-03
3.038989e-03
3.045293e-03
3.046970e-03
3.052093e-03
3.053680e-03
3.060138e-03
3.063768e-03
3.066531e-03
3.070042e-03
3.072710e-03
3.072877e-03
3.083823e-03
3.088576e-03
3.092471e-03
3.098702e-03
3.100407e-03
3.102054e-03
3.103348e-03
3.108768e-03
3.114542e-03
3.118833e-03
3.120776e-03
3.123880e-03
3.128581e-03
3.132068e-03
3.133867e-03
3.138387e-03
3.141779e-03
3.144689e-03
3.153131e-03
3.156030e-03
3.158908e-03
3.161411e-03
3.167517e-03
3.171297e-03
3.173047e-03
3.175327e-03
3.181167e-03
3.182119e-03
3.193005e-03
3.195807e-03
3.198001e-03
3.201705e-03
3.205647e-03
3.210077e-03
3.212989e-03
3.219106e-03
3.225952e-03
3.227502e-03
3.228097e-03
3.232709e-03
3.235972e-03
3.240768e-03
3.242149e-03
3.245931e-03
3.252823e-03
3.260021e-03
3.262861e-03
3.263713e-03
3.266867e-03
3.270173e-03
3.273523e-03
3.275879e-03
3.285008e-03
3.289470e-03
3.293166e-03
3.296611e-03
3.301624e-03
3.304556e-03
3.308499e-03
3.310651e-03
3.313598e-03
3.322285e-03
3.324755e-03
3.331868e-03
3.335853e-03
3.338830e-03
3.345067e-03
3.349449e-03
3.351217e-03
3.354367e-03
3.358395e-03
3.359195e-03
3.365766e-03
3.369182e-03
3.370467e-03
3.376291e-03
3.378836e-03
3.383603e-03
3.385304e-03
3.390270e-03
3.392891e-03
3.399660e-03
3.405974e-03
3.409449e-03
3.410967e-03
3.418876e-03
3.419839e-03
3.423947e-03
3.431462e-03
3.432845e-03
3.433637e-03
3.435774e-03
3.436734e-03
3.442360e-03
3.446340e-03
3.448942e-03
3.451143e-03
3.459488e-03
3.466046e-03
3.468008e-03
3.471455e-03
3.477997e-03
3.480851e-03
3.485931e-03
3.492067e-03
3.493462e-03
3.500765e-03
3.502272e-03
3.509278e-03
3.511617e-03
3.516941e-03
3.518822e-03
3.524037e-03
3.530474e-03
3.533475e-03
3.534626e-03
3.542431e-03
3.545566e-03
3.547367e-03
3.557140e-03
3.559193e-03
3.561497e-03
3.564049e-03
3.569239e-03
3.571719e-03
3.573227e-03
3.579174e-03
3.582474e-03
3.583862e-03
3.587123e-03
3.591738e-03
3.594179e-03
3.598243e-03
3.609370e-03
3.610070e-03
3.615371e-03
3.621927e-03
3.625118e-03
3.629798e-03
3.631562e-03
3.634394e-03
3.641694e-03
3.644665e-03
3.646361e-03
3.651399e-03
3.653795e-03
3.658358e-03
3.662247e-03
3.670484e-03
3.675172e-03
3.677930e-03
3.682336e-03
3.683620e-03
3.687189e-03
3.694162e-03
3.700699e-03
3.704074e-03
3.706341e-03
3.710294e-03
3.715676e-03
3.720447e-03
3.723057e-03
3.728152e-03
3.733795e-03
3.736632e-03
3.739990e-03
3.746153e-03
3.749123e-03
3.753009e-03
3.759736e-03
3.760004e-03
3.763284e-03
3.768010e-03
3.771316e-03
3.777159e-03
3.781305e-03
3.784483e-03
3.790116e-03
3.791332e-03
3.797630e-03
3.803536e-03
3.808680e-03
3.814857e-03
3.820604e-03
3.824405e-03
3.827260e-03
3.835131e-03
3.841370e-03
3.843570e-03
3.846952e-03
3.850304e-03
3.852764e-03
3.859133e-03
3.861982e-03
3.863832e-03
3.869902e-03
3.871021e-03
3.877964e-03
3.881077e-03
3.889621e-03
3.895249e-03
3.897777e-03
3.899364e-03
3.907287e-03
3.908901e-03
3.913029e-03
3.916197e-03
3.917866e-03
3.924505e-03
3.928941e-03
3.931989e-03
3.932684e-03
3.940403e-03
3.944408e-03
3.948176e-03
3.953790e-03
3.956908e-03
3.958906e-03
3.962720e-03
3.965464e-03
3.978801e-03
3.980479e-03
3.984665e-03
3.989129e-03
3.990102e-03
3.999614e-03
4.005364e-03
4.010381e-03
4.015612e-03
4.017188e-03
4.020200e-03
4.025024e-03
4.029159e-03
4.030170e-03
4.034672e-03
4.039076e-03
4.044917e-03
4.045117e-03
4.049642e-03
4.058410e-03
4.062141e-03
4.070448e-03
4.074898e-03
4.080500e-03
4.081084e-03
4.087284e-03
4.089246e-03
4.099114e-03
4.101242e-03
4.105418e-03
4.106459e-03
4.110552e-03
4.113607e-03
4.117040e-03
4.122107e-03
4.124523e-03
4.129681e-03
4.134046e-03
4.135159e-03
4.142261e-03
4.144126e-03
4.149063e-03
4.151886e-03
4.157405e-03
4.163470e-03
4.166628e-03
4.172067e-03
4.180046e-03
4.183320e-03
4.185320e-03
4.186138e-03
4.193277e-03
4.202492e-03
4.206642e-03
4.211038e-03
4.215783e-03
4.223012e-03
4.223902e-03
4.228769e-03
4.235431e-03
4.239952e-03
4.243482e-03
4.252518e-03
4.257005e-03
4.258514e-03
4.260589e-03
4.266321e-03
4.274717e-03
4.276485e-03
4.281538e-03
4.285998e-03
4.288274e-03
4.293177e-03
4.294848e-03
4.300063e-03
4.308390e-03
4.311376e-03
4.318046e-03
4.324388e-03
4.326958e-03
4.331706e-03
4.335198e-03
4.340255e-03
4.345017e-03
4.352514e-03
4.356220e-03
4.358799e-03
4.362579e-03
4.364948e-03
4.377925e-03
4.379546e-03
4.382389e-03
4.387610e-03
4.389088e-03
4.392993e-03
4.399445e-03
4.404667e-03
4.410572e-03
4.416961e-03
4.421513e-03
4.426076e-03
4.428787e-03
4.429981e-03
4.435949e-03
4.437710e-03
4.444317e-03
4.450939e-03
4.451622e-03
4.455877e-03
4.468600e-03
4.470743e-03
4.475736e-03
4.477274e-03
4.479788e-03
4.486401e-03
4.487234e-03
4.490027e-03
4.496470e-03
4.503502e-03
4.510386e-03
4.514821e-03
4.519480e-03
4.524728e-03
4.528756e-03
4.534770e-03
4.535550e-03
4.541185e-03
4.549897e-03
4.552376e-03
4.555371e-03
4.557929e-03
4.562576e-03
4.564739e-03
4.570971e-03
4.577746e-03
4.578358e-03
4.590453e-03
4.595370e-03
4.605525e-03
4.609822e-03
4.614996e-03
4.619139e-03
4.619952e-03
4.626618e-03
4.632141e-03
4.642287e-03
4.648151e-03
4.652132e-03
4.656278e-03
4.660320e-03
4.665042e-03
4.671491e-03
4.676940e-03
4.679867e-03
4.684181e-03
4.693268e-03
4.695420e-03
4.698139e-03
4.701443e-03
4.703462e-03
4.716920e-03
4.718539e-03
4.723039e-03
4.730480e-03
4.733152e-03
4.734815e-03
4.742567e-03
4.743840e-03
4.751929e-03
4.753240e-03
4.763423e-03
4.766865e-03
4.771880e-03
4.775920e-03
4.784179e-03
4.785764e-03
4.789606e-03
4.799425e-03
4.800238e-03
4.810420e-03
4.814680e-03
4.821668e-03
4.828189e-03
4.831596e-03
4.833269e-03
4.837836e-03
4.844934e-03
4.854192e-03
4.856626e-03
4.860520e-03
4.866238e-03
4.872846e-03
4.876553e-03
4.877425e-03
4.882224e-03
4.892799e-03
4.896769e-03
4.902464e-03
4.910610e-03
4.914701e-03
4.920609e-03
4.926173e-03
4.933159e-03
4.938505e-03
4.940923e-03
4.948286e-03
4.952408e-03
4.956797e-03
4.961178e-03
4.964078e-03
4.967284e-03
4.977810e-03
4.981245e-03
4.983790e-03
4.988887e-03
4.993309e-03
4.997276e-03
5.007450e-03
5.013598e-03
5.014675e-03
5.021361e-03
5.028355e-03
5.036686e-03
5.038768e-03
5.046873e-03
5.051867e-03
5.053803e-03
5.064260e-03
5.068454e-03
5.072691e-03
5.075367e-03
5.079009e-03
5.082327e-03
5.091820e-03
5.094391e-03
5.103462e-03
5.105898e-03
5.114776e-03
5.120149e-03
5.130382e-03
5.134631e-03
5.136959e-03
5.141810e-03
5.142803e-03
5.147158e-03
5.153731e-03
5.162251e-03
5.166190e-03
5.168468e-03
5.177893e-03
5.183623e-03
5.185038e-03
5.195758e-03
5.196613e-03
5.200711e-03
5.209359e-03
5.213951e-03
5.216363e-03
5.218149e-03
5.224061e-03
5.231629e-03
5.233175e-03
5.243196e-03
5.246804e-03
5.254203e-03
5.262093e-03
5.265901e-03
5.270282e-03
5.272747e-03
5.280231e-03
5.287391e-03
5.295948e-03
5.302255e-03
5.305762e-03
5.310643e-03
5.315818e-03
5.318050e-03
5.321930e-03
5.327820e-03
5.336488e-03
5.342260e-03
5.347680e-03
5.358050e-03
5.359758e-03
5.365723e-03
5.372309e-03
5.374120e-03
5.382102e-03
5.385217e-03
5.391357e-03
5.397907e-03
5.401235e-03
5.405724e-03
5.413263e-03
5.417549e-03
5.424628e-03
5.426256e-03
5.432303e-03
5.440151e-03
5.444136e-03
5.454768e-03
5.455824e-03
5.465157e-03
5.469935e-03
5.476137e-03
5.479012e-03
5.482299e-03
5.490736e-03
5.504154e-03
5.509105e-03
5.516471e-03
5.519263e-03
5.522825e-03
5.528309e-03
5.532598e-03
5.537254e-03
5.546693e-03
5.549435e-03
5.555127e-03
5.557714e-03
5.563865e-03
5.566005e-03
5.578580e-03
5.582617e-03
5.586586e-03
5.595219e-03
5.600755e-03
5.606440e-03
5.615636e-03
5.618988e-03
5.623463e-03
5.627769e-03
5.634374e-03
5.643526e-03
5.645465e-03
5.653077e-03
5.661657e-03
5.666541e-03
5.668431e-03
5.673452e-03
5.676838e-03
5.687333e-03
5.691481e-03
5.700891e-03
5.704880e-03
5.708137e-03
5.713153e-03
5.715042e-03
5.721894e-03
5.731405e-03
5.734935e-03
5.743655e-03
5.747772e-03
5.751778e-03
5.755494e-03
5.758701e-03
5.769624e-03
5.780019e-03
5.782725e-03
5.787340e-03
5.792600e-03
5.794091e-03
5.795288e-03
5.812696e-03
5.816944e-03
5.822707e-03
5.828946e-03
5.832972e-03
5.837926e-03
5.841693e-03
5.848648e-03
5.859918e-03
5.862311e-03
5.864005e-03
5.871494e-03
5.875302e-03
5.875595e-03
5.892500e-03
5.900398e-03
5.907576e-03
5.911294e-03
5.913664e-03
5.916082e-03
5.926839e-03
5.930419e-03
5.935001e-03
5.942724e-03
5.948233e-03
5.952305e-03
5.956650e-03
5.958875e-03
5.969672e-03
5.976660e-03
5.982581e-03
5.987275e-03
5.995235e-03
5.997398e-03
6.001271e-03
6.010178e-03
6.012391e-03
6.022177e-03
6.025494e-03
6.031618e-03
6.043026e-03
6.043335e-03
6.050475e-03
6.053695e-03
6.057512e-03
6.062917e-03
6.066788e-03
6.079849e-03
6.080181e-03
6.090713e-03
6.102959e-03
6.106609e-03
6.108798e-03
6.112737e-03
6.118178e-03
6.125070e-03
6.127642e-03
6.135434e-03
6.143734e-03
6.148275e-03
6.155930e-03
6.159445e-03
6.167395e-03
6.172299e-03
6.174298e-03
6.183708e-03
6.188315e-03
6.202709e-03
6.206619e-03
6.211568e-03
6.216622e-03
6.219819e-03
6.224979e-03
6.243090e-03
6.245664e-03
6.248959e-03
6.254648e-03
6.255995e-03
6.261883e-03
6.268373e-03
6.275333e-03
6.284880e-03
6.291288e-03
6.300175e-03
6.305687e-03
6.309016e-03
6.310749e-03
6.317521e-03
6.320654e-03
6.322961e-03
6.325570e-03
6.337850e-03
6.343077e-03
6.348995e-03
6.358117e-03
6.363176e-03
6.366745e-03
6.375585e-03
6.389537e-03
6.392876e-03
6.400001e-03
6.400600e-03
6.402282e-03
6.409128e-03
6.423837e-03
6.428052e-03
6.435733e-03
6.440594e-03
6.443072e-03
6.451575e-03
6.458309e-03
6.460796e-03
6.466430e-03
6.473751e-03
6.483635e-03
6.486357e-03
6.497213e-03
6.500727e-03
6.507770e-03
6.513483e-03
6.523331e-03
6.532174e-03
6.534448e-03
6.542161e-03
6.551914e-03
6.557009e-03
6.563612e-03
6.566623e-03
6.571632e-03
6.579141e-03
6.589122e-03
6.590989e-03
6.601364e-03
6.606456e-03
6.616129e-03
6.621122e-03
6.630119e-03
6.630409e-03
6.638881e-03
6.647266e-03
6.649844e-03
6.659121e-03
6.667757e-03
6.669981e-03
6.677626e-03
6.687919e-03
6.692185e-03
6.694924e-03
6.708836e-03
6.719210e-03
6.721330e-03
6.726399e-03
6.740011e-03
6.745918e-03
6.747136e-03
6.758979e-03
6.765931e-03
6.779316e-03
6.782143e-03
6.786232e-03
6.791796e-03
6.793095e-03
6.798060e-03
6.798656e-03
6.812403e-03
6.821318e-03
6.828031e-03
6.833021e-03
6.839194e-03
6.844560e-03
6.847383e-03
6.856420e-03
6.865148e-03
6.870934e-03
6.874402e-03
6.888018e-03
6.894858e-03
6.897035e-03
6.903275e-03
6.909003e-03
6.922439e-03
6.925177e-03
6.928424e-03
6.940390e-03
6.950996e-03
6.958086e-03
6.969978e-03
6.973945e-03
6.984677e-03
6.993142e-03
6.993836e-03
7.003106e-03
7.012653e-03
7.017904e-03
7.023563e-03
7.025664e-03
7.035731e-03
7.045307e-03
7.051554e-03
7.056323e-03
7.072423e-03
7.072749e-03
7.089326e-03
7.092794e-03
7.096260e-03
7.113374e-03
7.121137e-03
7.123399e-03
7.133915e-03
7.137251e-03
7.139516e-03
7.148234e-03
7.155612e-03
7.166278e-03
7.170687e-03
7.174023e-03
7.184057e-03
7.187638e-03
7.197243e-03
7.199793e-03
7.205853e-03
7.211117e-03
7.216718e-03
7.224042e-03
7.234224e-03
7.245485e-03
7.251125e-03
7.260599e-03
7.265008e-03
7.276151e-03
7.281428e-03
7.293218e-03
7.300062e-03
7.305048e-03
7.309072e-03
7.316624e-03
7.324049e-03
7.326501e-03
7.338423e-03
7.341299e-03
7.354181e-03
7.360440e-03
7.370682e-03
7.377277e-03
7.378957e-03
7.381554e-03
7.390536e-03
7.393402e-03
7.408358e-03
7.416933e-03
7.426773e-03
7.439441e-03
7.446165e-03
7.452794e-03
7.457381e-03
7.465853e-03
7.470701e-03
7.478956e-03
7.482670e-03
7.488238e-03
7.492523e-03
7.498530e-03
7.508164e-03
7.517357e-03
7.520826e-03
7.525178e-03
7.543409e-03
7.546689e-03
7.553315e-03
7.558612e-03
7.567185e-03
7.580093e-03
7.591429e-03
7.597933e-03
7.608624e-03
7.615018e-03
7.622497e-03
7.630517e-03
7.634208e-03
7.636868e-03
7.643218e-03
7.648884e-03
7.659974e-03
7.666482e-03
7.675960e-03
7.679607e-03
7.682088e-03
7.683654e-03
7.698872e-03
7.701175e-03
7.705463e-03
7.708302e-03
7.720066e-03
7.724118e-03
7.733652e-03
7.744421e-03
7.748552e-03
7.753331e-03
7.761800e-03
7.772879e-03
7.778522e-03
7.788825e-03
7.793452e-03
7.807694e-03
7.813127e-03
7.817283e-03
7.819422e-03
7.833634e-03
7.844850e-03
7.847324e-03
7.854332e-03
7.856897e-03
7.869457e-03
7.874039e-03
7.882672e-03
7.890650e-03
7.895511e-03
7.907195e-03
7.918089e-03
7.925720e-03
7.934467e-03
7.943144e-03
7.946255e-03
7.955203e-03
7.960307e-03
7.961316e-03
7.975115e-03
7.991088e-03
7.993901e-03
8.000547e-03
8.003779e-03
8.016718e-03
8.022547e-03
8.039562e-03
8.050501e-03
8.062885e-03
8.071484e-03
8.074928e-03
8.078099e-03
8.093396e-03
8.097159e-03
8.105203e-03
8.117028e-03
8.123014e-03
8.130134e-03
8.138764e-03
8.140467e-03
8.148133e-03
8.153650e-03
8.165412e-03
8.176585e-03
8.187000e-03
8.192707e-03
8.196388e-03
8.204499e-03
8.216157e-03
8.228890e-03
8.232803e-03
8.242401e-03
8.243328e-03
8.254097e-03
8.257709e-03
8.261536e-03
8.272386e-03
8.284104e-03
8.289599e-03
8.294123e-03
8.300236e-03
8.318835e-03
8.324097e-03
8.332877e-03
8.339742e-03
8.349529e-03
8.351576e-03
8.369084e-03
8.376694e-03
8.382161e-03
8.385766e-03
8.393143e-03
8.399090e-03
8.408635e-03
8.416790e-03
8.419647e-03
8.433473e-03
8.445312e-03
8.455275e-03
8.458574e-03
8.472662e-03
8.476962e-03
8.486782e-03
8.495447e-03
8.499032e-03
8.507220e-03
8.511233e-03
8.521847e-03
8.522545e-03
8.545365e-03
8.547976e-03
8.557466e-03
8.567325e-03
8.572633e-03
8.585710e-03
8.604624e-03
8.609753e-03
8.620721e-03
8.630576e-03
8.634973e-03
8.642290e-03
8.647988e-03
8.650207e-03
8.656866e-03
8.662257e-03
8.672513e-03
8.681755e-03
8.683827e-03
8.701726e-03
8.707432e-03
8.711739e-03
8.717947e-03
8.735748e-03
8.737538e-03
8.746895e-03
8.748428e-03
8.763968e-03
8.771461e-03
8.781875e-03
8.790538e-03
8.800980e-03
8.803965e-03
8.808079e-03
8.823111e-03
8.832522e-03
8.832936e-03
8.837111e-03
8.843962e-03
8.850702e-03
8.856956e-03
8.867677e-03
8.882569e-03
8.885956e-03
8.890561e-03
8.902532e-03
8.910235e-03
8.919152e-03
8.936868e-03
8.939080e-03
8.944744e-03
8.950091e-03
8.968162e-03
8.973050e-03
8.976281e-03
8.981121e-03
8.988560e-03
8.993055e-03
9.003805e-03
9.012602e-03
9.032747e-03
9.044925e-03
9.058347e-03
9.060566e-03
9.076703e-03
9.078311e-03
9.090522e-03
9.101035e-03
9.104935e-03
9.111982e-03
9.119305e-03
9.136547e-03
9.138620e-03
9.145744e-03
9.164610e-03
9.169279e-03
9.176129e-03
9.181939e-03
9.187270e-03
9.193143e-03
9.207713e-03
9.211165e-03
9.222209e-03
9.227702e-03
9.251041e-03
9.256902e-03
9.264760e-03
9.267851e-03
9.277148e-03
9.286481e-03
9.303335e-03
9.305511e-03
9.318428e-03
9.322327e-03
9.324988e-03
9.329100e-03
9.339191e-03
9.355470e-03
9.368436e-03
9.382696e-03
9.384913e-03
9.397122e-03
9.413355e-03
9.415449e-03
9.428672e-03
9.432808e-03
9.442827e-03
9.456730e-03
9.460264e-03
9.464843e-03
9.469515e-03
9.478789e-03
9.492207e-03
9.518269e-03
9.522109e-03
9.538280e-03
9.539139e-03
9.551299e-03
9.558021e-03
9.576798e-03
9.584387e-03
9.585371e-03
9.587965e-03
9.613531e-03
9.623731e-03
9.635924e-03
9.653207e-03
9.662352e-03
9.675096e-03
9.676180e-03
9.682700e-03
9.689155e-03
9.696553e-03
9.701565e-03
9.711556e-03
9.730898e-03
9.733913e-03
9.739899e-03
9.752297e-03
9.766959e-03
9.776084e-03
9.778404e-03
9.793970e-03
9.806847e-03
9.819621e-03
9.827602e-03
9.835485e-03
9.843950e-03
9.868573e-03
9.870652e-03
9.878572e-03
9.889199e-03
9.903529e-03
9.912228e-03
9.917031e-03
9.924038e-03
9.929247e-03
9.952925e-03
9.961339e-03
9.966443e-03
9.974137e-03
9.985749e-03
1.000076e-02
1.000573e-02
1.001282e-02
1.002853e-02
1.003362e-02
1.005332e-02
1.005833e-02
1.007196e-02
1.007258e-02
1.008250e-02
1.009446e-02
1.010423e-02
1.013262e-02
1.014440e-02
1.015358e-02
1.016814e-02
1.017130e-02
1.017690e-02
1.018910e-02
1.020550e-02
1.021347e-02
1.022024e-02
1.022677e-02
1.024440e-02
1.025747e-02
1.026405e-02
1.027139e-02
1.028007e-02
1.028984e-02
1.029264e-02
1.031207e-02
1.032363e-02
1.032721e-02
1.033277e-02
1.034454e-02
1.034592e-02
1.035552e-02
1.036431e-02
1.037505e-02
1.038838e-02
1.040480e-02
1.041505e-02
1.042245e-02
1.043175e-02
1.043824e-02
1.045198e-02
1.046323e-02
1.047223e-02
1.049049e-02
1.049374e-02
1.049904e-02
1.050461e-02
1.051319e-02
1.052821e-02
1.053318e-02
1.054440e-02
1.055239e-02
1.056989e-02
1.057213e-02
1.058436e-02
1.059379e-02
1.060264e-02
1.061241e-02
1.061829e-02
1.064006e-02
1.065529e-02
1.066242e-02
1.066762e-02
1.068475e-02
1.068828e-02
1.069857e-02
1.070150e-02
1.071021e-02
1.072237e-02
1.073167e-02
1.075203e-02
1.075506e-02
1.078241e-02
1.078980e-02
1.079301e-02
1.081145e-02
1.081968e-02
1.082666e-02
1.083719e-02
1.084486e-02
1.084596e-02
1.086455e-02
1.087098e-02
1.088514e-02
1.089024e-02
1.089575e-02
1.091021e-02
1.091925e-02
1.092913e-02
1.094304e-02
1.095132e-02
1.097256e-02
1.099160e-02
1.100158e-02
1.101246e-02
1.102348e-02
1.102779e-02
1.104286e-02
1.105212e-02
1.106901e-02
1.107403e-02
1.110034e-02
1.110601e-02
1.111986e-02
1.113247e-02
1.114204e-02
1.114961e-02
1.117689e-02
1.119616e-02
1.119849e-02
1.121118e-02
1.122235e-02
1.124070e-02
1.125383e-02
1.126104e-02
1.127512e-02
1.128688e-02
1.129533e-02
1.130679e-02
1.133178e-02
1.133558e-02
1.134914e-02
1.135929e-02
1.137346e-02
1.137923e-02
1.140252e-02
1.141279e-02
1.142333e-02
1.144920e-02
1.145451e-02
1.146518e-02
1.147398e-02
1.148204e-02
1.152210e-02
1.152464e-02
1.154310e-02
1.155020e-02
1.155796e-02
1.156104e-02
1.157550e-02
1.159348e-02
1.159948e-02
1.160865e-02
1.162938e-02
1.163878e-02
1.164771e-02
1.166283e-02
1.168250e-02
1.169507e-02
1.170655e-02
1.171523e-02
1.173559e-02
1.173650e-02
1.175343e-02
1.176988e-02
1.178233e-02
1.179053e-02
1.179990e-02
1.181926e-02
1.182897e-02
1.183927e-02
1.184932e-02
1.185569e-02
1.187839e-02
1.189481e-02
1.189756e-02
1.191793e-02
1.192575e-02
1.193156e-02
1.195920e-02
1.197907e-02
1.199100e-02
1.200087e-02
1.202335e-02
1.203759e-02
1.205623e-02
1.206322e-02
1.209005e-02
1.209642e-02
1.211107e-02
1.211775e-02
1.213034e-02
1.213322e-02
1.215463e-02
1.216341e-02
1.217161e-02
1.218108e-02
1.220033e-02
1.221092e-02
1.222498e-02
1.223265e-02
1.224231e-02
1.225313e-02
1.227131e-02
1.227821e-02
1.229950e-02
1.230901e-02
1.231482e-02
1.234918e-02
1.235766e-02
1.237410e-02
1.237662e-02
1.238850e-02
1.240513e-02
1.242061e-02
1.243709e-02
1.244486e-02
1.244986e-02
1.247402e-02
1.248105e-02
1.250144e-02
1.250448e-02
1.251465e-02
1.254535e-02
1.255442e-02
1.257053e-02
1.258478e-02
1.260374e-02
1.261811e-02
1.262589e-02
1.262960e-02
1.264769e-02
1.265484e-02
1.266338e-02
1.269305e-02
1.269589e-02
1.270528e-02
1.271818e-02
1.273827e-02
1.275552e-02
1.277103e-02
1.278733e-02
1.280278e-02
1.281979e-02
1.283741e-02
1.285027e-02
1.286072e-02
1.286726e-02
1.289099e-02
1.290591e-02
1.292317e-02
1.293114e-02
1.293532e-02
1.295425e-02
1.296746e-02
1.298649e-02
1.299595e-02
1.299992e-02
1.300667e-02
1.303142e-02
1.303259e-02
1.306328e-02
1.306447e-02
1.308903e-02
1.309172e-02
1.310665e-02
1.311859e-02
1.313417e-02
1.314211e-02
1.315759e-02
1.316243e-02
1.317542e-02
1.318176e-02
1.319787e-02
1.322273e-02
1.323016e-02
1.323591e-02
1.324804e-02
1.327120e-02
1.327834e-02
1.328419e-02
1.332031e-02
1.333349e-02
1.334394e-02
1.334821e-02
1.337203e-02
1.339821e-02
1.341598e-02
1.341966e-02
1.343776e-02
1.345501e-02
1.346020e-02
1.347728e-02
1.349381e-02
1.350962e-02
1.351633e-02
1.353662e-02
1.354027e-02
1.355189e-02
1.356840e-02
1.359199e-02
1.360916e-02
1.362741e-02
1.366216e-02
1.368355e-02
1.371026e-02
1.371567e-02
1.372691e-02
1.373497e-02
1.375731e-02
1.376271e-02
1.378841e-02
1.380496e-02
1.381183e-02
1.381878e-02
1.383165e-02
1.384805e-02
1.386915e-02
1.388129e-02
1.389885e-02
1.392342e-02
1.392742e-02
1.393296e-02
1.395826e-02
1.398167e-02
1.399197e-02
1.400817e-02
1.401971e-02
1.403770e-02
1.405303e-02
1.407148e-02
1.408993e-02
1.410349e-02
1.410756e-02
1.412518e-02
1.413417e-02
1.414414e-02
1.416347e-02
1.417182e-02
1.419180e-02
1.422182e-02
1.422857e-02
1.424046e-02
1.424521e-02
1.427018e-02
1.428800e-02
1.430114e-02
1.432740e-02
1.434303e-02
1.434668e-02
1.435439e-02
1.437605e-02
1.439017e-02
1.440547e-02
1.443693e-02
1.444994e-02
1.445773e-02
1.446456e-02
1.448676e-02
1.451173e-02
1.452228e-02
1.453497e-02
1.453822e-02
1.458778e-02
1.459760e-02
1.460154e-02
1.462417e-02
1.464899e-02
1.466486e-02
1.467001e-02
1.467749e-02
1.469555e-02
1.472142e-02
1.473272e-02
1.475091e-02
1.475519e-02
1.476564e-02
1.477659e-02
1.479206e-02
1.480024e-02
1.481529e-02
1.485637e-02
1.486624e-02
1.487846e-02
1.490832e-02
1.492262e-02
1.493428e-02
1.495907e-02
1.499838e-02
1.501050e-02
1.502087e-02
1.504010e-02
1.504402e-02
1.504756e-02
1.506802e-02
1.507338e-02
1.509024e-02
1.509141e-02
1.511045e-02
1.513217e-02
1.515735e-02
1.517213e-02
1.519689e-02
1.520665e-02
1.521930e-02
1.523607e-02
1.525002e-02
1.525777e-02
1.526902e-02
1.528948e-02
1.529454e-02
1.531147e-02
1.532246e-02
1.532852e-02
1.534584e-02
1.535659e-02
1.536728e-02
1.537721e-02
1.540459e-02
1.542370e-02
1.542992e-02
1.544643e-02
1.547534e-02
1.549794e-02
1.550677e-02
1.552426e-02
1.553937e-02
1.554339e-02
1.556346e-02
1.560102e-02
1.560144e-02
1.562363e-02
1.563703e-02
1.565644e-02
1.566121e-02
1.568293e-02
1.569487e-02
1.571797e-02
1.573913e-02
1.575318e-02
1.577406e-02
1.579907e-02
1.580197e-02
1.583415e-02
1.584175e-02
1.586003e-02
1.587475e-02
1.589090e-02
1.591589e-02
1.594941e-02
1.595987e-02
1.596945e-02
1.599195e-02
1.601922e-02
1.602478e-02
1.603083e-02
1.603950e-02
1.606689e-02
1.608192e-02
1.608488e-02
1.609655e-02
1.611583e-02
1.612453e-02
1.614462e-02
1.617514e-02
1.618268e-02
1.619558e-02
1.620841e-02
1.623392e-02
1.626238e-02
1.627056e-02
1.627771e-02
1.630773e-02
1.632724e-02
1.633738e-02
1.636064e-02
1.638101e-02
1.639922e-02
1.643860e-02
1.647370e-02
1.649560e-02
1.650623e-02
1.652176e-02
1.653601e-02
1.655426e-02
1.656566e-02
1.658827e-02
1.662262e-02
1.663021e-02
1.667078e-02
1.668542e-02
1.669888e-02
1.671546e-02
1.673931e-02
1.675638e-02
1.676183e-02
1.677165e-02
1.679777e-02
1.681234e-02
1.683035e-02
1.683547e-02
1.685229e-02
1.687770e-02
1.690690e-02
1.691862e-02
1.692529e-02
1.693797e-02
1.695782e-02
1.698491e-02
1.700545e-02
1.702077e-02
1.703988e-02
1.704855e-02
1.707492e-02
1.708730e-02
1.710698e-02
1.712378e-02
1.715866e-02
1.718189e-02
1.719680e-02
1.720713e-02
1.725557e-02
1.726252e-02
1.728805e-02
1.731154e-02
1.732699e-02
1.735532e-02
1.736674e-02
1.736867e-02
1.738668e-02
1.740387e-02
1.741496e-02
1.743691e-02
1.747586e-02
1.748293e-02
1.749804e-02
1.750625e-02
1.751254e-02
1.757233e-02
1.758701e-02
1.760813e-02
1.763547e-02
1.764773e-02
1.766879e-02
1.768260e-02
1.772707e-02
1.773161e-02
1.775546e-02
1.777148e-02
1.778416e-02
1.784934e-02
1.787150e-02
1.787991e-02
1.789823e-02
1.792075e-02
1.794501e-02
1.795581e-02
1.796911e-02
1.799473e-02
1.802014e-02
1.804214e-02
1.805020e-02
1.808901e-02
1.811697e-02
1.813132e-02
1.813909e-02
1.815966e-02
1.818735e-02
1.819206e-02
1.823646e-02
1.825503e-02
1.826180e-02
1.828436e-02
1.831231e-02
1.832593e-02
1.834263e-02
1.835836e-02
1.837920e-02
1.840695e-02
1.843077e-02
1.843918e-02
1.845242e-02
1.849503e-02
1.851005e-02
1.855444e-02
1.857108e-02
1.857608e-02
1.860285e-02
1.862817e-02
1.864223e-02
1.867209e-02
1.868352e-02
1.871896e-02
1.873627e-02
1.875432e-02
1.879229e-02
1.881860e-02
1.884030e-02
1.886920e-02
1.888602e-02
1.891206e-02
1.893045e-02
1.894280e-02
1.898135e-02
1.899990e-02
1.900100e-02
1.900860e-02
1.902954e-02
1.904787e-02
1.905532e-02
1.908903e-02
1.912246e-02
1.912539e-02
1.915015e-02
1.915992e-02
1.918206e-02
1.920591e-02
1.922639e-02
1.926242e-02
1.928332e-02
1.929639e-02
1.931487e-02
1.934883e-02
1.938274e-02
1.940065e-02
1.941760e-02
1.943658e-02
1.945619e-02
1.947697e-02
1.949693e-02
1.950548e-02
1.955275e-02
1.956580e-02
1.960425e-02
1.960841e-02
1.962974e-02
1.968146e-02
1.968253e-02
1.973017e-02
1.973640e-02
1.977547e-02
1.981957e-02
1.982743e-02
1.984944e-02
1.987908e-02
1.988793e-02
1.991503e-02
1.992516e-02
1.994668e-02
1.996228e-02
1.996534e-02
1.999116e-02
2.000998e-02
2.004050e-02
2.005263e-02
2.006915e-02
2.008817e-02
2.013002e-02
2.014927e-02
2.021069e-02
2.022227e-02
2.023788e-02
2.025768e-02
2.029208e-02
2.033639e-02
2.033831e-02
2.036851e-02
2.038851e-02
2.040414e-02
2.043440e-02
2.045229e-02
2.048574e-02
2.050654e-02
2.052480e-02
2.054107e-02
2.055750e-02
2.058701e-02
2.061361e-02
2.063604e-02
2.068563e-02
2.071524e-02
2.074196e-02
2.076362e-02
2.078229e-02
2.082185e-02
2.082626e-02
2.085473e-02
2.089976e-02
2.092199e-02
2.095477e-02
2.096377e-02
2.096908e-02
2.098508e-02
2.100621e-02
2.105093e-02
2.106608e-02
2.107828e-02
2.109998e-02
2.111120e-02
2.111845e-02
2.119689e-02
2.120362e-02
2.123710e-02
2.126133e-02
2.127338e-02
2.130492e-02
2.131067e-02
2.136029e-02
2.137353e-02
2.139479e-02
2.141840e-02
2.148324e-02
2.151312e-02
2.153395e-02
2.154846e-02
2.156976e-02
2.160101e-02
2.163306e-02
2.164157e-02
2.165350e-02
2.167106e-02
2.169788e-02
2.171590e-02
2.175521e-02
2.176578e-02
2.179591e-02
2.186563e-02
2.188038e-02
2.191435e-02
2.195827e-02
2.196986e-02
2.198794e-02
2.200531e-02
2.203110e-02
2.209212e-02
2.210916e-02
2.212618e-02
2.213530e-02
2.214437e-02
2.219089e-02
2.223136e-02
2.226009e-02
2.228241e-02
2.228664e-02
2.230327e-02
2.234920e-02
2.236127e-02
2.239814e-02
2.245331e-02
2.246745e-02
2.249556e-02
2.251172e-02
2.254550e-02
2.256837e-02
2.260829e-02
2.262982e-02
2.267574e-02
2.269663e-02
2.274538e-02
2.276724e-02
2.278589e-02
2.279359e-02
2.283007e-02
2.284484e-02
2.293423e-02
2.295150e-02
2.297176e-02
2.298627e-02
2.306187e-02
2.312599e-02
2.315759e-02
2.316775e-02
2.320429e-02
2.323541e-02
2.324900e-02
2.329578e-02
2.331512e-02
2.334998e-02
2.337645e-02
2.340498e-02
2.345377e-02
2.347202e-02
2.348676e-02
2.351297e-02
2.353599e-02
2.357093e-02
2.361033e-02
2.365148e-02
2.368762e-02
2.371669e-02
2.379744e-02
2.380513e-02
2.382921e-02
2.384130e-02
2.390866e-02
2.398206e-02
2.402067e-02
2.403436e-02
2.404448e-02
2.410105e-02
2.413301e-02
2.418522e-02
2.419763e-02
2.420784e-02
2.423721e-02
2.427135e-02
2.427677e-02
2.431560e-02
2.435251e-02
2.438861e-02
2.442063e-02
2.444410e-02
2.446848e-02
2.451772e-02
2.454525e-02
2.456243e-02
2.460083e-02
2.463321e-02
2.464679e-02
2.466815e-02
2.469570e-02
2.470894e-02
2.472612e-02
2.479526e-02
2.485160e-02
2.487490e-02
2.489903e-02
2.492254e-02
2.496543e-02
2.497959e-02
2.499289e-02
2.503700e-02
2.504371e-02
2.505072e-02
2.506096e-02
2.513504e-02
2.516934e-02
2.520744e-02
2.529244e-02
2.532685e-02
2.535023e-02
2.544071e-02
2.545564e-02
2.546050e-02
2.552036e-02
2.556711e-02
2.558324e-02
2.563484e-02
2.566203e-02
2.570936e-02
2.575660e-02
2.576841e-02
2.579371e-02
2.588536e-02
2.589970e-02
2.591245e-02
2.596162e-02
2.598522e-02
2.601285e-02
2.609155e-02
2.610682e-02
2.616061e-02
2.619411e-02
2.622623e-02
2.627774e-02
2.631115e-02
2.636131e-02
2.639026e-02
2.648475e-02
2.652306e-02
2.656851e-02
2.658897e-02
2.662083e-02
2.663169e-02
2.668577e-02
2.675355e-02
2.677065e-02
2.679768e-02
2.680337e-02
2.684067e-02
2.688157e-02
2.692185e-02
2.694574e-02
2.696582e-02
2.703839e-02
2.706762e-02
2.712525e-02
2.715134e-02
2.718051e-02
2.723880e-02
2.725355e-02
2.729838e-02
2.730727e-02
2.732573e-02
2.738718e-02
2.740870e-02
2.744674e-02
2.747990e-02
2.750323e-02
2.752323e-02
2.759235e-02
2.762475e-02
2.764753e-02
2.767112e-02
2.771594e-02
2.774219e-02
2.779416e-02
2.782830e-02
2.791547e-02
2.793198e-02
2.793748e-02
2.796628e-02
2.800654e-02
2.805453e-02
2.809090e-02
2.811912e-02
2.813469e-02
2.819207e-02
2.820419e-02
2.826148e-02
2.831867e-02
2.833724e-02
2.840408e-02
2.844117e-02
2.845903e-02
2.846720e-02
2.851132e-02
2.851607e-02
2.856368e-02
2.861650e-02
2.865959e-02
2.869427e-02
2.873695e-02
2.877759e-02
2.881837e-02
2.894656e-02
2.897676e-02
2.904309e-02
2.904884e-02
2.911440e-02
2.915751e-02
2.927629e-02
2.931937e-02
2.934952e-02
2.938804e-02
2.940144e-02
2.946170e-02
2.950630e-02
2.957508e-02
2.959107e-02
2.966083e-02
2.966963e-02
2.968760e-02
2.981495e-02
2.983614e-02
2.986691e-02
2.993237e-02
2.994893e-02
3.002680e-02
3.003116e-02
3.010035e-02
3.013043e-02
3.015674e-02
3.020881e-02
3.029184e-02
3.034845e-02
3.036396e-02
3.045058e-02
3.052348e-02
3.054102e-02
3.056633e-02
3.062193e-02
3.064486e-02
3.067789e-02
3.071149e-02
3.077674e-02
3.081254e-02
3.083480e-02
3.091398e-02
3.098823e-02
3.099516e-02
3.103654e-02
3.116224e-02
3.118974e-02
3.121752e-02
3.130969e-02
3.132602e-02
3.139202e-02
3.139799e-02
3.141646e-02
3.148751e-02
3.152423e-02
3.153581e-02
3.159792e-02
3.164732e-02
3.167486e-02
3.171938e-02
3.184887e-02
3.186609e-02
3.193075e-02
3.198390e-02
3.207087e-02
3.209852e-02
3.216138e-02
3.223260e-02
3.231201e-02
3.235234e-02
3.244079e-02
3.249481e-02
3.259394e-02
3.261993e-02
3.264670e-02
3.269688e-02
3.276795e-02
3.286476e-02
3.288387e-02
3.289845e-02
3.298813e-02
3.303189e-02
3.310736e-02
3.316536e-02
3.323223e-02
3.330407e-02
3.334144e-02
3.345908e-02
3.349467e-02
3.354091e-02
3.357511e-02
3.361393e-02
3.364449e-02
3.366923e-02
3.369944e-02
3.374637e-02
3.377984e-02
3.383979e-02
3.391190e-02
3.394121e-02
3.401413e-02
3.404816e-02
3.409730e-02
3.415358e-02
3.417780e-02
3.422794e-02
3.429351e-02
3.438195e-02
3.448110e-02
3.449606e-02
3.463862e-02
3.471189e-02
3.478572e-02
3.480622e-02
3.485597e-02
3.502213e-02
3.505210e-02
3.515167e-02
3.527622e-02
3.530961e-02
3.534964e-02
3.535683e-02
3.559842e-02
3.581712e-02
3.590563e-02
3.594836e-02
3.599533e-02
3.607058e-02
3.618403e-02
3.627520e-02
3.632766e-02
3.639525e-02
3.647523e-02
3.656520e-02
3.678673e-02
3.680772e-02
3.686224e-02
3.688961e-02
3.700780e-02
3.703670e-02
3.710693e-02
3.717910e-02
3.723267e-02
3.736495e-02
3.743573e-02
3.753363e-02
3.772164e-02
3.776930e-02
3.780379e-02
3.784484e-02
3.795570e-02
3.798945e-02
3.814506e-02
3.816516e-02
3.824136e-02
3.827554e-02
3.831739e-02
3.836973e-02
3.844833e-02
3.856390e-02
3.866999e-02
3.873382e-02
3.879916e-02
3.884709e-02
3.893861e-02
3.897496e-02
3.912420e-02
3.916005e-02
3.927748e-02
3.936811e-02
3.945092e-02
3.956492e-02
3.957675e-02
3.961196e-02
3.975802e-02
3.985926e-02
3.989338e-02
3.993121e-02
3.996632e-02
4.004115e-02
4.011821e-02
4.022301e-02
4.035210e-02
4.036716e-02
4.042636e-02
4.048937e-02
4.052994e-02
4.063426e-02
4.074355e-02
4.085269e-02
4.089163e-02
4.097585e-02
4.104832e-02
4.110283e-02
4.113392e-02
4.131171e-02
4.145190e-02
4.149113e-02
4.169787e-02
4.177138e-02
4.180335e-02
4.200852e-02
4.211492e-02
4.213276e-02
4.216625e-02
4.221707e-02
4.237532e-02
4.251942e-02
4.260320e-02
4.264937e-02
4.282406e-02
4.290096e-02
4.294083e-02
4.294351e-02
4.298409e-02
4.302181e-02
4.305021e-02
4.320306e-02
4.327341e-02
4.346602e-02
4.358486e-02
4.365139e-02
4.382976e-02
4.396733e-02
4.399333e-02
4.418810e-02
4.423044e-02
4.431814e-02
4.437699e-02
4.443843e-02
4.457921e-02
4.471694e-02
4.490241e-02
4.500389e-02
4.505031e-02
4.522462e-02
4.533439e-02
4.541545e-02
4.543407e-02
4.548654e-02
4.552112e-02
4.565788e-02
4.583316e-02
4.583473e-02
4.589596e-02
4.598795e-02
4.603564e-02
4.605200e-02
4.623225e-02
4.628696e-02
4.634139e-02
4.665008e-02
4.675821e-02
4.684187e-02
4.698419e-02
4.733607e-02
4.747209e-02
4.757782e-02
4.771099e-02
4.784054e-02
4.820784e-02
4.830398e-02
4.836872e-02
4.839451e-02
4.846343e-02
4.877034e-02
4.886579e-02
4.892144e-02
4.894175e-02
4.900740e-02
4.902403e-02
4.910137e-02
4.916332e-02
4.928995e-02
4.939070e-02
4.943467e-02
4.962403e-02
4.983370e-02
4.988549e-02
5.014983e-02
5.026234e-02
5.032281e-02
5.040722e-02
5.040983e-02
5.069010e-02
5.074859e-02
5.098840e-02
5.114035e-02
5.139392e-02
5.154936e-02
5.157722e-02
5.170597e-02
5.170768e-02
5.181528e-02
5.182931e-02
5.189120e-02
5.223028e-02
5.247025e-02
5.294556e-02
5.331965e-02
5.353536e-02
5.368474e-02
5.391946e-02
5.401411e-02
5.427274e-02
5.430164e-02
5.455885e-02
5.464269e-02
5.479786e-02
5.491369e-02
5.504306e-02
5.517164e-02
5.549471e-02
5.569034e-02
5.578225e-02
5.580973e-02
5.606730e-02
5.608016e-02
5.628727e-02
5.634174e-02
5.659269e-02
5.668395e-02
5.707525e-02
5.734889e-02
5.736271e-02
5.751487e-02
5.767450e-02
5.794137e-02
5.801267e-02
5.809688e-02
5.815363e-02
5.823465e-02
5.826812e-02
5.832144e-02
5.839067e-02
5.863040e-02
5.892872e-02
5.897152e-02
5.900362e-02
5.919257e-02
5.921760e-02
5.958017e-02
6.013747e-02
6.024149e-02
6.035955e-02
6.094325e-02
6.110647e-02
6.129045e-02
6.155940e-02
6.157383e-02
6.165390e-02
6.216136e-02
6.218215e-02
6.224056e-02
6.233728e-02
6.282237e-02
6.332892e-02
6.336736e-02
6.356648e-02
6.388332e-02
6.398610e-02
6.427672e-02
6.471635e-02
6.511848e-02
6.518556e-02
6.522940e-02
6.531965e-02
6.571137e-02
6.590404e-02
6.608365e-02
6.616683e-02
6.626833e-02
6.631155e-02
6.697628e-02
6.702698e-02
6.761425e-02
6.792081e-02
6.859237e-02
6.883388e-02
6.899620e-02
6.982289e-02
7.056204e-02
7.059245e-02
7.067230e-02
7.084489e-02
7.089191e-02
7.114019e-02
7.147821e-02
7.171342e-02
7.233627e-02
7.264500e-02
7.270291e-02
7.294571e-02
7.331061e-02
7.343634e-02
7.396073e-02
7.423466e-02
7.438243e-02
7.484735e-02
7.519736e-02
7.565695e-02
7.587316e-02
7.635714e-02
7.640282e-02
7.755896e-02
7.801013e-02
7.808707e-02
7.893459e-02
7.935432e-02
8.007614e-02
8.062706e-02
8.084705e-02
8.177710e-02
8.186308e-02
8.220298e-02
8.241046e-02
8.307747e-02
8.323640e-02
8.391846e-02
8.539923e-02
8.562518e-02
8.605471e-02
8.618470e-02
8.620138e-02
8.631333e-02
8.726548e-02
8.730805e-02
8.800281e-02
8.854472e-02
8.863838e-02
9.014674e-02
9.151280e-02
9.167443e-02
9.268404e-02
9.274489e-02
9.281807e-02
9.370640e-02
9.427647e-02
9.471267e-02
9.651306e-02
9.772701e-02
9.820824e-02
9.892144e-02
9.941790e-02
9.967807e-02
1.007236e-01
1.007552e-01
1.013191e-01
1.019567e-01
1.020987e-01
1.037419e-01
1.038735e-01
1.045178e-01
1.045487e-01
1.060374e-01
1.091031e-01
1.093380e-01
1.103914e-01
1.109749e-01
1.127950e-01
1.143082e-01
1.152758e-01
1.190117e-01
1.209996e-01
1.217427e-01
1.231802e-01
1.264084e-01
1.274226e-01
1.376626e-01
1.444882e-01
1.471851e-01
1.483480e-01
1.531397e-01
1.531609e-01
1.532301e-01
1.636130e-01
1.657625e-01
1.886016e-01
1.892044e-01
2.143444e-01
2.317290e-01
2.440379e-01
3.229588e-01
3.599834e-01
1.000000e+00
