# SF-29 N2 candidate (i) i1 field=lester2021 eps=0.25 N=12: sorted relative singular values of the dense central-FD Jacobian at the converged state (rows F_i=-q(L_i-S_i); outlet rows (2q/h)(vperp_in-c_perp); smax=1.416257e+03)
1.470215e-03
1.528913e-03
1.532729e-03
1.532977e-03
1.544966e-03
1.545214e-03
1.548942e-03
1.568549e-03
1.574542e-03
1.587151e-03
1.600501e-03
1.619972e-03
1.626479e-03
1.637784e-03
1.670474e-03
1.682132e-03
1.743526e-03
1.745148e-03
1.777571e-03
1.787850e-03
1.963791e-03
1.963973e-03
2.045997e-03
2.049146e-03
3.115348e-03
3.116912e-03
3.118051e-03
3.129736e-03
6.934233e-03
6.945051e-03
7.267667e-03
7.274057e-03
7.603222e-03
7.605297e-03
7.989915e-03
8.008857e-03
1.284634e-02
1.285229e-02
1.289411e-02
1.292794e-02
1.317583e-02
1.319201e-02
1.323706e-02
1.324517e-02
1.327938e-02
1.365991e-02
1.377563e-02
1.378788e-02
1.379526e-02
1.379841e-02
1.383727e-02
1.385712e-02
1.387643e-02
1.388040e-02
1.389237e-02
1.393042e-02
1.397214e-02
1.403527e-02
1.407864e-02
1.408583e-02
1.412448e-02
1.428333e-02
1.436122e-02
1.444352e-02
1.446954e-02
1.448713e-02
1.453937e-02
1.462933e-02
1.551423e-02
1.564744e-02
1.565183e-02
1.574014e-02
1.863849e-02
1.883668e-02
1.883894e-02
1.891492e-02
1.909651e-02
1.910781e-02
1.912062e-02
1.939060e-02
1.944703e-02
1.944917e-02
1.974719e-02
1.975024e-02
2.014529e-02
2.014785e-02
2.044285e-02
2.045082e-02
2.186440e-02
2.186733e-02
2.278431e-02
2.283193e-02
2.291166e-02
2.295368e-02
2.303711e-02
2.307513e-02
2.317043e-02
2.328873e-02
2.337705e-02
2.359153e-02
2.362167e-02
2.430269e-02
2.432358e-02
2.445733e-02
2.451032e-02
2.464287e-02
2.483377e-02
2.591496e-02
2.602355e-02
2.605559e-02
2.607423e-02
2.611630e-02
2.635996e-02
2.641252e-02
2.657889e-02
2.662682e-02
3.194060e-02
3.196900e-02
3.203754e-02
3.219648e-02
3.226759e-02
3.229052e-02
3.229359e-02
3.250343e-02
3.529320e-02
3.532775e-02
3.571292e-02
3.572637e-02
3.670706e-02
3.675914e-02
3.682093e-02
3.683983e-02
3.708301e-02
3.709906e-02
3.711700e-02
3.714672e-02
3.740333e-02
3.740563e-02
3.743407e-02
3.745692e-02
3.746486e-02
3.806725e-02
3.811029e-02
3.822812e-02
3.824150e-02
3.826503e-02
3.829356e-02
3.837289e-02
3.853558e-02
3.853581e-02
3.855250e-02
3.858356e-02
3.866137e-02
3.870560e-02
3.874668e-02
3.887474e-02
3.893588e-02
3.913528e-02
3.920003e-02
3.921164e-02
3.929149e-02
3.930252e-02
3.935930e-02
3.949092e-02
3.999215e-02
4.004874e-02
4.005714e-02
4.022568e-02
4.028994e-02
4.032618e-02
4.034432e-02
4.034696e-02
4.035949e-02
4.055421e-02
4.068202e-02
4.076020e-02
4.283702e-02
4.312711e-02
4.313181e-02
4.329442e-02
4.342772e-02
4.342845e-02
4.425520e-02
4.431689e-02
4.437284e-02
4.447942e-02
4.468558e-02
4.474139e-02
4.509988e-02
4.518030e-02
4.520888e-02
4.532447e-02
5.048951e-02
5.054158e-02
5.057935e-02
5.066262e-02
5.083692e-02
5.093932e-02
5.096441e-02
5.104340e-02
5.548796e-02
5.552470e-02
5.578758e-02
5.592215e-02
5.596855e-02
5.606886e-02
5.609467e-02
5.624083e-02
5.737293e-02
5.737464e-02
5.791915e-02
5.792246e-02
5.907988e-02
5.908074e-02
5.961797e-02
5.963733e-02
5.990181e-02
6.016245e-02
6.036153e-02
6.037845e-02
6.055884e-02
6.077620e-02
6.102590e-02
6.114374e-02
6.123103e-02
6.123184e-02
6.143993e-02
6.149520e-02
6.159733e-02
6.162433e-02
6.163254e-02
6.173450e-02
6.201759e-02
6.215045e-02
6.227222e-02
6.229931e-02
6.252758e-02
6.269369e-02
6.299265e-02
6.299995e-02
6.308282e-02
6.314792e-02
6.315478e-02
6.320165e-02
6.321965e-02
6.323822e-02
6.331353e-02
6.350493e-02
6.900297e-02
6.915096e-02
7.003525e-02
7.004368e-02
7.021132e-02
7.021243e-02
7.092056e-02
7.110086e-02
7.309486e-02
7.323076e-02
7.334739e-02
7.350535e-02
7.352702e-02
7.395213e-02
7.415819e-02
7.419426e-02
7.421147e-02
7.430739e-02
7.433109e-02
7.433751e-02
7.445297e-02
7.446672e-02
7.450549e-02
7.454532e-02
7.459099e-02
7.460923e-02
7.490201e-02
7.497783e-02
7.499389e-02
7.501734e-02
7.506389e-02
7.510723e-02
7.516622e-02
7.527694e-02
7.530252e-02
7.543388e-02
7.543618e-02
7.544772e-02
7.557395e-02
7.559087e-02
7.567733e-02
7.568838e-02
7.578820e-02
7.579669e-02
7.593602e-02
7.602195e-02
7.608767e-02
7.612830e-02
7.959016e-02
7.968695e-02
7.991944e-02
8.006132e-02
8.006763e-02
8.037005e-02
8.049993e-02
8.065525e-02
8.161715e-02
8.180905e-02
8.310570e-02
8.326256e-02
8.421800e-02
8.422954e-02
8.435992e-02
8.436799e-02
8.455729e-02
8.480728e-02
8.481873e-02
8.495241e-02
8.504684e-02
8.513531e-02
8.515146e-02
8.528532e-02
8.528667e-02
8.545619e-02
8.563152e-02
8.567161e-02
8.575224e-02
8.591035e-02
8.599081e-02
8.609030e-02
8.670432e-02
8.672208e-02
8.714399e-02
8.715901e-02
8.783900e-02
8.799790e-02
8.803670e-02
8.830989e-02
8.840452e-02
8.880067e-02
8.886042e-02
8.914082e-02
9.320233e-02
9.335170e-02
9.358721e-02
9.381852e-02
9.404816e-02
9.412419e-02
9.423490e-02
9.435705e-02
9.518490e-02
9.545731e-02
9.632256e-02
9.655728e-02
9.708118e-02
9.716397e-02
9.724188e-02
9.739584e-02
9.747134e-02
9.747781e-02
9.750974e-02
9.751078e-02
9.761925e-02
9.762516e-02
9.765557e-02
9.772024e-02
9.788089e-02
9.798765e-02
9.855655e-02
9.856719e-02
9.869111e-02
9.870341e-02
9.931478e-02
9.945149e-02
1.024850e-01
1.025201e-01
1.038594e-01
1.038757e-01
1.038942e-01
1.039230e-01
1.039329e-01
1.040059e-01
1.044530e-01
1.045518e-01
1.046329e-01
1.047158e-01
1.054010e-01
1.054011e-01
1.055712e-01
1.055749e-01
1.078475e-01
1.081321e-01
1.091332e-01
1.094472e-01
1.094523e-01
1.097077e-01
1.103287e-01
1.103615e-01
1.106227e-01
1.107241e-01
1.111054e-01
1.111806e-01
1.132115e-01
1.132370e-01
1.133198e-01
1.133262e-01
1.155383e-01
1.156631e-01
1.159325e-01
1.159338e-01
1.161397e-01
1.163110e-01
1.163846e-01
1.165980e-01
1.166281e-01
1.171485e-01
1.172062e-01
1.180285e-01
1.180291e-01
1.180582e-01
1.181021e-01
1.192668e-01
1.194726e-01
1.195897e-01
1.196191e-01
1.196459e-01
1.196470e-01
1.197453e-01
1.198025e-01
1.198285e-01
1.198589e-01
1.198641e-01
1.200246e-01
1.200467e-01
1.200736e-01
1.201567e-01
1.203101e-01
1.203533e-01
1.203618e-01
1.206399e-01
1.207261e-01
1.207275e-01
1.208685e-01
1.209355e-01
1.209842e-01
1.210813e-01
1.210836e-01
1.210843e-01
1.212120e-01
1.212254e-01
1.212540e-01
1.213861e-01
1.214739e-01
1.217921e-01
1.219474e-01
1.228683e-01
1.231708e-01
1.232389e-01
1.232593e-01
1.233895e-01
1.237565e-01
1.239402e-01
1.239449e-01
1.242587e-01
1.245902e-01
1.248189e-01
1.249237e-01
1.250225e-01
1.252571e-01
1.259266e-01
1.259777e-01
1.264956e-01
1.265439e-01
1.265769e-01
1.266202e-01
1.266307e-01
1.269241e-01
1.270724e-01
1.272232e-01
1.273857e-01
1.275763e-01
1.276864e-01
1.281731e-01
1.282255e-01
1.286465e-01
1.287095e-01
1.287214e-01
1.289844e-01
1.296712e-01
1.299100e-01
1.302052e-01
1.302263e-01
1.303670e-01
1.304892e-01
1.305466e-01
1.307250e-01
1.307941e-01
1.308718e-01
1.314058e-01
1.315069e-01
1.316986e-01
1.318432e-01
1.318643e-01
1.319450e-01
1.323669e-01
1.325050e-01
1.325803e-01
1.326996e-01
1.328854e-01
1.329501e-01
1.330756e-01
1.334939e-01
1.336552e-01
1.337085e-01
1.338648e-01
1.348283e-01
1.348545e-01
1.355992e-01
1.363613e-01
1.369229e-01
1.369403e-01
1.370012e-01
1.370465e-01
1.370722e-01
1.376334e-01
1.376360e-01
1.385560e-01
1.387138e-01
1.390406e-01
1.391389e-01
1.391830e-01
1.392688e-01
1.395706e-01
1.397160e-01
1.398179e-01
1.400827e-01
1.402469e-01
1.408896e-01
1.412269e-01
1.413552e-01
1.418232e-01
1.423323e-01
1.424656e-01
1.425902e-01
1.426002e-01
1.426310e-01
1.428185e-01
1.428827e-01
1.436810e-01
1.436828e-01
1.437291e-01
1.437905e-01
1.443515e-01
1.443632e-01
1.443997e-01
1.448303e-01
1.475963e-01
1.477776e-01
1.477860e-01
1.480088e-01
1.491583e-01
1.492725e-01
1.496011e-01
1.501989e-01
1.506892e-01
1.507845e-01
1.511648e-01
1.512886e-01
1.518967e-01
1.520505e-01
1.525257e-01
1.525556e-01
1.530813e-01
1.536772e-01
1.538660e-01
1.541153e-01
1.542923e-01
1.548294e-01
1.551050e-01
1.559185e-01
1.559623e-01
1.561771e-01
1.564811e-01
1.566053e-01
1.575108e-01
1.575469e-01
1.577539e-01
1.577590e-01
1.583265e-01
1.583809e-01
1.583809e-01
1.585071e-01
1.585588e-01
1.586664e-01
1.591798e-01
1.591969e-01
1.592093e-01
1.593222e-01
1.593318e-01
1.593560e-01
1.594207e-01
1.596188e-01
1.607479e-01
1.608265e-01
1.610121e-01
1.610479e-01
1.614821e-01
1.615851e-01
1.615913e-01
1.623961e-01
1.627783e-01
1.630655e-01
1.630983e-01
1.631727e-01
1.632643e-01
1.633429e-01
1.633730e-01
1.635842e-01
1.642453e-01
1.642757e-01
1.645876e-01
1.645970e-01
1.648970e-01
1.655429e-01
1.655929e-01
1.656798e-01
1.657844e-01
1.658416e-01
1.663185e-01
1.664930e-01
1.665584e-01
1.666252e-01
1.669741e-01
1.673607e-01
1.674173e-01
1.674211e-01
1.680718e-01
1.681124e-01
1.681429e-01
1.681517e-01
1.687545e-01
1.690624e-01
1.691000e-01
1.692892e-01
1.693990e-01
1.696228e-01
1.699089e-01
1.699267e-01
1.701452e-01
1.707008e-01
1.709142e-01
1.709458e-01
1.713227e-01
1.713502e-01
1.719056e-01
1.719656e-01
1.720967e-01
1.722411e-01
1.725895e-01
1.726084e-01
1.726129e-01
1.726317e-01
1.727813e-01
1.731515e-01
1.731802e-01
1.733010e-01
1.733918e-01
1.734961e-01
1.735509e-01
1.736023e-01
1.736183e-01
1.737330e-01
1.737992e-01
1.738433e-01
1.738512e-01
1.740381e-01
1.741659e-01
1.741928e-01
1.745760e-01
1.746545e-01
1.752497e-01
1.753420e-01
1.755500e-01
1.755663e-01
1.755752e-01
1.758332e-01
1.758890e-01
1.760260e-01
1.762184e-01
1.764564e-01
1.765137e-01
1.765507e-01
1.766503e-01
1.767020e-01
1.770414e-01
1.772402e-01
1.772867e-01
1.775669e-01
1.775721e-01
1.780273e-01
1.780644e-01
1.781000e-01
1.783578e-01
1.785231e-01
1.786526e-01
1.786797e-01
1.790209e-01
1.790872e-01
1.791673e-01
1.792880e-01
1.794502e-01
1.794613e-01
1.795029e-01
1.796988e-01
1.797580e-01
1.806173e-01
1.806223e-01
1.808011e-01
1.809318e-01
1.810404e-01
1.811467e-01
1.813214e-01
1.814448e-01
1.815319e-01
1.816827e-01
1.819685e-01
1.822456e-01
1.823044e-01
1.823327e-01
1.823926e-01
1.824174e-01
1.824788e-01
1.825269e-01
1.826544e-01
1.827955e-01
1.828815e-01
1.830625e-01
1.832246e-01
1.832697e-01
1.834129e-01
1.836088e-01
1.836126e-01
1.836902e-01
1.838676e-01
1.838984e-01
1.839117e-01
1.839991e-01
1.842023e-01
1.846566e-01
1.846587e-01
1.849583e-01
1.851169e-01
1.851223e-01
1.852315e-01
1.852578e-01
1.853246e-01
1.858265e-01
1.859180e-01
1.860063e-01
1.861982e-01
1.863135e-01
1.863972e-01
1.864366e-01
1.864769e-01
1.866173e-01
1.869070e-01
1.869188e-01
1.871230e-01
1.871973e-01
1.872168e-01
1.874388e-01
1.874433e-01
1.878448e-01
1.881227e-01
1.881811e-01
1.883843e-01
1.884464e-01
1.884623e-01
1.886409e-01
1.888311e-01
1.889016e-01
1.889838e-01
1.892879e-01
1.894623e-01
1.896024e-01
1.896178e-01
1.897681e-01
1.898085e-01
1.898301e-01
1.899623e-01
1.900116e-01
1.901471e-01
1.903614e-01
1.904084e-01
1.904988e-01
1.911554e-01
1.912688e-01
1.914832e-01
1.915883e-01
1.916134e-01
1.917611e-01
1.917871e-01
1.920217e-01
1.922485e-01
1.924440e-01
1.925320e-01
1.929144e-01
1.929911e-01
1.930769e-01
1.930854e-01
1.936335e-01
1.936614e-01
1.938582e-01
1.938817e-01
1.939428e-01
1.939878e-01
1.941176e-01
1.941623e-01
1.948832e-01
1.950201e-01
1.950504e-01
1.951662e-01
1.953759e-01
1.954249e-01
1.954736e-01
1.954939e-01
1.957775e-01
1.957897e-01
1.964871e-01
1.969157e-01
1.970404e-01
1.971210e-01
1.971658e-01
1.974473e-01
1.979030e-01
1.980221e-01
1.992928e-01
2.003853e-01
2.007045e-01
2.014115e-01
2.015465e-01
2.017887e-01
2.018866e-01
2.022636e-01
2.034485e-01
2.036065e-01
2.073236e-01
2.073659e-01
2.078434e-01
2.079321e-01
2.082257e-01
2.083367e-01
2.083422e-01
2.085180e-01
2.086381e-01
2.093373e-01
2.098250e-01
2.104366e-01
2.106720e-01
2.107669e-01
2.108257e-01
2.109159e-01
2.110136e-01
2.110204e-01
2.110257e-01
2.114013e-01
2.117530e-01
2.132652e-01
2.132884e-01
2.133355e-01
2.140166e-01
2.142210e-01
2.142891e-01
2.148982e-01
2.151326e-01
2.154209e-01
2.155038e-01
2.157223e-01
2.158442e-01
2.159342e-01
2.167549e-01
2.167724e-01
2.167784e-01
2.170101e-01
2.170575e-01
2.172591e-01
2.172690e-01
2.174396e-01
2.178577e-01
2.179570e-01
2.184324e-01
2.185145e-01
2.190841e-01
2.209544e-01
2.211811e-01
2.226941e-01
2.227567e-01
2.230350e-01
2.233269e-01
2.234060e-01
2.239041e-01
2.244108e-01
2.251102e-01
2.251415e-01
2.252695e-01
2.254428e-01
2.267000e-01
2.267442e-01
2.268721e-01
2.269755e-01
2.271867e-01
2.273879e-01
2.274512e-01
2.274617e-01
2.277559e-01
2.280235e-01
2.281579e-01
2.281805e-01
2.283330e-01
2.284356e-01
2.284377e-01
2.284942e-01
2.286442e-01
2.289412e-01
2.291306e-01
2.293947e-01
2.295209e-01
2.295250e-01
2.296870e-01
2.298924e-01
2.300577e-01
2.300971e-01
2.301195e-01
2.303861e-01
2.309519e-01
2.311734e-01
2.312777e-01
2.314119e-01
2.316760e-01
2.317656e-01
2.321844e-01
2.322579e-01
2.327228e-01
2.327466e-01
2.328626e-01
2.329057e-01
2.329671e-01
2.333893e-01
2.334584e-01
2.334913e-01
2.335207e-01
2.337826e-01
2.339437e-01
2.341330e-01
2.346695e-01
2.349313e-01
2.349696e-01
2.351467e-01
2.351663e-01
2.352136e-01
2.355598e-01
2.358733e-01
2.358795e-01
2.363797e-01
2.366517e-01
2.366916e-01
2.369358e-01
2.372167e-01
2.373993e-01
2.380662e-01
2.382757e-01
2.383864e-01
2.387828e-01
2.390329e-01
2.390789e-01
2.401826e-01
2.405313e-01
2.411089e-01
2.411534e-01
2.413530e-01
2.414883e-01
2.418977e-01
2.420953e-01
2.422373e-01
2.428388e-01
2.428952e-01
2.436094e-01
2.436413e-01
2.439744e-01
2.443094e-01
2.443441e-01
2.443935e-01
2.447685e-01
2.450009e-01
2.458791e-01
2.460537e-01
2.464168e-01
2.466463e-01
2.468086e-01
2.468965e-01
2.470523e-01
2.471808e-01
2.473158e-01
2.474544e-01
2.477451e-01
2.477485e-01
2.487400e-01
2.487981e-01
2.497499e-01
2.500063e-01
2.500784e-01
2.501476e-01
2.505916e-01
2.509810e-01
2.511341e-01
2.512525e-01
2.515659e-01
2.517323e-01
2.527742e-01
2.537725e-01
2.537764e-01
2.541011e-01
2.541445e-01
2.542484e-01
2.545513e-01
2.554599e-01
2.555806e-01
2.562281e-01
2.566237e-01
2.571006e-01
2.571313e-01
2.571766e-01
2.572139e-01
2.574080e-01
2.575594e-01
2.580395e-01
2.581647e-01
2.582518e-01
2.583101e-01
2.584392e-01
2.586517e-01
2.587882e-01
2.593215e-01
2.598550e-01
2.598576e-01
2.605819e-01
2.610021e-01
2.614510e-01
2.618343e-01
2.642739e-01
2.645124e-01
2.647227e-01
2.651722e-01
2.651857e-01
2.654034e-01
2.656969e-01
2.659694e-01
2.660597e-01
2.662962e-01
2.666917e-01
2.671617e-01
2.672585e-01
2.673958e-01
2.678864e-01
2.680833e-01
2.683074e-01
2.683667e-01
2.685560e-01
2.688213e-01
2.691292e-01
2.692157e-01
2.698029e-01
2.699378e-01
2.699992e-01
2.700275e-01
2.701590e-01
2.703167e-01
2.703171e-01
2.703571e-01
2.705385e-01
2.709628e-01
2.719621e-01
2.720579e-01
2.726505e-01
2.728753e-01
2.731544e-01
2.737265e-01
2.745602e-01
2.748395e-01
2.762552e-01
2.765185e-01
2.765768e-01
2.773123e-01
2.780392e-01
2.781092e-01
2.781745e-01
2.782830e-01
2.789553e-01
2.789846e-01
2.793286e-01
2.794684e-01
2.795595e-01
2.800892e-01
2.801287e-01
2.801782e-01
2.803922e-01
2.804802e-01
2.811923e-01
2.815298e-01
2.815305e-01
2.818212e-01
2.818487e-01
2.819540e-01
2.823423e-01
2.825243e-01
2.826089e-01
2.827427e-01
2.828390e-01
2.829793e-01
2.830005e-01
2.830697e-01
2.832923e-01
2.833001e-01
2.834017e-01
2.836366e-01
2.836503e-01
2.837130e-01
2.842903e-01
2.845556e-01
2.846338e-01
2.846538e-01
2.849402e-01
2.850002e-01
2.853318e-01
2.853628e-01
2.854826e-01
2.856568e-01
2.856623e-01
2.857571e-01
2.858385e-01
2.859867e-01
2.861938e-01
2.865532e-01
2.868028e-01
2.868619e-01
2.872042e-01
2.873283e-01
2.873546e-01
2.876554e-01
2.878218e-01
2.879430e-01
2.881147e-01
2.882631e-01
2.883055e-01
2.885259e-01
2.887850e-01
2.888553e-01
2.889506e-01
2.891892e-01
2.893487e-01
2.894797e-01
2.897476e-01
2.901425e-01
2.902807e-01
2.907175e-01
2.908677e-01
2.914532e-01
2.917295e-01
2.917350e-01
2.928277e-01
2.929671e-01
2.930853e-01
2.931093e-01
2.937862e-01
2.938580e-01
2.943834e-01
2.956445e-01
2.958746e-01
2.961740e-01
2.968697e-01
2.969367e-01
2.973848e-01
2.976725e-01
2.980623e-01
2.982104e-01
2.983622e-01
2.992869e-01
2.994491e-01
2.995694e-01
2.995813e-01
2.997689e-01
2.999850e-01
3.000700e-01
3.004587e-01
3.004839e-01
3.005862e-01
3.006997e-01
3.010210e-01
3.017192e-01
3.026980e-01
3.027172e-01
3.027864e-01
3.029654e-01
3.032694e-01
3.033297e-01
3.035175e-01
3.040355e-01
3.041466e-01
3.042006e-01
3.043187e-01
3.043984e-01
3.048724e-01
3.048963e-01
3.049013e-01
3.050626e-01
3.053131e-01
3.056868e-01
3.059962e-01
3.064115e-01
3.066731e-01
3.069184e-01
3.071207e-01
3.075237e-01
3.077738e-01
3.081913e-01
3.083896e-01
3.086896e-01
3.088341e-01
3.089259e-01
3.091793e-01
3.094218e-01
3.094715e-01
3.096037e-01
3.097298e-01
3.099983e-01
3.100440e-01
3.100788e-01
3.101222e-01
3.102235e-01
3.106281e-01
3.110695e-01
3.111460e-01
3.113741e-01
3.114390e-01
3.114468e-01
3.119888e-01
3.121289e-01
3.121708e-01
3.122816e-01
3.127142e-01
3.128261e-01
3.130732e-01
3.132593e-01
3.135659e-01
3.137635e-01
3.138448e-01
3.141609e-01
3.142933e-01
3.145397e-01
3.147587e-01
3.150471e-01
3.151512e-01
3.152035e-01
3.155500e-01
3.157898e-01
3.158587e-01
3.158698e-01
3.159932e-01
3.168335e-01
3.172640e-01
3.175894e-01
3.176146e-01
3.176981e-01
3.179362e-01
3.183189e-01
3.185029e-01
3.185551e-01
3.186035e-01
3.190605e-01
3.191576e-01
3.193629e-01
3.194485e-01
3.197032e-01
3.199259e-01
3.199624e-01
3.203094e-01
3.206772e-01
3.207375e-01
3.207387e-01
3.207727e-01
3.207950e-01
3.210946e-01
3.211721e-01
3.220274e-01
3.221088e-01
3.221117e-01
3.223142e-01
3.226115e-01
3.226835e-01
3.231830e-01
3.236242e-01
3.236871e-01
3.237025e-01
3.237835e-01
3.242327e-01
3.244205e-01
3.246333e-01
3.248305e-01
3.248857e-01
3.249758e-01
3.253179e-01
3.257430e-01
3.258159e-01
3.258470e-01
3.264345e-01
3.265629e-01
3.266130e-01
3.269695e-01
3.275426e-01
3.278507e-01
3.280157e-01
3.285901e-01
3.286398e-01
3.291156e-01
3.291926e-01
3.295058e-01
3.295321e-01
3.295369e-01
3.295401e-01
3.295738e-01
3.297678e-01
3.304330e-01
3.305712e-01
3.308399e-01
3.309699e-01
3.310421e-01
3.311995e-01
3.312492e-01
3.314728e-01
3.315374e-01
3.319310e-01
3.320975e-01
3.323748e-01
3.325360e-01
3.325803e-01
3.326298e-01
3.327239e-01
3.327443e-01
3.329906e-01
3.330601e-01
3.332260e-01
3.332646e-01
3.334031e-01
3.334684e-01
3.336541e-01
3.336809e-01
3.342472e-01
3.345630e-01
3.346794e-01
3.352966e-01
3.353005e-01
3.353817e-01
3.356640e-01
3.357175e-01
3.357527e-01
3.358075e-01
3.358220e-01
3.361139e-01
3.363561e-01
3.366672e-01
3.368353e-01
3.368586e-01
3.370404e-01
3.373598e-01
3.376519e-01
3.381024e-01
3.385779e-01
3.386244e-01
3.386897e-01
3.390379e-01
3.390862e-01
3.393040e-01
3.394561e-01
3.401019e-01
3.404441e-01
3.408563e-01
3.408981e-01
3.418789e-01
3.419255e-01
3.423763e-01
3.424343e-01
3.429129e-01
3.430846e-01
3.432714e-01
3.434658e-01
3.435826e-01
3.437639e-01
3.438688e-01
3.440468e-01
3.441092e-01
3.441478e-01
3.442198e-01
3.442928e-01
3.446160e-01
3.449115e-01
3.450012e-01
3.451489e-01
3.453805e-01
3.456221e-01
3.459389e-01
3.461175e-01
3.464560e-01
3.466719e-01
3.467516e-01
3.468900e-01
3.469437e-01
3.470198e-01
3.473403e-01
3.476233e-01
3.478650e-01
3.479875e-01
3.482067e-01
3.485975e-01
3.487118e-01
3.489761e-01
3.491385e-01
3.491717e-01
3.492420e-01
3.494663e-01
3.496023e-01
3.497281e-01
3.500153e-01
3.500539e-01
3.501062e-01
3.504245e-01
3.504402e-01
3.509168e-01
3.513482e-01
3.519668e-01
3.520716e-01
3.521455e-01
3.524491e-01
3.524602e-01
3.526308e-01
3.527760e-01
3.528558e-01
3.528747e-01
3.530722e-01
3.532017e-01
3.532781e-01
3.537176e-01
3.539424e-01
3.541556e-01
3.544299e-01
3.546051e-01
3.548746e-01
3.550140e-01
3.553395e-01
3.556215e-01
3.559848e-01
3.559954e-01
3.561553e-01
3.562126e-01
3.564542e-01
3.566063e-01
3.566488e-01
3.566641e-01
3.568382e-01
3.570783e-01
3.571067e-01
3.571517e-01
3.572939e-01
3.576523e-01
3.578544e-01
3.584450e-01
3.586956e-01
3.587124e-01
3.590839e-01
3.591489e-01
3.591825e-01
3.591972e-01
3.593448e-01
3.596104e-01
3.600093e-01
3.600436e-01
3.600846e-01
3.605065e-01
3.605166e-01
3.611315e-01
3.611600e-01
3.613793e-01
3.619197e-01
3.619871e-01
3.620956e-01
3.623166e-01
3.628087e-01
3.628126e-01
3.628566e-01
3.629839e-01
3.630220e-01
3.633356e-01
3.633853e-01
3.637765e-01
3.637874e-01
3.638034e-01
3.644850e-01
3.648674e-01
3.649855e-01
3.651966e-01
3.654001e-01
3.656273e-01
3.659945e-01
3.662640e-01
3.662908e-01
3.663554e-01
3.666724e-01
3.667571e-01
3.668309e-01
3.668843e-01
3.673184e-01
3.673599e-01
3.674797e-01
3.676390e-01
3.679860e-01
3.680070e-01
3.681468e-01
3.682165e-01
3.685440e-01
3.686952e-01
3.687469e-01
3.688205e-01
3.688557e-01
3.688637e-01
3.689040e-01
3.691845e-01
3.692936e-01
3.697613e-01
3.697743e-01
3.699860e-01
3.702442e-01
3.702532e-01
3.702845e-01
3.704115e-01
3.707648e-01
3.709687e-01
3.710093e-01
3.710626e-01
3.711994e-01
3.712300e-01
3.713559e-01
3.718361e-01
3.718866e-01
3.720762e-01
3.723190e-01
3.724204e-01
3.725701e-01
3.728905e-01
3.729103e-01
3.729932e-01
3.731068e-01
3.732290e-01
3.736495e-01
3.736775e-01
3.737417e-01
3.742729e-01
3.745159e-01
3.745612e-01
3.746354e-01
3.747132e-01
3.748212e-01
3.750318e-01
3.751124e-01
3.751704e-01
3.754251e-01
3.754374e-01
3.754581e-01
3.755491e-01
3.756794e-01
3.759371e-01
3.762927e-01
3.763673e-01
3.765996e-01
3.766009e-01
3.766230e-01
3.768701e-01
3.768777e-01
3.769071e-01
3.770272e-01
3.777945e-01
3.778735e-01
3.780345e-01
3.781691e-01
3.783911e-01
3.785056e-01
3.787490e-01
3.788267e-01
3.788351e-01
3.791629e-01
3.793991e-01
3.796283e-01
3.797728e-01
3.798096e-01
3.798459e-01
3.799758e-01
3.801670e-01
3.804710e-01
3.805702e-01
3.805977e-01
3.810388e-01
3.810686e-01
3.812414e-01
3.816937e-01
3.818364e-01
3.818415e-01
3.822709e-01
3.823122e-01
3.825107e-01
3.825554e-01
3.825592e-01
3.828112e-01
3.828164e-01
3.831259e-01
3.832707e-01
3.833741e-01
3.834123e-01
3.835895e-01
3.840858e-01
3.842201e-01
3.844108e-01
3.845954e-01
3.848859e-01
3.849219e-01
3.857918e-01
3.858364e-01
3.860054e-01
3.860446e-01
3.860960e-01
3.862533e-01
3.862823e-01
3.865842e-01
3.865896e-01
3.866807e-01
3.869034e-01
3.870097e-01
3.874735e-01
3.875128e-01
3.875654e-01
3.877566e-01
3.878908e-01
3.879456e-01
3.881922e-01
3.884807e-01
3.886090e-01
3.887106e-01
3.888027e-01
3.891173e-01
3.893447e-01
3.894222e-01
3.894581e-01
3.896303e-01
3.898427e-01
3.899784e-01
3.902760e-01
3.906816e-01
3.907526e-01
3.910164e-01
3.911118e-01
3.912063e-01
3.914462e-01
3.916019e-01
3.917781e-01
3.918864e-01
3.923049e-01
3.923909e-01
3.925007e-01
3.925349e-01
3.925716e-01
3.926716e-01
3.933284e-01
3.933471e-01
3.934600e-01
3.936851e-01
3.937165e-01
3.937885e-01
3.938671e-01
3.942840e-01
3.944038e-01
3.944560e-01
3.945446e-01
3.947726e-01
3.950560e-01
3.951003e-01
3.953317e-01
3.953736e-01
3.956000e-01
3.956212e-01
3.960351e-01
3.960914e-01
3.961235e-01
3.963003e-01
3.963176e-01
3.963641e-01
3.966932e-01
3.967305e-01
3.971407e-01
3.972250e-01
3.972387e-01
3.973778e-01
3.974093e-01
3.974445e-01
3.975349e-01
3.976618e-01
3.979309e-01
3.979330e-01
3.981127e-01
3.983546e-01
3.985094e-01
3.988575e-01
3.992839e-01
3.993229e-01
3.994259e-01
3.996739e-01
4.001313e-01
4.002099e-01
4.002128e-01
4.004946e-01
4.007590e-01
4.007872e-01
4.010230e-01
4.011742e-01
4.012227e-01
4.015886e-01
4.018024e-01
4.018332e-01
4.020102e-01
4.020994e-01
4.023624e-01
4.023960e-01
4.024316e-01
4.025639e-01
4.026004e-01
4.027730e-01
4.029229e-01
4.036219e-01
4.036325e-01
4.037858e-01
4.039199e-01
4.040290e-01
4.040405e-01
4.042118e-01
4.043529e-01
4.046076e-01
4.053470e-01
4.054645e-01
4.055034e-01
4.055309e-01
4.058542e-01
4.062605e-01
4.063450e-01
4.067125e-01
4.067304e-01
4.068629e-01
4.071260e-01
4.073382e-01
4.076337e-01
4.076974e-01
4.077654e-01
4.078501e-01
4.078796e-01
4.079651e-01
4.082386e-01
4.086626e-01
4.087181e-01
4.087924e-01
4.089591e-01
4.093550e-01
4.093761e-01
4.098435e-01
4.100324e-01
4.103320e-01
4.104065e-01
4.105123e-01
4.106054e-01
4.106917e-01
4.107894e-01
4.110009e-01
4.112357e-01
4.113830e-01
4.114952e-01
4.118129e-01
4.121564e-01
4.122443e-01
4.123720e-01
4.123765e-01
4.127020e-01
4.129472e-01
4.129564e-01
4.131392e-01
4.132472e-01
4.133002e-01
4.133415e-01
4.133824e-01
4.134615e-01
4.139681e-01
4.140086e-01
4.141228e-01
4.142516e-01
4.144257e-01
4.146894e-01
4.147881e-01
4.149039e-01
4.149583e-01
4.151848e-01
4.151930e-01
4.154504e-01
4.154695e-01
4.155371e-01
4.160904e-01
4.161826e-01
4.162601e-01
4.163352e-01
4.163671e-01
4.164093e-01
4.164771e-01
4.166255e-01
4.166956e-01
4.167828e-01
4.169618e-01
4.173017e-01
4.175054e-01
4.176902e-01
4.177706e-01
4.178719e-01
4.179259e-01
4.179429e-01
4.182000e-01
4.182944e-01
4.185470e-01
4.186398e-01
4.187738e-01
4.188275e-01
4.190786e-01
4.193699e-01
4.193835e-01
4.193887e-01
4.195271e-01
4.197487e-01
4.199017e-01
4.201662e-01
4.202270e-01
4.204490e-01
4.205796e-01
4.207412e-01
4.208436e-01
4.210462e-01
4.212471e-01
4.214085e-01
4.214756e-01
4.215426e-01
4.216959e-01
4.220080e-01
4.221810e-01
4.222080e-01
4.222909e-01
4.224381e-01
4.224602e-01
4.225444e-01
4.229089e-01
4.229587e-01
4.229621e-01
4.231263e-01
4.235298e-01
4.237717e-01
4.238171e-01
4.239998e-01
4.241701e-01
4.244208e-01
4.244720e-01
4.248077e-01
4.248233e-01
4.248307e-01
4.250890e-01
4.252592e-01
4.255608e-01
4.258074e-01
4.259286e-01
4.259519e-01
4.262084e-01
4.262478e-01
4.263322e-01
4.267456e-01
4.268943e-01
4.269478e-01
4.270804e-01
4.270927e-01
4.276781e-01
4.278253e-01
4.279296e-01
4.279829e-01
4.281131e-01
4.283549e-01
4.283745e-01
4.285976e-01
4.286687e-01
4.287477e-01
4.289287e-01
4.289722e-01
4.291970e-01
4.293202e-01
4.294481e-01
4.294753e-01
4.296426e-01
4.299826e-01
4.300589e-01
4.301788e-01
4.303597e-01
4.303922e-01
4.304534e-01
4.308077e-01
4.309325e-01
4.310609e-01
4.314415e-01
4.315109e-01
4.315209e-01
4.315821e-01
4.319181e-01
4.320212e-01
4.320835e-01
4.322835e-01
4.323870e-01
4.328973e-01
4.329230e-01
4.330218e-01
4.331250e-01
4.332845e-01
4.334263e-01
4.336036e-01
4.336656e-01
4.337942e-01
4.339366e-01
4.346038e-01
4.347402e-01
4.348884e-01
4.349654e-01
4.350450e-01
4.351445e-01
4.355711e-01
4.357217e-01
4.357852e-01
4.361079e-01
4.361180e-01
4.367139e-01
4.369856e-01
4.370482e-01
4.372654e-01
4.373422e-01
4.373614e-01
4.373656e-01
4.377241e-01
4.378173e-01
4.382993e-01
4.383013e-01
4.385759e-01
4.386158e-01
4.386477e-01
4.393090e-01
4.394284e-01
4.397507e-01
4.400131e-01
4.401809e-01
4.402701e-01
4.405661e-01
4.406004e-01
4.408022e-01
4.408027e-01
4.412332e-01
4.415128e-01
4.415274e-01
4.415445e-01
4.415658e-01
4.419587e-01
4.419834e-01
4.420186e-01
4.427521e-01
4.430704e-01
4.431251e-01
4.433376e-01
4.435301e-01
4.436533e-01
4.440062e-01
4.440779e-01
4.444390e-01
4.445173e-01
4.447768e-01
4.450721e-01
4.451448e-01
4.451453e-01
4.454641e-01
4.454716e-01
4.455061e-01
4.460918e-01
4.461116e-01
4.466130e-01
4.466927e-01
4.466994e-01
4.469864e-01
4.471723e-01
4.472733e-01
4.477116e-01
4.477931e-01
4.478796e-01
4.478846e-01
4.479880e-01
4.484487e-01
4.487413e-01
4.488152e-01
4.492637e-01
4.492876e-01
4.498451e-01
4.499783e-01
4.502077e-01
4.507397e-01
4.507839e-01
4.509358e-01
4.511533e-01
4.515105e-01
4.516779e-01
4.517746e-01
4.520766e-01
4.522716e-01
4.525639e-01
4.527057e-01
4.528824e-01
4.528850e-01
4.535749e-01
4.536090e-01
4.536251e-01
4.540990e-01
4.541714e-01
4.545919e-01
4.546045e-01
4.547562e-01
4.547605e-01
4.549130e-01
4.554708e-01
4.555840e-01
4.557992e-01
4.559740e-01
4.563005e-01
4.563237e-01
4.563289e-01
4.565118e-01
4.568678e-01
4.570640e-01
4.572413e-01
4.573441e-01
4.576445e-01
4.576830e-01
4.578233e-01
4.579606e-01
4.581990e-01
4.583166e-01
4.586937e-01
4.587744e-01
4.591062e-01
4.593625e-01
4.598345e-01
4.600089e-01
4.602753e-01
4.603020e-01
4.604189e-01
4.606463e-01
4.607540e-01
4.615002e-01
4.616305e-01
4.617368e-01
4.617511e-01
4.618651e-01
4.619184e-01
4.622307e-01
4.622857e-01
4.626488e-01
4.628526e-01
4.629790e-01
4.633250e-01
4.636253e-01
4.636728e-01
4.637700e-01
4.637958e-01
4.638262e-01
4.641816e-01
4.641828e-01
4.644209e-01
4.644762e-01
4.653248e-01
4.654790e-01
4.656978e-01
4.658509e-01
4.660183e-01
4.663443e-01
4.663759e-01
4.664858e-01
4.668910e-01
4.671958e-01
4.672986e-01
4.674144e-01
4.676397e-01
4.677754e-01
4.680632e-01
4.680718e-01
4.680776e-01
4.687759e-01
4.687778e-01
4.690193e-01
4.694839e-01
4.696099e-01
4.697191e-01
4.698303e-01
4.698657e-01
4.701630e-01
4.705522e-01
4.706098e-01
4.706262e-01
4.709554e-01
4.712265e-01
4.714953e-01
4.716842e-01
4.717152e-01
4.717954e-01
4.717984e-01
4.718551e-01
4.719102e-01
4.723670e-01
4.726265e-01
4.726872e-01
4.728860e-01
4.730000e-01
4.730006e-01
4.730337e-01
4.732131e-01
4.734170e-01
4.737790e-01
4.740637e-01
4.742704e-01
4.743418e-01
4.745210e-01
4.746772e-01
4.754958e-01
4.755140e-01
4.756797e-01
4.756957e-01
4.759028e-01
4.762774e-01
4.763341e-01
4.766247e-01
4.770314e-01
4.771828e-01
4.772662e-01
4.775259e-01
4.775689e-01
4.778774e-01
4.780755e-01
4.781700e-01
4.784112e-01
4.786576e-01
4.786945e-01
4.790874e-01
4.793308e-01
4.795642e-01
4.798781e-01
4.799758e-01
4.802620e-01
4.804232e-01
4.806884e-01
4.809302e-01
4.813047e-01
4.813653e-01
4.815274e-01
4.820368e-01
4.821213e-01
4.821666e-01
4.822846e-01
4.825186e-01
4.829925e-01
4.830483e-01
4.831548e-01
4.833233e-01
4.834038e-01
4.836848e-01
4.839916e-01
4.841221e-01
4.843440e-01
4.845680e-01
4.846352e-01
4.848421e-01
4.851021e-01
4.853452e-01
4.854275e-01
4.859431e-01
4.860436e-01
4.860472e-01
4.862152e-01
4.866687e-01
4.868103e-01
4.871322e-01
4.873270e-01
4.874638e-01
4.874907e-01
4.877511e-01
4.879429e-01
4.884901e-01
4.891253e-01
4.891289e-01
4.891791e-01
4.896097e-01
4.896851e-01
4.897760e-01
4.900467e-01
4.901828e-01
4.904396e-01
4.906962e-01
4.911806e-01
4.912278e-01
4.912396e-01
4.914909e-01
4.915986e-01
4.919453e-01
4.919612e-01
4.922021e-01
4.922561e-01
4.926368e-01
4.928223e-01
4.929842e-01
4.934226e-01
4.934444e-01
4.934941e-01
4.939017e-01
4.945669e-01
4.947189e-01
4.947445e-01
4.949582e-01
4.951736e-01
4.952990e-01
4.953923e-01
4.956519e-01
4.958016e-01
4.962303e-01
4.965785e-01
4.966758e-01
4.972446e-01
4.974142e-01
4.980460e-01
4.984745e-01
4.985745e-01
4.989069e-01
4.991394e-01
4.996251e-01
4.999486e-01
5.002141e-01
5.002207e-01
5.003072e-01
5.009152e-01
5.009709e-01
5.012247e-01
5.013747e-01
5.015574e-01
5.018369e-01
5.020017e-01
5.023482e-01
5.023712e-01
5.025843e-01
5.029780e-01
5.031445e-01
5.032539e-01
5.034892e-01
5.040974e-01
5.042691e-01
5.048643e-01
5.049732e-01
5.049839e-01
5.053797e-01
5.056303e-01
5.058641e-01
5.060335e-01
5.060534e-01
5.063157e-01
5.063678e-01
5.069178e-01
5.069612e-01
5.070932e-01
5.074382e-01
5.075676e-01
5.075933e-01
5.077845e-01
5.084812e-01
5.088427e-01
5.088970e-01
5.089444e-01
5.097599e-01
5.103320e-01
5.105779e-01
5.107745e-01
5.108652e-01
5.112331e-01
5.113637e-01
5.113782e-01
5.114240e-01
5.115731e-01
5.122196e-01
5.126462e-01
5.127249e-01
5.129884e-01
5.132625e-01
5.134451e-01
5.134759e-01
5.137700e-01
5.138685e-01
5.139673e-01
5.143537e-01
5.147625e-01
5.149276e-01
5.150688e-01
5.152932e-01
5.153763e-01
5.158250e-01
5.161049e-01
5.166723e-01
5.166957e-01
5.167720e-01
5.170362e-01
5.172344e-01
5.173491e-01
5.175165e-01
5.175775e-01
5.177446e-01
5.182704e-01
5.185659e-01
5.187267e-01
5.187368e-01
5.188978e-01
5.191104e-01
5.192588e-01
5.194551e-01
5.199638e-01
5.200034e-01
5.203404e-01
5.205500e-01
5.207824e-01
5.208692e-01
5.210186e-01
5.211634e-01
5.211752e-01
5.217348e-01
5.217608e-01
5.218453e-01
5.222390e-01
5.223312e-01
5.225450e-01
5.227090e-01
5.227205e-01
5.230091e-01
5.232032e-01
5.235451e-01
5.236218e-01
5.240285e-01
5.243369e-01
5.244196e-01
5.246404e-01
5.249855e-01
5.249859e-01
5.252223e-01
5.259275e-01
5.262836e-01
5.264371e-01
5.265884e-01
5.265951e-01
5.275184e-01
5.278149e-01
5.281603e-01
5.281946e-01
5.282942e-01
5.286346e-01
5.287151e-01
5.287421e-01
5.291885e-01
5.296906e-01
5.297642e-01
5.300509e-01
5.301911e-01
5.310184e-01
5.313096e-01
5.315305e-01
5.324247e-01
5.326001e-01
5.334910e-01
5.335035e-01
5.336084e-01
5.337166e-01
5.338508e-01
5.342150e-01
5.347412e-01
5.348577e-01
5.350481e-01
5.355568e-01
5.358021e-01
5.360402e-01
5.360625e-01
5.363313e-01
5.366873e-01
5.374404e-01
5.374511e-01
5.379610e-01
5.379648e-01
5.384167e-01
5.384494e-01
5.386751e-01
5.390319e-01
5.394047e-01
5.394179e-01
5.394812e-01
5.397969e-01
5.405487e-01
5.409319e-01
5.411220e-01
5.412107e-01
5.412927e-01
5.415311e-01
5.415755e-01
5.415957e-01
5.416393e-01
5.417222e-01
5.424116e-01
5.425365e-01
5.447216e-01
5.450275e-01
5.451254e-01
5.452371e-01
5.454144e-01
5.455129e-01
5.466099e-01
5.468042e-01
5.476865e-01
5.479178e-01
5.480568e-01
5.484662e-01
5.487733e-01
5.491366e-01
5.491846e-01
5.496966e-01
5.500018e-01
5.503988e-01
5.504639e-01
5.507572e-01
5.510007e-01
5.511309e-01
5.515176e-01
5.516021e-01
5.516110e-01
5.522207e-01
5.526728e-01
5.529364e-01
5.533609e-01
5.535895e-01
5.535936e-01
5.538298e-01
5.541873e-01
5.542970e-01
5.546353e-01
5.551420e-01
5.553201e-01
5.553488e-01
5.558250e-01
5.559082e-01
5.560541e-01
5.561122e-01
5.564773e-01
5.565709e-01
5.570442e-01
5.574047e-01
5.577018e-01
5.577198e-01
5.579754e-01
5.582764e-01
5.584227e-01
5.584826e-01
5.587440e-01
5.593204e-01
5.594668e-01
5.596461e-01
5.597895e-01
5.606079e-01
5.607501e-01
5.608571e-01
5.613398e-01
5.617898e-01
5.619296e-01
5.619802e-01
5.622051e-01
5.624854e-01
5.627933e-01
5.628803e-01
5.633237e-01
5.635459e-01
5.636612e-01
5.637279e-01
5.637775e-01
5.638973e-01
5.646853e-01
5.650922e-01
5.654708e-01
5.657015e-01
5.657951e-01
5.658691e-01
5.659801e-01
5.665182e-01
5.671444e-01
5.672114e-01
5.672996e-01
5.678916e-01
5.680578e-01
5.682340e-01
5.684775e-01
5.691984e-01
5.695439e-01
5.695880e-01
5.697108e-01
5.700281e-01
5.702782e-01
5.702941e-01
5.703029e-01
5.704131e-01
5.706180e-01
5.707119e-01
5.708774e-01
5.710727e-01
5.715441e-01
5.725953e-01
5.726800e-01
5.732862e-01
5.733164e-01
5.733327e-01
5.733604e-01
5.735185e-01
5.738755e-01
5.741481e-01
5.741663e-01
5.747295e-01
5.752167e-01
5.754048e-01
5.754454e-01
5.756552e-01
5.761392e-01
5.767878e-01
5.769185e-01
5.769627e-01
5.771887e-01
5.775463e-01
5.776076e-01
5.779281e-01
5.784853e-01
5.789388e-01
5.789971e-01
5.790182e-01
5.792509e-01
5.793614e-01
5.794145e-01
5.797642e-01
5.801272e-01
5.802933e-01
5.803268e-01
5.803421e-01
5.808600e-01
5.810466e-01
5.813436e-01
5.818440e-01
5.822088e-01
5.823964e-01
5.825809e-01
5.830761e-01
5.832563e-01
5.832669e-01
5.835344e-01
5.836288e-01
5.837879e-01
5.840311e-01
5.840517e-01
5.841139e-01
5.845456e-01
5.847301e-01
5.849176e-01
5.850829e-01
5.852058e-01
5.854282e-01
5.856710e-01
5.860180e-01
5.862403e-01
5.865156e-01
5.866042e-01
5.866201e-01
5.869349e-01
5.870355e-01
5.878490e-01
5.878737e-01
5.879724e-01
5.882850e-01
5.883105e-01
5.883221e-01
5.884758e-01
5.885538e-01
5.891944e-01
5.892753e-01
5.892966e-01
5.895857e-01
5.897748e-01
5.899047e-01
5.901338e-01
5.903163e-01
5.903767e-01
5.905183e-01
5.907325e-01
5.907835e-01
5.907956e-01
5.915243e-01
5.916096e-01
5.916844e-01
5.918505e-01
5.919933e-01
5.920981e-01
5.922548e-01
5.922779e-01
5.928969e-01
5.935482e-01
5.938375e-01
5.938886e-01
5.939756e-01
5.944227e-01
5.945322e-01
5.945433e-01
5.949194e-01
5.951131e-01
5.951526e-01
5.953451e-01
5.953753e-01
5.955468e-01
5.958510e-01
5.958888e-01
5.960888e-01
5.962176e-01
5.963233e-01
5.964945e-01
5.967036e-01
5.967858e-01
5.969132e-01
5.969428e-01
5.971971e-01
5.976838e-01
5.977351e-01
5.978395e-01
5.979252e-01
5.980959e-01
5.984079e-01
5.984638e-01
5.986610e-01
5.989483e-01
5.989701e-01
5.992291e-01
5.992718e-01
5.994792e-01
5.996081e-01
5.996961e-01
5.999399e-01
6.000160e-01
6.001973e-01
6.002398e-01
6.008824e-01
6.010104e-01
6.010157e-01
6.011227e-01
6.013260e-01
6.014815e-01
6.015592e-01
6.016582e-01
6.016718e-01
6.018581e-01
6.021176e-01
6.027605e-01
6.029897e-01
6.031039e-01
6.031571e-01
6.033554e-01
6.034168e-01
6.040198e-01
6.042561e-01
6.043180e-01
6.043510e-01
6.044085e-01
6.044902e-01
6.048760e-01
6.052912e-01
6.055191e-01
6.057941e-01
6.058720e-01
6.066073e-01
6.067338e-01
6.068317e-01
6.069544e-01
6.070118e-01
6.071079e-01
6.072360e-01
6.078352e-01
6.078985e-01
6.083105e-01
6.085784e-01
6.088190e-01
6.088203e-01
6.088903e-01
6.092048e-01
6.094706e-01
6.095452e-01
6.095856e-01
6.095975e-01
6.097131e-01
6.097669e-01
6.099557e-01
6.104731e-01
6.106159e-01
6.107363e-01
6.111359e-01
6.112994e-01
6.116795e-01
6.118179e-01
6.119764e-01
6.120151e-01
6.120662e-01
6.122867e-01
6.128033e-01
6.129512e-01
6.129559e-01
6.134927e-01
6.135990e-01
6.138816e-01
6.142023e-01
6.143215e-01
6.144822e-01
6.144941e-01
6.152549e-01
6.154403e-01
6.157337e-01
6.158369e-01
6.159089e-01
6.159539e-01
6.160637e-01
6.162573e-01
6.163916e-01
6.164910e-01
6.165793e-01
6.167810e-01
6.170030e-01
6.174176e-01
6.179859e-01
6.188349e-01
6.191613e-01
6.191657e-01
6.192823e-01
6.196079e-01
6.199207e-01
6.201489e-01
6.202534e-01
6.202647e-01
6.206973e-01
6.213279e-01
6.213571e-01
6.218229e-01
6.225162e-01
6.225416e-01
6.229447e-01
6.230673e-01
6.231871e-01
6.235242e-01
6.237401e-01
6.237812e-01
6.239484e-01
6.242918e-01
6.244139e-01
6.248023e-01
6.248513e-01
6.249263e-01
6.252672e-01
6.253005e-01
6.254063e-01
6.255719e-01
6.259452e-01
6.265275e-01
6.265506e-01
6.267669e-01
6.269268e-01
6.270020e-01
6.270780e-01
6.271822e-01
6.275950e-01
6.277086e-01
6.280040e-01
6.281622e-01
6.283469e-01
6.285913e-01
6.290623e-01
6.292983e-01
6.297722e-01
6.302258e-01
6.308923e-01
6.310147e-01
6.310837e-01
6.312966e-01
6.315237e-01
6.319862e-01
6.323317e-01
6.328384e-01
6.329329e-01
6.332114e-01
6.332468e-01
6.337290e-01
6.337582e-01
6.342689e-01
6.342853e-01
6.344401e-01
6.351568e-01
6.359182e-01
6.359835e-01
6.362581e-01
6.366004e-01
6.367012e-01
6.367507e-01
6.372870e-01
6.373660e-01
6.377520e-01
6.378215e-01
6.382569e-01
6.383109e-01
6.386309e-01
6.389786e-01
6.393704e-01
6.395333e-01
6.397380e-01
6.403721e-01
6.404044e-01
6.405611e-01
6.405949e-01
6.409285e-01
6.415365e-01
6.417048e-01
6.418372e-01
6.423721e-01
6.423938e-01
6.426234e-01
6.426712e-01
6.428426e-01
6.430915e-01
6.431499e-01
6.432952e-01
6.433533e-01
6.434597e-01
6.442912e-01
6.443273e-01
6.445397e-01
6.446801e-01
6.448379e-01
6.452933e-01
6.460817e-01
6.461687e-01
6.462224e-01
6.463794e-01
6.466622e-01
6.470685e-01
6.476138e-01
6.479852e-01
6.479945e-01
6.483182e-01
6.486827e-01
6.491347e-01
6.492824e-01
6.496608e-01
6.499191e-01
6.504484e-01
6.507494e-01
6.512134e-01
6.512341e-01
6.521169e-01
6.526624e-01
6.526828e-01
6.527938e-01
6.529641e-01
6.529760e-01
6.536097e-01
6.536291e-01
6.549099e-01
6.549275e-01
6.551669e-01
6.562141e-01
6.562983e-01
6.564036e-01
6.567739e-01
6.572619e-01
6.574166e-01
6.574658e-01
6.581904e-01
6.583156e-01
6.583750e-01
6.583782e-01
6.588580e-01
6.592016e-01
6.595465e-01
6.598219e-01
6.604395e-01
6.608134e-01
6.608700e-01
6.611724e-01
6.615289e-01
6.616547e-01
6.620099e-01
6.621198e-01
6.623155e-01
6.629410e-01
6.631392e-01
6.632761e-01
6.635667e-01
6.640116e-01
6.640276e-01
6.642028e-01
6.642969e-01
6.646743e-01
6.656703e-01
6.657605e-01
6.660542e-01
6.670957e-01
6.672761e-01
6.676529e-01
6.676788e-01
6.677267e-01
6.677837e-01
6.683828e-01
6.691110e-01
6.692460e-01
6.698181e-01
6.704503e-01
6.705744e-01
6.707134e-01
6.711344e-01
6.711348e-01
6.721912e-01
6.725296e-01
6.727757e-01
6.734596e-01
6.736032e-01
6.737954e-01
6.738907e-01
6.739576e-01
6.748593e-01
6.749992e-01
6.754341e-01
6.754542e-01
6.757151e-01
6.760349e-01
6.764643e-01
6.766812e-01
6.767331e-01
6.774232e-01
6.775811e-01
6.786665e-01
6.788614e-01
6.791388e-01
6.791537e-01
6.792659e-01
6.795491e-01
6.798707e-01
6.801539e-01
6.802808e-01
6.802894e-01
6.807149e-01
6.807851e-01
6.811878e-01
6.812179e-01
6.816300e-01
6.821900e-01
6.823130e-01
6.823439e-01
6.827143e-01
6.830699e-01
6.832557e-01
6.839307e-01
6.839773e-01
6.841330e-01
6.843171e-01
6.845820e-01
6.846269e-01
6.849943e-01
6.850204e-01
6.856644e-01
6.858858e-01
6.859228e-01
6.859256e-01
6.864409e-01
6.869373e-01
6.869399e-01
6.870510e-01
6.877664e-01
6.878017e-01
6.878185e-01
6.879169e-01
6.882325e-01
6.883027e-01
6.885317e-01
6.891024e-01
6.894626e-01
6.899266e-01
6.905327e-01
6.907945e-01
6.908687e-01
6.913208e-01
6.918732e-01
6.923091e-01
6.923886e-01
6.928302e-01
6.933990e-01
6.936838e-01
6.938738e-01
6.939391e-01
6.942511e-01
6.944046e-01
6.945128e-01
6.945171e-01
6.949088e-01
6.957332e-01
6.962514e-01
6.970465e-01
6.974940e-01
6.979828e-01
6.982816e-01
6.984166e-01
6.993361e-01
6.997063e-01
6.997634e-01
6.998844e-01
7.006210e-01
7.015071e-01
7.018487e-01
7.019692e-01
7.029287e-01
7.035075e-01
7.042964e-01
7.044038e-01
7.044154e-01
7.045644e-01
7.049181e-01
7.051659e-01
7.056040e-01
7.057840e-01
7.058346e-01
7.058808e-01
7.067012e-01
7.068810e-01
7.073360e-01
7.084789e-01
7.088876e-01
7.090130e-01
7.091299e-01
7.091720e-01
7.095554e-01
7.099740e-01
7.102050e-01
7.104684e-01
7.113318e-01
7.116877e-01
7.125018e-01
7.126297e-01
7.129246e-01
7.130269e-01
7.132615e-01
7.137926e-01
7.141366e-01
7.143053e-01
7.143380e-01
7.147009e-01
7.150083e-01
7.152163e-01
7.162928e-01
7.165555e-01
7.168460e-01
7.173002e-01
7.176034e-01
7.177860e-01
7.179319e-01
7.179854e-01
7.182297e-01
7.190867e-01
7.191364e-01
7.199098e-01
7.203840e-01
7.211013e-01
7.211129e-01
7.219871e-01
7.226660e-01
7.227496e-01
7.229511e-01
7.232921e-01
7.235375e-01
7.238157e-01
7.241293e-01
7.245784e-01
7.248756e-01
7.253064e-01
7.260368e-01
7.264729e-01
7.264900e-01
7.268248e-01
7.269531e-01
7.277338e-01
7.277946e-01
7.286129e-01
7.289257e-01
7.291272e-01
7.295993e-01
7.298774e-01
7.303698e-01
7.312318e-01
7.313900e-01
7.315981e-01
7.327570e-01
7.329742e-01
7.332868e-01
7.334131e-01
7.335754e-01
7.341472e-01
7.347004e-01
7.350361e-01
7.352162e-01
7.357434e-01
7.358432e-01
7.359171e-01
7.360365e-01
7.362605e-01
7.365316e-01
7.365898e-01
7.366118e-01
7.370890e-01
7.376700e-01
7.383033e-01
7.385469e-01
7.387851e-01
7.389461e-01
7.391314e-01
7.393850e-01
7.398443e-01
7.403809e-01
7.408500e-01
7.408531e-01
7.410486e-01
7.423014e-01
7.427957e-01
7.428185e-01
7.430805e-01
7.434548e-01
7.435210e-01
7.436822e-01
7.440747e-01
7.452269e-01
7.452490e-01
7.456107e-01
7.469828e-01
7.471430e-01
7.480604e-01
7.480868e-01
7.485266e-01
7.488433e-01
7.488805e-01
7.490870e-01
7.497739e-01
7.509194e-01
7.511626e-01
7.514447e-01
7.515412e-01
7.523355e-01
7.533482e-01
7.540693e-01
7.544454e-01
7.549424e-01
7.553770e-01
7.555435e-01
7.557636e-01
7.560469e-01
7.562460e-01
7.568101e-01
7.571408e-01
7.571579e-01
7.578420e-01
7.585964e-01
7.586677e-01
7.596651e-01
7.601489e-01
7.605158e-01
7.609535e-01
7.612618e-01
7.614719e-01
7.614874e-01
7.617322e-01
7.622659e-01
7.623715e-01
7.631399e-01
7.633503e-01
7.635792e-01
7.641173e-01
7.641180e-01
7.646113e-01
7.647110e-01
7.650870e-01
7.653444e-01
7.656587e-01
7.660580e-01
7.664332e-01
7.665080e-01
7.665476e-01
7.666350e-01
7.681333e-01
7.683140e-01
7.688144e-01
7.699922e-01
7.700954e-01
7.701529e-01
7.702387e-01
7.706312e-01
7.718632e-01
7.719842e-01
7.721809e-01
7.727971e-01
7.738482e-01
7.739191e-01
7.745857e-01
7.748696e-01
7.750837e-01
7.751058e-01
7.751926e-01
7.756254e-01
7.757188e-01
7.762346e-01
7.762518e-01
7.762531e-01
7.763294e-01
7.773113e-01
7.775711e-01
7.779539e-01
7.785930e-01
7.792298e-01
7.797793e-01
7.801442e-01
7.802745e-01
7.807861e-01
7.814143e-01
7.815733e-01
7.821470e-01
7.823137e-01
7.824475e-01
7.825828e-01
7.830010e-01
7.835723e-01
7.838623e-01
7.841995e-01
7.844100e-01
7.850855e-01
7.853509e-01
7.855225e-01
7.856917e-01
7.858555e-01
7.860781e-01
7.868510e-01
7.875782e-01
7.885517e-01
7.887925e-01
7.890615e-01
7.892600e-01
7.904092e-01
7.905165e-01
7.909349e-01
7.910789e-01
7.912403e-01
7.917926e-01
7.925796e-01
7.929174e-01
7.938210e-01
7.946482e-01
7.949160e-01
7.950048e-01
7.956288e-01
7.961455e-01
7.969019e-01
7.974651e-01
7.988684e-01
7.997736e-01
8.006424e-01
8.022977e-01
8.024862e-01
8.025936e-01
8.030794e-01
8.030880e-01
8.044800e-01
8.047858e-01
8.048950e-01
8.054394e-01
8.065496e-01
8.080121e-01
8.083245e-01
8.084770e-01
8.086780e-01
8.089432e-01
8.092615e-01
8.103606e-01
8.104355e-01
8.106993e-01
8.107167e-01
8.112074e-01
8.112360e-01
8.113236e-01
8.113615e-01
8.118224e-01
8.139703e-01
8.142874e-01
8.144047e-01
8.146677e-01
8.147289e-01
8.153578e-01
8.162738e-01
8.189313e-01
8.193603e-01
8.193944e-01
8.200487e-01
8.202038e-01
8.206647e-01
8.217230e-01
8.224931e-01
8.227512e-01
8.227806e-01
8.228246e-01
8.234957e-01
8.235162e-01
8.237096e-01
8.240180e-01
8.240894e-01
8.257791e-01
8.262605e-01
8.265354e-01
8.267248e-01
8.271388e-01
8.274100e-01
8.282751e-01
8.283575e-01
8.288068e-01
8.289002e-01
8.311908e-01
8.325606e-01
8.336185e-01
8.337374e-01
8.339420e-01
8.342389e-01
8.347790e-01
8.364492e-01
8.382948e-01
8.385753e-01
8.393140e-01
8.394299e-01
8.404285e-01
8.410934e-01
8.414747e-01
8.418534e-01
8.426106e-01
8.432795e-01
8.448125e-01
8.455826e-01
8.464589e-01
8.511537e-01
8.513635e-01
8.526591e-01
8.544631e-01
8.547177e-01
8.550149e-01
8.556824e-01
8.561747e-01
8.563252e-01
8.564677e-01
8.564739e-01
8.566314e-01
8.569820e-01
8.584911e-01
8.588246e-01
8.592644e-01
8.592887e-01
8.596313e-01
8.601163e-01
8.604771e-01
8.606697e-01
8.611687e-01
8.613883e-01
8.614709e-01
8.617192e-01
8.625730e-01
8.651226e-01
8.654039e-01
8.654323e-01
8.664713e-01
8.668159e-01
8.677070e-01
8.720945e-01
8.724975e-01
8.748848e-01
8.749575e-01
8.788853e-01
8.790250e-01
8.813378e-01
8.814399e-01
8.837534e-01
8.841530e-01
8.900507e-01
8.902069e-01
8.913711e-01
8.914257e-01
8.951219e-01
8.957723e-01
8.985872e-01
8.992585e-01
9.004222e-01
9.012283e-01
9.025363e-01
9.025969e-01
9.065779e-01
9.070704e-01
9.128694e-01
9.129680e-01
9.192048e-01
9.193830e-01
9.210720e-01
9.211343e-01
9.227338e-01
9.228086e-01
9.375840e-01
9.376209e-01
9.412057e-01
9.413040e-01
9.461894e-01
9.463976e-01
9.490956e-01
9.491580e-01
9.496973e-01
9.497752e-01
9.623126e-01
9.623564e-01
9.719042e-01
9.719760e-01
9.804490e-01
9.804690e-01
9.999774e-01
1.000000e+00
