# SF-29 N2 candidate (i) i0 field=gauss eps=0.25 N=12: sorted relative singular values of the dense central-FD Jacobian at the final_iterate state (rows F_i=-q(L_i-S_i); smax=2.116200e+03)
1.395529e-05
2.397620e-05
3.837475e-05
5.538510e-05
9.707022e-05
1.248967e-04
1.395511e-04
1.656882e-04
1.965523e-04
2.229713e-04
2.710402e-04
3.050404e-04
3.422604e-04
3.683030e-04
4.017991e-04
4.539499e-04
5.043932e-04
5.258806e-04
5.779174e-04
6.080775e-04
6.529091e-04
7.431229e-04
7.732233e-04
8.523261e-04
8.598242e-04
9.366176e-04
9.648666e-04
1.012148e-03
1.036444e-03
1.145964e-03
1.152588e-03
1.198179e-03
1.230671e-03
1.287092e-03
1.427353e-03
1.524536e-03
1.551041e-03
1.677724e-03
1.727857e-03
1.848701e-03
1.881435e-03
1.911360e-03
2.052633e-03
2.159675e-03
2.187753e-03
2.291650e-03
2.337597e-03
2.407620e-03
2.464981e-03
2.560893e-03
2.711680e-03
2.746894e-03
2.784684e-03
2.853219e-03
2.911218e-03
3.049068e-03
3.092753e-03
3.104592e-03
3.151943e-03
3.363321e-03
3.539601e-03
3.656862e-03
3.768324e-03
3.835239e-03
4.011009e-03
4.152383e-03
4.235911e-03
4.349586e-03
4.470066e-03
4.615650e-03
4.753522e-03
4.857473e-03
5.398008e-03
5.660193e-03
5.757178e-03
5.933579e-03
6.061776e-03
6.179888e-03
6.211854e-03
6.287802e-03
6.360450e-03
6.512456e-03
6.692086e-03
6.728541e-03
6.901734e-03
7.023523e-03
7.037440e-03
7.049801e-03
7.163237e-03
7.246268e-03
7.297561e-03
7.373586e-03
7.418532e-03
7.466448e-03
7.485806e-03
7.606171e-03
7.707294e-03
7.773241e-03
7.933304e-03
7.982041e-03
8.094530e-03
8.124531e-03
8.236995e-03
8.386240e-03
8.531294e-03
8.658444e-03
8.701684e-03
9.002515e-03
9.034882e-03
9.245815e-03
9.697733e-03
1.007739e-02
1.024400e-02
1.026667e-02
1.031358e-02
1.045567e-02
1.067401e-02
1.073043e-02
1.092441e-02
1.125663e-02
1.127499e-02
1.139048e-02
1.161905e-02
1.170950e-02
1.196103e-02
1.215704e-02
1.224878e-02
1.258550e-02
1.284299e-02
1.312103e-02
1.332793e-02
1.351577e-02
1.368263e-02
1.379893e-02
1.420155e-02
1.430805e-02
1.436921e-02
1.450170e-02
1.463494e-02
1.472464e-02
1.508248e-02
1.519662e-02
1.534078e-02
1.550546e-02
1.569513e-02
1.598032e-02
1.651987e-02
1.677235e-02
1.697792e-02
1.731084e-02
1.768204e-02
1.776462e-02
1.793614e-02
1.811271e-02
1.824482e-02
1.830677e-02
1.844466e-02
1.849938e-02
1.869380e-02
1.896059e-02
1.902150e-02
1.915506e-02
1.932953e-02
1.951736e-02
1.955015e-02
1.966326e-02
1.976524e-02
1.986408e-02
2.011295e-02
2.013178e-02
2.027131e-02
2.038661e-02
2.046936e-02
2.063593e-02
2.068259e-02
2.078172e-02
2.082360e-02
2.098229e-02
2.105785e-02
2.115711e-02
2.127368e-02
2.137090e-02
2.146528e-02
2.150823e-02
2.159582e-02
2.173062e-02
2.176132e-02
2.180928e-02
2.195561e-02
2.203763e-02
2.211613e-02
2.215577e-02
2.228276e-02
2.230271e-02
2.238280e-02
2.245116e-02
2.254533e-02
2.255725e-02
2.272791e-02
2.281136e-02
2.291583e-02
2.308506e-02
2.322171e-02
2.336343e-02
2.351418e-02
2.352558e-02
2.375151e-02
2.388097e-02
2.393912e-02
2.424379e-02
2.441874e-02
2.450266e-02
2.460781e-02
2.495357e-02
2.518367e-02
2.523616e-02
2.566663e-02
2.574632e-02
2.587433e-02
2.601435e-02
2.612512e-02
2.628526e-02
2.654644e-02
2.680082e-02
2.703738e-02
2.717116e-02
2.785693e-02
2.804532e-02
2.859767e-02
2.871930e-02
2.916814e-02
2.927397e-02
2.944630e-02
2.962428e-02
3.002675e-02
3.029926e-02
3.080158e-02
3.096365e-02
3.120003e-02
3.148529e-02
3.201081e-02
3.216117e-02
3.268752e-02
3.317217e-02
3.344125e-02
3.355908e-02
3.372658e-02
3.390642e-02
3.463802e-02
3.468790e-02
3.476694e-02
3.501771e-02
3.517596e-02
3.537358e-02
3.567315e-02
3.598512e-02
3.617644e-02
3.635099e-02
3.660467e-02
3.668563e-02
3.686613e-02
3.688647e-02
3.703210e-02
3.709380e-02
3.714124e-02
3.738585e-02
3.740835e-02
3.743301e-02
3.756371e-02
3.766966e-02
3.792667e-02
3.799694e-02
3.814226e-02
3.817361e-02
3.830977e-02
3.848603e-02
3.855182e-02
3.864528e-02
3.874637e-02
3.885448e-02
3.892069e-02
3.904435e-02
3.918510e-02
3.940554e-02
3.964054e-02
3.979280e-02
3.998773e-02
4.000269e-02
4.012451e-02
4.036403e-02
4.044375e-02
4.066590e-02
4.075308e-02
4.086447e-02
4.111092e-02
4.133863e-02
4.156274e-02
4.173962e-02
4.181454e-02
4.197931e-02
4.209791e-02
4.221969e-02
4.238169e-02
4.253537e-02
4.273285e-02
4.282922e-02
4.301494e-02
4.304975e-02
4.306882e-02
4.331826e-02
4.350143e-02
4.359720e-02
4.366761e-02
4.379702e-02
4.398192e-02
4.405826e-02
4.414530e-02
4.452067e-02
4.464228e-02
4.468056e-02
4.508146e-02
4.511021e-02
4.534959e-02
4.551833e-02
4.561991e-02
4.586179e-02
4.612371e-02
4.654531e-02
4.695933e-02
4.725845e-02
4.751375e-02
4.792245e-02
4.808842e-02
4.830526e-02
4.878236e-02
4.896670e-02
4.908878e-02
4.958564e-02
4.971055e-02
4.979400e-02
5.007756e-02
5.028586e-02
5.055855e-02
5.067322e-02
5.076703e-02
5.081390e-02
5.101916e-02
5.123369e-02
5.147646e-02
5.157812e-02
5.181905e-02
5.185756e-02
5.212270e-02
5.216790e-02
5.237499e-02
5.246765e-02
5.258952e-02
5.266620e-02
5.288817e-02
5.310861e-02
5.319365e-02
5.337393e-02
5.360522e-02
5.367793e-02
5.405803e-02
5.410530e-02
5.418274e-02
5.449450e-02
5.463255e-02
5.482176e-02
5.499722e-02
5.509776e-02
5.523577e-02
5.553430e-02
5.576920e-02
5.589737e-02
5.600228e-02
5.618250e-02
5.650184e-02
5.670401e-02
5.674837e-02
5.718395e-02
5.725789e-02
5.739464e-02
5.764275e-02
5.774268e-02
5.792048e-02
5.838782e-02
5.839111e-02
5.861787e-02
5.884263e-02
5.903763e-02
5.940621e-02
5.949695e-02
5.965645e-02
5.998464e-02
6.004788e-02
6.023650e-02
6.034399e-02
6.045682e-02
6.053642e-02
6.112186e-02
6.132659e-02
6.158048e-02
6.172964e-02
6.186706e-02
6.204173e-02
6.214885e-02
6.234937e-02
6.259846e-02
6.305788e-02
6.314328e-02
6.336560e-02
6.391838e-02
6.416212e-02
6.436594e-02
6.458258e-02
6.477684e-02
6.495576e-02
6.500311e-02
6.534599e-02
6.549617e-02
6.564241e-02
6.581520e-02
6.593751e-02
6.616882e-02
6.623110e-02
6.623547e-02
6.637367e-02
6.655741e-02
6.683072e-02
6.712159e-02
6.723508e-02
6.734443e-02
6.742661e-02
6.753188e-02
6.772154e-02
6.779222e-02
6.793966e-02
6.825433e-02
6.835975e-02
6.855049e-02
6.879081e-02
6.887564e-02
6.895580e-02
6.901414e-02
6.928248e-02
6.950892e-02
6.961617e-02
6.969576e-02
6.989568e-02
7.008237e-02
7.013324e-02
7.039935e-02
7.040875e-02
7.050077e-02
7.084001e-02
7.087870e-02
7.100062e-02
7.125624e-02
7.129193e-02
7.143748e-02
7.161932e-02
7.173991e-02
7.199289e-02
7.209860e-02
7.227306e-02
7.251598e-02
7.256921e-02
7.282915e-02
7.294285e-02
7.315695e-02
7.342415e-02
7.355333e-02
7.362977e-02
7.377612e-02
7.396377e-02
7.413079e-02
7.431362e-02
7.454322e-02
7.463297e-02
7.469234e-02
7.494864e-02
7.514940e-02
7.523363e-02
7.546117e-02
7.550695e-02
7.570316e-02
7.587484e-02
7.603380e-02
7.611957e-02
7.647037e-02
7.664709e-02
7.686346e-02
7.700498e-02
7.707265e-02
7.714380e-02
7.750928e-02
7.767742e-02
7.793519e-02
7.801654e-02
7.823761e-02
7.832589e-02
7.873583e-02
7.894593e-02
7.908685e-02
7.944693e-02
7.950890e-02
7.976723e-02
7.980728e-02
7.993258e-02
8.023869e-02
8.045364e-02
8.056554e-02
8.071090e-02
8.095179e-02
8.118188e-02
8.131047e-02
8.143185e-02
8.155800e-02
8.178075e-02
8.201588e-02
8.218205e-02
8.242625e-02
8.255972e-02
8.275393e-02
8.285908e-02
8.303996e-02
8.323842e-02
8.339409e-02
8.358845e-02
8.381377e-02
8.387145e-02
8.408741e-02
8.430598e-02
8.448912e-02
8.466111e-02
8.488371e-02
8.497229e-02
8.501686e-02
8.524018e-02
8.547484e-02
8.568796e-02
8.583305e-02
8.605799e-02
8.630912e-02
8.636804e-02
8.648756e-02
8.671703e-02
8.692276e-02
8.694229e-02
8.714934e-02
8.735672e-02
8.738831e-02
8.746292e-02
8.780413e-02
8.815083e-02
8.820228e-02
8.839800e-02
8.849662e-02
8.856480e-02
8.884587e-02
8.902175e-02
8.909342e-02
8.919022e-02
8.950523e-02
8.974138e-02
9.006350e-02
9.013698e-02
9.034048e-02
9.043683e-02
9.056232e-02
9.079768e-02
9.088996e-02
9.112338e-02
9.124840e-02
9.127760e-02
9.140603e-02
9.161800e-02
9.199150e-02
9.214192e-02
9.221277e-02
9.237781e-02
9.263063e-02
9.272132e-02
9.295047e-02
9.300636e-02
9.307907e-02
9.326745e-02
9.336548e-02
9.349754e-02
9.357545e-02
9.369834e-02
9.403695e-02
9.427217e-02
9.433904e-02
9.450076e-02
9.455072e-02
9.486353e-02
9.509523e-02
9.516639e-02
9.533899e-02
9.564007e-02
9.577963e-02
9.600424e-02
9.619484e-02
9.642067e-02
9.643250e-02
9.653047e-02
9.697665e-02
9.699571e-02
9.728915e-02
9.739434e-02
9.750273e-02
9.755746e-02
9.781191e-02
9.802153e-02
9.805280e-02
9.829645e-02
9.834914e-02
9.866943e-02
9.881070e-02
9.893070e-02
9.905362e-02
9.927942e-02
9.929512e-02
9.940262e-02
9.964628e-02
9.983334e-02
9.992812e-02
1.002156e-01
1.002868e-01
1.004777e-01
1.005874e-01
1.005991e-01
1.008190e-01
1.010253e-01
1.012260e-01
1.014245e-01
1.014410e-01
1.014485e-01
1.018759e-01
1.019680e-01
1.021007e-01
1.021891e-01
1.022665e-01
1.025189e-01
1.025348e-01
1.028354e-01
1.031429e-01
1.033602e-01
1.035978e-01
1.036727e-01
1.038151e-01
1.038874e-01
1.041394e-01
1.042254e-01
1.045277e-01
1.047348e-01
1.048133e-01
1.050152e-01
1.051668e-01
1.053425e-01
1.053777e-01
1.056177e-01
1.059322e-01
1.060337e-01
1.061775e-01
1.062356e-01
1.063307e-01
1.066496e-01
1.069032e-01
1.069716e-01
1.071125e-01
1.073621e-01
1.075633e-01
1.077275e-01
1.078118e-01
1.081870e-01
1.084789e-01
1.086247e-01
1.086845e-01
1.090615e-01
1.091155e-01
1.093219e-01
1.094644e-01
1.095450e-01
1.098240e-01
1.100297e-01
1.100759e-01
1.102582e-01
1.103744e-01
1.106250e-01
1.107248e-01
1.109540e-01
1.109815e-01
1.112109e-01
1.113983e-01
1.116414e-01
1.117016e-01
1.120273e-01
1.120940e-01
1.124619e-01
1.125464e-01
1.127462e-01
1.129585e-01
1.131488e-01
1.133367e-01
1.135615e-01
1.136596e-01
1.137817e-01
1.139179e-01
1.141769e-01
1.144486e-01
1.147052e-01
1.147386e-01
1.149932e-01
1.150926e-01
1.152885e-01
1.154457e-01
1.155373e-01
1.158366e-01
1.158503e-01
1.159666e-01
1.162940e-01
1.164424e-01
1.166629e-01
1.169289e-01
1.171241e-01
1.172063e-01
1.174828e-01
1.174885e-01
1.176572e-01
1.178817e-01
1.179682e-01
1.181544e-01
1.183016e-01
1.185778e-01
1.186710e-01
1.187567e-01
1.188425e-01
1.190203e-01
1.191146e-01
1.192683e-01
1.193228e-01
1.195380e-01
1.197622e-01
1.198625e-01
1.200607e-01
1.201159e-01
1.203929e-01
1.206554e-01
1.207744e-01
1.208501e-01
1.209642e-01
1.211002e-01
1.212667e-01
1.214019e-01
1.215160e-01
1.217240e-01
1.219349e-01
1.221571e-01
1.222273e-01
1.222593e-01
1.224680e-01
1.226747e-01
1.228446e-01
1.228963e-01
1.230605e-01
1.231997e-01
1.232490e-01
1.236301e-01
1.237244e-01
1.237522e-01
1.240523e-01
1.241176e-01
1.242185e-01
1.243688e-01
1.244920e-01
1.247609e-01
1.249808e-01
1.250840e-01
1.251981e-01
1.253877e-01
1.255497e-01
1.256077e-01
1.258232e-01
1.259826e-01
1.260824e-01
1.261386e-01
1.262071e-01
1.266048e-01
1.266500e-01
1.269056e-01
1.271264e-01
1.272230e-01
1.273507e-01
1.276616e-01
1.277871e-01
1.279247e-01
1.280759e-01
1.281023e-01
1.282900e-01
1.283614e-01
1.284194e-01
1.286290e-01
1.288222e-01
1.288865e-01
1.291905e-01
1.292775e-01
1.293821e-01
1.295846e-01
1.296750e-01
1.298315e-01
1.301169e-01
1.302700e-01
1.304098e-01
1.307871e-01
1.309032e-01
1.310282e-01
1.312255e-01
1.312649e-01
1.313974e-01
1.314369e-01
1.316779e-01
1.317060e-01
1.319863e-01
1.320050e-01
1.322337e-01
1.323628e-01
1.324446e-01
1.326146e-01
1.327877e-01
1.329896e-01
1.332535e-01
1.333292e-01
1.335179e-01
1.335957e-01
1.337428e-01
1.340111e-01
1.340561e-01
1.342037e-01
1.344074e-01
1.344866e-01
1.345604e-01
1.348805e-01
1.351736e-01
1.352468e-01
1.353669e-01
1.354542e-01
1.355572e-01
1.357685e-01
1.358103e-01
1.359093e-01
1.361139e-01
1.363532e-01
1.365202e-01
1.365675e-01
1.369418e-01
1.369612e-01
1.370596e-01
1.372118e-01
1.374228e-01
1.375446e-01
1.377156e-01
1.378414e-01
1.379609e-01
1.381278e-01
1.385269e-01
1.386107e-01
1.387009e-01
1.388712e-01
1.389030e-01
1.390179e-01
1.391567e-01
1.394615e-01
1.396268e-01
1.398498e-01
1.399676e-01
1.401547e-01
1.402374e-01
1.404463e-01
1.407185e-01
1.408018e-01
1.408580e-01
1.410389e-01
1.410918e-01
1.413065e-01
1.413980e-01
1.415889e-01
1.416561e-01
1.421383e-01
1.422209e-01
1.423465e-01
1.424517e-01
1.425280e-01
1.427422e-01
1.428796e-01
1.431175e-01
1.432447e-01
1.433612e-01
1.435791e-01
1.436087e-01
1.439124e-01
1.441701e-01
1.442711e-01
1.443739e-01
1.444916e-01
1.445980e-01
1.447126e-01
1.448321e-01
1.448582e-01
1.451199e-01
1.453138e-01
1.454851e-01
1.455928e-01
1.457076e-01
1.459407e-01
1.461107e-01
1.462522e-01
1.463703e-01
1.464975e-01
1.467727e-01
1.469206e-01
1.470205e-01
1.471791e-01
1.472418e-01
1.475863e-01
1.477381e-01
1.479658e-01
1.480297e-01
1.481565e-01
1.483180e-01
1.483753e-01
1.484670e-01
1.486438e-01
1.488232e-01
1.489564e-01
1.491961e-01
1.493651e-01
1.495892e-01
1.496609e-01
1.497588e-01
1.498639e-01
1.500047e-01
1.502216e-01
1.503673e-01
1.504644e-01
1.506494e-01
1.508445e-01
1.509730e-01
1.510336e-01
1.513164e-01
1.513697e-01
1.514842e-01
1.516487e-01
1.516990e-01
1.517495e-01
1.519239e-01
1.519641e-01
1.521240e-01
1.522824e-01
1.524742e-01
1.525803e-01
1.526896e-01
1.529211e-01
1.530112e-01
1.532520e-01
1.533097e-01
1.535285e-01
1.536279e-01
1.539130e-01
1.539723e-01
1.541681e-01
1.542343e-01
1.543388e-01
1.544686e-01
1.545177e-01
1.551574e-01
1.552240e-01
1.552845e-01
1.554259e-01
1.554992e-01
1.556848e-01
1.559838e-01
1.560264e-01
1.561124e-01
1.561993e-01
1.563479e-01
1.565528e-01
1.567049e-01
1.569365e-01
1.570252e-01
1.571510e-01
1.572822e-01
1.574584e-01
1.575536e-01
1.575976e-01
1.578033e-01
1.579091e-01
1.580836e-01
1.582632e-01
1.583463e-01
1.583848e-01
1.585855e-01
1.586646e-01
1.588897e-01
1.590467e-01
1.592663e-01
1.594441e-01
1.595008e-01
1.596653e-01
1.596935e-01
1.599686e-01
1.599794e-01
1.601438e-01
1.603112e-01
1.604210e-01
1.606437e-01
1.607410e-01
1.607910e-01
1.610780e-01
1.611396e-01
1.612120e-01
1.614739e-01
1.616039e-01
1.616611e-01
1.617716e-01
1.618975e-01
1.621597e-01
1.622390e-01
1.624158e-01
1.625789e-01
1.627188e-01
1.628109e-01
1.631624e-01
1.631749e-01
1.633248e-01
1.634404e-01
1.635815e-01
1.637048e-01
1.638285e-01
1.640795e-01
1.641808e-01
1.643215e-01
1.643502e-01
1.646700e-01
1.647639e-01
1.647894e-01
1.651157e-01
1.652544e-01
1.654671e-01
1.655221e-01
1.656005e-01
1.657720e-01
1.659855e-01
1.661793e-01
1.662058e-01
1.662783e-01
1.665260e-01
1.666796e-01
1.667796e-01
1.668970e-01
1.669407e-01
1.670563e-01
1.671152e-01
1.673132e-01
1.673937e-01
1.676079e-01
1.676652e-01
1.679195e-01
1.680279e-01
1.680922e-01
1.682710e-01
1.683998e-01
1.685514e-01
1.686617e-01
1.687929e-01
1.690325e-01
1.691089e-01
1.692319e-01
1.693902e-01
1.694757e-01
1.695993e-01
1.697556e-01
1.698797e-01
1.699630e-01
1.701984e-01
1.702421e-01
1.704652e-01
1.706364e-01
1.708035e-01
1.709231e-01
1.711749e-01
1.713090e-01
1.714324e-01
1.716403e-01
1.717395e-01
1.718423e-01
1.719215e-01
1.721314e-01
1.722151e-01
1.723972e-01
1.724620e-01
1.727712e-01
1.728094e-01
1.729950e-01
1.732498e-01
1.733592e-01
1.735777e-01
1.736080e-01
1.737283e-01
1.738959e-01
1.740267e-01
1.742077e-01
1.743791e-01
1.744058e-01
1.745470e-01
1.746904e-01
1.749521e-01
1.750567e-01
1.751938e-01
1.753920e-01
1.754707e-01
1.756025e-01
1.758909e-01
1.759858e-01
1.760981e-01
1.762795e-01
1.764733e-01
1.765605e-01
1.766811e-01
1.768039e-01
1.769824e-01
1.771475e-01
1.771916e-01
1.773480e-01
1.775756e-01
1.776118e-01
1.777687e-01
1.779327e-01
1.779643e-01
1.780858e-01
1.781465e-01
1.783791e-01
1.785596e-01
1.786678e-01
1.788166e-01
1.789315e-01
1.790679e-01
1.791347e-01
1.792416e-01
1.794025e-01
1.795037e-01
1.798059e-01
1.798280e-01
1.799375e-01
1.801781e-01
1.803603e-01
1.805815e-01
1.806716e-01
1.809353e-01
1.810162e-01
1.810764e-01
1.811577e-01
1.813093e-01
1.814834e-01
1.815737e-01
1.816898e-01
1.819820e-01
1.820145e-01
1.821865e-01
1.823448e-01
1.825328e-01
1.826223e-01
1.827337e-01
1.827676e-01
1.829473e-01
1.831542e-01
1.832780e-01
1.834037e-01
1.836030e-01
1.836383e-01
1.836945e-01
1.840108e-01
1.840792e-01
1.842043e-01
1.843521e-01
1.844637e-01
1.846625e-01
1.848281e-01
1.849281e-01
1.850055e-01
1.853125e-01
1.854542e-01
1.855054e-01
1.856344e-01
1.859306e-01
1.860333e-01
1.861622e-01
1.862504e-01
1.864606e-01
1.865378e-01
1.865787e-01
1.868422e-01
1.868743e-01
1.871216e-01
1.872349e-01
1.873933e-01
1.876564e-01
1.878356e-01
1.878401e-01
1.879287e-01
1.880963e-01
1.882068e-01
1.883593e-01
1.885875e-01
1.887277e-01
1.888116e-01
1.889056e-01
1.890650e-01
1.892062e-01
1.893794e-01
1.894534e-01
1.896435e-01
1.898460e-01
1.899337e-01
1.900931e-01
1.901942e-01
1.902800e-01
1.903972e-01
1.906543e-01
1.908145e-01
1.908967e-01
1.911676e-01
1.912804e-01
1.913736e-01
1.914752e-01
1.915663e-01
1.916923e-01
1.918262e-01
1.919920e-01
1.921497e-01
1.922026e-01
1.923216e-01
1.924661e-01
1.926429e-01
1.927041e-01
1.928617e-01
1.930271e-01
1.930776e-01
1.933269e-01
1.936813e-01
1.936940e-01
1.939898e-01
1.940313e-01
1.942380e-01
1.943733e-01
1.944470e-01
1.945650e-01
1.946603e-01
1.948031e-01
1.948946e-01
1.950598e-01
1.952340e-01
1.953187e-01
1.954590e-01
1.956048e-01
1.957375e-01
1.959923e-01
1.960477e-01
1.963391e-01
1.964254e-01
1.965588e-01
1.966477e-01
1.968192e-01
1.969004e-01
1.969431e-01
1.971044e-01
1.971904e-01
1.974436e-01
1.975662e-01
1.977761e-01
1.978751e-01
1.979271e-01
1.979688e-01
1.982559e-01
1.983437e-01
1.985137e-01
1.986803e-01
1.987559e-01
1.988193e-01
1.988980e-01
1.989559e-01
1.990851e-01
1.993195e-01
1.994116e-01
1.996475e-01
1.998125e-01
1.999400e-01
2.000113e-01
2.002260e-01
2.002807e-01
2.004158e-01
2.004421e-01
2.006608e-01
2.007714e-01
2.008443e-01
2.010470e-01
2.012035e-01
2.013103e-01
2.014648e-01
2.016081e-01
2.017178e-01
2.018227e-01
2.020679e-01
2.021883e-01
2.022965e-01
2.023345e-01
2.025249e-01
2.027093e-01
2.028878e-01
2.031128e-01
2.032162e-01
2.033417e-01
2.034846e-01
2.035764e-01
2.037183e-01
2.037873e-01
2.039737e-01
2.041806e-01
2.043707e-01
2.044140e-01
2.044702e-01
2.047602e-01
2.048890e-01
2.049746e-01
2.050590e-01
2.051990e-01
2.054081e-01
2.054859e-01
2.056789e-01
2.058953e-01
2.060101e-01
2.061504e-01
2.062818e-01
2.065123e-01
2.065283e-01
2.067253e-01
2.067763e-01
2.068876e-01
2.070208e-01
2.071458e-01
2.073460e-01
2.075948e-01
2.076387e-01
2.078186e-01
2.079441e-01
2.080265e-01
2.081757e-01
2.083056e-01
2.084482e-01
2.085346e-01
2.087234e-01
2.087580e-01
2.088371e-01
2.089907e-01
2.092247e-01
2.094774e-01
2.096647e-01
2.097107e-01
2.098670e-01
2.098907e-01
2.100610e-01
2.103212e-01
2.103878e-01
2.105514e-01
2.106670e-01
2.107321e-01
2.109201e-01
2.111098e-01
2.112426e-01
2.112919e-01
2.113323e-01
2.116606e-01
2.117813e-01
2.118441e-01
2.120760e-01
2.121076e-01
2.122569e-01
2.124335e-01
2.124504e-01
2.126434e-01
2.127696e-01
2.128289e-01
2.128691e-01
2.129982e-01
2.132804e-01
2.134360e-01
2.134854e-01
2.136398e-01
2.137815e-01
2.138514e-01
2.139069e-01
2.141267e-01
2.142055e-01
2.143454e-01
2.145325e-01
2.146531e-01
2.147531e-01
2.149815e-01
2.150928e-01
2.152126e-01
2.153540e-01
2.154958e-01
2.156377e-01
2.156583e-01
2.158669e-01
2.160044e-01
2.161093e-01
2.161934e-01
2.163313e-01
2.165158e-01
2.166657e-01
2.166928e-01
2.168206e-01
2.170468e-01
2.173642e-01
2.174791e-01
2.175382e-01
2.177339e-01
2.178130e-01
2.179010e-01
2.179481e-01
2.180602e-01
2.182052e-01
2.184183e-01
2.185969e-01
2.186852e-01
2.188542e-01
2.190014e-01
2.191966e-01
2.192331e-01
2.193479e-01
2.195674e-01
2.198177e-01
2.198835e-01
2.200667e-01
2.201220e-01
2.201786e-01
2.202923e-01
2.204918e-01
2.205516e-01
2.208318e-01
2.209499e-01
2.210164e-01
2.212049e-01
2.212760e-01
2.214074e-01
2.215752e-01
2.216701e-01
2.218856e-01
2.220040e-01
2.221768e-01
2.222744e-01
2.223093e-01
2.223649e-01
2.226394e-01
2.227073e-01
2.227633e-01
2.230575e-01
2.230773e-01
2.232416e-01
2.233340e-01
2.234344e-01
2.235337e-01
2.235790e-01
2.237517e-01
2.240542e-01
2.241303e-01
2.243053e-01
2.243999e-01
2.244834e-01
2.246026e-01
2.246985e-01
2.247205e-01
2.249067e-01
2.250288e-01
2.251898e-01
2.251978e-01
2.254339e-01
2.254646e-01
2.255614e-01
2.257563e-01
2.258247e-01
2.261638e-01
2.262843e-01
2.262923e-01
2.263987e-01
2.264977e-01
2.267142e-01
2.268410e-01
2.269078e-01
2.271584e-01
2.272358e-01
2.273026e-01
2.274874e-01
2.275056e-01
2.276349e-01
2.278270e-01
2.279548e-01
2.280711e-01
2.282331e-01
2.285707e-01
2.286426e-01
2.287304e-01
2.288785e-01
2.289111e-01
2.290248e-01
2.290660e-01
2.291814e-01
2.293935e-01
2.294335e-01
2.295590e-01
2.296515e-01
2.298858e-01
2.300785e-01
2.301500e-01
2.303126e-01
2.304423e-01
2.305632e-01
2.306856e-01
2.308740e-01
2.309391e-01
2.309988e-01
2.312240e-01
2.313064e-01
2.315984e-01
2.316493e-01
2.316829e-01
2.317650e-01
2.320445e-01
2.320910e-01
2.323425e-01
2.323565e-01
2.324954e-01
2.325802e-01
2.327618e-01
2.328444e-01
2.330188e-01
2.331486e-01
2.334281e-01
2.334928e-01
2.336491e-01
2.336952e-01
2.338944e-01
2.339791e-01
2.341707e-01
2.342990e-01
2.344581e-01
2.345199e-01
2.346833e-01
2.348933e-01
2.350216e-01
2.350678e-01
2.351618e-01
2.352341e-01
2.353176e-01
2.356076e-01
2.356535e-01
2.357725e-01
2.357882e-01
2.360801e-01
2.361010e-01
2.363191e-01
2.365056e-01
2.366343e-01
2.367539e-01
2.368474e-01
2.369612e-01
2.371827e-01
2.372491e-01
2.373101e-01
2.373401e-01
2.375455e-01
2.377369e-01
2.378422e-01
2.381197e-01
2.382394e-01
2.383393e-01
2.385806e-01
2.387473e-01
2.388540e-01
2.390169e-01
2.392875e-01
2.393365e-01
2.394474e-01
2.396159e-01
2.396489e-01
2.397309e-01
2.398897e-01
2.400237e-01
2.400387e-01
2.401226e-01
2.403875e-01
2.405387e-01
2.406107e-01
2.408516e-01
2.410169e-01
2.412006e-01
2.412275e-01
2.413098e-01
2.414221e-01
2.416125e-01
2.418151e-01
2.418723e-01
2.419009e-01
2.420578e-01
2.424484e-01
2.426939e-01
2.427393e-01
2.428436e-01
2.431098e-01
2.431501e-01
2.432995e-01
2.433668e-01
2.435543e-01
2.438003e-01
2.438605e-01
2.439336e-01
2.440478e-01
2.442952e-01
2.444402e-01
2.445362e-01
2.445932e-01
2.446679e-01
2.448320e-01
2.449412e-01
2.451091e-01
2.451853e-01
2.454025e-01
2.455775e-01
2.456089e-01
2.457228e-01
2.457806e-01
2.460933e-01
2.462891e-01
2.464089e-01
2.464677e-01
2.466797e-01
2.467640e-01
2.468590e-01
2.469735e-01
2.470624e-01
2.471434e-01
2.471817e-01
2.474494e-01
2.475806e-01
2.478282e-01
2.479238e-01
2.480952e-01
2.481316e-01
2.483110e-01
2.484040e-01
2.484504e-01
2.486457e-01
2.487589e-01
2.490007e-01
2.491307e-01
2.491835e-01
2.495336e-01
2.495950e-01
2.497711e-01
2.498772e-01
2.499493e-01
2.500713e-01
2.501069e-01
2.502449e-01
2.504067e-01
2.506547e-01
2.507190e-01
2.509955e-01
2.510914e-01
2.512007e-01
2.513078e-01
2.514136e-01
2.515141e-01
2.517052e-01
2.518334e-01
2.519147e-01
2.520950e-01
2.521289e-01
2.523440e-01
2.525024e-01
2.525835e-01
2.527185e-01
2.527942e-01
2.530629e-01
2.531133e-01
2.531603e-01
2.533191e-01
2.534047e-01
2.535389e-01
2.537100e-01
2.538509e-01
2.540503e-01
2.541454e-01
2.543068e-01
2.544540e-01
2.546620e-01
2.547324e-01
2.547990e-01
2.550952e-01
2.551985e-01
2.552492e-01
2.554639e-01
2.555553e-01
2.556313e-01
2.559258e-01
2.560212e-01
2.561371e-01
2.562759e-01
2.563389e-01
2.566713e-01
2.567052e-01
2.567539e-01
2.569090e-01
2.571120e-01
2.572033e-01
2.573062e-01
2.574555e-01
2.575224e-01
2.576733e-01
2.577384e-01
2.580789e-01
2.582123e-01
2.583891e-01
2.584984e-01
2.585972e-01
2.586834e-01
2.587113e-01
2.588813e-01
2.590842e-01
2.592506e-01
2.593203e-01
2.594379e-01
2.595302e-01
2.595850e-01
2.598401e-01
2.598888e-01
2.602610e-01
2.604124e-01
2.604586e-01
2.605316e-01
2.605902e-01
2.607863e-01
2.609855e-01
2.612146e-01
2.613665e-01
2.615601e-01
2.616483e-01
2.616773e-01
2.617927e-01
2.619555e-01
2.620229e-01
2.623479e-01
2.624409e-01
2.625033e-01
2.626157e-01
2.626757e-01
2.628205e-01
2.629445e-01
2.631973e-01
2.632890e-01
2.633380e-01
2.636533e-01
2.637620e-01
2.637782e-01
2.639680e-01
2.641256e-01
2.643240e-01
2.643995e-01
2.645858e-01
2.647103e-01
2.648647e-01
2.648903e-01
2.651808e-01
2.653474e-01
2.654438e-01
2.654919e-01
2.656680e-01
2.657663e-01
2.661042e-01
2.661480e-01
2.662064e-01
2.663870e-01
2.664394e-01
2.667747e-01
2.667864e-01
2.668417e-01
2.670663e-01
2.671685e-01
2.673531e-01
2.673941e-01
2.675956e-01
2.676893e-01
2.677412e-01
2.679128e-01
2.681424e-01
2.681726e-01
2.683815e-01
2.684688e-01
2.687369e-01
2.688831e-01
2.691080e-01
2.692190e-01
2.693765e-01
2.694262e-01
2.694519e-01
2.697378e-01
2.699231e-01
2.700953e-01
2.701818e-01
2.703478e-01
2.704676e-01
2.705519e-01
2.705949e-01
2.708325e-01
2.709284e-01
2.711399e-01
2.711986e-01
2.712727e-01
2.715848e-01
2.716604e-01
2.717728e-01
2.718131e-01
2.720380e-01
2.721450e-01
2.722318e-01
2.725793e-01
2.726886e-01
2.727278e-01
2.729726e-01
2.730697e-01
2.732278e-01
2.732431e-01
2.734113e-01
2.736326e-01
2.737544e-01
2.738880e-01
2.740588e-01
2.741910e-01
2.743459e-01
2.744770e-01
2.746089e-01
2.747950e-01
2.748960e-01
2.750680e-01
2.752588e-01
2.753657e-01
2.755264e-01
2.758209e-01
2.759695e-01
2.760142e-01
2.761669e-01
2.763437e-01
2.764805e-01
2.766144e-01
2.767527e-01
2.768832e-01
2.770878e-01
2.771956e-01
2.773131e-01
2.774273e-01
2.775491e-01
2.776468e-01
2.780025e-01
2.780319e-01
2.781908e-01
2.783624e-01
2.784984e-01
2.785883e-01
2.788230e-01
2.788964e-01
2.789865e-01
2.791496e-01
2.793764e-01
2.795082e-01
2.796107e-01
2.797451e-01
2.797651e-01
2.798206e-01
2.803252e-01
2.804028e-01
2.804841e-01
2.805698e-01
2.806784e-01
2.807919e-01
2.808744e-01
2.810009e-01
2.811395e-01
2.812643e-01
2.814061e-01
2.814431e-01
2.817261e-01
2.819208e-01
2.820733e-01
2.822266e-01
2.823837e-01
2.825308e-01
2.825879e-01
2.828025e-01
2.829242e-01
2.831071e-01
2.831547e-01
2.834011e-01
2.835318e-01
2.836278e-01
2.838108e-01
2.839538e-01
2.840195e-01
2.841078e-01
2.842941e-01
2.844863e-01
2.846067e-01
2.846713e-01
2.848534e-01
2.849173e-01
2.851157e-01
2.852336e-01
2.853978e-01
2.854196e-01
2.857139e-01
2.857967e-01
2.859710e-01
2.860086e-01
2.861643e-01
2.862852e-01
2.863720e-01
2.867838e-01
2.868910e-01
2.870122e-01
2.871248e-01
2.873524e-01
2.874060e-01
2.875316e-01
2.876422e-01
2.879028e-01
2.879557e-01
2.880279e-01
2.882564e-01
2.884098e-01
2.884844e-01
2.885885e-01
2.887109e-01
2.888415e-01
2.889686e-01
2.892049e-01
2.894340e-01
2.895596e-01
2.896217e-01
2.897954e-01
2.900206e-01
2.901013e-01
2.902517e-01
2.903210e-01
2.904942e-01
2.905701e-01
2.908605e-01
2.910170e-01
2.912037e-01
2.913730e-01
2.916055e-01
2.918195e-01
2.918864e-01
2.919876e-01
2.921252e-01
2.921853e-01
2.922901e-01
2.924018e-01
2.925581e-01
2.925880e-01
2.928862e-01
2.931888e-01
2.933958e-01
2.934717e-01
2.936198e-01
2.936566e-01
2.938241e-01
2.939470e-01
2.939994e-01
2.941701e-01
2.943115e-01
2.944949e-01
2.947809e-01
2.948048e-01
2.949720e-01
2.950814e-01
2.951731e-01
2.953527e-01
2.955207e-01
2.956128e-01
2.957305e-01
2.958964e-01
2.960350e-01
2.962182e-01
2.964040e-01
2.965250e-01
2.968840e-01
2.969876e-01
2.970897e-01
2.973255e-01
2.974396e-01
2.976661e-01
2.978167e-01
2.979906e-01
2.980438e-01
2.981554e-01
2.983478e-01
2.985474e-01
2.986698e-01
2.988565e-01
2.989518e-01
2.990711e-01
2.991847e-01
2.992653e-01
2.994960e-01
2.995631e-01
2.996912e-01
2.999605e-01
3.000500e-01
3.002843e-01
3.003180e-01
3.004741e-01
3.006619e-01
3.007946e-01
3.009332e-01
3.011970e-01
3.013099e-01
3.014252e-01
3.016204e-01
3.016785e-01
3.019546e-01
3.020668e-01
3.023125e-01
3.023725e-01
3.024433e-01
3.025726e-01
3.027045e-01
3.028145e-01
3.028916e-01
3.030703e-01
3.031261e-01
3.034813e-01
3.037563e-01
3.039040e-01
3.039155e-01
3.041878e-01
3.042732e-01
3.045332e-01
3.045519e-01
3.048171e-01
3.049945e-01
3.050674e-01
3.053009e-01
3.054142e-01
3.054719e-01
3.055798e-01
3.059040e-01
3.060058e-01
3.061768e-01
3.062047e-01
3.063073e-01
3.063795e-01
3.065778e-01
3.067517e-01
3.069919e-01
3.070477e-01
3.072726e-01
3.074128e-01
3.074662e-01
3.076938e-01
3.077237e-01
3.079005e-01
3.080611e-01
3.082593e-01
3.083968e-01
3.084572e-01
3.087135e-01
3.087767e-01
3.088455e-01
3.090908e-01
3.092885e-01
3.094100e-01
3.096936e-01
3.097228e-01
3.097929e-01
3.099393e-01
3.102112e-01
3.102327e-01
3.102952e-01
3.105308e-01
3.106536e-01
3.108586e-01
3.111671e-01
3.113103e-01
3.114906e-01
3.115901e-01
3.118167e-01
3.118737e-01
3.119593e-01
3.121845e-01
3.123538e-01
3.123746e-01
3.126066e-01
3.127778e-01
3.128960e-01
3.130685e-01
3.131317e-01
3.132944e-01
3.135366e-01
3.136390e-01
3.138068e-01
3.139127e-01
3.140012e-01
3.140392e-01
3.142849e-01
3.144298e-01
3.145641e-01
3.147699e-01
3.147792e-01
3.149214e-01
3.150153e-01
3.152044e-01
3.153804e-01
3.155089e-01
3.157054e-01
3.159612e-01
3.160077e-01
3.162712e-01
3.163525e-01
3.166228e-01
3.166876e-01
3.167726e-01
3.168672e-01
3.170989e-01
3.171473e-01
3.172593e-01
3.175305e-01
3.176847e-01
3.177199e-01
3.178414e-01
3.181035e-01
3.181402e-01
3.182649e-01
3.184309e-01
3.185110e-01
3.185996e-01
3.187504e-01
3.189031e-01
3.192621e-01
3.193685e-01
3.195543e-01
3.196552e-01
3.197922e-01
3.200797e-01
3.203016e-01
3.203574e-01
3.206450e-01
3.206747e-01
3.207462e-01
3.209082e-01
3.211028e-01
3.212769e-01
3.214527e-01
3.216177e-01
3.218290e-01
3.219782e-01
3.220505e-01
3.221814e-01
3.223098e-01
3.224887e-01
3.225567e-01
3.226867e-01
3.227439e-01
3.231950e-01
3.233170e-01
3.235863e-01
3.236200e-01
3.237986e-01
3.239784e-01
3.241687e-01
3.242789e-01
3.243238e-01
3.245760e-01
3.246551e-01
3.247352e-01
3.247834e-01
3.249803e-01
3.251454e-01
3.252170e-01
3.254302e-01
3.256437e-01
3.257761e-01
3.259657e-01
3.261319e-01
3.262261e-01
3.263565e-01
3.264063e-01
3.265520e-01
3.269877e-01
3.271525e-01
3.273013e-01
3.274469e-01
3.276699e-01
3.277429e-01
3.278449e-01
3.279365e-01
3.279685e-01
3.281433e-01
3.283002e-01
3.285195e-01
3.286340e-01
3.287617e-01
3.288670e-01
3.291619e-01
3.293497e-01
3.295230e-01
3.296574e-01
3.297288e-01
3.301080e-01
3.304640e-01
3.304680e-01
3.305999e-01
3.307655e-01
3.309430e-01
3.310422e-01
3.312274e-01
3.313356e-01
3.314951e-01
3.317377e-01
3.318635e-01
3.319420e-01
3.321877e-01
3.323335e-01
3.324346e-01
3.327014e-01
3.329169e-01
3.330699e-01
3.331162e-01
3.333113e-01
3.335432e-01
3.338455e-01
3.340017e-01
3.340324e-01
3.342865e-01
3.344076e-01
3.346799e-01
3.350049e-01
3.351464e-01
3.352790e-01
3.353642e-01
3.355985e-01
3.358205e-01
3.358747e-01
3.360795e-01
3.362315e-01
3.364016e-01
3.365542e-01
3.365634e-01
3.368400e-01
3.370498e-01
3.372241e-01
3.373328e-01
3.376021e-01
3.376616e-01
3.378040e-01
3.379424e-01
3.381664e-01
3.385262e-01
3.386404e-01
3.387484e-01
3.388482e-01
3.390680e-01
3.391470e-01
3.393998e-01
3.396064e-01
3.396777e-01
3.397791e-01
3.401209e-01
3.403415e-01
3.404056e-01
3.404787e-01
3.407801e-01
3.409002e-01
3.410686e-01
3.411258e-01
3.413450e-01
3.415969e-01
3.416362e-01
3.418398e-01
3.419050e-01
3.421638e-01
3.423395e-01
3.425370e-01
3.427571e-01
3.428569e-01
3.430460e-01
3.431462e-01
3.434736e-01
3.436186e-01
3.436727e-01
3.441633e-01
3.441739e-01
3.443661e-01
3.444740e-01
3.446694e-01
3.449612e-01
3.450480e-01
3.451461e-01
3.454230e-01
3.455623e-01
3.456496e-01
3.457526e-01
3.460634e-01
3.463868e-01
3.464884e-01
3.465792e-01
3.466930e-01
3.470147e-01
3.471624e-01
3.472847e-01
3.474308e-01
3.475316e-01
3.478734e-01
3.479408e-01
3.480466e-01
3.483698e-01
3.484624e-01
3.486705e-01
3.488492e-01
3.489660e-01
3.489920e-01
3.491711e-01
3.493017e-01
3.494942e-01
3.495942e-01
3.497485e-01
3.498931e-01
3.500841e-01
3.502420e-01
3.504415e-01
3.507886e-01
3.511075e-01
3.512184e-01
3.514846e-01
3.517067e-01
3.518651e-01
3.519141e-01
3.521036e-01
3.522487e-01
3.524871e-01
3.525177e-01
3.527338e-01
3.530309e-01
3.532692e-01
3.533672e-01
3.535609e-01
3.535727e-01
3.539886e-01
3.540764e-01
3.544758e-01
3.546945e-01
3.548250e-01
3.551539e-01
3.552902e-01
3.553812e-01
3.555067e-01
3.557748e-01
3.560150e-01
3.561428e-01
3.562197e-01
3.562702e-01
3.564637e-01
3.566756e-01
3.570657e-01
3.571940e-01
3.574281e-01
3.576612e-01
3.577194e-01
3.578743e-01
3.579407e-01
3.583291e-01
3.585478e-01
3.586479e-01
3.587806e-01
3.589395e-01
3.591832e-01
3.593387e-01
3.594011e-01
3.595815e-01
3.600121e-01
3.601275e-01
3.601741e-01
3.603961e-01
3.606334e-01
3.608311e-01
3.610513e-01
3.613370e-01
3.614852e-01
3.615622e-01
3.618833e-01
3.621044e-01
3.622323e-01
3.623537e-01
3.624937e-01
3.626467e-01
3.628944e-01
3.631168e-01
3.632793e-01
3.634318e-01
3.635392e-01
3.637701e-01
3.638378e-01
3.641862e-01
3.644770e-01
3.645183e-01
3.647374e-01
3.648712e-01
3.650235e-01
3.652086e-01
3.653833e-01
3.657947e-01
3.659017e-01
3.659606e-01
3.661366e-01
3.663488e-01
3.666291e-01
3.667261e-01
3.668750e-01
3.670882e-01
3.672441e-01
3.673715e-01
3.676442e-01
3.678880e-01
3.680250e-01
3.682326e-01
3.684599e-01
3.687254e-01
3.687545e-01
3.689820e-01
3.692399e-01
3.695277e-01
3.698490e-01
3.699450e-01
3.700440e-01
3.702204e-01
3.703630e-01
3.705379e-01
3.706855e-01
3.709912e-01
3.711024e-01
3.711596e-01
3.714333e-01
3.716653e-01
3.718285e-01
3.720482e-01
3.722925e-01
3.724482e-01
3.726488e-01
3.728507e-01
3.731060e-01
3.731900e-01
3.732936e-01
3.735012e-01
3.738382e-01
3.739296e-01
3.740688e-01
3.743157e-01
3.744603e-01
3.746448e-01
3.749903e-01
3.752453e-01
3.753574e-01
3.755865e-01
3.756520e-01
3.758634e-01
3.760065e-01
3.760867e-01
3.762292e-01
3.764118e-01
3.765764e-01
3.766817e-01
3.768823e-01
3.771670e-01
3.774804e-01
3.775698e-01
3.778948e-01
3.779313e-01
3.781090e-01
3.784209e-01
3.786100e-01
3.786698e-01
3.790000e-01
3.791340e-01
3.795130e-01
3.796244e-01
3.798656e-01
3.801431e-01
3.801590e-01
3.802429e-01
3.803991e-01
3.805874e-01
3.809170e-01
3.811923e-01
3.814250e-01
3.816730e-01
3.817556e-01
3.819311e-01
3.820602e-01
3.823421e-01
3.826856e-01
3.827667e-01
3.828833e-01
3.832269e-01
3.833767e-01
3.838857e-01
3.840254e-01
3.842066e-01
3.845376e-01
3.847074e-01
3.849035e-01
3.851614e-01
3.853646e-01
3.855159e-01
3.857025e-01
3.858310e-01
3.858985e-01
3.861173e-01
3.863462e-01
3.864614e-01
3.867634e-01
3.870078e-01
3.870972e-01
3.874378e-01
3.876463e-01
3.877123e-01
3.879315e-01
3.880684e-01
3.882076e-01
3.884420e-01
3.885181e-01
3.886814e-01
3.887658e-01
3.888957e-01
3.891734e-01
3.895530e-01
3.897211e-01
3.900835e-01
3.902753e-01
3.903731e-01
3.906861e-01
3.907724e-01
3.911040e-01
3.912118e-01
3.914726e-01
3.915546e-01
3.916768e-01
3.920133e-01
3.921509e-01
3.923987e-01
3.928777e-01
3.931002e-01
3.932529e-01
3.937153e-01
3.939440e-01
3.939811e-01
3.941879e-01
3.943763e-01
3.945263e-01
3.946807e-01
3.948424e-01
3.952311e-01
3.953673e-01
3.955695e-01
3.957902e-01
3.958901e-01
3.961630e-01
3.964134e-01
3.968053e-01
3.971315e-01
3.972095e-01
3.975377e-01
3.978704e-01
3.980076e-01
3.983100e-01
3.983601e-01
3.988705e-01
3.990161e-01
3.993273e-01
3.995133e-01
3.996774e-01
4.002918e-01
4.004128e-01
4.008860e-01
4.010889e-01
4.012868e-01
4.015095e-01
4.016926e-01
4.019354e-01
4.021999e-01
4.024225e-01
4.026431e-01
4.027904e-01
4.030441e-01
4.033844e-01
4.034648e-01
4.036666e-01
4.038878e-01
4.045045e-01
4.045586e-01
4.051121e-01
4.053962e-01
4.055813e-01
4.058772e-01
4.060114e-01
4.061083e-01
4.061662e-01
4.064767e-01
4.069168e-01
4.072679e-01
4.074132e-01
4.075756e-01
4.079266e-01
4.081292e-01
4.083893e-01
4.085957e-01
4.088974e-01
4.092505e-01
4.094329e-01
4.097270e-01
4.099729e-01
4.101382e-01
4.105010e-01
4.106024e-01
4.108191e-01
4.111115e-01
4.111642e-01
4.112609e-01
4.114978e-01
4.117543e-01
4.119817e-01
4.123173e-01
4.124804e-01
4.128999e-01
4.134652e-01
4.138139e-01
4.139262e-01
4.140100e-01
4.142240e-01
4.144731e-01
4.145927e-01
4.146358e-01
4.149139e-01
4.150813e-01
4.152876e-01
4.155691e-01
4.158156e-01
4.160869e-01
4.163352e-01
4.164560e-01
4.165667e-01
4.167005e-01
4.171378e-01
4.173067e-01
4.173972e-01
4.177774e-01
4.182134e-01
4.184341e-01
4.187741e-01
4.188663e-01
4.193505e-01
4.194632e-01
4.195532e-01
4.197723e-01
4.200493e-01
4.201076e-01
4.204954e-01
4.207717e-01
4.211231e-01
4.213813e-01
4.216208e-01
4.218945e-01
4.219648e-01
4.220946e-01
4.224090e-01
4.225080e-01
4.229351e-01
4.230390e-01
4.232215e-01
4.233430e-01
4.234022e-01
4.236799e-01
4.238459e-01
4.240949e-01
4.242188e-01
4.244661e-01
4.246831e-01
4.247449e-01
4.251851e-01
4.252835e-01
4.256530e-01
4.258215e-01
4.259896e-01
4.264147e-01
4.267050e-01
4.269148e-01
4.269884e-01
4.272244e-01
4.275685e-01
4.277718e-01
4.281464e-01
4.282975e-01
4.285935e-01
4.287598e-01
4.291624e-01
4.292529e-01
4.295924e-01
4.297573e-01
4.298524e-01
4.301141e-01
4.302965e-01
4.306401e-01
4.308883e-01
4.312736e-01
4.315595e-01
4.318427e-01
4.319479e-01
4.324291e-01
4.325991e-01
4.330498e-01
4.331114e-01
4.333322e-01
4.333796e-01
4.336301e-01
4.339704e-01
4.343076e-01
4.347054e-01
4.347229e-01
4.349858e-01
4.351978e-01
4.354388e-01
4.360105e-01
4.360652e-01
4.362404e-01
4.365521e-01
4.368223e-01
4.373071e-01
4.375857e-01
4.379073e-01
4.381170e-01
4.382857e-01
4.385987e-01
4.389558e-01
4.390619e-01
4.393144e-01
4.395454e-01
4.400851e-01
4.404568e-01
4.405481e-01
4.407852e-01
4.408108e-01
4.413487e-01
4.419163e-01
4.421781e-01
4.425186e-01
4.427659e-01
4.430275e-01
4.434779e-01
4.436409e-01
4.437820e-01
4.441128e-01
4.446208e-01
4.448182e-01
4.451872e-01
4.452598e-01
4.454390e-01
4.461664e-01
4.461921e-01
4.465561e-01
4.466728e-01
4.467933e-01
4.472881e-01
4.478494e-01
4.479875e-01
4.480770e-01
4.483607e-01
4.487668e-01
4.489094e-01
4.492334e-01
4.495976e-01
4.496817e-01
4.501976e-01
4.504007e-01
4.504884e-01
4.506088e-01
4.510172e-01
4.513739e-01
4.516475e-01
4.518552e-01
4.523199e-01
4.527503e-01
4.530379e-01
4.531527e-01
4.533878e-01
4.538670e-01
4.540388e-01
4.542779e-01
4.544668e-01
4.545147e-01
4.550101e-01
4.553128e-01
4.556337e-01
4.557558e-01
4.560501e-01
4.562205e-01
4.568230e-01
4.568675e-01
4.578108e-01
4.579256e-01
4.583148e-01
4.586247e-01
4.587646e-01
4.587876e-01
4.591977e-01
4.595620e-01
4.598273e-01
4.600304e-01
4.602099e-01
4.607253e-01
4.610912e-01
4.613711e-01
4.615749e-01
4.617445e-01
4.618331e-01
4.621206e-01
4.622209e-01
4.626415e-01
4.631066e-01
4.632480e-01
4.634002e-01
4.637319e-01
4.638268e-01
4.644485e-01
4.646710e-01
4.649212e-01
4.650627e-01
4.653491e-01
4.655172e-01
4.657743e-01
4.662399e-01
4.665713e-01
4.666744e-01
4.670975e-01
4.672673e-01
4.677187e-01
4.679171e-01
4.684917e-01
4.686986e-01
4.688267e-01
4.694363e-01
4.696812e-01
4.701726e-01
4.703680e-01
4.705975e-01
4.706531e-01
4.709260e-01
4.717087e-01
4.717685e-01
4.721614e-01
4.722097e-01
4.724855e-01
4.726723e-01
4.728006e-01
4.735565e-01
4.739588e-01
4.740708e-01
4.741577e-01
4.747726e-01
4.751658e-01
4.752767e-01
4.754939e-01
4.758311e-01
4.763685e-01
4.766834e-01
4.769601e-01
4.770742e-01
4.776579e-01
4.782081e-01
4.783277e-01
4.787405e-01
4.787764e-01
4.791395e-01
4.798640e-01
4.801615e-01
4.803237e-01
4.806849e-01
4.809468e-01
4.814562e-01
4.817686e-01
4.820649e-01
4.824529e-01
4.828057e-01
4.830297e-01
4.833406e-01
4.835834e-01
4.838458e-01
4.842374e-01
4.846829e-01
4.849146e-01
4.852393e-01
4.855820e-01
4.859537e-01
4.860468e-01
4.865255e-01
4.866370e-01
4.871916e-01
4.873019e-01
4.877205e-01
4.881987e-01
4.883637e-01
4.888531e-01
4.890819e-01
4.897477e-01
4.904107e-01
4.906246e-01
4.908941e-01
4.915977e-01
4.917678e-01
4.920602e-01
4.921857e-01
4.923656e-01
4.925152e-01
4.929032e-01
4.929814e-01
4.936434e-01
4.939316e-01
4.944473e-01
4.947299e-01
4.948063e-01
4.951519e-01
4.955057e-01
4.958399e-01
4.963217e-01
4.963919e-01
4.971782e-01
4.973183e-01
4.974675e-01
4.977624e-01
4.986476e-01
4.988449e-01
4.988606e-01
4.991469e-01
4.992953e-01
4.999985e-01
5.004014e-01
5.005029e-01
5.011651e-01
5.013826e-01
5.014279e-01
5.021157e-01
5.022521e-01
5.029283e-01
5.036005e-01
5.038834e-01
5.039797e-01
5.046024e-01
5.047467e-01
5.050760e-01
5.055045e-01
5.059673e-01
5.066463e-01
5.067188e-01
5.069499e-01
5.073739e-01
5.076712e-01
5.081950e-01
5.086452e-01
5.086838e-01
5.088115e-01
5.092255e-01
5.101147e-01
5.102038e-01
5.104594e-01
5.107478e-01
5.114028e-01
5.116365e-01
5.116726e-01
5.119381e-01
5.124118e-01
5.127089e-01
5.129598e-01
5.134354e-01
5.137885e-01
5.140100e-01
5.143634e-01
5.146383e-01
5.151701e-01
5.155834e-01
5.158870e-01
5.159606e-01
5.164594e-01
5.168440e-01
5.169682e-01
5.174107e-01
5.179265e-01
5.183878e-01
5.187743e-01
5.193356e-01
5.196748e-01
5.199205e-01
5.202784e-01
5.206836e-01
5.211849e-01
5.214650e-01
5.221735e-01
5.224080e-01
5.227155e-01
5.233568e-01
5.239192e-01
5.243048e-01
5.247448e-01
5.249972e-01
5.253691e-01
5.259532e-01
5.265469e-01
5.270574e-01
5.274817e-01
5.276688e-01
5.279245e-01
5.284796e-01
5.291245e-01
5.296043e-01
5.298980e-01
5.304250e-01
5.307860e-01
5.310093e-01
5.315577e-01
5.320467e-01
5.321796e-01
5.322840e-01
5.324256e-01
5.329811e-01
5.334931e-01
5.341245e-01
5.348287e-01
5.350447e-01
5.360131e-01
5.360757e-01
5.363441e-01
5.366092e-01
5.373187e-01
5.376317e-01
5.377991e-01
5.378944e-01
5.381398e-01
5.387954e-01
5.390557e-01
5.394235e-01
5.402065e-01
5.406396e-01
5.413166e-01
5.424002e-01
5.426966e-01
5.430868e-01
5.431287e-01
5.437560e-01
5.438693e-01
5.442626e-01
5.444672e-01
5.456947e-01
5.461634e-01
5.463960e-01
5.464531e-01
5.469763e-01
5.470825e-01
5.482125e-01
5.491094e-01
5.494220e-01
5.498312e-01
5.505642e-01
5.510030e-01
5.511877e-01
5.519707e-01
5.524948e-01
5.530656e-01
5.532652e-01
5.536809e-01
5.547394e-01
5.551212e-01
5.555495e-01
5.562709e-01
5.571877e-01
5.575810e-01
5.578499e-01
5.579103e-01
5.584769e-01
5.591352e-01
5.593679e-01
5.602226e-01
5.608917e-01
5.613853e-01
5.614055e-01
5.619575e-01
5.628290e-01
5.633578e-01
5.636323e-01
5.641887e-01
5.646417e-01
5.653929e-01
5.656146e-01
5.662731e-01
5.665958e-01
5.668697e-01
5.679013e-01
5.683590e-01
5.687346e-01
5.688512e-01
5.694875e-01
5.702744e-01
5.703827e-01
5.716150e-01
5.718586e-01
5.721169e-01
5.725614e-01
5.730188e-01
5.733360e-01
5.737281e-01
5.739150e-01
5.743177e-01
5.748037e-01
5.754690e-01
5.757174e-01
5.759173e-01
5.761316e-01
5.765118e-01
5.771907e-01
5.777398e-01
5.781320e-01
5.787676e-01
5.793789e-01
5.795975e-01
5.799473e-01
5.803350e-01
5.812095e-01
5.813571e-01
5.819698e-01
5.825793e-01
5.828630e-01
5.839122e-01
5.840923e-01
5.841970e-01
5.849972e-01
5.852237e-01
5.859545e-01
5.862805e-01
5.867787e-01
5.869115e-01
5.881026e-01
5.884218e-01
5.891038e-01
5.898469e-01
5.902845e-01
5.905518e-01
5.913794e-01
5.920381e-01
5.922450e-01
5.933882e-01
5.940591e-01
5.941221e-01
5.952808e-01
5.954632e-01
5.963646e-01
5.968494e-01
5.970253e-01
5.973854e-01
5.982965e-01
5.986269e-01
5.989767e-01
5.997317e-01
6.000839e-01
6.006603e-01
6.013089e-01
6.021409e-01
6.023070e-01
6.027468e-01
6.029612e-01
6.040945e-01
6.045806e-01
6.052506e-01
6.052802e-01
6.061015e-01
6.073005e-01
6.079700e-01
6.083528e-01
6.084917e-01
6.093070e-01
6.094842e-01
6.103764e-01
6.110412e-01
6.120661e-01
6.122453e-01
6.134608e-01
6.144324e-01
6.150917e-01
6.153005e-01
6.157977e-01
6.163093e-01
6.167234e-01
6.175676e-01
6.178718e-01
6.188049e-01
6.189510e-01
6.196581e-01
6.199270e-01
6.206502e-01
6.211669e-01
6.215930e-01
6.223360e-01
6.228816e-01
6.238893e-01
6.246611e-01
6.247689e-01
6.253433e-01
6.264585e-01
6.269789e-01
6.283394e-01
6.295518e-01
6.298760e-01
6.306397e-01
6.315216e-01
6.321856e-01
6.324323e-01
6.327884e-01
6.333495e-01
6.335764e-01
6.343415e-01
6.345699e-01
6.346736e-01
6.363154e-01
6.371141e-01
6.373917e-01
6.377527e-01
6.381939e-01
6.390556e-01
6.407326e-01
6.409725e-01
6.415636e-01
6.433268e-01
6.437566e-01
6.450522e-01
6.451357e-01
6.455922e-01
6.465263e-01
6.476708e-01
6.482466e-01
6.485544e-01
6.495233e-01
6.496853e-01
6.504575e-01
6.506159e-01
6.512073e-01
6.529334e-01
6.530717e-01
6.531345e-01
6.544889e-01
6.555526e-01
6.560970e-01
6.569969e-01
6.576290e-01
6.586582e-01
6.605544e-01
6.609267e-01
6.620866e-01
6.621692e-01
6.630672e-01
6.651046e-01
6.660180e-01
6.663616e-01
6.676778e-01
6.682872e-01
6.687760e-01
6.704845e-01
6.714936e-01
6.737386e-01
6.743031e-01
6.748953e-01
6.758852e-01
6.763964e-01
6.768702e-01
6.776275e-01
6.790683e-01
6.793898e-01
6.801547e-01
6.804270e-01
6.805909e-01
6.815674e-01
6.827054e-01
6.833562e-01
6.853860e-01
6.864386e-01
6.865913e-01
6.866566e-01
6.876673e-01
6.888879e-01
6.897082e-01
6.911861e-01
6.920150e-01
6.931698e-01
6.955964e-01
6.956411e-01
6.967359e-01
6.974105e-01
6.983519e-01
7.000742e-01
7.014483e-01
7.017162e-01
7.024366e-01
7.028969e-01
7.032729e-01
7.036127e-01
7.055267e-01
7.061484e-01
7.071466e-01
7.075808e-01
7.086636e-01
7.092373e-01
7.105640e-01
7.116931e-01
7.124920e-01
7.126660e-01
7.133953e-01
7.138395e-01
7.152379e-01
7.164915e-01
7.171796e-01
7.184155e-01
7.195592e-01
7.227963e-01
7.230948e-01
7.244908e-01
7.256418e-01
7.273257e-01
7.281893e-01
7.299803e-01
7.320794e-01
7.331980e-01
7.340591e-01
7.341813e-01
7.349696e-01
7.357606e-01
7.370054e-01
7.382144e-01
7.404861e-01
7.420169e-01
7.459691e-01
7.461465e-01
7.465789e-01
7.497714e-01
7.501110e-01
7.503150e-01
7.511569e-01
7.517492e-01
7.534412e-01
7.539723e-01
7.559126e-01
7.561295e-01
7.573869e-01
7.579974e-01
7.599627e-01
7.614541e-01
7.640348e-01
7.642215e-01
7.663886e-01
7.682456e-01
7.687413e-01
7.692700e-01
7.714951e-01
7.721232e-01
7.743962e-01
7.763048e-01
7.777392e-01
7.794137e-01
7.810279e-01
7.815762e-01
7.818851e-01
7.848757e-01
7.860086e-01
7.875738e-01
7.885051e-01
7.892622e-01
7.909792e-01
7.927472e-01
7.963258e-01
7.974873e-01
8.004999e-01
8.019732e-01
8.057367e-01
8.084194e-01
8.107075e-01
8.119245e-01
8.147626e-01
8.172805e-01
8.251029e-01
8.267361e-01
8.267973e-01
8.301647e-01
8.325825e-01
8.347509e-01
8.357125e-01
8.371162e-01
8.383745e-01
8.412454e-01
8.437248e-01
8.460459e-01
8.476448e-01
8.496155e-01
8.554112e-01
8.580217e-01
8.615779e-01
8.636633e-01
8.657721e-01
8.667637e-01
8.726887e-01
8.786509e-01
8.804496e-01
8.851923e-01
8.877139e-01
9.027375e-01
9.043681e-01
9.054425e-01
9.066660e-01
9.073021e-01
9.116519e-01
9.230679e-01
9.290432e-01
9.330646e-01
9.371040e-01
9.438113e-01
9.474716e-01
9.480238e-01
9.575700e-01
9.709648e-01
9.775646e-01
9.904937e-01
1.000000e+00
