# SF-29 N2 candidate (i) i1 field=gauss_ch eps=0.25 N=12: sorted relative singular values of the dense central-FD Jacobian at the converged state (rows F_i=-q(L_i-S_i); outlet rows (2q/h)(vperp_in-c_perp); smax=1.842041e+03)
1.081043e-03
1.114191e-03
1.136158e-03
1.155133e-03
1.207361e-03
1.255551e-03
1.312163e-03
1.334967e-03
1.414300e-03
1.458795e-03
1.490769e-03
1.534692e-03
1.570022e-03
1.623366e-03
1.734527e-03
1.768328e-03
1.806974e-03
1.887241e-03
1.896841e-03
1.993256e-03
2.079571e-03
2.220399e-03
2.226772e-03
2.353634e-03
2.413823e-03
2.658200e-03
2.759141e-03
2.960586e-03
5.184977e-03
5.205416e-03
5.642387e-03
5.774744e-03
5.931048e-03
6.070431e-03
6.278625e-03
6.453913e-03
9.044830e-03
9.281717e-03
9.351039e-03
9.462395e-03
9.522130e-03
9.683500e-03
9.732217e-03
9.768207e-03
9.989790e-03
9.993875e-03
1.003552e-02
1.016991e-02
1.030452e-02
1.032149e-02
1.042591e-02
1.048218e-02
1.066691e-02
1.070194e-02
1.077886e-02
1.087508e-02
1.095983e-02
1.111208e-02
1.126009e-02
1.132716e-02
1.136441e-02
1.148410e-02
1.155834e-02
1.161143e-02
1.164621e-02
1.191279e-02
1.202352e-02
1.233267e-02
1.239921e-02
1.253963e-02
1.279878e-02
1.330000e-02
1.340307e-02
1.379069e-02
1.421247e-02
1.445911e-02
1.449867e-02
1.466538e-02
1.474249e-02
1.492106e-02
1.498873e-02
1.521055e-02
1.528930e-02
1.547066e-02
1.557095e-02
1.569069e-02
1.601004e-02
1.612204e-02
1.619771e-02
1.682588e-02
1.698503e-02
1.725761e-02
1.733868e-02
1.780146e-02
1.786069e-02
1.802722e-02
1.816379e-02
1.821102e-02
1.836558e-02
1.860251e-02
1.886151e-02
1.933233e-02
1.952789e-02
1.969467e-02
1.974659e-02
1.983418e-02
1.996089e-02
2.019872e-02
2.029185e-02
2.037845e-02
2.056398e-02
2.104065e-02
2.118392e-02
2.133215e-02
2.152609e-02
2.177620e-02
2.384884e-02
2.402221e-02
2.424048e-02
2.451360e-02
2.472829e-02
2.482664e-02
2.503355e-02
2.539751e-02
2.574964e-02
2.589250e-02
2.623928e-02
2.629983e-02
2.651537e-02
2.712783e-02
2.728418e-02
2.757636e-02
2.773715e-02
2.785054e-02
2.794308e-02
2.801298e-02
2.819564e-02
2.822765e-02
2.827243e-02
2.842593e-02
2.855347e-02
2.860833e-02
2.865996e-02
2.879753e-02
2.893912e-02
2.915710e-02
2.931972e-02
2.941850e-02
2.962210e-02
2.975823e-02
2.994038e-02
3.008612e-02
3.019885e-02
3.034014e-02
3.036760e-02
3.042384e-02
3.062183e-02
3.072704e-02
3.082461e-02
3.100451e-02
3.127027e-02
3.129982e-02
3.138876e-02
3.148528e-02
3.160656e-02
3.176689e-02
3.181617e-02
3.189620e-02
3.206194e-02
3.212746e-02
3.220023e-02
3.224757e-02
3.247683e-02
3.263780e-02
3.270380e-02
3.280819e-02
3.327885e-02
3.359514e-02
3.378316e-02
3.387338e-02
3.409545e-02
3.421362e-02
3.450428e-02
3.455402e-02
3.489130e-02
3.540774e-02
3.554658e-02
3.601499e-02
3.607364e-02
3.650974e-02
3.697346e-02
3.733932e-02
3.796527e-02
3.839732e-02
3.867008e-02
3.885169e-02
3.933807e-02
4.000569e-02
4.034327e-02
4.052246e-02
4.151916e-02
4.245975e-02
4.272871e-02
4.307270e-02
4.319818e-02
4.346524e-02
4.358782e-02
4.369781e-02
4.392628e-02
4.397444e-02
4.416889e-02
4.431937e-02
4.465362e-02
4.480959e-02
4.499988e-02
4.539426e-02
4.561287e-02
4.575434e-02
4.603238e-02
4.606835e-02
4.627795e-02
4.637594e-02
4.644823e-02
4.658442e-02
4.683777e-02
4.691260e-02
4.715394e-02
4.720672e-02
4.746873e-02
4.754586e-02
4.763749e-02
4.791163e-02
4.793483e-02
4.822738e-02
4.834685e-02
4.842721e-02
4.869727e-02
4.879267e-02
4.914341e-02
4.932226e-02
4.948292e-02
4.971776e-02
4.986438e-02
5.008522e-02
5.027675e-02
5.036576e-02
5.057660e-02
5.090967e-02
5.112373e-02
5.135165e-02
5.147892e-02
5.158575e-02
5.178624e-02
5.181953e-02
5.212344e-02
5.225741e-02
5.250836e-02
5.299431e-02
5.332699e-02
5.345561e-02
5.364344e-02
5.421395e-02
5.498986e-02
5.507488e-02
5.535452e-02
5.553129e-02
5.573248e-02
5.590692e-02
5.608099e-02
5.627369e-02
5.637610e-02
5.660130e-02
5.680550e-02
5.700708e-02
5.724698e-02
5.737798e-02
5.767871e-02
5.846729e-02
5.865202e-02
5.878332e-02
5.898500e-02
5.901948e-02
5.925370e-02
5.946816e-02
5.967740e-02
5.986871e-02
5.995471e-02
6.016045e-02
6.026942e-02
6.066276e-02
6.084469e-02
6.090487e-02
6.114323e-02
6.126177e-02
6.169622e-02
6.175077e-02
6.188302e-02
6.207585e-02
6.233082e-02
6.248539e-02
6.263348e-02
6.279039e-02
6.286650e-02
6.300737e-02
6.310986e-02
6.346899e-02
6.355216e-02
6.369075e-02
6.381712e-02
6.398653e-02
6.443438e-02
6.451419e-02
6.483093e-02
6.498950e-02
6.501810e-02
6.521776e-02
6.534328e-02
6.544841e-02
6.560108e-02
6.588805e-02
6.599283e-02
6.613627e-02
6.635955e-02
6.649519e-02
6.692985e-02
6.716914e-02
6.740682e-02
6.752425e-02
6.765592e-02
6.781272e-02
6.814885e-02
6.830681e-02
6.855436e-02
6.902049e-02
6.906006e-02
6.918960e-02
6.952318e-02
6.964365e-02
7.012655e-02
7.028846e-02
7.065243e-02
7.085289e-02
7.132836e-02
7.179339e-02
7.209998e-02
7.229298e-02
7.248381e-02
7.257852e-02
7.299424e-02
7.332510e-02
7.339018e-02
7.376164e-02
7.396665e-02
7.411431e-02
7.418108e-02
7.442006e-02
7.474699e-02
7.480638e-02
7.491672e-02
7.512553e-02
7.534577e-02
7.561925e-02
7.587100e-02
7.601048e-02
7.619224e-02
7.628936e-02
7.646462e-02
7.682915e-02
7.707305e-02
7.724612e-02
7.728590e-02
7.752118e-02
7.796917e-02
7.822049e-02
7.837865e-02
7.852686e-02
7.907498e-02
7.927397e-02
7.937993e-02
7.961965e-02
7.997164e-02
8.019930e-02
8.047403e-02
8.055059e-02
8.077552e-02
8.095301e-02
8.102782e-02
8.130551e-02
8.144810e-02
8.170845e-02
8.177554e-02
8.193145e-02
8.213273e-02
8.218873e-02
8.228845e-02
8.258149e-02
8.282021e-02
8.305533e-02
8.345478e-02
8.350486e-02
8.355147e-02
8.372028e-02
8.387675e-02
8.419832e-02
8.429987e-02
8.444035e-02
8.466817e-02
8.518672e-02
8.532854e-02
8.547020e-02
8.550307e-02
8.588238e-02
8.598627e-02
8.610545e-02
8.620320e-02
8.651256e-02
8.682399e-02
8.692628e-02
8.712053e-02
8.733081e-02
8.757032e-02
8.772189e-02
8.787948e-02
8.809193e-02
8.842835e-02
8.862177e-02
8.899812e-02
8.920857e-02
8.929965e-02
8.948822e-02
8.961318e-02
8.995245e-02
9.000670e-02
9.021371e-02
9.032657e-02
9.056402e-02
9.063861e-02
9.070984e-02
9.108493e-02
9.136631e-02
9.149181e-02
9.175389e-02
9.190716e-02
9.197822e-02
9.224415e-02
9.233555e-02
9.248841e-02
9.270144e-02
9.294149e-02
9.324149e-02
9.333837e-02
9.362234e-02
9.399916e-02
9.413649e-02
9.420322e-02
9.433017e-02
9.461304e-02
9.478855e-02
9.503174e-02
9.508350e-02
9.516468e-02
9.529073e-02
9.548404e-02
9.575037e-02
9.581216e-02
9.592029e-02
9.619049e-02
9.631079e-02
9.637562e-02
9.661717e-02
9.690827e-02
9.695691e-02
9.715725e-02
9.741163e-02
9.752243e-02
9.783419e-02
9.787040e-02
9.800465e-02
9.833551e-02
9.857803e-02
9.874861e-02
9.882094e-02
9.924191e-02
9.935177e-02
9.948042e-02
9.978727e-02
1.001359e-01
1.003859e-01
1.005568e-01
1.006674e-01
1.008108e-01
1.009954e-01
1.012714e-01
1.015041e-01
1.018088e-01
1.019909e-01
1.020517e-01
1.022387e-01
1.023236e-01
1.025165e-01
1.026879e-01
1.027958e-01
1.029129e-01
1.031590e-01
1.032724e-01
1.034980e-01
1.037781e-01
1.041415e-01
1.041604e-01
1.043187e-01
1.045631e-01
1.048208e-01
1.049783e-01
1.051338e-01
1.052396e-01
1.053492e-01
1.055492e-01
1.056909e-01
1.058785e-01
1.062588e-01
1.063091e-01
1.066275e-01
1.066579e-01
1.069029e-01
1.072101e-01
1.074260e-01
1.075251e-01
1.077837e-01
1.078417e-01
1.079831e-01
1.081038e-01
1.082278e-01
1.084346e-01
1.086555e-01
1.087486e-01
1.089605e-01
1.090356e-01
1.092402e-01
1.093581e-01
1.094503e-01
1.095816e-01
1.097249e-01
1.100382e-01
1.100976e-01
1.102471e-01
1.103740e-01
1.105400e-01
1.107842e-01
1.109815e-01
1.110978e-01
1.112795e-01
1.115261e-01
1.115626e-01
1.117830e-01
1.120974e-01
1.123758e-01
1.125445e-01
1.126323e-01
1.127759e-01
1.129649e-01
1.131188e-01
1.135129e-01
1.137695e-01
1.139731e-01
1.140593e-01
1.142259e-01
1.144386e-01
1.146826e-01
1.147326e-01
1.148901e-01
1.151644e-01
1.152125e-01
1.152198e-01
1.154102e-01
1.159092e-01
1.160243e-01
1.161971e-01
1.164558e-01
1.166679e-01
1.169032e-01
1.172180e-01
1.174195e-01
1.177630e-01
1.179019e-01
1.180729e-01
1.182490e-01
1.183320e-01
1.186571e-01
1.187752e-01
1.189443e-01
1.192874e-01
1.194362e-01
1.196431e-01
1.197152e-01
1.198336e-01
1.200252e-01
1.202226e-01
1.203095e-01
1.205607e-01
1.206444e-01
1.209690e-01
1.210790e-01
1.213043e-01
1.215006e-01
1.216046e-01
1.217693e-01
1.220006e-01
1.221242e-01
1.221691e-01
1.223537e-01
1.227011e-01
1.227279e-01
1.230130e-01
1.230350e-01
1.234394e-01
1.235802e-01
1.238828e-01
1.241394e-01
1.242853e-01
1.243716e-01
1.245945e-01
1.247265e-01
1.250352e-01
1.250587e-01
1.251770e-01
1.253022e-01
1.254769e-01
1.255977e-01
1.258350e-01
1.259503e-01
1.262767e-01
1.263368e-01
1.264241e-01
1.266589e-01
1.268549e-01
1.270373e-01
1.272167e-01
1.276273e-01
1.276394e-01
1.279389e-01
1.280265e-01
1.282310e-01
1.283594e-01
1.285378e-01
1.287641e-01
1.289107e-01
1.291811e-01
1.293638e-01
1.294707e-01
1.295578e-01
1.296576e-01
1.298930e-01
1.301110e-01
1.301279e-01
1.304040e-01
1.305851e-01
1.308080e-01
1.308206e-01
1.311316e-01
1.312285e-01
1.314926e-01
1.316450e-01
1.318235e-01
1.319360e-01
1.321805e-01
1.322448e-01
1.323611e-01
1.325822e-01
1.326286e-01
1.328515e-01
1.331975e-01
1.332239e-01
1.333102e-01
1.334311e-01
1.336342e-01
1.339956e-01
1.342433e-01
1.343150e-01
1.344177e-01
1.346496e-01
1.349355e-01
1.349502e-01
1.351887e-01
1.354025e-01
1.356469e-01
1.357852e-01
1.358625e-01
1.360872e-01
1.363738e-01
1.364806e-01
1.369256e-01
1.370113e-01
1.371804e-01
1.372982e-01
1.374405e-01
1.376074e-01
1.376631e-01
1.379684e-01
1.380874e-01
1.382720e-01
1.384173e-01
1.386800e-01
1.387863e-01
1.388069e-01
1.389520e-01
1.393446e-01
1.394287e-01
1.394890e-01
1.397540e-01
1.397701e-01
1.398904e-01
1.400598e-01
1.403332e-01
1.404745e-01
1.407223e-01
1.408685e-01
1.409803e-01
1.410349e-01
1.411241e-01
1.414324e-01
1.416196e-01
1.418240e-01
1.418796e-01
1.420048e-01
1.421407e-01
1.423141e-01
1.426463e-01
1.426810e-01
1.428949e-01
1.431431e-01
1.432248e-01
1.433323e-01
1.436117e-01
1.437581e-01
1.439496e-01
1.442373e-01
1.444570e-01
1.445681e-01
1.447378e-01
1.448915e-01
1.450156e-01
1.451132e-01
1.455371e-01
1.457532e-01
1.457955e-01
1.460066e-01
1.460550e-01
1.460980e-01
1.463978e-01
1.465365e-01
1.465865e-01
1.468873e-01
1.469634e-01
1.470440e-01
1.472763e-01
1.474013e-01
1.475734e-01
1.478400e-01
1.479802e-01
1.480669e-01
1.481013e-01
1.481615e-01
1.485761e-01
1.488277e-01
1.489579e-01
1.492008e-01
1.493428e-01
1.494023e-01
1.495068e-01
1.496217e-01
1.498755e-01
1.499273e-01
1.499696e-01
1.502294e-01
1.504680e-01
1.507662e-01
1.508249e-01
1.508803e-01
1.510791e-01
1.511285e-01
1.513634e-01
1.517158e-01
1.518798e-01
1.520856e-01
1.523191e-01
1.523905e-01
1.525199e-01
1.526326e-01
1.528270e-01
1.531519e-01
1.532069e-01
1.534805e-01
1.537025e-01
1.537207e-01
1.537955e-01
1.541076e-01
1.541461e-01
1.543104e-01
1.543639e-01
1.547642e-01
1.549278e-01
1.550974e-01
1.552859e-01
1.553866e-01
1.555085e-01
1.557895e-01
1.558723e-01
1.562256e-01
1.564604e-01
1.566079e-01
1.566767e-01
1.568469e-01
1.569605e-01
1.572798e-01
1.574134e-01
1.576919e-01
1.578904e-01
1.579203e-01
1.583297e-01
1.584643e-01
1.585439e-01
1.588399e-01
1.589382e-01
1.590916e-01
1.592374e-01
1.594923e-01
1.596353e-01
1.596860e-01
1.600267e-01
1.601645e-01
1.603026e-01
1.604886e-01
1.605920e-01
1.607310e-01
1.608307e-01
1.610829e-01
1.611703e-01
1.615815e-01
1.618588e-01
1.619305e-01
1.621348e-01
1.622287e-01
1.623746e-01
1.626373e-01
1.628425e-01
1.629809e-01
1.630064e-01
1.631127e-01
1.632304e-01
1.635309e-01
1.635689e-01
1.638204e-01
1.639333e-01
1.640576e-01
1.643820e-01
1.644587e-01
1.647456e-01
1.648107e-01
1.649339e-01
1.651047e-01
1.651770e-01
1.654661e-01
1.655680e-01
1.656868e-01
1.658145e-01
1.659775e-01
1.660916e-01
1.663562e-01
1.663841e-01
1.667678e-01
1.668714e-01
1.669315e-01
1.669460e-01
1.670966e-01
1.674604e-01
1.676271e-01
1.677858e-01
1.680420e-01
1.681889e-01
1.684845e-01
1.685972e-01
1.687081e-01
1.688232e-01
1.689127e-01
1.690804e-01
1.692882e-01
1.695958e-01
1.698361e-01
1.699780e-01
1.700153e-01
1.703979e-01
1.705418e-01
1.705606e-01
1.706822e-01
1.708993e-01
1.710306e-01
1.713122e-01
1.713777e-01
1.715048e-01
1.717547e-01
1.719621e-01
1.721016e-01
1.721953e-01
1.722485e-01
1.724573e-01
1.727028e-01
1.727596e-01
1.729388e-01
1.732600e-01
1.734480e-01
1.736355e-01
1.736597e-01
1.739264e-01
1.741229e-01
1.741438e-01
1.743320e-01
1.745674e-01
1.745949e-01
1.748134e-01
1.748902e-01
1.751338e-01
1.752478e-01
1.754252e-01
1.756082e-01
1.756895e-01
1.757606e-01
1.760342e-01
1.761239e-01
1.762377e-01
1.765284e-01
1.766889e-01
1.767345e-01
1.768707e-01
1.768819e-01
1.771712e-01
1.772436e-01
1.775189e-01
1.777854e-01
1.779951e-01
1.781057e-01
1.782620e-01
1.783786e-01
1.784052e-01
1.786810e-01
1.788648e-01
1.790112e-01
1.792008e-01
1.793577e-01
1.796878e-01
1.797590e-01
1.800676e-01
1.803401e-01
1.804689e-01
1.806308e-01
1.806809e-01
1.809263e-01
1.810714e-01
1.812722e-01
1.814260e-01
1.815997e-01
1.818157e-01
1.819476e-01
1.821426e-01
1.822281e-01
1.822910e-01
1.823986e-01
1.826118e-01
1.827572e-01
1.830225e-01
1.831025e-01
1.832936e-01
1.834060e-01
1.835177e-01
1.835569e-01
1.837249e-01
1.840202e-01
1.840975e-01
1.842072e-01
1.844144e-01
1.847795e-01
1.848474e-01
1.849622e-01
1.851081e-01
1.851757e-01
1.854410e-01
1.858222e-01
1.858855e-01
1.860060e-01
1.860457e-01
1.862096e-01
1.865115e-01
1.866825e-01
1.869645e-01
1.870544e-01
1.871726e-01
1.872539e-01
1.874304e-01
1.878068e-01
1.878450e-01
1.880210e-01
1.882037e-01
1.884772e-01
1.885220e-01
1.886342e-01
1.888620e-01
1.890306e-01
1.891281e-01
1.892880e-01
1.898277e-01
1.899177e-01
1.900918e-01
1.903767e-01
1.904816e-01
1.907222e-01
1.908211e-01
1.909018e-01
1.910342e-01
1.912144e-01
1.914817e-01
1.916515e-01
1.917386e-01
1.918221e-01
1.921128e-01
1.921698e-01
1.924344e-01
1.926913e-01
1.927408e-01
1.930328e-01
1.931317e-01
1.932602e-01
1.934297e-01
1.935242e-01
1.936376e-01
1.937311e-01
1.939471e-01
1.941934e-01
1.943625e-01
1.945676e-01
1.946842e-01
1.948382e-01
1.949400e-01
1.951358e-01
1.954473e-01
1.955862e-01
1.957174e-01
1.959104e-01
1.960025e-01
1.962303e-01
1.964070e-01
1.966735e-01
1.968274e-01
1.970490e-01
1.973213e-01
1.974751e-01
1.975718e-01
1.976284e-01
1.980047e-01
1.981972e-01
1.983235e-01
1.985006e-01
1.985489e-01
1.987220e-01
1.989786e-01
1.990468e-01
1.993404e-01
1.993886e-01
1.995235e-01
1.996270e-01
1.997349e-01
1.998975e-01
2.001493e-01
2.001829e-01
2.005090e-01
2.006553e-01
2.007557e-01
2.008823e-01
2.009221e-01
2.011294e-01
2.014618e-01
2.015745e-01
2.016903e-01
2.018339e-01
2.021487e-01
2.022200e-01
2.022878e-01
2.024592e-01
2.026537e-01
2.029621e-01
2.031958e-01
2.032465e-01
2.034637e-01
2.037168e-01
2.038559e-01
2.040351e-01
2.041058e-01
2.042060e-01
2.042706e-01
2.044835e-01
2.047390e-01
2.047857e-01
2.049223e-01
2.051040e-01
2.053521e-01
2.054740e-01
2.056296e-01
2.059141e-01
2.062243e-01
2.062811e-01
2.063787e-01
2.067333e-01
2.068365e-01
2.069802e-01
2.071436e-01
2.073165e-01
2.074496e-01
2.077173e-01
2.077556e-01
2.079495e-01
2.080659e-01
2.081914e-01
2.085248e-01
2.086295e-01
2.087726e-01
2.089492e-01
2.090718e-01
2.094107e-01
2.096192e-01
2.097424e-01
2.098506e-01
2.100636e-01
2.100859e-01
2.103694e-01
2.105404e-01
2.108881e-01
2.110214e-01
2.110808e-01
2.111224e-01
2.114066e-01
2.114749e-01
2.115520e-01
2.117295e-01
2.119213e-01
2.121083e-01
2.123984e-01
2.124332e-01
2.125769e-01
2.129474e-01
2.129777e-01
2.131735e-01
2.133092e-01
2.135764e-01
2.136473e-01
2.138331e-01
2.140539e-01
2.141218e-01
2.143323e-01
2.144147e-01
2.145914e-01
2.148127e-01
2.149596e-01
2.152648e-01
2.154736e-01
2.155234e-01
2.156206e-01
2.159234e-01
2.160724e-01
2.162343e-01
2.163836e-01
2.166967e-01
2.167745e-01
2.170454e-01
2.171506e-01
2.173657e-01
2.174412e-01
2.176835e-01
2.177776e-01
2.181535e-01
2.182404e-01
2.182952e-01
2.185724e-01
2.188615e-01
2.189955e-01
2.190706e-01
2.193781e-01
2.194128e-01
2.197006e-01
2.198061e-01
2.200245e-01
2.201168e-01
2.203783e-01
2.206097e-01
2.206826e-01
2.208513e-01
2.213179e-01
2.215192e-01
2.215949e-01
2.217833e-01
2.218799e-01
2.220238e-01
2.222699e-01
2.223937e-01
2.224873e-01
2.227700e-01
2.230273e-01
2.232964e-01
2.234760e-01
2.235978e-01
2.237646e-01
2.239578e-01
2.241080e-01
2.242182e-01
2.243262e-01
2.245300e-01
2.248515e-01
2.249387e-01
2.251167e-01
2.252493e-01
2.255292e-01
2.255654e-01
2.256990e-01
2.260110e-01
2.262362e-01
2.263134e-01
2.263411e-01
2.265691e-01
2.267194e-01
2.270469e-01
2.272281e-01
2.272690e-01
2.273943e-01
2.275540e-01
2.278090e-01
2.278989e-01
2.279385e-01
2.281021e-01
2.282838e-01
2.286020e-01
2.287032e-01
2.288179e-01
2.289639e-01
2.292396e-01
2.294191e-01
2.296803e-01
2.296992e-01
2.299324e-01
2.301867e-01
2.304247e-01
2.305592e-01
2.308429e-01
2.309130e-01
2.312749e-01
2.314186e-01
2.315112e-01
2.317585e-01
2.319436e-01
2.320862e-01
2.321752e-01
2.322744e-01
2.325254e-01
2.326023e-01
2.327819e-01
2.330266e-01
2.330862e-01
2.332883e-01
2.334382e-01
2.335770e-01
2.337390e-01
2.337556e-01
2.339433e-01
2.340238e-01
2.342748e-01
2.345615e-01
2.348621e-01
2.351525e-01
2.352097e-01
2.353285e-01
2.354047e-01
2.355823e-01
2.357507e-01
2.358400e-01
2.359860e-01
2.361621e-01
2.362362e-01
2.364094e-01
2.365965e-01
2.367721e-01
2.370405e-01
2.373175e-01
2.376078e-01
2.377452e-01
2.379315e-01
2.380514e-01
2.382261e-01
2.383120e-01
2.385956e-01
2.387844e-01
2.388339e-01
2.391502e-01
2.392542e-01
2.393572e-01
2.395691e-01
2.397602e-01
2.398459e-01
2.401653e-01
2.402533e-01
2.402852e-01
2.406228e-01
2.407773e-01
2.409013e-01
2.409079e-01
2.410185e-01
2.412947e-01
2.414729e-01
2.415265e-01
2.417838e-01
2.418535e-01
2.419556e-01
2.421499e-01
2.423102e-01
2.425362e-01
2.427413e-01
2.427797e-01
2.428264e-01
2.430392e-01
2.431021e-01
2.433436e-01
2.435571e-01
2.437405e-01
2.439385e-01
2.439889e-01
2.442822e-01
2.444910e-01
2.446700e-01
2.448291e-01
2.450142e-01
2.451982e-01
2.453040e-01
2.454975e-01
2.456553e-01
2.458602e-01
2.459952e-01
2.460700e-01
2.463122e-01
2.465170e-01
2.466024e-01
2.468894e-01
2.471240e-01
2.472697e-01
2.473992e-01
2.476091e-01
2.477735e-01
2.478849e-01
2.480392e-01
2.481409e-01
2.482141e-01
2.484356e-01
2.485377e-01
2.487161e-01
2.491927e-01
2.492250e-01
2.493403e-01
2.494849e-01
2.495373e-01
2.497193e-01
2.497735e-01
2.500217e-01
2.501046e-01
2.503698e-01
2.504277e-01
2.506721e-01
2.508045e-01
2.509684e-01
2.511808e-01
2.513716e-01
2.514573e-01
2.516032e-01
2.519049e-01
2.521478e-01
2.523042e-01
2.525051e-01
2.526080e-01
2.527694e-01
2.530084e-01
2.531017e-01
2.531354e-01
2.532873e-01
2.534881e-01
2.537351e-01
2.538213e-01
2.540232e-01
2.542022e-01
2.543746e-01
2.545884e-01
2.549015e-01
2.549709e-01
2.550257e-01
2.552198e-01
2.553362e-01
2.556259e-01
2.556789e-01
2.558678e-01
2.560662e-01
2.561550e-01
2.563048e-01
2.564225e-01
2.566300e-01
2.568037e-01
2.569911e-01
2.571766e-01
2.572670e-01
2.575923e-01
2.577132e-01
2.578907e-01
2.579553e-01
2.583420e-01
2.583956e-01
2.584413e-01
2.586397e-01
2.587313e-01
2.588463e-01
2.591165e-01
2.591827e-01
2.593372e-01
2.595295e-01
2.596865e-01
2.597095e-01
2.599915e-01
2.600643e-01
2.601939e-01
2.603583e-01
2.605380e-01
2.606667e-01
2.608129e-01
2.610197e-01
2.612074e-01
2.613140e-01
2.615052e-01
2.616345e-01
2.617753e-01
2.619339e-01
2.620608e-01
2.622004e-01
2.624026e-01
2.626994e-01
2.627174e-01
2.629205e-01
2.630848e-01
2.631508e-01
2.633831e-01
2.635630e-01
2.636881e-01
2.638223e-01
2.639315e-01
2.640650e-01
2.643591e-01
2.644659e-01
2.646575e-01
2.649036e-01
2.650392e-01
2.651256e-01
2.651931e-01
2.652499e-01
2.654146e-01
2.656389e-01
2.657905e-01
2.660652e-01
2.660914e-01
2.663093e-01
2.663767e-01
2.665537e-01
2.666362e-01
2.670316e-01
2.671107e-01
2.672188e-01
2.673584e-01
2.675809e-01
2.676101e-01
2.677322e-01
2.680188e-01
2.680998e-01
2.681246e-01
2.682854e-01
2.686360e-01
2.687102e-01
2.688280e-01
2.690177e-01
2.691968e-01
2.693054e-01
2.693936e-01
2.694818e-01
2.697809e-01
2.699967e-01
2.701786e-01
2.702360e-01
2.703329e-01
2.708948e-01
2.709655e-01
2.709716e-01
2.712877e-01
2.714612e-01
2.715985e-01
2.716980e-01
2.719329e-01
2.720722e-01
2.721070e-01
2.721982e-01
2.722844e-01
2.723875e-01
2.726061e-01
2.727277e-01
2.728837e-01
2.729320e-01
2.731175e-01
2.732126e-01
2.733585e-01
2.735729e-01
2.737745e-01
2.738346e-01
2.740969e-01
2.743887e-01
2.745795e-01
2.746869e-01
2.747470e-01
2.749532e-01
2.751135e-01
2.753376e-01
2.754686e-01
2.755677e-01
2.757261e-01
2.758428e-01
2.759597e-01
2.759951e-01
2.763199e-01
2.764205e-01
2.765001e-01
2.767723e-01
2.768747e-01
2.769631e-01
2.772754e-01
2.773194e-01
2.774260e-01
2.775755e-01
2.777644e-01
2.779550e-01
2.781260e-01
2.781601e-01
2.783657e-01
2.785421e-01
2.786305e-01
2.787845e-01
2.789394e-01
2.791868e-01
2.792959e-01
2.796466e-01
2.796616e-01
2.798040e-01
2.799368e-01
2.801419e-01
2.802661e-01
2.803561e-01
2.805169e-01
2.805400e-01
2.807786e-01
2.808336e-01
2.809175e-01
2.811502e-01
2.811961e-01
2.814134e-01
2.816396e-01
2.817385e-01
2.818881e-01
2.820167e-01
2.821004e-01
2.823831e-01
2.826087e-01
2.827347e-01
2.828109e-01
2.829787e-01
2.831650e-01
2.831716e-01
2.833195e-01
2.836413e-01
2.837742e-01
2.839359e-01
2.840417e-01
2.841681e-01
2.842856e-01
2.843986e-01
2.845937e-01
2.847700e-01
2.848913e-01
2.850037e-01
2.852804e-01
2.855034e-01
2.856200e-01
2.857220e-01
2.858970e-01
2.859072e-01
2.861088e-01
2.862798e-01
2.864373e-01
2.864921e-01
2.866242e-01
2.867770e-01
2.870766e-01
2.871019e-01
2.872555e-01
2.874623e-01
2.875939e-01
2.877903e-01
2.879130e-01
2.880386e-01
2.882541e-01
2.885035e-01
2.886178e-01
2.887258e-01
2.889094e-01
2.890991e-01
2.893361e-01
2.893659e-01
2.895443e-01
2.895757e-01
2.897264e-01
2.899794e-01
2.900235e-01
2.901541e-01
2.903981e-01
2.904153e-01
2.905246e-01
2.906124e-01
2.909282e-01
2.910214e-01
2.911682e-01
2.913871e-01
2.914869e-01
2.917268e-01
2.917794e-01
2.918868e-01
2.919163e-01
2.923313e-01
2.923737e-01
2.925375e-01
2.927996e-01
2.929913e-01
2.931645e-01
2.932439e-01
2.933715e-01
2.935875e-01
2.937025e-01
2.938633e-01
2.940926e-01
2.941441e-01
2.941979e-01
2.943604e-01
2.944653e-01
2.947768e-01
2.949707e-01
2.950477e-01
2.951893e-01
2.952573e-01
2.955254e-01
2.958144e-01
2.960309e-01
2.961104e-01
2.961775e-01
2.963063e-01
2.965413e-01
2.966190e-01
2.968063e-01
2.969204e-01
2.971286e-01
2.973525e-01
2.974003e-01
2.974694e-01
2.978033e-01
2.980675e-01
2.981126e-01
2.983336e-01
2.984489e-01
2.985856e-01
2.987130e-01
2.988754e-01
2.991080e-01
2.992165e-01
2.994698e-01
2.995433e-01
2.998351e-01
2.999175e-01
3.000133e-01
3.001265e-01
3.001764e-01
3.003724e-01
3.004326e-01
3.006560e-01
3.009127e-01
3.010342e-01
3.010806e-01
3.013087e-01
3.013475e-01
3.015135e-01
3.016769e-01
3.020446e-01
3.021545e-01
3.022262e-01
3.024305e-01
3.024864e-01
3.026173e-01
3.029452e-01
3.032063e-01
3.033289e-01
3.034439e-01
3.035828e-01
3.036284e-01
3.039068e-01
3.040912e-01
3.043484e-01
3.043717e-01
3.044970e-01
3.046948e-01
3.048873e-01
3.051744e-01
3.052656e-01
3.053975e-01
3.055699e-01
3.057050e-01
3.058715e-01
3.061272e-01
3.062074e-01
3.062621e-01
3.065636e-01
3.067629e-01
3.068832e-01
3.069997e-01
3.072462e-01
3.073498e-01
3.074493e-01
3.076618e-01
3.077716e-01
3.078037e-01
3.081031e-01
3.082420e-01
3.084716e-01
3.084993e-01
3.086015e-01
3.087656e-01
3.089914e-01
3.091523e-01
3.092039e-01
3.095281e-01
3.096479e-01
3.098283e-01
3.098886e-01
3.101030e-01
3.102215e-01
3.104300e-01
3.105456e-01
3.108466e-01
3.109800e-01
3.111400e-01
3.113072e-01
3.113275e-01
3.116101e-01
3.118659e-01
3.119196e-01
3.121906e-01
3.123490e-01
3.124864e-01
3.125543e-01
3.127137e-01
3.127870e-01
3.129500e-01
3.132985e-01
3.134658e-01
3.134758e-01
3.137971e-01
3.140463e-01
3.143165e-01
3.144492e-01
3.145159e-01
3.145470e-01
3.146277e-01
3.148406e-01
3.150131e-01
3.152488e-01
3.153672e-01
3.155512e-01
3.156724e-01
3.158280e-01
3.159974e-01
3.161490e-01
3.163507e-01
3.164765e-01
3.166104e-01
3.167047e-01
3.168569e-01
3.170312e-01
3.170838e-01
3.173931e-01
3.176466e-01
3.176909e-01
3.179441e-01
3.182454e-01
3.183253e-01
3.183759e-01
3.185458e-01
3.186640e-01
3.187684e-01
3.189251e-01
3.191386e-01
3.192744e-01
3.194572e-01
3.198370e-01
3.198518e-01
3.200494e-01
3.201437e-01
3.203825e-01
3.204265e-01
3.205679e-01
3.207100e-01
3.207748e-01
3.209539e-01
3.210693e-01
3.211770e-01
3.215040e-01
3.216460e-01
3.217055e-01
3.219947e-01
3.220523e-01
3.223004e-01
3.223990e-01
3.225535e-01
3.227214e-01
3.227953e-01
3.229837e-01
3.231229e-01
3.233031e-01
3.234198e-01
3.235595e-01
3.237527e-01
3.240108e-01
3.240862e-01
3.242597e-01
3.243851e-01
3.246100e-01
3.247283e-01
3.247898e-01
3.250347e-01
3.253884e-01
3.255049e-01
3.256337e-01
3.257096e-01
3.259355e-01
3.262469e-01
3.262699e-01
3.265438e-01
3.265824e-01
3.268769e-01
3.270020e-01
3.271862e-01
3.274985e-01
3.275264e-01
3.276393e-01
3.277639e-01
3.279083e-01
3.281843e-01
3.282836e-01
3.284292e-01
3.287578e-01
3.288155e-01
3.289041e-01
3.292165e-01
3.293999e-01
3.295137e-01
3.297583e-01
3.299350e-01
3.300640e-01
3.300699e-01
3.304170e-01
3.305980e-01
3.307143e-01
3.308484e-01
3.308952e-01
3.310385e-01
3.312524e-01
3.313279e-01
3.314061e-01
3.317358e-01
3.318958e-01
3.319513e-01
3.321835e-01
3.322434e-01
3.324355e-01
3.327933e-01
3.329900e-01
3.330601e-01
3.331844e-01
3.332364e-01
3.335814e-01
3.337869e-01
3.339466e-01
3.341007e-01
3.342021e-01
3.342645e-01
3.344975e-01
3.346289e-01
3.348229e-01
3.349903e-01
3.351463e-01
3.353283e-01
3.354882e-01
3.355608e-01
3.357691e-01
3.359586e-01
3.360058e-01
3.363340e-01
3.365067e-01
3.367282e-01
3.369254e-01
3.370590e-01
3.372356e-01
3.373795e-01
3.374330e-01
3.375609e-01
3.378978e-01
3.380968e-01
3.382679e-01
3.383439e-01
3.384497e-01
3.385408e-01
3.386827e-01
3.389874e-01
3.391684e-01
3.393164e-01
3.393963e-01
3.394574e-01
3.397188e-01
3.400468e-01
3.401600e-01
3.404805e-01
3.405993e-01
3.408014e-01
3.408444e-01
3.411871e-01
3.412578e-01
3.413543e-01
3.415388e-01
3.416380e-01
3.417410e-01
3.420638e-01
3.420995e-01
3.423029e-01
3.424301e-01
3.425414e-01
3.427949e-01
3.429391e-01
3.430784e-01
3.433308e-01
3.435667e-01
3.436414e-01
3.437891e-01
3.439140e-01
3.439488e-01
3.441703e-01
3.443279e-01
3.444698e-01
3.446839e-01
3.449815e-01
3.452283e-01
3.454206e-01
3.454354e-01
3.456371e-01
3.458027e-01
3.458780e-01
3.459522e-01
3.460065e-01
3.461749e-01
3.464782e-01
3.467642e-01
3.468703e-01
3.470188e-01
3.470935e-01
3.473477e-01
3.473862e-01
3.475225e-01
3.478699e-01
3.479559e-01
3.480871e-01
3.482271e-01
3.483565e-01
3.484092e-01
3.486150e-01
3.486762e-01
3.489674e-01
3.491649e-01
3.495097e-01
3.496923e-01
3.498378e-01
3.499532e-01
3.501835e-01
3.502612e-01
3.503472e-01
3.505737e-01
3.508199e-01
3.509445e-01
3.510783e-01
3.511729e-01
3.513236e-01
3.514861e-01
3.516760e-01
3.517072e-01
3.518344e-01
3.520359e-01
3.523062e-01
3.524024e-01
3.524906e-01
3.526614e-01
3.527651e-01
3.529637e-01
3.531870e-01
3.535313e-01
3.537711e-01
3.539621e-01
3.540168e-01
3.541987e-01
3.543653e-01
3.544644e-01
3.546371e-01
3.548568e-01
3.551364e-01
3.552199e-01
3.553923e-01
3.554557e-01
3.558163e-01
3.558854e-01
3.561356e-01
3.561828e-01
3.563112e-01
3.563675e-01
3.564994e-01
3.565888e-01
3.567933e-01
3.570916e-01
3.573456e-01
3.575584e-01
3.577076e-01
3.577560e-01
3.578756e-01
3.579335e-01
3.581632e-01
3.582967e-01
3.584066e-01
3.585663e-01
3.587971e-01
3.589314e-01
3.591799e-01
3.593700e-01
3.594311e-01
3.595756e-01
3.597192e-01
3.600392e-01
3.601446e-01
3.603105e-01
3.603661e-01
3.605655e-01
3.606898e-01
3.607978e-01
3.608861e-01
3.611080e-01
3.612522e-01
3.615593e-01
3.618407e-01
3.619517e-01
3.620724e-01
3.622000e-01
3.622484e-01
3.625948e-01
3.626876e-01
3.628062e-01
3.629134e-01
3.631113e-01
3.632462e-01
3.635024e-01
3.636897e-01
3.638040e-01
3.638801e-01
3.640762e-01
3.643169e-01
3.645242e-01
3.646825e-01
3.647972e-01
3.648516e-01
3.649713e-01
3.650787e-01
3.651621e-01
3.655161e-01
3.655726e-01
3.658948e-01
3.661067e-01
3.661999e-01
3.664318e-01
3.665572e-01
3.667346e-01
3.668947e-01
3.669986e-01
3.671306e-01
3.672876e-01
3.674759e-01
3.675646e-01
3.675808e-01
3.678993e-01
3.680756e-01
3.681929e-01
3.683058e-01
3.684355e-01
3.686232e-01
3.687785e-01
3.689588e-01
3.690936e-01
3.695884e-01
3.696094e-01
3.697168e-01
3.697935e-01
3.699306e-01
3.702171e-01
3.705274e-01
3.706322e-01
3.706925e-01
3.707284e-01
3.708072e-01
3.709566e-01
3.713030e-01
3.714080e-01
3.716836e-01
3.718981e-01
3.720857e-01
3.722274e-01
3.723794e-01
3.725512e-01
3.727864e-01
3.730974e-01
3.731443e-01
3.733044e-01
3.736415e-01
3.736739e-01
3.737878e-01
3.740702e-01
3.743618e-01
3.745237e-01
3.746549e-01
3.749190e-01
3.750093e-01
3.751985e-01
3.753413e-01
3.754888e-01
3.755613e-01
3.759341e-01
3.760089e-01
3.761650e-01
3.763069e-01
3.763241e-01
3.764867e-01
3.767573e-01
3.769026e-01
3.769381e-01
3.773795e-01
3.774164e-01
3.776954e-01
3.779167e-01
3.780386e-01
3.781639e-01
3.784234e-01
3.786236e-01
3.787088e-01
3.788694e-01
3.790793e-01
3.792015e-01
3.794311e-01
3.796011e-01
3.798676e-01
3.800420e-01
3.800546e-01
3.801689e-01
3.803918e-01
3.804542e-01
3.806753e-01
3.808332e-01
3.810245e-01
3.811275e-01
3.813048e-01
3.814857e-01
3.818147e-01
3.819984e-01
3.820528e-01
3.822468e-01
3.823060e-01
3.827655e-01
3.829356e-01
3.833937e-01
3.834480e-01
3.835795e-01
3.835917e-01
3.840933e-01
3.841949e-01
3.843307e-01
3.844755e-01
3.847975e-01
3.849070e-01
3.850291e-01
3.852330e-01
3.853355e-01
3.858429e-01
3.860714e-01
3.860907e-01
3.863915e-01
3.864509e-01
3.866043e-01
3.868725e-01
3.870185e-01
3.870893e-01
3.873131e-01
3.874363e-01
3.876396e-01
3.879520e-01
3.881797e-01
3.882725e-01
3.883939e-01
3.884885e-01
3.886033e-01
3.888208e-01
3.891478e-01
3.892143e-01
3.894917e-01
3.896862e-01
3.898857e-01
3.899910e-01
3.901634e-01
3.904066e-01
3.905271e-01
3.907856e-01
3.909839e-01
3.912705e-01
3.914225e-01
3.914738e-01
3.915911e-01
3.916905e-01
3.918803e-01
3.919653e-01
3.920670e-01
3.921156e-01
3.923888e-01
3.926877e-01
3.928905e-01
3.931816e-01
3.932196e-01
3.933491e-01
3.936474e-01
3.938250e-01
3.939442e-01
3.941020e-01
3.944894e-01
3.944935e-01
3.947766e-01
3.949070e-01
3.951937e-01
3.952095e-01
3.953059e-01
3.955213e-01
3.955733e-01
3.957621e-01
3.961521e-01
3.962520e-01
3.963435e-01
3.964897e-01
3.966994e-01
3.969764e-01
3.971075e-01
3.975202e-01
3.975870e-01
3.978602e-01
3.982138e-01
3.984462e-01
3.985562e-01
3.987814e-01
3.990419e-01
3.991093e-01
3.993943e-01
3.994243e-01
3.997200e-01
3.998218e-01
4.000755e-01
4.002353e-01
4.004424e-01
4.006702e-01
4.007669e-01
4.010155e-01
4.013715e-01
4.015347e-01
4.017607e-01
4.019171e-01
4.020695e-01
4.022285e-01
4.023181e-01
4.024704e-01
4.026271e-01
4.028074e-01
4.029070e-01
4.032369e-01
4.033956e-01
4.036149e-01
4.039759e-01
4.041022e-01
4.041917e-01
4.045150e-01
4.047957e-01
4.048853e-01
4.050929e-01
4.051879e-01
4.052992e-01
4.054966e-01
4.056408e-01
4.058777e-01
4.058965e-01
4.061956e-01
4.064195e-01
4.065757e-01
4.067640e-01
4.068889e-01
4.070421e-01
4.073562e-01
4.074800e-01
4.075824e-01
4.077159e-01
4.078305e-01
4.078992e-01
4.081740e-01
4.084304e-01
4.084757e-01
4.086049e-01
4.089267e-01
4.093243e-01
4.094193e-01
4.096558e-01
4.100618e-01
4.102204e-01
4.102635e-01
4.104005e-01
4.105936e-01
4.107591e-01
4.110222e-01
4.111254e-01
4.113154e-01
4.114175e-01
4.115772e-01
4.118292e-01
4.119331e-01
4.120976e-01
4.123249e-01
4.124735e-01
4.127954e-01
4.130502e-01
4.131943e-01
4.133993e-01
4.134717e-01
4.138117e-01
4.139248e-01
4.140814e-01
4.143821e-01
4.145308e-01
4.148969e-01
4.149885e-01
4.150839e-01
4.153235e-01
4.154467e-01
4.155692e-01
4.158193e-01
4.158724e-01
4.161304e-01
4.162008e-01
4.164767e-01
4.166082e-01
4.170961e-01
4.171735e-01
4.173884e-01
4.176931e-01
4.178841e-01
4.181154e-01
4.181843e-01
4.183764e-01
4.186447e-01
4.187937e-01
4.192759e-01
4.193764e-01
4.196512e-01
4.198292e-01
4.199161e-01
4.201520e-01
4.204594e-01
4.205506e-01
4.206588e-01
4.209494e-01
4.210596e-01
4.214286e-01
4.215981e-01
4.217392e-01
4.217784e-01
4.220189e-01
4.222263e-01
4.224042e-01
4.225968e-01
4.228378e-01
4.230676e-01
4.232197e-01
4.234435e-01
4.237860e-01
4.239801e-01
4.244052e-01
4.245173e-01
4.246424e-01
4.247291e-01
4.249739e-01
4.251004e-01
4.253502e-01
4.254961e-01
4.256899e-01
4.259784e-01
4.261344e-01
4.263624e-01
4.265288e-01
4.267833e-01
4.268659e-01
4.271374e-01
4.272647e-01
4.275214e-01
4.276860e-01
4.278306e-01
4.281344e-01
4.281513e-01
4.284036e-01
4.285674e-01
4.286077e-01
4.288713e-01
4.291401e-01
4.292308e-01
4.293429e-01
4.297103e-01
4.297774e-01
4.298627e-01
4.302636e-01
4.303610e-01
4.307074e-01
4.307623e-01
4.310967e-01
4.312324e-01
4.313533e-01
4.315694e-01
4.319603e-01
4.320236e-01
4.322083e-01
4.322320e-01
4.326849e-01
4.328125e-01
4.329945e-01
4.332195e-01
4.334181e-01
4.335340e-01
4.339139e-01
4.342884e-01
4.344721e-01
4.345094e-01
4.348061e-01
4.350022e-01
4.352472e-01
4.353769e-01
4.356673e-01
4.357177e-01
4.359306e-01
4.360413e-01
4.361759e-01
4.364683e-01
4.366490e-01
4.368523e-01
4.369943e-01
4.372724e-01
4.374510e-01
4.375422e-01
4.377581e-01
4.382163e-01
4.383568e-01
4.384942e-01
4.386595e-01
4.390824e-01
4.392698e-01
4.392992e-01
4.394309e-01
4.397554e-01
4.400322e-01
4.401465e-01
4.402947e-01
4.406609e-01
4.409231e-01
4.411452e-01
4.414127e-01
4.414876e-01
4.417875e-01
4.420308e-01
4.421388e-01
4.424070e-01
4.426814e-01
4.430099e-01
4.431276e-01
4.432054e-01
4.432737e-01
4.434286e-01
4.436934e-01
4.440378e-01
4.443345e-01
4.444199e-01
4.447651e-01
4.449219e-01
4.450433e-01
4.453974e-01
4.454232e-01
4.456791e-01
4.458866e-01
4.461363e-01
4.461755e-01
4.465161e-01
4.466347e-01
4.468741e-01
4.470000e-01
4.472124e-01
4.473754e-01
4.474669e-01
4.478139e-01
4.483398e-01
4.484392e-01
4.485233e-01
4.486223e-01
4.487953e-01
4.488532e-01
4.490467e-01
4.496146e-01
4.498440e-01
4.500635e-01
4.503682e-01
4.504004e-01
4.506284e-01
4.510984e-01
4.511622e-01
4.515307e-01
4.516194e-01
4.517788e-01
4.519852e-01
4.522016e-01
4.524169e-01
4.529976e-01
4.531987e-01
4.532515e-01
4.534325e-01
4.537405e-01
4.540670e-01
4.542718e-01
4.544745e-01
4.550439e-01
4.551637e-01
4.552946e-01
4.554312e-01
4.556606e-01
4.560583e-01
4.561749e-01
4.563727e-01
4.565987e-01
4.567575e-01
4.570251e-01
4.572846e-01
4.575864e-01
4.578143e-01
4.578774e-01
4.581196e-01
4.586625e-01
4.588532e-01
4.590453e-01
4.592435e-01
4.595340e-01
4.596792e-01
4.598574e-01
4.601607e-01
4.602347e-01
4.607051e-01
4.609502e-01
4.611646e-01
4.612820e-01
4.615652e-01
4.617551e-01
4.619214e-01
4.621955e-01
4.622967e-01
4.625018e-01
4.626974e-01
4.631201e-01
4.635484e-01
4.639117e-01
4.639441e-01
4.643376e-01
4.646584e-01
4.647244e-01
4.650937e-01
4.652242e-01
4.652998e-01
4.657919e-01
4.661357e-01
4.662581e-01
4.665378e-01
4.666913e-01
4.669622e-01
4.671804e-01
4.674892e-01
4.677966e-01
4.679068e-01
4.682871e-01
4.683761e-01
4.686842e-01
4.691420e-01
4.691681e-01
4.693612e-01
4.696322e-01
4.697367e-01
4.701635e-01
4.703901e-01
4.704434e-01
4.706310e-01
4.711278e-01
4.712162e-01
4.715108e-01
4.716144e-01
4.716819e-01
4.719909e-01
4.720593e-01
4.722068e-01
4.727429e-01
4.730741e-01
4.732566e-01
4.734302e-01
4.738263e-01
4.739998e-01
4.743231e-01
4.746485e-01
4.750017e-01
4.751037e-01
4.753197e-01
4.755349e-01
4.758447e-01
4.761540e-01
4.762927e-01
4.765106e-01
4.767846e-01
4.769556e-01
4.772618e-01
4.774243e-01
4.776050e-01
4.776836e-01
4.779408e-01
4.782001e-01
4.782703e-01
4.788285e-01
4.791030e-01
4.791311e-01
4.794269e-01
4.796574e-01
4.799143e-01
4.799904e-01
4.802459e-01
4.807344e-01
4.809993e-01
4.811614e-01
4.813589e-01
4.814613e-01
4.818451e-01
4.820721e-01
4.824560e-01
4.829202e-01
4.829487e-01
4.830661e-01
4.833766e-01
4.835873e-01
4.837572e-01
4.841164e-01
4.845734e-01
4.849479e-01
4.851238e-01
4.851971e-01
4.853361e-01
4.855044e-01
4.858370e-01
4.860780e-01
4.863781e-01
4.866874e-01
4.869417e-01
4.869861e-01
4.872931e-01
4.876142e-01
4.877124e-01
4.878568e-01
4.881030e-01
4.883671e-01
4.884788e-01
4.888187e-01
4.890111e-01
4.892925e-01
4.896725e-01
4.897557e-01
4.900129e-01
4.902700e-01
4.905236e-01
4.907121e-01
4.908349e-01
4.908849e-01
4.910404e-01
4.913330e-01
4.916574e-01
4.918398e-01
4.920521e-01
4.922717e-01
4.925958e-01
4.927418e-01
4.928827e-01
4.931373e-01
4.935563e-01
4.936646e-01
4.939224e-01
4.940892e-01
4.945267e-01
4.949833e-01
4.951275e-01
4.954793e-01
4.956705e-01
4.961454e-01
4.962272e-01
4.965120e-01
4.966592e-01
4.970711e-01
4.974032e-01
4.976797e-01
4.977181e-01
4.980597e-01
4.983139e-01
4.984083e-01
4.987374e-01
4.989733e-01
4.993039e-01
4.997089e-01
4.997861e-01
5.000358e-01
5.001642e-01
5.002968e-01
5.007716e-01
5.009258e-01
5.012836e-01
5.015323e-01
5.017599e-01
5.019131e-01
5.020738e-01
5.023074e-01
5.024997e-01
5.028349e-01
5.029503e-01
5.031274e-01
5.036458e-01
5.039136e-01
5.040487e-01
5.045542e-01
5.050006e-01
5.051699e-01
5.052551e-01
5.057362e-01
5.060291e-01
5.062519e-01
5.063790e-01
5.064392e-01
5.069200e-01
5.071489e-01
5.074392e-01
5.076588e-01
5.080012e-01
5.082449e-01
5.083642e-01
5.085379e-01
5.087941e-01
5.091540e-01
5.094161e-01
5.095606e-01
5.098239e-01
5.099431e-01
5.100377e-01
5.102833e-01
5.106573e-01
5.110922e-01
5.113387e-01
5.115765e-01
5.119224e-01
5.120220e-01
5.125195e-01
5.128367e-01
5.129569e-01
5.130989e-01
5.134881e-01
5.135704e-01
5.137229e-01
5.142334e-01
5.144315e-01
5.146816e-01
5.148093e-01
5.150727e-01
5.152818e-01
5.158358e-01
5.159943e-01
5.164510e-01
5.167743e-01
5.168954e-01
5.172656e-01
5.174618e-01
5.175873e-01
5.177045e-01
5.180672e-01
5.182747e-01
5.186542e-01
5.189481e-01
5.191112e-01
5.193345e-01
5.198154e-01
5.200771e-01
5.201130e-01
5.203539e-01
5.207856e-01
5.211404e-01
5.214890e-01
5.216113e-01
5.217738e-01
5.222437e-01
5.223616e-01
5.226936e-01
5.229784e-01
5.232642e-01
5.233167e-01
5.238034e-01
5.239053e-01
5.242359e-01
5.244859e-01
5.246841e-01
5.250237e-01
5.253310e-01
5.254239e-01
5.257854e-01
5.262022e-01
5.262973e-01
5.267917e-01
5.269817e-01
5.273012e-01
5.275301e-01
5.279900e-01
5.282614e-01
5.283005e-01
5.284195e-01
5.290340e-01
5.292350e-01
5.294785e-01
5.295556e-01
5.298517e-01
5.303006e-01
5.304439e-01
5.307917e-01
5.310109e-01
5.314512e-01
5.319290e-01
5.321167e-01
5.322268e-01
5.328027e-01
5.329295e-01
5.330331e-01
5.334361e-01
5.337748e-01
5.338841e-01
5.344826e-01
5.346489e-01
5.350022e-01
5.352736e-01
5.354571e-01
5.357959e-01
5.362136e-01
5.362897e-01
5.365912e-01
5.368367e-01
5.375276e-01
5.376271e-01
5.379580e-01
5.381814e-01
5.384481e-01
5.387056e-01
5.392917e-01
5.395552e-01
5.396950e-01
5.403780e-01
5.408818e-01
5.412444e-01
5.414749e-01
5.420690e-01
5.421759e-01
5.425878e-01
5.427139e-01
5.429142e-01
5.434921e-01
5.437675e-01
5.442094e-01
5.447597e-01
5.448351e-01
5.451355e-01
5.453898e-01
5.457451e-01
5.461202e-01
5.463151e-01
5.468708e-01
5.471753e-01
5.476522e-01
5.479799e-01
5.482834e-01
5.486515e-01
5.488391e-01
5.490783e-01
5.491981e-01
5.496032e-01
5.499596e-01
5.502110e-01
5.503095e-01
5.506683e-01
5.508163e-01
5.511992e-01
5.517227e-01
5.518889e-01
5.519713e-01
5.523507e-01
5.528704e-01
5.531157e-01
5.532835e-01
5.538221e-01
5.543967e-01
5.547261e-01
5.549182e-01
5.554049e-01
5.558492e-01
5.559642e-01
5.563309e-01
5.565428e-01
5.567363e-01
5.575413e-01
5.576890e-01
5.583528e-01
5.586274e-01
5.588509e-01
5.591996e-01
5.593519e-01
5.595625e-01
5.597845e-01
5.603006e-01
5.603317e-01
5.610234e-01
5.614223e-01
5.616022e-01
5.618749e-01
5.623461e-01
5.629371e-01
5.633184e-01
5.636663e-01
5.637732e-01
5.643429e-01
5.648088e-01
5.654662e-01
5.655693e-01
5.659603e-01
5.662056e-01
5.670468e-01
5.671886e-01
5.674548e-01
5.677641e-01
5.679000e-01
5.684694e-01
5.688609e-01
5.691271e-01
5.692983e-01
5.696532e-01
5.697288e-01
5.701284e-01
5.708859e-01
5.711999e-01
5.713291e-01
5.716137e-01
5.719709e-01
5.721668e-01
5.729152e-01
5.731398e-01
5.735127e-01
5.736932e-01
5.739928e-01
5.743028e-01
5.746433e-01
5.748538e-01
5.755495e-01
5.757156e-01
5.760458e-01
5.761613e-01
5.766756e-01
5.767062e-01
5.770747e-01
5.775306e-01
5.780895e-01
5.782613e-01
5.784265e-01
5.786773e-01
5.788935e-01
5.792747e-01
5.795970e-01
5.799869e-01
5.800447e-01
5.805172e-01
5.807761e-01
5.811973e-01
5.817141e-01
5.821248e-01
5.823454e-01
5.826841e-01
5.829660e-01
5.833969e-01
5.838800e-01
5.843336e-01
5.845371e-01
5.847967e-01
5.851192e-01
5.855328e-01
5.856256e-01
5.867402e-01
5.870648e-01
5.873246e-01
5.874954e-01
5.880282e-01
5.882222e-01
5.884324e-01
5.894196e-01
5.895916e-01
5.902180e-01
5.904429e-01
5.905664e-01
5.911928e-01
5.912935e-01
5.918726e-01
5.921083e-01
5.922787e-01
5.928083e-01
5.931307e-01
5.940450e-01
5.942645e-01
5.948765e-01
5.951634e-01
5.956242e-01
5.959053e-01
5.960557e-01
5.964927e-01
5.970275e-01
5.971592e-01
5.977968e-01
5.981110e-01
5.989266e-01
5.991300e-01
5.994190e-01
5.996790e-01
6.003120e-01
6.009624e-01
6.012695e-01
6.014717e-01
6.020556e-01
6.022089e-01
6.024771e-01
6.025431e-01
6.032549e-01
6.036182e-01
6.039817e-01
6.043142e-01
6.045031e-01
6.053377e-01
6.055346e-01
6.061102e-01
6.062318e-01
6.066414e-01
6.068700e-01
6.073112e-01
6.075153e-01
6.078268e-01
6.082219e-01
6.085656e-01
6.091607e-01
6.094627e-01
6.096168e-01
6.098231e-01
6.100197e-01
6.102375e-01
6.110166e-01
6.118338e-01
6.120591e-01
6.127445e-01
6.129825e-01
6.131401e-01
6.136223e-01
6.137129e-01
6.145599e-01
6.147317e-01
6.155092e-01
6.161475e-01
6.164324e-01
6.167451e-01
6.170040e-01
6.179634e-01
6.182347e-01
6.186762e-01
6.192751e-01
6.196164e-01
6.198970e-01
6.207012e-01
6.210274e-01
6.213758e-01
6.221758e-01
6.226870e-01
6.228418e-01
6.237533e-01
6.243809e-01
6.248116e-01
6.251835e-01
6.252214e-01
6.254549e-01
6.259786e-01
6.263012e-01
6.268965e-01
6.272150e-01
6.272980e-01
6.279586e-01
6.280705e-01
6.285814e-01
6.291151e-01
6.293613e-01
6.296317e-01
6.300792e-01
6.305310e-01
6.307849e-01
6.313208e-01
6.316229e-01
6.320223e-01
6.322369e-01
6.325670e-01
6.331322e-01
6.338249e-01
6.342543e-01
6.346655e-01
6.350992e-01
6.352990e-01
6.356327e-01
6.361280e-01
6.371858e-01
6.375732e-01
6.378291e-01
6.381047e-01
6.387064e-01
6.392058e-01
6.394862e-01
6.397154e-01
6.400384e-01
6.405571e-01
6.408647e-01
6.410749e-01
6.417170e-01
6.419104e-01
6.433464e-01
6.436801e-01
6.442324e-01
6.450107e-01
6.454663e-01
6.460352e-01
6.461483e-01
6.465565e-01
6.474282e-01
6.478217e-01
6.481771e-01
6.484709e-01
6.496507e-01
6.498986e-01
6.503806e-01
6.507443e-01
6.512550e-01
6.518145e-01
6.522836e-01
6.526620e-01
6.527404e-01
6.530779e-01
6.537272e-01
6.543573e-01
6.551320e-01
6.554008e-01
6.563806e-01
6.574214e-01
6.577934e-01
6.582422e-01
6.585887e-01
6.591888e-01
6.593905e-01
6.604505e-01
6.607601e-01
6.616024e-01
6.620026e-01
6.624275e-01
6.627550e-01
6.634288e-01
6.634906e-01
6.636937e-01
6.647339e-01
6.651427e-01
6.654644e-01
6.656459e-01
6.671107e-01
6.675938e-01
6.680980e-01
6.684457e-01
6.692737e-01
6.699854e-01
6.705708e-01
6.707080e-01
6.712279e-01
6.719243e-01
6.720615e-01
6.733894e-01
6.738917e-01
6.740580e-01
6.746687e-01
6.751236e-01
6.765790e-01
6.774531e-01
6.776865e-01
6.786656e-01
6.788634e-01
6.793908e-01
6.800636e-01
6.802232e-01
6.812139e-01
6.815745e-01
6.821072e-01
6.826317e-01
6.829444e-01
6.831024e-01
6.840644e-01
6.846524e-01
6.850593e-01
6.853710e-01
6.860246e-01
6.865820e-01
6.870108e-01
6.874251e-01
6.878600e-01
6.890451e-01
6.899305e-01
6.909804e-01
6.917922e-01
6.922461e-01
6.932556e-01
6.937024e-01
6.941967e-01
6.947473e-01
6.953261e-01
6.954507e-01
6.959053e-01
6.967908e-01
6.974166e-01
6.997994e-01
6.999873e-01
7.003195e-01
7.006421e-01
7.013658e-01
7.016242e-01
7.025176e-01
7.030460e-01
7.032608e-01
7.041928e-01
7.051844e-01
7.060693e-01
7.063983e-01
7.072709e-01
7.078136e-01
7.079429e-01
7.084422e-01
7.086865e-01
7.092865e-01
7.101424e-01
7.106180e-01
7.108985e-01
7.118731e-01
7.122063e-01
7.130240e-01
7.141218e-01
7.146552e-01
7.149958e-01
7.158285e-01
7.161360e-01
7.169382e-01
7.175586e-01
7.184812e-01
7.196994e-01
7.211152e-01
7.223098e-01
7.230837e-01
7.238015e-01
7.246106e-01
7.251421e-01
7.256286e-01
7.261053e-01
7.268319e-01
7.275076e-01
7.283778e-01
7.287235e-01
7.297290e-01
7.306217e-01
7.308109e-01
7.315732e-01
7.317187e-01
7.331094e-01
7.334257e-01
7.336514e-01
7.340175e-01
7.348851e-01
7.358154e-01
7.377740e-01
7.402929e-01
7.425484e-01
7.431475e-01
7.445063e-01
7.453039e-01
7.457646e-01
7.464097e-01
7.472366e-01
7.477774e-01
7.511562e-01
7.535236e-01
7.540300e-01
7.556207e-01
7.565804e-01
7.570861e-01
7.582028e-01
7.586492e-01
7.593470e-01
7.612358e-01
7.620929e-01
7.641509e-01
7.649075e-01
7.657598e-01
7.663376e-01
7.674682e-01
7.688912e-01
7.701241e-01
7.716685e-01
7.744926e-01
7.748468e-01
7.766111e-01
7.775525e-01
7.792166e-01
7.793369e-01
7.819738e-01
7.824197e-01
7.844811e-01
7.852427e-01
7.869766e-01
7.880032e-01
7.885269e-01
7.896335e-01
7.913996e-01
7.920701e-01
7.936504e-01
7.938590e-01
7.943077e-01
7.959048e-01
7.961813e-01
7.982330e-01
7.994554e-01
8.024229e-01
8.035245e-01
8.036118e-01
8.049306e-01
8.070273e-01
8.091531e-01
8.106389e-01
8.108860e-01
8.124975e-01
8.126536e-01
8.143388e-01
8.146516e-01
8.165983e-01
8.174283e-01
8.187861e-01
8.212947e-01
8.236161e-01
8.240329e-01
8.261287e-01
8.266409e-01
8.305051e-01
8.338836e-01
8.375775e-01
8.385362e-01
8.386543e-01
8.399794e-01
8.445094e-01
8.467279e-01
8.488198e-01
8.548957e-01
8.550155e-01
8.571492e-01
8.617923e-01
8.668448e-01
8.675672e-01
8.714189e-01
8.728032e-01
8.807666e-01
8.808638e-01
8.811034e-01
8.829662e-01
8.837947e-01
8.891743e-01
8.922655e-01
8.961365e-01
8.992649e-01
9.000042e-01
9.023712e-01
9.039727e-01
9.063902e-01
9.117827e-01
9.128699e-01
9.158262e-01
9.181711e-01
9.200365e-01
9.214849e-01
9.218931e-01
9.231583e-01
9.235549e-01
9.257668e-01
9.326351e-01
9.359886e-01
9.442526e-01
9.448629e-01
9.516181e-01
9.681872e-01
9.716149e-01
9.781601e-01
9.903990e-01
9.958457e-01
1.000000e+00
