# sorted relative singular values (hessian_L_full) field=two_mode eps=0.25 N=12 n=3456
2.725471291741067646e-03
2.729069900167225681e-03
2.745028485477806444e-03
2.752365192691628819e-03
2.944642861456236126e-03
2.964339643971526141e-03
2.970044236435188945e-03
3.007224800477077600e-03
3.074442250060132470e-03
3.079228531924731518e-03
3.104097060950196819e-03
3.215483809679813964e-03
3.448719848915265604e-03
3.493720961883185587e-03
3.818935671424444987e-03
3.819699510306196356e-03
3.942111160767904077e-03
3.942989094642429353e-03
4.107155896507396452e-03
4.221100823511050350e-03
4.226732216557166702e-03
4.318991820010862487e-03
4.966974474705553380e-03
4.967585385947477158e-03
5.843690370332577447e-03
5.844317396003557985e-03
7.000535586297442457e-03
7.019796345437948233e-03
7.031353199721045860e-03
7.061320056107095802e-03
7.067304090943389051e-03
7.073073052448421508e-03
7.090853634495523222e-03
7.131939641713222824e-03
7.142872118006639813e-03
7.161515893436675578e-03
1.133643785256998986e-02
1.133942434254474850e-02
1.134986955147575770e-02
1.135160597315489246e-02
1.143590090924263142e-02
1.143688596977014346e-02
1.144286115739944105e-02
1.144667383547692645e-02
1.457901649642093407e-02
1.457910890158371948e-02
1.510780792891288672e-02
1.511096096651080162e-02
1.589799433797494527e-02
1.590540752319906381e-02
1.610757311977920742e-02
1.611039430206602854e-02
1.627277994503515887e-02
1.627430335721037624e-02
1.637081428201835748e-02
1.637548523382753932e-02
1.642439656148275695e-02
1.642505548287011632e-02
1.759301132175080870e-02
1.759718660321524589e-02
1.773598581769735699e-02
1.774059876817063106e-02
1.839744284525124396e-02
1.840085662054341889e-02
1.840969136388744334e-02
1.841334577541885176e-02
1.990967738598444295e-02
1.991375639728858865e-02
2.014103248250467826e-02
2.014224377326839094e-02
2.035352159691451376e-02
2.036114813156696124e-02
2.036704574919282265e-02
2.037366686429413487e-02
2.111234593359213180e-02
2.111353509746069501e-02
2.132981906708358161e-02
2.134024941605251746e-02
2.318824796684003375e-02
2.318903677600287275e-02
2.337667227880746088e-02
2.337956280674362633e-02
2.357339260434770586e-02
2.366900771318667177e-02
2.385921690066045153e-02
2.397399240190302774e-02
2.605985426182691120e-02
2.615021628296640421e-02
2.629020074473490884e-02
2.660001898340055154e-02
2.725460551660639427e-02
2.731028076139434269e-02
2.745133792901965214e-02
2.755409507928164442e-02
2.759468349028548068e-02
2.766122513347472195e-02
2.769631642958911635e-02
2.801991137079430302e-02
2.819063541918054999e-02
2.845952697097187817e-02
2.856680279905838074e-02
2.862493496704550736e-02
2.869864082745458497e-02
2.881404620849253861e-02
2.888632819367501978e-02
2.903093657575945771e-02
2.912807738380606554e-02
2.916144110904753117e-02
2.924918669313267272e-02
2.930591074863966514e-02
2.935064244297838978e-02
2.940213914005239057e-02
2.958904595697307502e-02
2.976043401750369521e-02
2.990391883196268433e-02
2.998017570696686132e-02
3.022760052500452627e-02
3.023486117022038816e-02
3.026803127287621895e-02
3.045859565394945859e-02
3.047093008188196325e-02
3.092744555553293001e-02
3.093809927131862050e-02
3.131967863385744233e-02
3.132922767908601080e-02
3.133347870621445291e-02
3.151509144180052874e-02
3.152921543558123707e-02
3.154495570099102170e-02
3.189204858181388796e-02
3.205857327439261967e-02
3.206339543363407457e-02
3.343108308143162566e-02
3.343440166527230500e-02
3.353969216828849714e-02
3.354348566462528325e-02
3.360648108245661847e-02
3.361265718630586374e-02
3.365371139866805972e-02
3.367446791625303137e-02
3.385036022718827808e-02
3.385051108682392285e-02
3.498525182052905635e-02
3.499969979412288074e-02
3.603601603507541190e-02
3.604758904086500376e-02
3.738409042578699076e-02
3.738765837847639328e-02
3.743798519841579076e-02
3.744209665509918433e-02
4.252506178791236324e-02
4.255213814472326439e-02
4.263816171421106610e-02
4.265873445479023696e-02
4.633098370414700379e-02
4.635945711266024200e-02
4.669479519191454403e-02
4.670532079573930240e-02
4.682445849334483656e-02
4.684522481540044636e-02
4.687916145861888151e-02
4.689934595882493812e-02
4.693549183053175727e-02
4.694457391168874172e-02
4.695747567698214248e-02
4.698664117475860602e-02
4.707572058201332094e-02
4.711590238422737331e-02
4.732743728996311600e-02
4.734333865266921598e-02
4.844854257023734762e-02
4.848000529812549614e-02
4.884521948831583443e-02
4.887560686793376158e-02
4.891211645278317061e-02
4.893109063006830656e-02
4.921616993747702368e-02
4.922214226791576941e-02
4.936139170944957300e-02
4.936640476771757269e-02
4.960619871884705545e-02
4.961375844226394161e-02
5.227799798929076008e-02
5.233311831586242441e-02
5.235170093905030381e-02
5.241698427016763112e-02
5.298910786389358224e-02
5.300325311177286197e-02
5.304288175602352856e-02
5.305738923029198334e-02
5.335412518303275092e-02
5.367532196630221686e-02
5.398092922148865075e-02
5.407178595713593022e-02
5.421684486648123413e-02
5.425101921184288800e-02
5.426394247196995174e-02
5.430890560403949657e-02
5.477706500756619745e-02
5.479896283550058506e-02
5.486593633833789646e-02
5.488152473817412696e-02
5.632112333290024975e-02
5.633959195248083862e-02
5.649601050399393615e-02
5.651279721690598279e-02
5.707592544612873076e-02
5.710198261805172343e-02
5.872408666923829845e-02
5.873712262230767339e-02
5.880814037647514453e-02
5.881462150025687508e-02
5.946955645128609858e-02
5.947766201932237762e-02
5.952756816171355519e-02
5.952952271655694710e-02
6.007603629242487531e-02
6.010375585228849848e-02
6.012095852011476588e-02
6.016142976807717369e-02
6.029166214175141897e-02
6.030613881892697703e-02
6.035425966547094956e-02
6.036242229368845441e-02
6.239928492125421805e-02
6.242557986985126928e-02
6.256576325574818298e-02
6.258308513635818526e-02
6.267994260088333158e-02
6.268497957867567860e-02
6.276226629409625835e-02
6.277499858158926138e-02
6.284532529884405416e-02
6.286061090780745153e-02
6.304455198454109177e-02
6.308538630016731485e-02
6.598600161909760897e-02
6.604610913840797126e-02
6.608429538713672668e-02
6.613326359638309337e-02
6.749780206710140340e-02
6.754922677412980581e-02
6.762482809597107625e-02
6.768811490275206122e-02
6.777052596348390190e-02
6.784147668214446369e-02
6.808885518100742107e-02
6.811977255017226396e-02
6.844739577079414494e-02
6.861744379595235976e-02
6.873128208292088315e-02
6.889864609765254666e-02
7.072029905861774990e-02
7.073955091422232111e-02
7.074203374616096218e-02
7.078586929591407229e-02
7.110470235784911719e-02
7.111497123492577233e-02
7.114472628640201857e-02
7.116763716528699824e-02
7.139392225657750779e-02
7.142532398509079949e-02
7.151656503974272716e-02
7.153311789350248751e-02
7.358923174752239615e-02
7.410371320287331698e-02
7.426463802155888749e-02
7.454647351702721469e-02
7.520708393029235106e-02
7.526437290411193415e-02
7.533827724588407215e-02
7.538497863186212344e-02
7.549445247635214185e-02
7.550405530256494580e-02
7.569273756607390602e-02
7.569557559408698899e-02
7.588017139046324133e-02
7.590051565404067058e-02
7.595659092456978623e-02
7.598795823602863542e-02
7.602293524830107396e-02
7.605303514345330973e-02
7.609665720411035172e-02
7.644127858000458742e-02
7.649264274954435672e-02
7.649882665244080171e-02
7.709454570672663598e-02
7.747937462584349178e-02
7.765523774725044404e-02
7.774042105081427345e-02
7.775825464919758345e-02
7.804350772878365650e-02
7.805142757519789587e-02
7.827366942817308437e-02
7.828447325612097885e-02
7.833768346324972154e-02
7.873749722243061910e-02
7.877253289951255399e-02
7.882924076279258785e-02
7.888031883187553162e-02
7.898706184735300451e-02
7.899283846777511997e-02
7.941016091701462443e-02
7.941725984201351840e-02
7.951656188581915363e-02
7.954588163576914450e-02
7.958164652418893426e-02
7.985172042994652386e-02
7.986317264177666964e-02
7.986808064160612342e-02
8.004925959870261287e-02
8.015028809521350384e-02
8.084451542344896213e-02
8.089513857993020640e-02
8.134624061926656879e-02
8.138468752980868026e-02
8.142455958184799392e-02
8.143772292843119709e-02
8.155952817553810408e-02
8.157720627549372439e-02
8.256120770923558450e-02
8.262352041975569439e-02
8.333442778136165852e-02
8.339560217645730633e-02
8.388855628505258177e-02
8.392478745032566634e-02
8.402766742265659061e-02
8.406040686746191204e-02
8.415727153163118923e-02
8.436417952108606066e-02
8.537174519718308818e-02
8.550501068791749315e-02
8.563271172138618714e-02
8.582956996538407268e-02
8.606688277047529201e-02
8.624161406018873710e-02
8.636651197684382109e-02
8.643594076554371453e-02
8.655584765284281279e-02
8.669142843854250879e-02
8.718003666680856911e-02
8.726331319470255476e-02
8.739193714959424264e-02
8.740526140929920362e-02
8.793294841342357004e-02
8.796372052710481337e-02
8.801680319915036743e-02
8.808271144568231847e-02
8.836918834156551328e-02
8.848637481571361429e-02
8.884318673050363435e-02
8.886963822020277348e-02
8.896861411299017419e-02
8.897984747993539778e-02
8.908260987191761460e-02
8.912917210442702909e-02
9.294041564049859705e-02
9.322839093251943099e-02
9.456091143905720475e-02
9.510196342826690574e-02
9.514089402553924102e-02
9.518422038797288987e-02
9.521443693924533380e-02
9.563418875718064649e-02
9.570701207027124124e-02
9.570995420306452339e-02
9.580383098467477876e-02
9.617144822549654470e-02
9.690174230361510432e-02
9.739932089334858711e-02
9.745251149891140385e-02
9.761137610809313137e-02
9.770834013364122772e-02
9.808737638207357112e-02
9.820417899121680616e-02
9.827001060665954690e-02
9.829296114026118969e-02
9.908639300504540337e-02
1.004137352065397337e-01
1.004610226290344049e-01
1.005031472204859083e-01
1.006068007766916933e-01
1.006808000583658824e-01
1.008138676315628729e-01
1.010641954305788182e-01
1.011262711559625799e-01
1.011488802126688236e-01
1.011553173373953701e-01
1.011650201747202188e-01
1.011724250651986345e-01
1.012318045030732028e-01
1.013126382160355193e-01
1.013942613854932201e-01
1.030270795359942010e-01
1.033999838942749189e-01
1.034146341563172422e-01
1.036430993223029229e-01
1.036859141182554511e-01
1.037737991732507331e-01
1.039560499535472776e-01
1.046849446497550851e-01
1.046962694313959691e-01
1.047134820814782236e-01
1.047217770847852919e-01
1.047320522946632720e-01
1.049514709812357782e-01
1.053972168456001196e-01
1.054932563218359820e-01
1.058359281397456692e-01
1.060177538573156691e-01
1.062349958831953212e-01
1.063118575784025438e-01
1.063600038901599959e-01
1.065353764178642998e-01
1.065687614275874912e-01
1.071981743152030792e-01
1.072384078082739417e-01
1.074502789565499467e-01
1.074739540533585919e-01
1.081369613221904724e-01
1.084359137924647415e-01
1.086292630404609022e-01
1.087542796679246415e-01
1.089183387389520141e-01
1.090035693261600935e-01
1.090872893006218369e-01
1.093448222143301590e-01
1.095735155227699348e-01
1.119569066121830214e-01
1.119600470038428219e-01
1.120842728425122670e-01
1.120847600466686189e-01
1.123024100922394436e-01
1.123330165163262395e-01
1.124463495452694695e-01
1.125089039526520618e-01
1.126656441816347165e-01
1.126672000572600529e-01
1.130883968805127954e-01
1.130892852764423528e-01
1.133537494950629665e-01
1.133589637064654071e-01
1.134376682533550368e-01
1.141282434096739240e-01
1.141518956780729621e-01
1.149358174530237531e-01
1.160729731055816644e-01
1.164731538059059351e-01
1.185975465507792537e-01
1.186014678488511165e-01
1.187619626434779779e-01
1.188778559753870673e-01
1.188949915819954434e-01
1.189889525448623170e-01
1.194380951828391685e-01
1.194390028073215454e-01
1.195604793807479582e-01
1.196572619109221997e-01
1.196722571079042591e-01
1.197344476840477567e-01
1.213984034857198552e-01
1.220306239561458894e-01
1.220856151708767101e-01
1.221183567567614009e-01
1.221769639510733724e-01
1.223529942429878309e-01
1.224788169259425075e-01
1.225141984999812694e-01
1.226326731748869914e-01
1.226439857518957510e-01
1.227618056454530815e-01
1.228587159943163865e-01
1.230573570905584418e-01
1.230931596131219496e-01
1.232026305785333814e-01
1.232050936125799884e-01
1.232831967130533224e-01
1.235324562373813356e-01
1.238556230544020920e-01
1.239496053279993126e-01
1.239852803783552671e-01
1.240341274826822632e-01
1.240849242201277208e-01
1.240974301254509221e-01
1.242223304410147444e-01
1.242598785370903763e-01
1.244020547295685286e-01
1.244126447146869929e-01
1.244439672206485714e-01
1.244483743935718145e-01
1.244934839261844228e-01
1.246768540493554678e-01
1.248598629049705588e-01
1.248868418660201846e-01
1.253342080121167823e-01
1.254343490789629201e-01
1.257341309983232569e-01
1.261929936838202537e-01
1.262108631292865046e-01
1.263845866808389895e-01
1.265052416856848883e-01
1.265147040004664103e-01
1.265892168254317829e-01
1.267376103064729032e-01
1.267460070718545995e-01
1.267671922489288228e-01
1.274522046919883966e-01
1.274873218818436682e-01
1.279163341652383989e-01
1.280040520727165343e-01
1.281227589995432570e-01
1.281315695559576140e-01
1.281974292901159607e-01
1.282283015659961833e-01
1.284626381278832219e-01
1.288265136796301613e-01
1.289939999899470946e-01
1.290169121201274749e-01
1.291519622152540736e-01
1.305455916877293898e-01
1.342692395603665434e-01
1.342799132217446512e-01
1.344165701080671238e-01
1.344511633937418849e-01
1.346654321953769107e-01
1.347091577151504904e-01
1.347181837882285571e-01
1.350594759333348382e-01
1.350817388106057282e-01
1.355973529883777451e-01
1.356704982616628308e-01
1.357335610195035125e-01
1.357643625129043019e-01
1.369574558886637317e-01
1.369781639162524767e-01
1.370383687891802982e-01
1.370629416342533935e-01
1.373467202714709345e-01
1.374012343214827125e-01
1.375160744311502425e-01
1.375545968857797841e-01
1.379208387095679222e-01
1.380867165613491598e-01
1.382534949465238361e-01
1.383530432283695544e-01
1.383905891962788903e-01
1.384486117552854723e-01
1.384893791993003775e-01
1.389733340815274554e-01
1.390572570558691601e-01
1.392116396218236185e-01
1.394140112274146470e-01
1.394914101144986429e-01
1.396589460395400717e-01
1.397074150732229014e-01
1.405119126355675319e-01
1.406005851092345660e-01
1.406223966181052998e-01
1.407291927033802459e-01
1.420866242213294772e-01
1.420983322810858707e-01
1.424359361830883908e-01
1.424410070263571193e-01
1.432502493310507663e-01
1.433258621293426460e-01
1.436103333480641953e-01
1.437183357404098749e-01
1.441175477659046855e-01
1.442878613609503424e-01
1.445823466862460327e-01
1.447560367477579157e-01
1.447783167250475678e-01
1.448415979888514615e-01
1.457987925458531786e-01
1.458762825659810913e-01
1.459515061237027789e-01
1.459653390830993602e-01
1.468597401655493406e-01
1.469392034737936892e-01
1.470173809226716644e-01
1.470872087247451498e-01
1.471207574769058668e-01
1.471616027437909757e-01
1.471699402337091345e-01
1.471818612109940527e-01
1.472349845404124780e-01
1.473801366872489194e-01
1.475227963777878959e-01
1.475828857345165557e-01
1.476950931796784938e-01
1.477227387003005321e-01
1.477283976965742818e-01
1.480436569780227973e-01
1.495755167460396384e-01
1.507769532454721617e-01
1.508466413633163528e-01
1.515095025601813084e-01
1.515838291092382051e-01
1.517501156264861595e-01
1.531262544670860259e-01
1.532441305557376010e-01
1.533120613548771549e-01
1.534313577836455555e-01
1.535870122297867679e-01
1.539858112913909949e-01
1.540511891950332168e-01
1.546160940622807733e-01
1.549020378777339613e-01
1.549980995589910759e-01
1.552213323282446988e-01
1.553125681081845288e-01
1.555504012588888874e-01
1.556334837783620861e-01
1.556773001455411254e-01
1.558371575012560684e-01
1.559551116241736091e-01
1.561563418722074492e-01
1.564327394359562862e-01
1.566440397075819224e-01
1.566607939443949438e-01
1.567919323254332864e-01
1.568552526283341353e-01
1.569034651080910558e-01
1.573304750887243031e-01
1.573524200469922085e-01
1.574657142176087432e-01
1.575798448670860386e-01
1.577546880402088958e-01
1.577984705923181352e-01
1.578505978107717922e-01
1.579040052507478809e-01
1.579551171462350856e-01
1.580736488018647523e-01
1.582139665118002803e-01
1.582276473790043547e-01
1.584790221643307684e-01
1.586138547210290128e-01
1.591333451367547280e-01
1.592103117112312338e-01
1.592793308511083472e-01
1.593086556944921239e-01
1.597519696636470199e-01
1.598628534794710176e-01
1.599479023800164934e-01
1.599872744194881513e-01
1.601176128497024120e-01
1.601845482656830411e-01
1.602521182956324897e-01
1.603032021860078260e-01
1.603894301072807393e-01
1.606229447563891632e-01
1.606491145402862697e-01
1.608736325749464402e-01
1.612268759264403606e-01
1.613334752967521823e-01
1.614400638902463436e-01
1.614912806181252325e-01
1.615545305122690900e-01
1.617206698739432902e-01
1.617665818532628974e-01
1.618405751185336694e-01
1.619293302195354833e-01
1.620146397197163302e-01
1.621235801407210630e-01
1.622106138602345538e-01
1.622281869790170583e-01
1.622997063277676622e-01
1.623724534468791170e-01
1.624383513872394158e-01
1.624452689213399248e-01
1.625531699310506506e-01
1.625826353163910831e-01
1.627319625302180162e-01
1.627737977117681145e-01
1.630737160016682563e-01
1.631025419301889434e-01
1.632848664502913882e-01
1.649590856149566465e-01
1.654348817323304244e-01
1.655917742697968764e-01
1.662708494514295587e-01
1.665753190405441231e-01
1.668903682694340140e-01
1.671633294733167463e-01
1.672266214677080309e-01
1.673029410350448665e-01
1.675054732772958688e-01
1.678610687552300473e-01
1.679526745572782476e-01
1.684057169882819116e-01
1.686040825533577370e-01
1.686458754703910046e-01
1.689374611683320260e-01
1.689623348048700791e-01
1.692319242482125119e-01
1.694676759359651508e-01
1.696326913397630531e-01
1.697663984637295953e-01
1.698511932601120544e-01
1.699664663239341400e-01
1.700605027035224370e-01
1.702702626570264388e-01
1.705070928934149244e-01
1.706841709594810186e-01
1.708743939178024862e-01
1.711202493322241669e-01
1.712620685673270915e-01
1.714015347674146816e-01
1.717936252582121792e-01
1.719622491380449203e-01
1.719888136379198740e-01
1.720883160692824321e-01
1.721752656433926942e-01
1.724073309378923724e-01
1.725223666835293546e-01
1.726017588190107699e-01
1.726270945219463004e-01
1.727680046409943992e-01
1.734379839513408572e-01
1.736356771897824836e-01
1.737170144396054383e-01
1.738842127110578062e-01
1.739076604448909491e-01
1.740153971015259704e-01
1.740541315945388912e-01
1.744917695488860387e-01
1.746802764147169507e-01
1.748598777665074655e-01
1.753159912370236828e-01
1.753810967067753190e-01
1.755390822457222055e-01
1.757256095577005572e-01
1.758111091741317022e-01
1.758848594986787972e-01
1.760477802062370145e-01
1.761021080450197451e-01
1.762094576000059476e-01
1.762744828896885829e-01
1.764196083915531010e-01
1.766898449826141138e-01
1.767330819122669983e-01
1.768186907169389255e-01
1.769592579870137850e-01
1.770527700119240433e-01
1.771270355535202734e-01
1.771504073496452114e-01
1.772337639748312876e-01
1.773778525656442562e-01
1.774013569442200733e-01
1.774792163161687808e-01
1.779204832839724193e-01
1.780351594238240853e-01
1.783405972066914869e-01
1.784083011086910753e-01
1.785238209726986436e-01
1.785634423339602928e-01
1.786103938009436787e-01
1.788758893229805969e-01
1.790918322065670754e-01
1.791716631162334761e-01
1.792525055286342817e-01
1.792965941577935318e-01
1.793654013401541070e-01
1.794139429642295780e-01
1.794531185914854665e-01
1.795047567888828910e-01
1.795336596834868625e-01
1.798008073883748392e-01
1.798257811744904955e-01
1.801619163190857353e-01
1.802694482625933625e-01
1.803895757177004511e-01
1.806527852082276397e-01
1.807801943414345525e-01
1.811163874180099498e-01
1.812655047549677212e-01
1.812784771185756150e-01
1.814234735195978665e-01
1.814878585213960949e-01
1.816322833476362864e-01
1.817410849199790346e-01
1.817773651208702268e-01
1.818949736391943517e-01
1.820954257153893363e-01
1.825976934402878671e-01
1.827560353139053018e-01
1.829633968502863417e-01
1.831478313084590470e-01
1.832199297111224978e-01
1.833150749041236871e-01
1.835688765188804861e-01
1.837178273099808745e-01
1.838160593244012042e-01
1.838436382274566683e-01
1.839690679434669018e-01
1.842314173585205550e-01
1.844729691733346666e-01
1.844911098252404735e-01
1.845265842745798246e-01
1.846609466628504892e-01
1.847556432665284631e-01
1.849259899330755186e-01
1.849762347933290307e-01
1.854735158043709642e-01
1.855880269564093576e-01
1.857296062445402962e-01
1.857941532671810447e-01
1.860820517212403713e-01
1.861681110805613604e-01
1.864421276656944015e-01
1.867162440471804019e-01
1.871982444020759140e-01
1.872480457303705437e-01
1.873394510287949288e-01
1.874162927467225292e-01
1.876286103307840403e-01
1.881505998438348926e-01
1.881743212124162012e-01
1.883465125785050154e-01
1.883999642552424691e-01
1.886184013524717373e-01
1.886635989157936788e-01
1.888566428090054650e-01
1.889126189207386286e-01
1.889260692362796368e-01
1.889791401720566089e-01
1.891466393761835618e-01
1.892004931635278830e-01
1.893330695748849934e-01
1.894140144149849270e-01
1.897237713275130300e-01
1.900440697844918703e-01
1.901963562739997504e-01
1.902455789596818603e-01
1.906785489527639821e-01
1.909309297401497185e-01
1.909900248826157665e-01
1.910172818109678039e-01
1.913251945045785496e-01
1.914081361632213596e-01
1.915762844826490452e-01
1.916391916348303137e-01
1.916845237971051275e-01
1.918811527541079143e-01
1.919960957749062835e-01
1.920684193440495291e-01
1.923434287410459020e-01
1.923584749017420714e-01
1.923858462195612296e-01
1.925247248492302499e-01
1.926423682167282270e-01
1.927770478924791531e-01
1.929861437565720816e-01
1.931804159546005872e-01
1.931919418156760881e-01
1.932071098240744356e-01
1.933865286388105897e-01
1.937036717714013812e-01
1.937715696616448269e-01
1.941356572229783750e-01
1.942546988358131443e-01
1.945646803951751047e-01
1.946364438483163539e-01
1.947244322171060582e-01
1.947552887979008274e-01
1.949190295638563442e-01
1.951708882377503895e-01
1.952355692152853150e-01
1.952938062885231363e-01
1.953954066770166864e-01
1.954232085634302341e-01
1.957372196642554185e-01
1.958061594817977480e-01
1.959096337146720435e-01
1.961646200961758013e-01
1.962457685705433774e-01
1.964147998150486685e-01
1.966720545532826270e-01
1.967836955397354315e-01
1.969795121553042927e-01
1.970658555381723798e-01
1.972300885174095852e-01
1.973842724745031585e-01
1.975505756896532017e-01
1.977600239636817803e-01
1.979806691363376892e-01
1.980894430858212707e-01
1.982434401833779170e-01
1.983968270995230265e-01
1.985012445421661664e-01
1.985786060778804429e-01
1.986660085767072148e-01
1.987618833931990014e-01
1.988121823302034796e-01
1.990323108905656113e-01
1.990523127839614048e-01
1.990839114130171228e-01
1.992348008588973596e-01
1.992780577608656567e-01
1.994643581841842039e-01
1.995859345644566407e-01
1.997063254540211164e-01
1.997613991808574740e-01
1.997873382781852059e-01
2.000345587785288815e-01
2.000472581138580674e-01
2.002546088728536233e-01
2.003645799817514728e-01
2.006380882363428542e-01
2.007893844683346918e-01
2.008313883281872825e-01
2.010205476066379837e-01
2.011718620783934930e-01
2.012165312424337993e-01
2.015242379989533317e-01
2.016906369448150660e-01
2.019030878899853998e-01
2.020166608241079909e-01
2.021450726294089784e-01
2.022512266632320865e-01
2.023923678944024029e-01
2.026562281973763868e-01
2.027917006356897145e-01
2.028691032406565453e-01
2.030586638911654196e-01
2.031616555544722980e-01
2.032027756697072363e-01
2.035388590434690226e-01
2.037169754092748031e-01
2.037997308712611588e-01
2.038933493709132461e-01
2.041250993221289389e-01
2.043105439213127317e-01
2.045779032339293535e-01
2.046639560644724076e-01
2.048454256809968954e-01
2.050253116062687453e-01
2.051551879528681899e-01
2.051939855215809960e-01
2.053844441505858487e-01
2.055095764377133094e-01
2.056132018386795934e-01
2.058910750699946279e-01
2.059182382352023055e-01
2.060821889711915433e-01
2.062121700378814482e-01
2.062309183100895227e-01
2.064770342108133983e-01
2.066863284911296117e-01
2.067469048144810195e-01
2.069338588956366465e-01
2.069895961348204028e-01
2.070592290782688194e-01
2.073219798395800617e-01
2.074592121182174953e-01
2.075183448011985732e-01
2.075438434711216473e-01
2.077008697387417169e-01
2.078157975513398592e-01
2.078761836941931951e-01
2.081701216208844962e-01
2.082566457743894039e-01
2.083622775393349502e-01
2.084271582920328714e-01
2.084916392592729428e-01
2.085719928747829799e-01
2.087659113215212248e-01
2.088657471290004675e-01
2.090626444346855850e-01
2.091398935612507060e-01
2.092588415447252104e-01
2.094450530159783497e-01
2.096106331778399834e-01
2.096701003062774182e-01
2.097467037202035145e-01
2.098776031945344123e-01
2.098858001301059373e-01
2.099029726593767964e-01
2.100313649763099200e-01
2.101994297522037369e-01
2.105466943230762111e-01
2.106333537336325945e-01
2.108075934854361511e-01
2.108555579264832225e-01
2.109085624589139285e-01
2.111332029118946352e-01
2.113316957569832955e-01
2.113954807028729510e-01
2.115778958979130653e-01
2.116981381933782103e-01
2.118634681768575279e-01
2.121723289359946363e-01
2.123829426863138581e-01
2.125400602973119835e-01
2.126449562998963816e-01
2.127442060670183543e-01
2.128681656388166366e-01
2.130629050114522249e-01
2.131781262438085800e-01
2.133766538003152580e-01
2.135417608277320467e-01
2.135800722527220197e-01
2.136424898199544564e-01
2.138365069560329845e-01
2.139682107045330073e-01
2.141413722009146425e-01
2.141826886673007801e-01
2.142932388219720152e-01
2.143300796387586915e-01
2.144925339835526690e-01
2.147019910972087497e-01
2.147673527565200358e-01
2.149346001353657498e-01
2.150839530175882586e-01
2.151972758533942653e-01
2.152792533439210620e-01
2.155282645327924185e-01
2.155820658006935286e-01
2.156537574744447072e-01
2.156828386962706956e-01
2.157704628252623824e-01
2.158473368948853333e-01
2.159409772564074015e-01
2.161255768638846997e-01
2.163891823133188841e-01
2.165194527430999438e-01
2.166583453307189544e-01
2.168001639912191802e-01
2.168230547577587597e-01
2.169394875673756884e-01
2.171270373260511255e-01
2.171894434811477703e-01
2.172161321350866980e-01
2.172994277773394878e-01
2.173524156320923439e-01
2.174653556123603837e-01
2.176484651642320578e-01
2.177280911469702818e-01
2.178256302609503647e-01
2.180408653887944970e-01
2.181267836581409492e-01
2.181761823939520339e-01
2.184530936284640179e-01
2.184937366920974011e-01
2.186180022103621501e-01
2.188100469470329601e-01
2.189053231171500802e-01
2.190233821274267800e-01
2.191179252846127967e-01
2.192098236873748773e-01
2.193230646798107752e-01
2.193982731595691682e-01
2.195895374877917250e-01
2.196211101756344597e-01
2.197598167885478071e-01
2.199760953931717000e-01
2.199986139333583723e-01
2.201034128595813488e-01
2.203572522632509245e-01
2.204201131628426291e-01
2.205502947168060113e-01
2.205610049847349652e-01
2.209439010245633772e-01
2.210750285996190834e-01
2.211733824985590846e-01
2.212848835370077316e-01
2.214917558299632216e-01
2.216556883129625344e-01
2.218714469279524926e-01
2.219116184831200489e-01
2.221144570708152299e-01
2.221680657097716283e-01
2.222874442043118459e-01
2.223324969176860566e-01
2.223905741794981739e-01
2.225520875745501670e-01
2.228963634765563917e-01
2.229682305340615622e-01
2.230634330388579223e-01
2.231460642140014605e-01
2.233990980426222572e-01
2.236257538632384911e-01
2.237205985112452888e-01
2.239979250416697931e-01
2.240537246044682629e-01
2.242371238494332841e-01
2.243372387775669219e-01
2.245842650104986626e-01
2.246797528806056821e-01
2.247429638677801433e-01
2.249546884558056847e-01
2.250099725903948744e-01
2.250403945327190403e-01
2.250786761103998612e-01
2.252935460670570100e-01
2.254562484767594910e-01
2.255760317069520071e-01
2.256860847855259034e-01
2.258704412606636069e-01
2.259507995983877637e-01
2.261450925801961886e-01
2.261768158775256665e-01
2.262939152983223512e-01
2.264486572637124939e-01
2.264891121418080855e-01
2.265371876333387435e-01
2.267808059812990995e-01
2.268642509739645652e-01
2.269979365926315940e-01
2.272668163387190909e-01
2.273576326317015561e-01
2.276002785964232056e-01
2.276447076920792845e-01
2.277746444465622855e-01
2.279990068843413820e-01
2.283149012573944814e-01
2.284396539011654681e-01
2.285420947182884577e-01
2.286043942086637415e-01
2.289359838010882886e-01
2.290581694559126469e-01
2.292419841753804421e-01
2.293653134658664716e-01
2.295811389424246840e-01
2.299392989987010527e-01
2.299860420301985398e-01
2.301463202253607176e-01
2.302281759013040940e-01
2.305244552169648520e-01
2.306931260441950071e-01
2.307773255436715854e-01
2.309005822244475370e-01
2.309776301575413582e-01
2.312001915914909389e-01
2.312827397009525610e-01
2.314212415705880488e-01
2.315639448096047104e-01
2.316506130986900613e-01
2.321521928971006787e-01
2.322234077185099665e-01
2.324026382971613458e-01
2.325688009997534944e-01
2.326956551718925015e-01
2.327804160805154732e-01
2.331024550342701007e-01
2.331668117656618411e-01
2.333553929086001066e-01
2.335933112420976454e-01
2.337205916515365522e-01
2.339681737262869210e-01
2.341951625032404616e-01
2.344439681057756408e-01
2.345793492987688633e-01
2.346780703162526238e-01
2.348035935365430649e-01
2.350585944501525915e-01
2.351861446745218409e-01
2.352171990971959614e-01
2.353366810800326947e-01
2.354727680252906297e-01
2.357676263538238393e-01
2.359915504999201552e-01
2.360250477075027387e-01
2.361575826291600344e-01
2.362241554886660433e-01
2.362974363423081259e-01
2.364248529539508259e-01
2.365786441657391770e-01
2.366843023775234145e-01
2.367851608768445359e-01
2.370801230068538268e-01
2.371038664904410453e-01
2.372908447603629123e-01
2.373734092178460819e-01
2.375146629780159613e-01
2.378264614709595937e-01
2.379059378368304500e-01
2.380154916269162368e-01
2.381984839261643561e-01
2.382650262276142794e-01
2.384001585906364573e-01
2.386260112445916515e-01
2.390022498888957903e-01
2.390427495874106467e-01
2.391349233278740882e-01
2.393436612504311611e-01
2.394121223082642247e-01
2.397202056468110687e-01
2.399052540493867292e-01
2.399153689061507555e-01
2.401137975390668922e-01
2.402936073225771518e-01
2.403530935636776500e-01
2.404550475082228023e-01
2.406204012118397517e-01
2.408331376594935735e-01
2.409587386325193759e-01
2.410263973309305641e-01
2.413061389009304725e-01
2.413831994709324524e-01
2.415760476350918284e-01
2.417226345437839263e-01
2.418023001026655128e-01
2.419195388422742954e-01
2.420869134016551405e-01
2.423923355134489921e-01
2.424443557471965827e-01
2.425856278011618294e-01
2.427640950516380680e-01
2.428188161337174189e-01
2.429682796639918152e-01
2.430607160019528368e-01
2.431705939420897855e-01
2.433129595876392659e-01
2.434895158122405978e-01
2.435626237743238609e-01
2.437874567488373390e-01
2.439091490528874362e-01
2.440070814862020654e-01
2.442781017589306380e-01
2.443545420015937331e-01
2.446120135311188049e-01
2.447552992035328390e-01
2.448177034570105381e-01
2.449735839402163717e-01
2.451458429457776256e-01
2.452337259589797147e-01
2.456033773740083082e-01
2.457166271222840648e-01
2.458303874651620313e-01
2.459639825587623674e-01
2.462410812440588015e-01
2.463614079386953759e-01
2.464207162208546797e-01
2.465505663648375756e-01
2.466050958399880200e-01
2.466400934092928265e-01
2.468385520550621104e-01
2.469261009045269628e-01
2.471937158365089260e-01
2.474318010365851583e-01
2.475758429802867311e-01
2.477044312281926342e-01
2.479474570875652706e-01
2.483457435491409904e-01
2.484920782642084380e-01
2.486368212547749312e-01
2.487016571370781470e-01
2.487673624115984694e-01
2.488518803864683271e-01
2.489620685630112296e-01
2.492078009298438479e-01
2.493170294693260181e-01
2.495180112361406466e-01
2.496452216307380179e-01
2.497058466720656345e-01
2.498029711181098678e-01
2.499630100551264167e-01
2.500888736416162494e-01
2.502195795631297903e-01
2.504239178319515591e-01
2.505362315324736744e-01
2.506650364352664417e-01
2.509282556014869048e-01
2.510858621705290838e-01
2.512044946213963237e-01
2.513228694498558236e-01
2.514505687917958365e-01
2.515956290979128873e-01
2.519322441684876401e-01
2.519476726182239834e-01
2.522043028719341828e-01
2.524229083822935316e-01
2.524804323296696018e-01
2.527192165994922579e-01
2.528389256469293911e-01
2.531403512211400364e-01
2.532372350074804657e-01
2.533943058794408953e-01
2.536691932498447710e-01
2.537607140550798834e-01
2.541416486201568126e-01
2.542041049652776774e-01
2.543092965306381070e-01
2.544163006856411946e-01
2.545500986240664121e-01
2.547675116228411141e-01
2.547995444952294020e-01
2.550434701629109013e-01
2.551840001911487299e-01
2.553342533796382763e-01
2.554595921939022407e-01
2.556695529289281232e-01
2.558258118715303064e-01
2.560603467263006805e-01
2.562087613922593432e-01
2.562656381825942908e-01
2.564317411445796169e-01
2.567147622839510701e-01
2.568361692897213611e-01
2.569116426029820488e-01
2.569572118719146703e-01
2.571353781592981558e-01
2.573498075402120278e-01
2.573624696262536427e-01
2.576669286486271138e-01
2.577146975325964595e-01
2.577993696748456243e-01
2.579001268095132970e-01
2.580441744980350727e-01
2.581317425112899522e-01
2.582603058166877408e-01
2.583849345302724476e-01
2.584819067972338180e-01
2.585437740100824944e-01
2.585812452128659067e-01
2.588365722103771471e-01
2.590262062918739505e-01
2.590902852694429992e-01
2.594377374831550731e-01
2.594418900954194029e-01
2.595087707394914678e-01
2.595895172700035669e-01
2.599295778056862072e-01
2.600192405877489454e-01
2.601797430989104543e-01
2.604538388653883096e-01
2.604794472207377365e-01
2.606578158756194252e-01
2.607940756870872900e-01
2.609255570144176084e-01
2.611390726814504792e-01
2.613009623377219870e-01
2.613749621182442362e-01
2.614725776461983009e-01
2.615534204137162644e-01
2.618686481616973039e-01
2.619147623581395412e-01
2.622217826626947468e-01
2.622304293297509914e-01
2.624658861582302438e-01
2.626747173371797861e-01
2.628203818212285214e-01
2.630230464114765021e-01
2.633537861967865101e-01
2.634913737296639691e-01
2.636176706351223142e-01
2.637657341716562742e-01
2.639444622580552902e-01
2.641225836551590045e-01
2.641642038737624931e-01
2.644177930314148828e-01
2.645965004310861790e-01
2.647387807400760074e-01
2.648083104467024440e-01
2.649805431751388052e-01
2.651075010891394412e-01
2.652217284277866849e-01
2.652568730597804625e-01
2.653370328199984862e-01
2.655585768070944375e-01
2.656482174729098422e-01
2.657004629184461786e-01
2.657812885793968682e-01
2.660437838899175067e-01
2.661167343317076828e-01
2.662208998012345895e-01
2.662743699434236277e-01
2.664768327767682021e-01
2.665865025526927279e-01
2.666510032931136975e-01
2.668622069915044803e-01
2.670217868161178232e-01
2.671752699868924497e-01
2.672871003309556515e-01
2.674715735393948801e-01
2.675691239974918867e-01
2.678045880281962332e-01
2.679141175570846634e-01
2.680411421312187681e-01
2.681002385964881274e-01
2.682183617014757271e-01
2.685281172281046014e-01
2.689434115624756427e-01
2.691040664152553608e-01
2.692292315040872297e-01
2.693881092702759550e-01
2.694927104388673000e-01
2.695723954880463458e-01
2.697947473786894146e-01
2.700072151932363385e-01
2.701776049790451939e-01
2.702994732807752487e-01
2.703626718683639907e-01
2.706032984194569613e-01
2.707777874046532474e-01
2.709415080504929407e-01
2.710171639170342872e-01
2.712066359433904505e-01
2.712536043811855646e-01
2.715111195627360474e-01
2.716771229228411855e-01
2.718700345107442629e-01
2.719434637938920596e-01
2.721238941972786707e-01
2.721943065929539052e-01
2.722330441918550670e-01
2.723139804542183406e-01
2.724783709254110509e-01
2.728826808612557220e-01
2.730413162760869095e-01
2.730767701377292966e-01
2.731767515687080761e-01
2.732180896724863417e-01
2.733121967975224997e-01
2.736016650354779478e-01
2.737371378296268309e-01
2.738439985574448454e-01
2.739102348222819949e-01
2.741930768164558274e-01
2.742721227060572753e-01
2.744064465478511794e-01
2.745255009468712815e-01
2.747504939458166318e-01
2.748695425316162178e-01
2.750150925903139254e-01
2.752119269247800815e-01
2.753422575730886668e-01
2.755584558452558452e-01
2.756613811321791951e-01
2.757418722263018096e-01
2.760868136778572568e-01
2.767008936520456985e-01
2.767503535598359043e-01
2.768868759063060070e-01
2.769529761982751914e-01
2.771284065701098975e-01
2.771528219505651203e-01
2.774074460878801496e-01
2.776591549085616339e-01
2.776956784990026739e-01
2.778509012758296204e-01
2.780626923613290225e-01
2.781019512442172159e-01
2.784263166927093414e-01
2.784564489757125894e-01
2.785933056987488499e-01
2.787424338725573159e-01
2.790732166957568539e-01
2.791056692400798456e-01
2.793794459247821993e-01
2.795325724391831135e-01
2.797875776852374319e-01
2.798988245665157693e-01
2.800246089928472570e-01
2.801655374291372458e-01
2.803730204073589527e-01
2.804749870397051925e-01
2.806051992974704090e-01
2.807202970196607805e-01
2.809759593550153478e-01
2.811310039267802541e-01
2.813237491564732906e-01
2.814332701028900430e-01
2.815690776172372067e-01
2.816470231468518048e-01
2.817903864948478332e-01
2.820142557560726404e-01
2.822102175135382529e-01
2.823205265096334626e-01
2.824479913496016903e-01
2.825407705954174342e-01
2.827669316219594275e-01
2.829703447058657395e-01
2.830145243573658487e-01
2.831406176462370472e-01
2.833839408614302058e-01
2.835541596322296853e-01
2.838455798747069880e-01
2.839999073017704379e-01
2.843000115496915337e-01
2.846219447608910325e-01
2.847631043393765715e-01
2.851596316079123561e-01
2.852228794971311543e-01
2.853512058998379231e-01
2.855046959963348230e-01
2.856089955660073842e-01
2.859329945346887891e-01
2.862962093742478231e-01
2.864569708293430161e-01
2.866786823845088872e-01
2.868312312848679824e-01
2.869346872113972546e-01
2.873599684985041480e-01
2.875015536705045061e-01
2.876400222130415796e-01
2.880355879500973160e-01
2.882898600874537198e-01
2.884505246447845450e-01
2.887099205971663252e-01
2.887799342673190717e-01
2.890174190652438080e-01
2.891225884894852438e-01
2.893444601264617555e-01
2.894103938592418879e-01
2.895448318454487691e-01
2.895911073697465810e-01
2.897114726639275495e-01
2.897866008562609563e-01
2.900646812059814450e-01
2.901610288695884443e-01
2.905459643214537424e-01
2.907251063909731537e-01
2.908817732843331227e-01
2.910300844247838969e-01
2.912337101147484120e-01
2.914278889702714426e-01
2.920217365433926404e-01
2.921734138496863697e-01
2.924331855541418834e-01
2.927132620164752952e-01
2.927353673320597371e-01
2.931023782099143049e-01
2.931398518994199898e-01
2.935976134278357463e-01
2.938025851307112246e-01
2.939674831981368697e-01
2.941143377034600714e-01
2.942594863826637486e-01
2.945951155596978621e-01
2.947126898051154464e-01
2.947626407555685168e-01
2.948439972983190605e-01
2.950015642439414165e-01
2.951549516470007295e-01
2.953963984345114313e-01
2.956388089757939208e-01
2.958463350693175675e-01
2.962425136761746569e-01
2.963756182216414348e-01
2.965336974129795800e-01
2.966541203763372048e-01
2.966884841842920562e-01
2.968500365691307263e-01
2.970966302903870759e-01
2.971555111233771251e-01
2.975204695299573099e-01
2.975712733206244964e-01
2.977715559641044285e-01
2.980957590272972912e-01
2.983317820188201019e-01
2.983896131204039626e-01
2.986864795377117687e-01
2.988446395816938272e-01
2.989845368116861857e-01
2.990905659451201792e-01
2.992419319130076305e-01
2.994351735496056377e-01
2.994627620487290143e-01
2.996356783671000334e-01
2.998805371413006959e-01
3.003662244774307211e-01
3.004147568745544339e-01
3.005362736884200636e-01
3.006608880408914164e-01
3.008623596865576122e-01
3.010931425945851947e-01
3.013641035403671342e-01
3.015095301275339534e-01
3.016116492480567235e-01
3.018239648335478975e-01
3.020475568848523529e-01
3.021497524445875271e-01
3.023173033871969784e-01
3.025387999957882545e-01
3.027507475284734739e-01
3.029898786168952474e-01
3.032243385126826563e-01
3.033903055965068707e-01
3.034933045875372604e-01
3.037550661532783525e-01
3.040706234585139334e-01
3.042210144271744188e-01
3.044180382352223435e-01
3.045824360870462710e-01
3.049184063632159325e-01
3.050370440860387666e-01
3.051951826673037771e-01
3.054254824856426076e-01
3.055585772026822577e-01
3.058824512251875349e-01
3.062566148843831049e-01
3.063114303681195860e-01
3.065727980763269800e-01
3.067240646395054116e-01
3.070796387918875436e-01
3.072914165036162437e-01
3.074626061343584960e-01
3.077377993058431627e-01
3.082237011713780950e-01
3.085120045556996038e-01
3.086721055484735743e-01
3.088563597838999142e-01
3.089542263194143823e-01
3.092406941584932012e-01
3.094088210066706091e-01
3.095609061566022002e-01
3.099638760348270017e-01
3.101334608089830192e-01
3.105889848013329568e-01
3.107174315945167575e-01
3.112472182675227739e-01
3.113996751391039375e-01
3.117060371090343840e-01
3.119159795508824051e-01
3.122004828631458895e-01
3.124070600797473896e-01
3.125570582343233372e-01
3.129429536596399775e-01
3.134019811398188748e-01
3.134559610449703104e-01
3.138532605073007242e-01
3.142124837630512757e-01
3.147630632850283994e-01
3.149221530424042848e-01
3.152982262285630721e-01
3.153464417408441967e-01
3.156244232330420729e-01
3.158531534933268770e-01
3.160505169018828497e-01
3.162862895457793089e-01
3.163118755058931253e-01
3.167253522814393873e-01
3.167432763517181726e-01
3.170063636899012605e-01
3.173742383150350288e-01
3.174490532195968218e-01
3.177322059698524104e-01
3.178970644852724958e-01
3.185875514391755536e-01
3.188296766532486837e-01
3.190366114287790933e-01
3.190843592800855499e-01
3.194047758610490395e-01
3.196601599158808149e-01
3.197398002826199459e-01
3.198741404561562529e-01
3.199186680351637779e-01
3.199901539534705797e-01
3.206261482092012116e-01
3.207667732537487493e-01
3.208458839625990544e-01
3.212573770182357014e-01
3.217294889607267283e-01
3.218180705270957676e-01
3.219095357612882791e-01
3.221853576823132115e-01
3.223388887361423594e-01
3.224646801514307604e-01
3.230806480254662660e-01
3.234806655130561537e-01
3.235864477548132667e-01
3.237714618645997633e-01
3.240672307605630409e-01
3.245695886976077138e-01
3.248299571460120383e-01
3.253020421410252605e-01
3.254045670752256925e-01
3.257184773591091376e-01
3.258215184307711176e-01
3.259415472328121566e-01
3.260719291130124153e-01
3.263880276434384387e-01
3.265581602625330371e-01
3.270957200268208576e-01
3.271918929035702583e-01
3.272765019898689065e-01
3.274928066692442408e-01
3.275285456492988412e-01
3.278309540523460797e-01
3.280118452700467313e-01
3.283272625942171841e-01
3.284657548418234430e-01
3.285489849843323817e-01
3.288821474105571019e-01
3.289950365412326327e-01
3.292388677576432721e-01
3.297542884226061788e-01
3.300250801896033037e-01
3.301045706827768211e-01
3.303006829764919550e-01
3.305131901938110350e-01
3.307186934881333196e-01
3.309960702613072292e-01
3.310899277905368643e-01
3.312127978424585506e-01
3.312506212812668660e-01
3.316631094381914391e-01
3.318341830911107349e-01
3.319792760590083991e-01
3.321309678279779076e-01
3.324127509314340201e-01
3.330534273837722492e-01
3.332908618190935091e-01
3.334416722307958492e-01
3.338686135525870124e-01
3.339415311211775816e-01
3.344859785186964363e-01
3.346260799343258041e-01
3.347428193134122654e-01
3.347515313005517412e-01
3.348727822227655637e-01
3.351087466533004267e-01
3.356905324906296895e-01
3.357632420395703088e-01
3.359087308745559719e-01
3.360378330559017357e-01
3.363548634590883268e-01
3.365596515419946866e-01
3.367896668762566659e-01
3.371961819761291612e-01
3.373813786998138275e-01
3.374853637786865979e-01
3.378409878777842712e-01
3.382812800218887861e-01
3.383478309280892882e-01
3.385697951151964147e-01
3.387646909424767427e-01
3.389195183320117821e-01
3.389548231149330793e-01
3.390802069043118983e-01
3.392671338728892594e-01
3.396320823621750140e-01
3.397132426919364234e-01
3.398502696097487341e-01
3.400903341232060506e-01
3.402204685757866387e-01
3.404856347334737632e-01
3.405321052749692989e-01
3.406826475211341410e-01
3.410258153892994359e-01
3.414106122793278963e-01
3.416905904993260412e-01
3.418354172944713665e-01
3.419417325430028631e-01
3.421216003995595223e-01
3.423604410121359742e-01
3.423984763332886261e-01
3.424833211532844479e-01
3.427089142427942603e-01
3.429754737773411666e-01
3.431568459382704495e-01
3.433191318164195982e-01
3.435031317715456223e-01
3.437072365877449354e-01
3.438176902916516564e-01
3.439362123946767547e-01
3.439937154821798848e-01
3.443150986917650758e-01
3.446266540620421259e-01
3.447386673263104773e-01
3.451823940317841899e-01
3.454163934052411622e-01
3.455787143800708727e-01
3.457086312909051773e-01
3.458053099313526668e-01
3.461351747393220379e-01
3.461878814469155352e-01
3.462978293313870304e-01
3.465910652100847034e-01
3.467855199497268948e-01
3.470274200218245730e-01
3.471088320293440055e-01
3.473521796427263553e-01
3.474301537800957851e-01
3.475121464574802421e-01
3.479260663075511295e-01
3.481429135154560650e-01
3.486058412091205261e-01
3.487879173422343548e-01
3.489034024313590332e-01
3.489998381569619501e-01
3.490439569920119056e-01
3.492189308936198833e-01
3.492797763997615990e-01
3.493987016727599926e-01
3.497995879374760086e-01
3.503484247751970093e-01
3.504165132932337556e-01
3.507028638074197180e-01
3.507565706740239930e-01
3.512660160782527519e-01
3.514128691144353667e-01
3.514770263080965185e-01
3.520329241659822528e-01
3.520971236316712272e-01
3.523048965266653010e-01
3.526848487241506236e-01
3.529319212994580512e-01
3.531221748039302111e-01
3.532896895638526491e-01
3.534780908228069563e-01
3.535742235337574479e-01
3.538161382360455187e-01
3.540605377746783855e-01
3.541409406941985472e-01
3.543248784971569920e-01
3.546055049467374820e-01
3.547977337919144825e-01
3.550020024511583161e-01
3.553103527580670495e-01
3.556993525185286886e-01
3.558057900742212509e-01
3.560097265947018697e-01
3.562132553356556763e-01
3.564151076570755694e-01
3.565229841725681692e-01
3.566563022007986916e-01
3.570206345358414302e-01
3.572208429503738181e-01
3.575862850264345805e-01
3.576727755403881770e-01
3.579313574465369241e-01
3.583071938269552503e-01
3.583311573641556058e-01
3.584069704910036180e-01
3.588613428852582277e-01
3.589129581748359832e-01
3.593891675323164225e-01
3.597408711588713226e-01
3.600247175498125229e-01
3.601562026854855381e-01
3.604114860722028579e-01
3.610505358358402916e-01
3.612524610977331796e-01
3.615803976796445607e-01
3.619087073925135178e-01
3.621909717747898716e-01
3.623150270497350056e-01
3.624441875285641101e-01
3.628289898077617925e-01
3.632183329598961397e-01
3.637058709617123076e-01
3.638806544405454035e-01
3.640807071403479034e-01
3.641949246702157472e-01
3.645036968291018309e-01
3.646148687579875980e-01
3.649818701793511866e-01
3.651075536380581354e-01
3.653771223652058087e-01
3.654612171469938109e-01
3.658997531676607129e-01
3.662183210307298209e-01
3.663589878438086589e-01
3.664551976741615147e-01
3.666449699927813999e-01
3.667674064570911607e-01
3.669109874821648853e-01
3.672452912588004548e-01
3.674032303113642928e-01
3.676212655435730503e-01
3.677094789547747378e-01
3.679149940525938134e-01
3.679791383562777685e-01
3.684310930604952627e-01
3.687616441474337869e-01
3.689792340483215582e-01
3.693197204369728093e-01
3.698809686722543955e-01
3.703394450459223664e-01
3.705484857332619342e-01
3.707154008889733676e-01
3.709507294596886551e-01
3.713206679247148534e-01
3.715624319888872762e-01
3.716363451018364072e-01
3.718654219559110463e-01
3.719601238129897069e-01
3.723279451365730797e-01
3.726247521662127138e-01
3.731026859383115846e-01
3.731494693361829817e-01
3.733188622267349932e-01
3.736676135856104586e-01
3.738429642895128580e-01
3.742161724194539296e-01
3.743343820130092259e-01
3.745957288689698572e-01
3.750302833184528395e-01
3.752441319502183847e-01
3.755322610982500531e-01
3.757143979966166558e-01
3.757987543064932323e-01
3.763775341102725824e-01
3.765103526144741308e-01
3.772997369322093064e-01
3.774927199427358104e-01
3.778728328273431303e-01
3.779479922074561737e-01
3.781657192698010816e-01
3.789203635036624274e-01
3.794980351143165676e-01
3.797158438292019267e-01
3.800676437123498008e-01
3.801471786901672867e-01
3.806825439125224309e-01
3.810320499600749478e-01
3.811538051576524033e-01
3.813533790230945186e-01
3.816303412002405304e-01
3.819874900050158062e-01
3.824309317176182166e-01
3.825855575423294241e-01
3.827019738558816719e-01
3.829854864569675055e-01
3.830492234515823768e-01
3.831969189645934026e-01
3.839003554903290261e-01
3.839763559311319963e-01
3.841764626285265050e-01
3.847166095461619917e-01
3.851159474060359966e-01
3.851994529847242443e-01
3.858603307808085581e-01
3.861484532564370964e-01
3.864125758799164534e-01
3.865829926997519927e-01
3.868949597392233875e-01
3.871004619881480702e-01
3.871502826598510194e-01
3.874467344531384305e-01
3.876712214568721615e-01
3.885174819067997443e-01
3.886144366811060125e-01
3.886708705578376111e-01
3.891209179087182779e-01
3.893681259460053390e-01
3.896321943178335245e-01
3.903873962960014432e-01
3.907091381474461222e-01
3.910312899222139760e-01
3.915684278665146900e-01
3.917681018993713349e-01
3.918044600448031267e-01
3.922283867697852755e-01
3.925050038628431492e-01
3.931145690104120849e-01
3.931533912012272203e-01
3.934242670733335556e-01
3.942363974243345837e-01
3.943881003577910382e-01
3.945826917369038567e-01
3.946775274980549031e-01
3.950528509924864373e-01
3.957912390780946033e-01
3.960939799889182100e-01
3.961478600640764292e-01
3.963357200178259099e-01
3.964081485147455397e-01
3.968816566733926465e-01
3.969508116054469293e-01
3.972370477448087245e-01
3.975243029804158557e-01
3.975814156350721551e-01
3.980928759624674518e-01
3.983330605991966533e-01
3.986504849541685491e-01
3.998676974623153191e-01
4.004283478808938757e-01
4.007891779329823545e-01
4.010567641131804195e-01
4.011952659870848814e-01
4.018359789806694726e-01
4.018836763303117454e-01
4.020141404863369905e-01
4.022356110473168100e-01
4.025439279091625466e-01
4.027784206769711717e-01
4.031277737202236811e-01
4.033243551660717907e-01
4.033964010979085857e-01
4.034608407161261456e-01
4.036218587182375805e-01
4.039928647783222471e-01
4.041691658831445544e-01
4.043158196077787925e-01
4.044942565170407400e-01
4.046028148241120337e-01
4.047182637242232039e-01
4.047861235927628920e-01
4.052467539158310927e-01
4.053884544349258268e-01
4.054914401468932561e-01
4.057383979276155683e-01
4.058502188422817292e-01
4.060129521854743406e-01
4.063066302856609413e-01
4.064924032075060700e-01
4.066107017998247253e-01
4.068322125473042283e-01
4.069002929265682633e-01
4.071784790620638361e-01
4.081906551640908098e-01
4.084108466932771520e-01
4.084311848025551361e-01
4.087848146474392097e-01
4.089787784891884548e-01
4.090906244702086636e-01
4.091863314859596756e-01
4.097726942997113597e-01
4.099176945013039974e-01
4.101927682133414965e-01
4.103174112580197375e-01
4.106978706109895572e-01
4.107958533794702771e-01
4.110776979602684400e-01
4.111352905619428122e-01
4.117703984327875100e-01
4.123075231873735702e-01
4.127574904440071690e-01
4.128301713127864869e-01
4.131682635893786926e-01
4.132870958250714488e-01
4.136416132438435200e-01
4.139842171858118536e-01
4.141342903668717157e-01
4.143854188982003528e-01
4.144553680051940026e-01
4.146711111965111773e-01
4.151237930049664904e-01
4.153416896694919758e-01
4.154413722497167227e-01
4.156210287650105584e-01
4.158697783239370671e-01
4.160326011188631989e-01
4.163383288454612918e-01
4.165889888137934149e-01
4.171601416281070507e-01
4.172152358086680946e-01
4.174665702898641140e-01
4.178279203260454877e-01
4.180761153259542340e-01
4.184755191909868555e-01
4.186585020014509939e-01
4.192580835646275150e-01
4.194800690582519698e-01
4.198554621995675973e-01
4.199883261756826025e-01
4.201567071023177280e-01
4.205558935564940315e-01
4.206019272314469593e-01
4.208295718941043595e-01
4.212422382162185341e-01
4.214693571088337642e-01
4.216295728290248568e-01
4.217114580040245420e-01
4.219032165060566109e-01
4.222318173091841875e-01
4.224649067474722242e-01
4.226764727605037408e-01
4.228437677796926253e-01
4.230627162758248683e-01
4.234285723993368444e-01
4.235829363998264707e-01
4.240735763074737208e-01
4.242813789304277217e-01
4.244316132843988787e-01
4.244743750272984562e-01
4.251555603499100888e-01
4.253309611045050787e-01
4.253863256889033884e-01
4.254934178387758115e-01
4.259572045217185354e-01
4.263181559127294795e-01
4.267206056766904010e-01
4.267581226182171061e-01
4.273360269028297909e-01
4.274880646399897288e-01
4.278198408770966799e-01
4.280414465535032353e-01
4.283760893874145048e-01
4.284408602884255401e-01
4.284701922545344210e-01
4.286136449123290060e-01
4.287232940180230045e-01
4.288975685192201737e-01
4.291120581615528451e-01
4.291517514601927430e-01
4.292143294105305595e-01
4.295322748325460793e-01
4.298825540156873681e-01
4.300196728142126612e-01
4.300717878789925841e-01
4.307716862597728569e-01
4.310167847749398762e-01
4.312014787932883508e-01
4.318870283217689510e-01
4.319485115489021254e-01
4.320351793681447283e-01
4.321568189574382379e-01
4.325344171590804754e-01
4.326077911747539528e-01
4.326886393473914350e-01
4.331011467489742639e-01
4.331842135148305517e-01
4.337761562299952689e-01
4.338453875778553459e-01
4.342544032305232782e-01
4.345407168616943205e-01
4.348433117813452209e-01
4.350133745325521217e-01
4.351876870741792080e-01
4.353297116529647459e-01
4.354073565079278341e-01
4.355959379726656588e-01
4.358700559273077646e-01
4.359722162297993697e-01
4.360978366526742644e-01
4.364080755915578647e-01
4.364961471778783242e-01
4.367607226105330032e-01
4.368881464168581363e-01
4.369769733693097957e-01
4.373139553220342091e-01
4.379050850355396540e-01
4.381985098285293145e-01
4.383567435994705774e-01
4.386755027006771224e-01
4.387560650523914529e-01
4.389232557453153216e-01
4.391256512220428343e-01
4.395021169504256808e-01
4.397460614798273104e-01
4.398132126547679710e-01
4.399648880375985338e-01
4.402945882194417293e-01
4.407066323693265564e-01
4.408696195864263978e-01
4.409429125191451360e-01
4.414951129118214190e-01
4.417169043370913761e-01
4.418882780173759017e-01
4.420728507331138091e-01
4.422613123310571437e-01
4.424551917630504816e-01
4.425568600084878734e-01
4.428712969277447398e-01
4.429547967084934146e-01
4.429704667199829138e-01
4.432647838942730401e-01
4.434717484675584909e-01
4.435394723272065298e-01
4.436386175231047946e-01
4.440504768855637052e-01
4.440765540436159564e-01
4.446928225968660442e-01
4.448085168695902758e-01
4.449850533162333921e-01
4.450676282781238502e-01
4.453533347311494084e-01
4.454559396895792500e-01
4.455917886597787203e-01
4.460261731419677966e-01
4.460583782833089095e-01
4.463161757478020242e-01
4.463903459881810032e-01
4.464273270269987770e-01
4.467606838173907025e-01
4.469040937450100559e-01
4.471128129849497035e-01
4.472214090755714522e-01
4.473367332964378051e-01
4.476100099756128436e-01
4.477644303502557044e-01
4.479252048644825068e-01
4.479872213027751848e-01
4.483783525822348515e-01
4.485057336242846970e-01
4.486764401409800707e-01
4.488253900974746302e-01
4.491781208293017524e-01
4.493157254583082794e-01
4.495944792520794597e-01
4.498232710507727994e-01
4.499769640350682054e-01
4.500320352580545746e-01
4.503889774981483796e-01
4.506486317357609739e-01
4.507366571600347482e-01
4.508685978771843628e-01
4.510516981473615128e-01
4.513886037595640777e-01
4.514861952436386994e-01
4.517093225736701356e-01
4.518857846606897932e-01
4.522881563280102823e-01
4.524538917727634058e-01
4.527389978915505320e-01
4.530777625360304373e-01
4.531495817379083135e-01
4.532956781766944721e-01
4.534141266689984406e-01
4.536359393755433622e-01
4.541478137299456153e-01
4.543544280378505329e-01
4.546295411405258946e-01
4.546760095008458014e-01
4.547508361258011944e-01
4.549089849706667299e-01
4.552573429660643489e-01
4.553200833380564028e-01
4.554669235401628824e-01
4.556741706939825831e-01
4.558031337670224725e-01
4.563281542599024188e-01
4.564233283405529917e-01
4.565695107476368531e-01
4.567324376363330329e-01
4.569541524909893071e-01
4.572342378772227267e-01
4.575235119557455321e-01
4.576190925921317931e-01
4.579060696815878129e-01
4.583071237848311830e-01
4.584106529361293147e-01
4.584652033116600744e-01
4.586268002922301856e-01
4.586760534942611045e-01
4.590382202309812865e-01
4.592038896051600649e-01
4.594338780635655040e-01
4.596884494573476032e-01
4.598160575461961441e-01
4.602344027552329742e-01
4.606478081850953199e-01
4.607494429003520797e-01
4.610209572051518490e-01
4.612395677203490196e-01
4.613672359562485115e-01
4.615895483500541130e-01
4.619164227747348250e-01
4.620810022939728645e-01
4.622972393671614388e-01
4.624012146953260238e-01
4.626060321274895193e-01
4.628606631767477886e-01
4.631559024048912954e-01
4.632763637232852894e-01
4.634250968185542607e-01
4.635353796388100855e-01
4.636490840472184405e-01
4.638958042406076676e-01
4.641458848083281352e-01
4.643239251811750457e-01
4.644562073966328475e-01
4.645096521625821095e-01
4.646122591738228724e-01
4.647734796273585434e-01
4.648874627322108211e-01
4.651030856963903615e-01
4.651229424860610084e-01
4.652778088820194169e-01
4.657945063405987129e-01
4.660103362292671858e-01
4.660357461112116795e-01
4.661459738065705238e-01
4.662777284951786227e-01
4.664485309691613901e-01
4.665662653685677674e-01
4.666920318055747252e-01
4.670702009808721522e-01
4.672472170552336435e-01
4.673201593561879807e-01
4.676721253017497859e-01
4.679358863949814595e-01
4.682214766949582829e-01
4.682730384231958976e-01
4.685045515228058455e-01
4.687086137080879733e-01
4.690002013265671676e-01
4.691725030154164644e-01
4.693112717081021623e-01
4.695588951636583963e-01
4.697443184520877502e-01
4.699279404927280690e-01
4.700928769512490168e-01
4.702753664496967523e-01
4.705651471854653267e-01
4.710267621253649284e-01
4.711111573637460359e-01
4.712908997689560509e-01
4.715169131664064817e-01
4.716136523096326472e-01
4.719035440167686501e-01
4.720380732539149471e-01
4.721189316688610416e-01
4.722188964591296223e-01
4.725782555899141202e-01
4.725965306794840393e-01
4.727472072510333634e-01
4.732996869714843347e-01
4.733785686963244976e-01
4.735937555294705836e-01
4.738219222003732800e-01
4.740265602944573886e-01
4.741701640667079776e-01
4.743242056236894877e-01
4.746051235445059580e-01
4.747575741354941314e-01
4.748358252068913821e-01
4.750987419514767773e-01
4.752311607319923414e-01
4.760861040088647522e-01
4.761678229014317254e-01
4.763854707662733556e-01
4.767828027291978188e-01
4.770039466974044795e-01
4.771462531464908952e-01
4.772733574413349222e-01
4.774781826897582793e-01
4.775987759298209734e-01
4.777966881321372150e-01
4.778305988055152054e-01
4.782522036098104112e-01
4.785676858863145422e-01
4.788127764735907732e-01
4.788872984329422544e-01
4.790970799202622366e-01
4.792561219146103668e-01
4.793125570079630471e-01
4.795675856501593892e-01
4.797149224769536868e-01
4.802104486762682756e-01
4.805350245444577340e-01
4.806480230704963108e-01
4.807800511679402589e-01
4.811791837408266881e-01
4.814423241120865948e-01
4.817801223113556408e-01
4.820627227084150479e-01
4.826377835043451636e-01
4.826763172939044777e-01
4.829530512690190514e-01
4.832844731968850560e-01
4.834897201373465903e-01
4.836486170097442083e-01
4.836870102218344680e-01
4.838350405554113220e-01
4.839679252380245100e-01
4.841060963331991207e-01
4.842307901021120076e-01
4.844554449743816993e-01
4.847936534384356677e-01
4.848186077205726696e-01
4.852709707759940150e-01
4.853620625835171620e-01
4.854999608685040546e-01
4.855464941929669154e-01
4.858196009083327604e-01
4.862505841515180061e-01
4.864995708279431508e-01
4.868355859353181714e-01
4.870770150492695350e-01
4.872136007191940066e-01
4.873671996801854922e-01
4.877233704947552817e-01
4.877762269838796239e-01
4.878968442916719606e-01
4.881656079621752853e-01
4.883180220154704765e-01
4.886164544111000763e-01
4.887797765667739047e-01
4.888987124051796807e-01
4.892441794848220171e-01
4.894900900175511160e-01
4.897472380662067915e-01
4.898264151704067593e-01
4.900315470138252305e-01
4.901197833843591867e-01
4.904230024253324327e-01
4.909590202782586066e-01
4.911546965659595587e-01
4.912526475180156171e-01
4.913693371661383424e-01
4.917299380984939128e-01
4.918953214816754738e-01
4.920817471152348355e-01
4.921975053974550485e-01
4.927157632782308561e-01
4.928652736279219848e-01
4.930092567898770040e-01
4.931927470749296605e-01
4.935036258349645433e-01
4.935576597128147336e-01
4.937621652423965224e-01
4.940711120423380009e-01
4.941919315775688548e-01
4.945265245020794009e-01
4.948639757146321982e-01
4.952907320607859987e-01
4.956327157753835366e-01
4.958693619958263743e-01
4.960492276263939737e-01
4.961517556127595374e-01
4.965495099320517136e-01
4.968685642493092525e-01
4.969632751559453498e-01
4.970769124130207661e-01
4.973101415923468216e-01
4.974861238672504404e-01
4.977148509430779910e-01
4.979005800607525511e-01
4.979848005865190053e-01
4.983847480192398760e-01
4.985601240266748224e-01
4.986526040953252470e-01
4.987794127929238708e-01
4.993218778815103898e-01
4.995280890826085951e-01
4.995891748979581215e-01
4.999134494040818888e-01
5.000025111969018665e-01
5.002779744346951274e-01
5.004259214349828788e-01
5.005367704716454647e-01
5.006571250438759391e-01
5.008620961636804925e-01
5.012267046404740301e-01
5.012793064964986556e-01
5.013290344081340333e-01
5.014456312783603931e-01
5.017251284892348950e-01
5.020598402647162839e-01
5.022643487043709776e-01
5.024849651025081743e-01
5.027128223151146047e-01
5.029718652303408755e-01
5.031470339766784816e-01
5.034114055274476751e-01
5.036417181704080370e-01
5.038766058701392714e-01
5.039959571055703247e-01
5.041351624126837461e-01
5.045074591563861732e-01
5.047064281245930983e-01
5.048697354197007048e-01
5.049815170282488941e-01
5.051487018922530270e-01
5.054225057055407033e-01
5.057287399030939712e-01
5.058081614337271992e-01
5.060007770668304428e-01
5.062090134069699987e-01
5.065996584181958751e-01
5.067147072913250616e-01
5.069269296207847830e-01
5.069467230729782781e-01
5.070805330226521024e-01
5.072509523225082750e-01
5.075231381988160040e-01
5.076335081184094600e-01
5.077761923930819155e-01
5.080553244144399017e-01
5.081056124097729221e-01
5.082602671607754363e-01
5.084483326914099877e-01
5.086286109027893243e-01
5.089096432274545778e-01
5.090992608675966036e-01
5.093318636317124559e-01
5.095902839060484357e-01
5.098568005619456001e-01
5.104040823368704016e-01
5.104980016886397909e-01
5.110377586722273380e-01
5.113296051782596496e-01
5.114073595469701417e-01
5.115193028633648886e-01
5.116821896725537444e-01
5.121824476033558504e-01
5.124698266872907970e-01
5.125830148911428852e-01
5.126962007878357319e-01
5.130374707125826550e-01
5.131491267238058596e-01
5.131898915857622256e-01
5.135176846115312443e-01
5.137025793984424382e-01
5.137172881269406188e-01
5.137890939844318439e-01
5.141187017040903529e-01
5.143546569733044027e-01
5.146528504135126081e-01
5.149079192021998042e-01
5.150277711282129633e-01
5.155313881829610700e-01
5.156138644979519903e-01
5.157443255793784376e-01
5.160100932712826660e-01
5.160975722366569762e-01
5.163409760115384994e-01
5.168012744578158735e-01
5.170517728974599603e-01
5.173648096865018919e-01
5.173932063492691080e-01
5.177902716675339967e-01
5.183520911964080158e-01
5.185469555516110107e-01
5.187433982466388427e-01
5.187560448389639811e-01
5.191929672697215281e-01
5.193909608446192205e-01
5.195931419493520220e-01
5.197321164152290951e-01
5.198189561983201923e-01
5.200209767614641931e-01
5.201625456785318180e-01
5.204499132710631581e-01
5.206679575050058295e-01
5.208068348935837033e-01
5.210058368862728884e-01
5.213496195690514590e-01
5.216111704085367728e-01
5.217680454773632182e-01
5.220268172367908965e-01
5.222998981167794597e-01
5.223704063255317775e-01
5.226223750149255887e-01
5.228841908581687292e-01
5.230332552907812627e-01
5.233898539665736704e-01
5.234785406447809430e-01
5.236126791296870087e-01
5.236959924315063297e-01
5.240117525696901257e-01
5.243604023439935036e-01
5.245148477770427142e-01
5.246728463824849031e-01
5.248988030728179988e-01
5.250056503386182349e-01
5.251556641730172892e-01
5.254606696446600944e-01
5.255968743503014462e-01
5.257128342170455104e-01
5.259699192393320066e-01
5.262801955189220227e-01
5.263946806981315563e-01
5.264556233211146186e-01
5.265868267564934868e-01
5.268428716298545478e-01
5.269286701293621755e-01
5.273207415599754366e-01
5.274427811101456420e-01
5.276160713308201133e-01
5.277197985141973691e-01
5.280014520637518194e-01
5.281245263092446685e-01
5.282076945171306770e-01
5.284060376381534141e-01
5.288877781327776528e-01
5.291915082946982984e-01
5.294713674388734637e-01
5.295568390501936840e-01
5.296407842536647870e-01
5.301222882870161301e-01
5.302364053551109624e-01
5.303448831700128263e-01
5.308196967331005878e-01
5.308710272984078493e-01
5.311828408242161847e-01
5.313265319024526034e-01
5.313919552223612675e-01
5.315365682670960545e-01
5.319161216852543728e-01
5.320303517902955637e-01
5.325073370939918949e-01
5.326153118125490638e-01
5.327286585536938901e-01
5.331010365615811430e-01
5.333648129094248347e-01
5.334590748815154493e-01
5.339866637065159294e-01
5.343124798558960276e-01
5.344740567425132483e-01
5.346901167905847574e-01
5.350093168377657582e-01
5.352317445968309828e-01
5.352568247615896446e-01
5.353322803883719949e-01
5.357357957803950965e-01
5.361485027781733859e-01
5.362327125535690797e-01
5.366510476560499843e-01
5.369940136770413597e-01
5.373316003942013586e-01
5.374238044530283975e-01
5.375607547618626025e-01
5.376259517028262325e-01
5.381640183504814434e-01
5.383919213326889830e-01
5.385234119483192083e-01
5.387233094150701840e-01
5.390069143689326658e-01
5.394052334547976280e-01
5.396158438826392789e-01
5.396818075574471019e-01
5.399402822674304048e-01
5.401130830714275799e-01
5.402211225591996291e-01
5.404929253327898087e-01
5.409330989130328726e-01
5.410383000100857931e-01
5.412131259809780381e-01
5.415514376052966705e-01
5.417136794996192384e-01
5.418056112325251306e-01
5.420722039008329940e-01
5.421124165255606364e-01
5.423961093375745390e-01
5.428142618950634324e-01
5.431802781348372688e-01
5.432187412579656538e-01
5.435628981331956933e-01
5.438175933384363780e-01
5.440291596347123226e-01
5.442559539197636687e-01
5.443286420182936736e-01
5.445394500651272729e-01
5.446653446380759211e-01
5.448647539617419433e-01
5.450202517543870639e-01
5.452894786645244851e-01
5.457117752278128897e-01
5.460101963446329920e-01
5.462473919754865515e-01
5.463115558678151018e-01
5.466774747459393069e-01
5.467189975838361304e-01
5.470802330186647078e-01
5.475051336443864658e-01
5.477402431388177506e-01
5.478225580333553335e-01
5.483320917382594750e-01
5.483943181885501117e-01
5.485751026930307805e-01
5.488243661330903800e-01
5.489757975233980902e-01
5.492278196679015734e-01
5.495586689585074680e-01
5.498349727150846356e-01
5.498916440342378475e-01
5.500423282151762905e-01
5.505064641958808958e-01
5.505726375201216438e-01
5.508712892422397145e-01
5.511612773711404012e-01
5.515412141853914818e-01
5.520394055558913715e-01
5.522252156214314533e-01
5.525119201739503438e-01
5.526311907044065830e-01
5.530053239963552691e-01
5.530488152144940051e-01
5.532738777379562212e-01
5.534717661319512594e-01
5.536874422610020829e-01
5.539168536395874254e-01
5.545195372142460721e-01
5.547132256037515807e-01
5.547797830008495135e-01
5.551390325643565937e-01
5.553173962286915843e-01
5.556905882105275252e-01
5.559706303029499086e-01
5.560582469354500290e-01
5.563852845140169201e-01
5.568534087212742012e-01
5.571052397898990094e-01
5.574129927977333754e-01
5.575228632818021168e-01
5.575710010835349673e-01
5.576970019886294816e-01
5.579475955278285770e-01
5.583430794106556405e-01
5.586236315133525920e-01
5.587505751651581365e-01
5.588678619227631650e-01
5.589783310285155737e-01
5.592669989109727569e-01
5.593327003554023902e-01
5.595064875545232574e-01
5.598151999719271910e-01
5.601532364566458311e-01
5.603414120408259924e-01
5.604287486846923905e-01
5.608787419497850424e-01
5.609156786202492695e-01
5.612475408346357941e-01
5.615660200066545649e-01
5.619503135526158211e-01
5.621088898513397769e-01
5.621720081976377958e-01
5.623737336009941856e-01
5.624575400003863912e-01
5.629095050702026537e-01
5.631190566740670311e-01
5.632282976176348210e-01
5.634827318935951013e-01
5.638220103405801042e-01
5.639251364695387903e-01
5.642067579017676637e-01
5.645953364230846816e-01
5.648064495322427936e-01
5.654857940984167053e-01
5.657794732931552550e-01
5.660090141771405570e-01
5.661676227122932614e-01
5.662566961224421158e-01
5.665264636682856292e-01
5.666786721690577622e-01
5.668943193553908078e-01
5.669475761728826058e-01
5.671890247048436695e-01
5.672876082932980513e-01
5.680570010229335498e-01
5.684248635054549581e-01
5.688327388468461532e-01
5.693576408866344307e-01
5.694845033438254989e-01
5.695969559005873428e-01
5.698974971931674016e-01
5.701474488859594736e-01
5.702099458131119070e-01
5.706443581238886953e-01
5.710299012314082878e-01
5.712986091978965453e-01
5.716742528429094028e-01
5.719587871723815775e-01
5.721932246281696832e-01
5.723971405280273705e-01
5.726770341099181039e-01
5.729748535773410145e-01
5.731409680098953352e-01
5.734703513049279611e-01
5.736609121688543977e-01
5.739607061702557411e-01
5.743342746498428797e-01
5.745388378292215492e-01
5.749282786854552629e-01
5.751462147783419354e-01
5.754018101909507132e-01
5.763671050721306255e-01
5.765956376394633098e-01
5.768502278680238682e-01
5.769265774060144958e-01
5.774707023974789966e-01
5.777476432998461808e-01
5.779173344830432768e-01
5.785333409187320974e-01
5.786472356925251859e-01
5.790323242356445466e-01
5.792715640746730621e-01
5.794472655882388912e-01
5.800242632026008094e-01
5.802235196698214414e-01
5.803142794257143411e-01
5.806497479746434154e-01
5.808254024162770035e-01
5.810128248691847075e-01
5.813305836962909812e-01
5.819410925764253451e-01
5.822123844525020075e-01
5.824125105206213737e-01
5.826472116118323052e-01
5.828546184850013079e-01
5.829363840497789884e-01
5.832508057275572755e-01
5.839553535637244108e-01
5.842808865325204160e-01
5.845032728423232848e-01
5.848125540797485256e-01
5.849114329826661240e-01
5.850200998938092090e-01
5.852666416895144774e-01
5.854584862348096719e-01
5.857769573163268406e-01
5.862799739438104840e-01
5.865781659733060316e-01
5.866152376835696014e-01
5.870710457506802538e-01
5.871851033678854304e-01
5.876187709026564621e-01
5.878166042841561634e-01
5.881804027022852210e-01
5.883572498168917475e-01
5.885681778795454067e-01
5.890504765525730324e-01
5.892132059926766807e-01
5.894889305396195933e-01
5.898015539802188290e-01
5.898878639170331839e-01
5.899629609082658321e-01
5.901872263738373592e-01
5.904553899283974117e-01
5.908142062333225919e-01
5.909070329121582921e-01
5.909991566178388611e-01
5.912483943853350521e-01
5.916077536840093076e-01
5.918101762739126359e-01
5.920222735501314837e-01
5.924449058657690337e-01
5.926588033975591641e-01
5.928789164962658953e-01
5.929481582743638679e-01
5.932256573817572542e-01
5.934788489342986972e-01
5.938593363020526761e-01
5.939516008245948608e-01
5.943757279432393403e-01
5.946400242562110972e-01
5.948550807450431188e-01
5.949713035876892375e-01
5.951473550948169766e-01
5.954078711320459627e-01
5.955455354233148979e-01
5.958620452466061312e-01
5.960345138074214510e-01
5.963996356906026142e-01
5.966041977679573671e-01
5.966847700707017532e-01
5.972114010907361159e-01
5.973154141058312216e-01
5.974854345273636902e-01
5.975393606685234227e-01
5.977935317167236695e-01
5.980979721983215036e-01
5.983779931027131127e-01
5.986146647545215194e-01
5.990287715033589810e-01
5.991729768124172129e-01
5.995335204889999936e-01
5.996531327551356538e-01
5.999209118733057622e-01
6.001191533320466842e-01
6.004014274386493266e-01
6.004558337955951952e-01
6.007654843308172232e-01
6.011280636431414193e-01
6.013169833058616964e-01
6.016422012948949849e-01
6.019155683551820069e-01
6.019682072568829367e-01
6.022319851421876757e-01
6.024596813104209359e-01
6.027930384842155043e-01
6.031068738979467048e-01
6.032938371135222466e-01
6.035705769659522879e-01
6.037095036061670417e-01
6.040172795652467563e-01
6.041817238806187484e-01
6.042801049520750700e-01
6.048939568711627635e-01
6.050221265811999150e-01
6.053837646561393004e-01
6.056437018177353027e-01
6.059935983442200635e-01
6.061336105592379786e-01
6.065089639263339105e-01
6.067066016196644984e-01
6.072303719620213425e-01
6.073284865364254603e-01
6.075282630738703116e-01
6.078312369553701133e-01
6.083200521096967517e-01
6.083856546224033490e-01
6.086489506461300047e-01
6.088414833755233513e-01
6.091152410285706198e-01
6.091937719925007988e-01
6.093989805703406981e-01
6.097339540752353404e-01
6.101999699560812784e-01
6.104959382876827823e-01
6.106477229497987436e-01
6.110336153553559413e-01
6.112072588196758582e-01
6.113935203005532726e-01
6.117549695598066828e-01
6.122966520389894196e-01
6.125333678141865468e-01
6.127227415563546442e-01
6.128809186105038664e-01
6.130597806983603126e-01
6.132612445561410608e-01
6.133113829395381300e-01
6.135859094013164095e-01
6.141505488513483435e-01
6.144485023921452127e-01
6.145754949398106737e-01
6.150369225203872192e-01
6.154408243878213280e-01
6.154526552939739714e-01
6.158407854220749877e-01
6.160751386501202020e-01
6.163328051147132225e-01
6.165282444896921232e-01
6.166582993887562703e-01
6.169273739892360275e-01
6.171514211256835525e-01
6.175646410284751919e-01
6.181437745099992442e-01
6.183137099230836542e-01
6.188445103898820854e-01
6.190971515924644786e-01
6.194529179072698621e-01
6.195292452892166013e-01
6.197490463926353943e-01
6.200120338791256236e-01
6.201221666132206156e-01
6.203305696573649941e-01
6.208394358593185558e-01
6.214632028465957303e-01
6.216064841937247731e-01
6.219298496074048277e-01
6.222065255281536977e-01
6.227154333150848320e-01
6.228965104542391051e-01
6.229999618049479881e-01
6.233422477300792908e-01
6.234867609523440102e-01
6.235164626499930529e-01
6.236789278159767802e-01
6.239010641974680471e-01
6.240513656488981820e-01
6.241950314902658947e-01
6.246105902626986062e-01
6.247682027337175814e-01
6.250766741451065922e-01
6.253340597245821142e-01
6.256573798036372258e-01
6.261108687914468396e-01
6.261881026997999644e-01
6.264396262765999923e-01
6.265242282069374280e-01
6.270651809947557220e-01
6.271648204073093646e-01
6.276825599095086083e-01
6.278180877633307011e-01
6.281813608466255694e-01
6.282557873271567006e-01
6.285185020411365731e-01
6.292559471568026641e-01
6.296123720152876357e-01
6.299777821298597758e-01
6.302103611124543203e-01
6.303291998050263301e-01
6.308280614313631629e-01
6.311966043667905923e-01
6.313324757272824606e-01
6.318117240191121198e-01
6.320932832355157238e-01
6.324442646077376162e-01
6.325838659928058050e-01
6.330704246836137417e-01
6.332570392431929873e-01
6.334075715111973093e-01
6.340640802564657674e-01
6.341524514351527531e-01
6.342271850518488296e-01
6.346514329757519945e-01
6.348146112574519773e-01
6.349939640961241860e-01
6.358663251995873011e-01
6.362793480194764983e-01
6.363460338729464150e-01
6.371049580437937454e-01
6.372962658889743670e-01
6.378133907935900071e-01
6.379974899503771946e-01
6.384081077536732929e-01
6.386139215994014462e-01
6.389123191914906075e-01
6.392050869981772410e-01
6.394233801034892029e-01
6.398410553374136445e-01
6.398713989986217765e-01
6.406414088521025230e-01
6.408089752555192753e-01
6.408484784690544611e-01
6.412396641719964041e-01
6.416680254751033763e-01
6.422409405383454617e-01
6.423660226716678689e-01
6.428370708774786557e-01
6.433148130790872221e-01
6.437940059842500728e-01
6.441458065094751717e-01
6.444567400382859024e-01
6.447851427850721517e-01
6.450587641320019161e-01
6.456015860980901522e-01
6.457146291422618534e-01
6.458005117318165178e-01
6.461166982458305119e-01
6.463341486928656510e-01
6.469717600769154808e-01
6.472054213699909297e-01
6.474010957332910765e-01
6.476729729271787361e-01
6.482413285768906519e-01
6.484050123147759859e-01
6.486345360506781121e-01
6.487478984853817243e-01
6.491648057185045451e-01
6.495477355085719218e-01
6.497402703774908250e-01
6.500011811085246727e-01
6.502530541496706062e-01
6.507970095901132179e-01
6.509593714847915491e-01
6.514803785852293361e-01
6.518899289057002999e-01
6.519482982139194194e-01
6.522508836650474651e-01
6.527882848109799463e-01
6.528894644042614326e-01
6.533384030365351203e-01
6.536625045403824386e-01
6.539893516305546051e-01
6.544914237357353226e-01
6.546289209156576083e-01
6.551393197970608595e-01
6.553940269147283670e-01
6.556524554976582708e-01
6.561745680248146639e-01
6.566020691559365519e-01
6.571792145797701323e-01
6.573994933099250870e-01
6.574315149845987305e-01
6.579684116503717872e-01
6.580855507354546052e-01
6.582684776192526677e-01
6.589633326546681102e-01
6.592833726206874800e-01
6.593571191794730391e-01
6.600726397018727987e-01
6.601564167218844092e-01
6.604942054079927516e-01
6.606918763262935590e-01
6.609506091722100463e-01
6.610246632544400924e-01
6.611320757329979259e-01
6.616342773146224321e-01
6.619982094432682596e-01
6.623270627016942802e-01
6.625004236106036837e-01
6.627254678520906328e-01
6.632909896426397722e-01
6.637892628123260863e-01
6.642063923050176566e-01
6.643775296684979459e-01
6.645306287030110504e-01
6.647239814460155216e-01
6.654821747558079537e-01
6.657075618852874577e-01
6.658419602576525209e-01
6.661632089319561301e-01
6.663896533650792708e-01
6.668944438761106319e-01
6.671330496096719020e-01
6.675007902612347666e-01
6.679449173741636159e-01
6.682791894668715926e-01
6.687430345859231018e-01
6.690020995019727579e-01
6.695357164079090984e-01
6.697328788606724537e-01
6.700639201660206767e-01
6.706056149858542481e-01
6.706478118287971801e-01
6.709950779701846502e-01
6.712818706060731389e-01
6.715970370708468362e-01
6.720057732762194647e-01
6.723547595850388747e-01
6.725788916445838428e-01
6.729775003967206626e-01
6.732694717418827857e-01
6.735958490881840399e-01
6.739850938982355766e-01
6.743500113028807474e-01
6.746354214125881432e-01
6.751364676367909157e-01
6.754090924990175937e-01
6.757324613613929776e-01
6.761088047183563265e-01
6.766441554539345260e-01
6.767967678214834581e-01
6.771421077810712008e-01
6.773565890419529500e-01
6.776154355418850805e-01
6.778916886121449936e-01
6.791150849355426233e-01
6.794903972061629993e-01
6.796364882906331673e-01
6.803194052424098581e-01
6.810101465524919240e-01
6.810459470386203140e-01
6.814162453412772047e-01
6.815765325587300749e-01
6.820272488242558051e-01
6.823512791226670204e-01
6.824844038899464671e-01
6.831060851762978947e-01
6.840498160583095011e-01
6.845180084657209729e-01
6.850469752414795055e-01
6.855474726880219638e-01
6.859057333771263476e-01
6.860602630896376342e-01
6.865840891852527106e-01
6.870123490593386117e-01
6.880739270647748818e-01
6.881798110427086446e-01
6.884965912789319242e-01
6.887025059178261133e-01
6.892073051568844422e-01
6.894993397731040696e-01
6.897312722070274571e-01
6.898147485340282437e-01
6.909991151172724111e-01
6.915864054229963198e-01
6.920800941431560771e-01
6.929760570786193119e-01
6.933505200887312148e-01
6.939280598107139264e-01
6.941794956578262177e-01
6.947054133415105914e-01
6.948015556943156756e-01
6.951757788211057054e-01
6.957163729432831456e-01
6.958851396025748093e-01
6.969719341023276060e-01
6.970243307554948586e-01
6.975730598789439130e-01
6.980768566707994394e-01
6.991497540866468130e-01
6.996173309557160991e-01
7.004499071789977993e-01
7.004739856203809900e-01
7.014512409919874125e-01
7.021728747908789758e-01
7.027468548375469526e-01
7.028600681391251603e-01
7.035209139295358627e-01
7.039390474257223307e-01
7.040011029717329061e-01
7.047516260604077543e-01
7.053403368330213308e-01
7.058151289587565325e-01
7.069544665083172807e-01
7.070797751497093220e-01
7.076638291144605741e-01
7.082798237500508298e-01
7.086267146493062663e-01
7.087174770253543699e-01
7.091908957775336919e-01
7.097664358925470651e-01
7.100034620443613775e-01
7.104649527210173954e-01
7.109130493472872736e-01
7.111279449540811592e-01
7.116267793214186010e-01
7.118520133115399107e-01
7.120010700499275202e-01
7.120471501689735749e-01
7.130889554053413404e-01
7.132162662174410528e-01
7.141316664548618132e-01
7.143908139950323477e-01
7.147272391300057981e-01
7.147871105000943581e-01
7.153721238636014945e-01
7.156969770318426516e-01
7.164272703058617298e-01
7.171365139583758541e-01
7.175989543397596204e-01
7.177783936461256120e-01
7.185093679918755916e-01
7.186602465177832633e-01
7.189682307638329828e-01
7.192731950055082368e-01
7.199717228101970568e-01
7.201938205859886866e-01
7.207139963651401082e-01
7.213827020135336054e-01
7.215307935024160013e-01
7.218123978761377124e-01
7.227769180077356914e-01
7.230650551535394710e-01
7.234138353328511961e-01
7.242951757085260844e-01
7.245928573754039093e-01
7.249782289859804107e-01
7.253454437885107353e-01
7.256501605078057304e-01
7.264171621109672961e-01
7.268342811076979881e-01
7.271984147752887928e-01
7.274363301768638213e-01
7.278071379782410366e-01
7.283979029108820225e-01
7.291342618485419091e-01
7.296419749689924128e-01
7.298149162017945057e-01
7.311412968248355293e-01
7.317084609610059465e-01
7.317984176960388165e-01
7.326056115706273131e-01
7.332801752204841650e-01
7.333563746467417488e-01
7.334748477490821150e-01
7.339185637410313712e-01
7.347848246468754452e-01
7.349079249391408108e-01
7.351029894296754463e-01
7.360065200795193885e-01
7.367686696771442723e-01
7.373034160864370135e-01
7.374683386477853819e-01
7.379544591228048844e-01
7.381048399856484643e-01
7.387441696076046949e-01
7.395483487711612680e-01
7.400473373789490106e-01
7.401198177381952403e-01
7.409383493865453474e-01
7.415869399048558019e-01
7.421292733328148650e-01
7.425781428204272228e-01
7.433907371660672947e-01
7.440866757823458855e-01
7.445350721227139701e-01
7.449427626416547099e-01
7.453658283107742477e-01
7.458139491366139184e-01
7.469035466254529965e-01
7.471617597245199249e-01
7.479646968298645504e-01
7.486625815331995337e-01
7.490846287412843418e-01
7.495632827747250593e-01
7.501489814370864151e-01
7.506852529021239562e-01
7.514651826846521221e-01
7.525125477710868926e-01
7.533337033279847716e-01
7.533741942327069063e-01
7.542305438188575684e-01
7.543270964322439376e-01
7.548577113948171657e-01
7.560740913834794741e-01
7.571280575553573922e-01
7.576520891589776374e-01
7.582046243761068061e-01
7.593857080608688026e-01
7.600733876050295157e-01
7.601831033313717345e-01
7.606072779071975098e-01
7.608042603185475317e-01
7.610044606775059339e-01
7.613234325379524270e-01
7.616958438446991275e-01
7.628745099058762413e-01
7.636195518941404359e-01
7.649938994921500202e-01
7.652487008450594708e-01
7.656226201984200896e-01
7.661472831543137962e-01
7.663487348909778785e-01
7.678756367539359973e-01
7.680524571966251823e-01
7.692776625428562332e-01
7.696211273276564180e-01
7.704391499384724007e-01
7.717583770802766141e-01
7.729575411224273163e-01
7.733215323687798737e-01
7.740591956516964522e-01
7.748546860465569397e-01
7.755045724157417775e-01
7.759546614401834352e-01
7.769210689492959121e-01
7.775949015081663473e-01
7.778604935400703635e-01
7.788845323614249638e-01
7.792790201986453669e-01
7.798034212010870325e-01
7.809551682007918050e-01
7.811948579917885604e-01
7.819745227669274712e-01
7.827430488122084640e-01
7.828135557172899439e-01
7.836755764098642940e-01
7.840826500531132837e-01
7.842389000564669033e-01
7.843394424052781977e-01
7.857267714938209746e-01
7.867386928077044761e-01
7.872787524803792625e-01
7.879253771913603543e-01
7.880319371796217220e-01
7.883748754583206342e-01
7.891617786601021756e-01
7.899835914835205974e-01
7.908113012581906576e-01
7.923980995650852233e-01
7.930122050025292246e-01
7.934877444601416974e-01
7.939120876451661868e-01
7.947740400449391229e-01
7.960446354064161234e-01
7.964221112461877805e-01
7.980277487932555536e-01
7.989624029602548916e-01
8.004439155637932402e-01
8.006339846843459895e-01
8.008068914076624800e-01
8.016118485374719160e-01
8.019392877227848881e-01
8.020781918782980968e-01
8.022473385594334205e-01
8.025676766336536927e-01
8.030017140064943382e-01
8.035564860640895812e-01
8.054086765413058790e-01
8.055522277789703978e-01
8.059935272635324610e-01
8.063169048503509018e-01
8.072719670575589923e-01
8.075944747611512042e-01
8.092523228868867546e-01
8.095464474208574623e-01
8.108310394568343238e-01
8.113453181859474617e-01
8.115104046550729588e-01
8.124804581567017792e-01
8.130019632565129717e-01
8.147001261934142535e-01
8.152302229508970877e-01
8.160529125624411684e-01
8.169500454944714773e-01
8.180532928691499617e-01
8.186105437766720838e-01
8.194045210027546267e-01
8.199510495207927852e-01
8.206002479244088876e-01
8.208970872710092959e-01
8.220077388212845282e-01
8.223344041024693851e-01
8.226299770305411929e-01
8.234317877054602164e-01
8.237918163069322119e-01
8.248861718786409947e-01
8.254038937804978326e-01
8.257576989795318845e-01
8.288889839903836876e-01
8.300326165868217032e-01
8.316460433389960549e-01
8.320708925767384967e-01
8.322889860200947121e-01
8.326533826370806635e-01
8.330319139241127990e-01
8.334717715666607463e-01
8.336316130047700668e-01
8.345906556023952039e-01
8.357803661864491307e-01
8.362057211589885020e-01
8.366702174423654714e-01
8.375152656694254683e-01
8.392013511907192580e-01
8.399768294918785738e-01
8.418591471125598247e-01
8.423903364320033393e-01
8.436025386555935368e-01
8.447924437217312343e-01
8.476035933792955834e-01
8.481450198616231617e-01
8.498149234474857705e-01
8.523038832195014569e-01
8.572222835351670511e-01
8.595347054290555233e-01
8.605005790849469260e-01
8.619469199441031071e-01
8.626442136429188778e-01
8.641206850045883847e-01
8.692954550090320476e-01
8.693219988664913078e-01
8.725378584859710962e-01
8.749838917558170337e-01
8.768702924251886577e-01
8.772951210464424721e-01
8.800503781772863743e-01
8.849933600641026743e-01
8.868624698622379343e-01
8.879191664348072832e-01
8.894911690927400638e-01
8.904195430639511022e-01
8.952425695506364134e-01
8.963938494271261881e-01
8.972988835626716231e-01
8.983282735259404683e-01
9.025877406996249963e-01
9.053975313983956275e-01
9.063866501904208617e-01
9.108728145962102785e-01
9.110122319482342190e-01
9.129103546950925185e-01
9.134869956904553279e-01
9.141995251260142119e-01
9.168210585588002504e-01
9.201084090928863812e-01
9.208295571914377753e-01
9.218771144817966556e-01
9.301055956800123869e-01
9.303751770249055753e-01
9.312081994022757270e-01
9.331392514004835936e-01
9.337541777785545172e-01
9.343758929969747662e-01
9.347016869396066463e-01
9.372171232920485373e-01
9.379634984644835694e-01
9.423809729354489795e-01
9.443729425929857646e-01
9.445256674936897134e-01
9.460292083956460818e-01
9.467944983436027417e-01
9.497502866966087698e-01
9.508285324578089615e-01
9.556456096751231311e-01
9.592368544606715286e-01
9.695053076891391175e-01
9.695550999278287341e-01
9.754821833034886813e-01
9.778046646110331030e-01
9.858214765789579115e-01
9.870007549524325574e-01
9.918608150054039063e-01
9.940641080126907392e-01
9.998742027703840796e-01
1.000000000000000000e+00
