# SF-29 N2 candidate (i) i0 field=gauss eps=0.5 N=12: sorted relative singular values of the dense central-FD Jacobian at the final_iterate state (rows F_i=-q(L_i-S_i); smax=3.881988e+03)
2.116959e-06
1.279935e-05
2.379271e-05
3.966427e-05
5.092160e-05
9.064320e-05
9.793818e-05
1.179777e-04
1.428241e-04
2.038870e-04
2.291280e-04
2.606123e-04
2.970643e-04
3.200358e-04
3.693587e-04
4.159324e-04
4.544477e-04
5.033490e-04
5.333864e-04
5.577956e-04
5.847484e-04
6.752808e-04
6.857014e-04
7.259686e-04
7.626085e-04
7.804792e-04
8.110277e-04
8.301339e-04
8.552158e-04
9.584830e-04
1.013449e-03
1.034468e-03
1.093661e-03
1.122903e-03
1.165043e-03
1.207667e-03
1.270775e-03
1.335369e-03
1.371534e-03
1.403770e-03
1.432168e-03
1.512367e-03
1.527562e-03
1.604041e-03
1.679826e-03
1.714620e-03
1.768218e-03
1.792518e-03
1.911128e-03
1.931602e-03
2.059465e-03
2.093839e-03
2.156786e-03
2.204406e-03
2.251820e-03
2.315338e-03
2.392552e-03
2.587745e-03
2.622264e-03
2.680917e-03
2.706746e-03
2.733658e-03
2.814788e-03
2.858456e-03
2.876402e-03
2.946473e-03
3.000959e-03
3.054436e-03
3.143582e-03
3.202824e-03
3.238644e-03
3.347632e-03
3.363520e-03
3.397380e-03
3.461591e-03
3.506101e-03
3.594037e-03
3.616517e-03
3.713679e-03
3.752959e-03
3.786659e-03
3.856434e-03
3.943255e-03
4.033087e-03
4.060679e-03
4.116632e-03
4.133377e-03
4.240755e-03
4.320720e-03
4.333830e-03
4.423714e-03
4.480745e-03
4.508796e-03
4.540308e-03
4.615245e-03
4.626100e-03
4.775227e-03
4.878947e-03
4.938774e-03
5.001115e-03
5.004804e-03
5.107104e-03
5.188233e-03
5.213292e-03
5.285202e-03
5.384564e-03
5.437699e-03
5.518618e-03
5.550919e-03
5.612645e-03
5.649202e-03
5.745820e-03
5.900010e-03
5.980397e-03
6.014054e-03
6.139956e-03
6.209130e-03
6.337889e-03
6.429598e-03
6.571231e-03
6.662857e-03
6.744127e-03
6.905798e-03
6.938944e-03
7.103063e-03
7.229725e-03
7.302223e-03
7.467241e-03
7.546713e-03
7.551239e-03
7.614703e-03
7.737775e-03
7.839601e-03
7.895317e-03
8.036907e-03
8.082334e-03
8.156475e-03
8.290627e-03
8.402112e-03
8.461880e-03
8.615778e-03
8.727927e-03
8.751712e-03
8.794829e-03
8.849757e-03
9.006727e-03
9.039297e-03
9.074910e-03
9.174303e-03
9.190399e-03
9.376027e-03
9.465264e-03
9.472809e-03
9.596370e-03
9.696408e-03
9.798046e-03
9.828368e-03
1.000614e-02
1.001767e-02
1.006873e-02
1.016325e-02
1.025273e-02
1.034208e-02
1.038782e-02
1.049251e-02
1.052629e-02
1.063885e-02
1.066271e-02
1.072416e-02
1.076542e-02
1.092838e-02
1.094330e-02
1.103753e-02
1.105422e-02
1.115219e-02
1.120920e-02
1.125820e-02
1.137375e-02
1.145954e-02
1.151171e-02
1.158980e-02
1.159791e-02
1.167142e-02
1.169582e-02
1.170672e-02
1.177154e-02
1.183605e-02
1.192117e-02
1.202205e-02
1.209913e-02
1.221107e-02
1.225797e-02
1.233088e-02
1.241872e-02
1.246253e-02
1.259454e-02
1.265821e-02
1.272189e-02
1.274034e-02
1.289060e-02
1.293118e-02
1.299169e-02
1.314650e-02
1.315414e-02
1.328161e-02
1.344132e-02
1.345571e-02
1.356163e-02
1.362317e-02
1.375032e-02
1.389011e-02
1.407564e-02
1.411577e-02
1.422850e-02
1.436834e-02
1.449624e-02
1.462010e-02
1.469267e-02
1.482439e-02
1.492301e-02
1.496875e-02
1.507364e-02
1.518054e-02
1.525561e-02
1.533497e-02
1.536748e-02
1.544459e-02
1.552079e-02
1.555132e-02
1.577632e-02
1.585670e-02
1.592058e-02
1.606189e-02
1.614001e-02
1.618191e-02
1.629666e-02
1.644204e-02
1.651125e-02
1.658396e-02
1.667159e-02
1.676539e-02
1.684680e-02
1.693131e-02
1.701917e-02
1.708036e-02
1.725006e-02
1.729327e-02
1.739939e-02
1.743880e-02
1.753455e-02
1.757837e-02
1.775457e-02
1.778168e-02
1.797116e-02
1.799768e-02
1.813897e-02
1.820269e-02
1.832621e-02
1.840312e-02
1.843887e-02
1.848141e-02
1.860923e-02
1.866890e-02
1.869851e-02
1.884007e-02
1.898963e-02
1.905920e-02
1.908585e-02
1.913047e-02
1.922650e-02
1.929944e-02
1.950482e-02
1.952711e-02
1.966904e-02
1.969604e-02
1.979066e-02
1.992655e-02
1.997754e-02
2.007221e-02
2.020946e-02
2.027349e-02
2.028105e-02
2.041084e-02
2.055902e-02
2.057019e-02
2.066950e-02
2.074503e-02
2.087385e-02
2.093048e-02
2.102416e-02
2.113630e-02
2.120273e-02
2.124200e-02
2.129079e-02
2.136652e-02
2.143612e-02
2.155636e-02
2.167626e-02
2.176255e-02
2.186288e-02
2.201113e-02
2.203219e-02
2.213727e-02
2.227073e-02
2.231763e-02
2.236350e-02
2.241084e-02
2.253026e-02
2.262189e-02
2.273599e-02
2.274796e-02
2.291015e-02
2.300510e-02
2.303447e-02
2.315144e-02
2.317096e-02
2.330748e-02
2.346288e-02
2.347218e-02
2.350621e-02
2.366313e-02
2.377934e-02
2.385119e-02
2.391310e-02
2.398473e-02
2.409936e-02
2.419847e-02
2.435552e-02
2.440627e-02
2.450954e-02
2.459757e-02
2.462369e-02
2.469791e-02
2.476951e-02
2.494302e-02
2.502547e-02
2.506159e-02
2.524293e-02
2.527129e-02
2.532915e-02
2.544290e-02
2.550864e-02
2.556280e-02
2.569830e-02
2.578239e-02
2.582941e-02
2.593363e-02
2.600973e-02
2.611360e-02
2.620724e-02
2.627539e-02
2.634731e-02
2.654821e-02
2.659506e-02
2.663540e-02
2.665562e-02
2.668926e-02
2.681064e-02
2.695384e-02
2.698944e-02
2.713928e-02
2.721787e-02
2.738197e-02
2.746613e-02
2.754143e-02
2.760794e-02
2.764495e-02
2.781420e-02
2.789822e-02
2.794852e-02
2.813974e-02
2.816700e-02
2.830173e-02
2.843185e-02
2.847297e-02
2.852327e-02
2.855291e-02
2.868925e-02
2.878003e-02
2.885274e-02
2.892711e-02
2.908686e-02
2.912974e-02
2.923082e-02
2.925916e-02
2.936271e-02
2.941944e-02
2.946221e-02
2.956491e-02
2.964132e-02
2.967938e-02
2.977868e-02
2.995892e-02
2.997101e-02
3.006348e-02
3.011960e-02
3.020079e-02
3.024442e-02
3.032705e-02
3.044081e-02
3.053639e-02
3.069340e-02
3.076764e-02
3.082510e-02
3.087311e-02
3.096182e-02
3.103957e-02
3.108463e-02
3.133801e-02
3.136452e-02
3.140981e-02
3.155893e-02
3.164756e-02
3.168396e-02
3.179576e-02
3.184856e-02
3.194627e-02
3.196961e-02
3.209293e-02
3.213028e-02
3.225682e-02
3.232156e-02
3.238893e-02
3.258705e-02
3.262045e-02
3.264458e-02
3.274415e-02
3.283396e-02
3.289143e-02
3.300655e-02
3.313627e-02
3.315979e-02
3.324958e-02
3.338297e-02
3.348909e-02
3.353553e-02
3.361942e-02
3.374483e-02
3.377889e-02
3.388159e-02
3.401555e-02
3.405432e-02
3.410968e-02
3.423918e-02
3.431570e-02
3.435190e-02
3.450011e-02
3.460404e-02
3.472827e-02
3.485904e-02
3.493129e-02
3.498133e-02
3.502990e-02
3.509485e-02
3.513812e-02
3.527422e-02
3.532973e-02
3.554026e-02
3.563562e-02
3.570654e-02
3.572756e-02
3.574653e-02
3.588336e-02
3.591872e-02
3.595305e-02
3.602601e-02
3.607911e-02
3.615425e-02
3.629522e-02
3.638421e-02
3.639873e-02
3.658572e-02
3.662805e-02
3.671542e-02
3.679356e-02
3.686294e-02
3.693752e-02
3.704994e-02
3.713940e-02
3.717112e-02
3.729179e-02
3.746868e-02
3.758392e-02
3.762678e-02
3.771330e-02
3.775337e-02
3.780477e-02
3.786383e-02
3.792849e-02
3.804332e-02
3.817420e-02
3.823629e-02
3.827005e-02
3.841693e-02
3.848084e-02
3.863636e-02
3.870798e-02
3.880252e-02
3.888156e-02
3.891090e-02
3.901038e-02
3.907242e-02
3.910624e-02
3.924792e-02
3.939428e-02
3.944832e-02
3.951230e-02
3.963061e-02
3.970363e-02
3.975747e-02
3.976973e-02
3.988294e-02
3.995817e-02
4.003991e-02
4.015221e-02
4.021739e-02
4.029225e-02
4.039551e-02
4.044029e-02
4.054278e-02
4.064565e-02
4.075417e-02
4.084504e-02
4.095527e-02
4.104840e-02
4.111989e-02
4.118908e-02
4.123246e-02
4.130547e-02
4.140594e-02
4.150484e-02
4.163695e-02
4.169059e-02
4.171197e-02
4.180520e-02
4.187608e-02
4.201290e-02
4.208131e-02
4.214061e-02
4.224116e-02
4.233090e-02
4.234915e-02
4.248366e-02
4.254706e-02
4.268837e-02
4.277233e-02
4.283239e-02
4.285033e-02
4.290173e-02
4.292216e-02
4.301534e-02
4.310509e-02
4.327598e-02
4.334360e-02
4.342867e-02
4.351568e-02
4.356918e-02
4.369118e-02
4.374889e-02
4.382766e-02
4.397232e-02
4.401170e-02
4.410691e-02
4.422580e-02
4.424888e-02
4.435684e-02
4.441263e-02
4.447349e-02
4.453854e-02
4.464775e-02
4.468273e-02
4.480565e-02
4.483829e-02
4.496501e-02
4.503132e-02
4.514353e-02
4.516554e-02
4.519946e-02
4.531776e-02
4.535159e-02
4.552889e-02
4.558408e-02
4.565525e-02
4.568974e-02
4.575756e-02
4.582741e-02
4.588832e-02
4.593098e-02
4.601221e-02
4.611977e-02
4.615426e-02
4.629148e-02
4.642089e-02
4.652227e-02
4.658629e-02
4.668607e-02
4.673336e-02
4.679480e-02
4.688124e-02
4.704066e-02
4.707531e-02
4.717214e-02
4.725008e-02
4.729181e-02
4.741030e-02
4.753793e-02
4.757070e-02
4.766824e-02
4.773331e-02
4.781134e-02
4.790933e-02
4.795525e-02
4.800257e-02
4.809167e-02
4.810567e-02
4.825418e-02
4.829215e-02
4.837993e-02
4.841669e-02
4.844283e-02
4.852855e-02
4.866859e-02
4.871655e-02
4.873300e-02
4.886184e-02
4.902712e-02
4.906469e-02
4.911355e-02
4.921478e-02
4.925260e-02
4.936739e-02
4.940349e-02
4.947094e-02
4.956836e-02
4.960759e-02
4.969174e-02
4.973693e-02
4.983219e-02
4.989416e-02
4.999879e-02
5.000789e-02
5.006177e-02
5.018039e-02
5.034892e-02
5.045000e-02
5.049789e-02
5.064816e-02
5.077540e-02
5.080201e-02
5.083880e-02
5.096394e-02
5.098112e-02
5.112601e-02
5.114094e-02
5.127704e-02
5.135909e-02
5.137630e-02
5.143055e-02
5.150224e-02
5.160184e-02
5.172290e-02
5.176800e-02
5.177062e-02
5.182430e-02
5.202500e-02
5.204165e-02
5.217559e-02
5.225190e-02
5.236246e-02
5.238098e-02
5.249266e-02
5.252418e-02
5.260594e-02
5.272859e-02
5.277928e-02
5.284662e-02
5.294579e-02
5.298533e-02
5.312007e-02
5.315811e-02
5.321481e-02
5.331289e-02
5.337070e-02
5.338146e-02
5.349335e-02
5.365897e-02
5.370593e-02
5.374699e-02
5.386894e-02
5.390574e-02
5.395960e-02
5.406713e-02
5.416520e-02
5.430697e-02
5.432743e-02
5.439990e-02
5.442604e-02
5.447553e-02
5.459506e-02
5.462763e-02
5.472908e-02
5.482374e-02
5.489496e-02
5.495548e-02
5.497793e-02
5.498691e-02
5.506973e-02
5.522152e-02
5.532902e-02
5.540605e-02
5.545934e-02
5.555941e-02
5.567383e-02
5.569082e-02
5.576371e-02
5.585545e-02
5.591598e-02
5.600690e-02
5.603579e-02
5.612061e-02
5.623095e-02
5.630152e-02
5.635704e-02
5.643848e-02
5.655462e-02
5.660158e-02
5.662250e-02
5.672129e-02
5.680210e-02
5.687381e-02
5.693707e-02
5.704526e-02
5.710321e-02
5.715470e-02
5.720143e-02
5.729489e-02
5.740221e-02
5.745871e-02
5.757714e-02
5.759844e-02
5.770700e-02
5.777721e-02
5.788264e-02
5.791024e-02
5.794071e-02
5.803848e-02
5.819433e-02
5.826534e-02
5.836297e-02
5.848777e-02
5.860032e-02
5.866767e-02
5.874952e-02
5.878643e-02
5.881771e-02
5.896190e-02
5.896505e-02
5.901843e-02
5.916046e-02
5.921667e-02
5.922928e-02
5.935887e-02
5.942889e-02
5.945333e-02
5.949936e-02
5.961777e-02
5.962171e-02
5.980807e-02
5.989959e-02
5.998552e-02
6.006140e-02
6.014090e-02
6.021838e-02
6.027089e-02
6.032624e-02
6.038926e-02
6.046701e-02
6.048924e-02
6.061157e-02
6.067544e-02
6.074578e-02
6.078706e-02
6.088326e-02
6.096455e-02
6.097462e-02
6.105549e-02
6.116375e-02
6.123885e-02
6.132017e-02
6.140583e-02
6.150024e-02
6.152622e-02
6.163726e-02
6.171719e-02
6.182747e-02
6.186594e-02
6.193444e-02
6.200110e-02
6.210938e-02
6.215877e-02
6.220656e-02
6.229046e-02
6.233289e-02
6.246335e-02
6.252497e-02
6.261580e-02
6.269190e-02
6.271341e-02
6.277258e-02
6.289415e-02
6.291496e-02
6.299998e-02
6.306963e-02
6.309085e-02
6.322405e-02
6.332375e-02
6.340587e-02
6.349355e-02
6.358929e-02
6.365336e-02
6.376746e-02
6.383014e-02
6.393946e-02
6.403355e-02
6.407390e-02
6.418436e-02
6.423427e-02
6.434604e-02
6.443157e-02
6.447991e-02
6.451171e-02
6.455566e-02
6.459791e-02
6.466708e-02
6.474589e-02
6.489157e-02
6.490340e-02
6.497186e-02
6.508125e-02
6.513061e-02
6.522227e-02
6.525431e-02
6.530471e-02
6.545209e-02
6.552688e-02
6.560051e-02
6.566131e-02
6.574632e-02
6.581932e-02
6.585887e-02
6.588102e-02
6.595971e-02
6.603911e-02
6.610695e-02
6.621475e-02
6.631993e-02
6.642577e-02
6.644548e-02
6.652959e-02
6.654580e-02
6.667298e-02
6.670216e-02
6.675821e-02
6.680704e-02
6.695121e-02
6.701622e-02
6.717737e-02
6.722066e-02
6.723139e-02
6.739730e-02
6.742121e-02
6.744585e-02
6.757322e-02
6.758725e-02
6.765766e-02
6.772800e-02
6.779006e-02
6.787312e-02
6.796417e-02
6.806309e-02
6.813544e-02
6.822020e-02
6.829857e-02
6.834288e-02
6.840450e-02
6.846211e-02
6.849329e-02
6.856046e-02
6.863167e-02
6.868861e-02
6.874536e-02
6.876991e-02
6.878421e-02
6.900643e-02
6.903641e-02
6.910911e-02
6.918864e-02
6.921571e-02
6.926447e-02
6.931099e-02
6.939991e-02
6.959495e-02
6.962879e-02
6.976330e-02
6.982911e-02
6.986540e-02
6.989797e-02
7.000121e-02
7.011999e-02
7.014191e-02
7.024179e-02
7.029063e-02
7.035717e-02
7.043371e-02
7.049156e-02
7.055312e-02
7.058706e-02
7.075934e-02
7.081432e-02
7.087527e-02
7.093211e-02
7.098584e-02
7.107449e-02
7.114650e-02
7.116347e-02
7.131956e-02
7.141875e-02
7.151728e-02
7.168226e-02
7.169829e-02
7.175820e-02
7.178184e-02
7.189399e-02
7.191647e-02
7.194606e-02
7.207645e-02
7.216203e-02
7.228338e-02
7.233280e-02
7.241664e-02
7.244612e-02
7.250971e-02
7.262966e-02
7.264836e-02
7.274477e-02
7.281330e-02
7.290153e-02
7.298886e-02
7.304412e-02
7.312166e-02
7.318066e-02
7.326026e-02
7.331866e-02
7.341172e-02
7.348316e-02
7.350758e-02
7.354359e-02
7.369538e-02
7.372869e-02
7.383004e-02
7.390617e-02
7.393302e-02
7.401715e-02
7.406404e-02
7.410059e-02
7.413826e-02
7.424023e-02
7.435589e-02
7.438883e-02
7.450047e-02
7.455061e-02
7.466563e-02
7.471589e-02
7.478658e-02
7.483956e-02
7.487843e-02
7.500874e-02
7.511233e-02
7.519023e-02
7.523729e-02
7.527218e-02
7.532966e-02
7.540691e-02
7.550011e-02
7.558411e-02
7.561755e-02
7.565247e-02
7.579593e-02
7.588586e-02
7.591355e-02
7.602978e-02
7.603688e-02
7.614670e-02
7.619036e-02
7.631043e-02
7.638058e-02
7.643939e-02
7.651248e-02
7.659543e-02
7.663295e-02
7.669743e-02
7.680857e-02
7.702301e-02
7.707027e-02
7.708136e-02
7.715826e-02
7.721817e-02
7.729665e-02
7.734327e-02
7.751101e-02
7.757317e-02
7.760336e-02
7.775596e-02
7.781007e-02
7.787978e-02
7.800489e-02
7.806068e-02
7.809364e-02
7.816479e-02
7.831959e-02
7.833783e-02
7.841944e-02
7.849123e-02
7.852894e-02
7.856164e-02
7.865544e-02
7.874639e-02
7.886775e-02
7.895750e-02
7.898721e-02
7.908434e-02
7.916799e-02
7.918657e-02
7.927438e-02
7.931299e-02
7.935955e-02
7.949142e-02
7.958458e-02
7.964904e-02
7.972551e-02
7.983277e-02
7.987063e-02
7.996496e-02
8.003030e-02
8.012649e-02
8.016312e-02
8.022281e-02
8.031734e-02
8.038741e-02
8.047777e-02
8.057229e-02
8.061553e-02
8.065376e-02
8.070679e-02
8.080514e-02
8.084134e-02
8.094450e-02
8.111584e-02
8.119211e-02
8.124743e-02
8.125659e-02
8.133158e-02
8.134362e-02
8.142861e-02
8.151186e-02
8.167050e-02
8.169328e-02
8.173882e-02
8.182314e-02
8.187611e-02
8.195989e-02
8.202449e-02
8.208669e-02
8.221617e-02
8.228747e-02
8.240318e-02
8.248998e-02
8.258671e-02
8.262940e-02
8.272591e-02
8.273775e-02
8.280630e-02
8.298041e-02
8.301632e-02
8.303623e-02
8.313810e-02
8.322769e-02
8.330043e-02
8.337331e-02
8.345011e-02
8.352402e-02
8.359558e-02
8.362105e-02
8.374499e-02
8.383284e-02
8.389414e-02
8.396475e-02
8.400480e-02
8.404230e-02
8.417844e-02
8.420087e-02
8.422717e-02
8.429342e-02
8.439700e-02
8.443416e-02
8.454639e-02
8.460051e-02
8.468408e-02
8.473312e-02
8.479858e-02
8.492593e-02
8.500960e-02
8.505769e-02
8.513561e-02
8.517507e-02
8.527109e-02
8.535949e-02
8.541628e-02
8.557703e-02
8.559060e-02
8.564905e-02
8.572032e-02
8.579857e-02
8.595156e-02
8.597192e-02
8.602057e-02
8.608444e-02
8.616943e-02
8.619566e-02
8.634177e-02
8.641860e-02
8.647104e-02
8.652184e-02
8.654059e-02
8.664283e-02
8.671356e-02
8.683042e-02
8.685264e-02
8.695140e-02
8.703390e-02
8.708467e-02
8.721623e-02
8.733664e-02
8.735672e-02
8.744526e-02
8.750045e-02
8.758590e-02
8.762997e-02
8.777965e-02
8.782619e-02
8.785510e-02
8.799062e-02
8.800649e-02
8.803847e-02
8.816068e-02
8.817291e-02
8.825617e-02
8.831689e-02
8.847795e-02
8.850878e-02
8.854750e-02
8.861729e-02
8.865990e-02
8.874992e-02
8.884352e-02
8.891661e-02
8.897501e-02
8.901552e-02
8.912897e-02
8.917703e-02
8.924090e-02
8.927668e-02
8.946103e-02
8.948445e-02
8.956207e-02
8.957544e-02
8.971610e-02
8.975154e-02
8.980940e-02
8.985137e-02
8.989582e-02
9.004427e-02
9.016915e-02
9.021350e-02
9.029882e-02
9.033287e-02
9.041842e-02
9.055265e-02
9.058304e-02
9.067672e-02
9.078371e-02
9.082390e-02
9.086982e-02
9.094561e-02
9.098553e-02
9.106334e-02
9.110890e-02
9.122256e-02
9.129573e-02
9.132486e-02
9.144637e-02
9.148398e-02
9.161399e-02
9.164413e-02
9.168812e-02
9.181441e-02
9.184785e-02
9.188001e-02
9.202015e-02
9.210350e-02
9.214356e-02
9.217116e-02
9.223831e-02
9.229020e-02
9.238309e-02
9.245956e-02
9.255251e-02
9.257477e-02
9.273856e-02
9.275494e-02
9.283222e-02
9.294731e-02
9.301568e-02
9.304390e-02
9.315161e-02
9.320526e-02
9.324750e-02
9.337349e-02
9.340121e-02
9.349065e-02
9.355540e-02
9.368185e-02
9.372242e-02
9.384271e-02
9.389648e-02
9.402440e-02
9.408628e-02
9.416505e-02
9.422251e-02
9.435455e-02
9.439488e-02
9.444968e-02
9.452883e-02
9.455125e-02
9.468877e-02
9.471680e-02
9.474058e-02
9.482627e-02
9.487004e-02
9.493658e-02
9.501961e-02
9.512169e-02
9.520774e-02
9.526706e-02
9.534083e-02
9.537400e-02
9.549584e-02
9.554667e-02
9.564454e-02
9.570842e-02
9.580579e-02
9.587162e-02
9.590003e-02
9.597954e-02
9.609724e-02
9.616156e-02
9.619610e-02
9.624453e-02
9.633872e-02
9.643027e-02
9.648696e-02
9.656473e-02
9.663571e-02
9.671438e-02
9.675532e-02
9.689378e-02
9.696647e-02
9.707675e-02
9.712505e-02
9.717616e-02
9.725762e-02
9.732595e-02
9.738340e-02
9.750934e-02
9.757543e-02
9.767426e-02
9.777159e-02
9.781061e-02
9.789998e-02
9.792387e-02
9.807964e-02
9.812021e-02
9.814587e-02
9.820545e-02
9.829305e-02
9.836779e-02
9.847946e-02
9.856959e-02
9.857352e-02
9.868223e-02
9.876455e-02
9.880985e-02
9.896274e-02
9.897129e-02
9.908186e-02
9.911830e-02
9.916554e-02
9.920944e-02
9.927944e-02
9.937257e-02
9.945263e-02
9.952310e-02
9.959080e-02
9.967020e-02
9.974414e-02
9.985644e-02
9.993951e-02
1.000179e-01
1.000847e-01
1.001237e-01
1.002005e-01
1.002915e-01
1.003832e-01
1.004370e-01
1.005251e-01
1.006249e-01
1.006576e-01
1.007620e-01
1.008276e-01
1.008854e-01
1.009231e-01
1.009884e-01
1.010988e-01
1.011497e-01
1.012988e-01
1.014223e-01
1.014553e-01
1.015286e-01
1.015859e-01
1.016364e-01
1.017131e-01
1.017523e-01
1.018547e-01
1.019686e-01
1.019986e-01
1.020275e-01
1.021422e-01
1.021910e-01
1.022012e-01
1.023304e-01
1.023567e-01
1.024687e-01
1.025439e-01
1.025819e-01
1.026612e-01
1.028182e-01
1.028687e-01
1.028795e-01
1.030213e-01
1.030691e-01
1.031757e-01
1.033224e-01
1.034249e-01
1.034555e-01
1.034829e-01
1.035975e-01
1.036771e-01
1.037486e-01
1.038208e-01
1.038765e-01
1.039119e-01
1.040233e-01
1.040868e-01
1.041869e-01
1.042402e-01
1.044268e-01
1.044501e-01
1.045418e-01
1.045788e-01
1.046254e-01
1.047046e-01
1.048333e-01
1.049357e-01
1.050219e-01
1.050613e-01
1.051307e-01
1.052348e-01
1.052869e-01
1.053621e-01
1.054010e-01
1.055092e-01
1.055804e-01
1.056936e-01
1.057835e-01
1.058805e-01
1.060000e-01
1.060302e-01
1.060949e-01
1.061899e-01
1.062228e-01
1.062562e-01
1.064337e-01
1.065435e-01
1.065769e-01
1.066062e-01
1.067236e-01
1.068007e-01
1.069557e-01
1.070076e-01
1.070444e-01
1.071586e-01
1.072158e-01
1.073027e-01
1.074065e-01
1.074132e-01
1.074671e-01
1.075556e-01
1.076048e-01
1.076764e-01
1.078070e-01
1.078895e-01
1.080006e-01
1.080572e-01
1.081677e-01
1.082147e-01
1.082527e-01
1.083450e-01
1.084809e-01
1.085015e-01
1.085957e-01
1.087497e-01
1.087811e-01
1.088621e-01
1.089331e-01
1.089876e-01
1.090456e-01
1.091325e-01
1.091602e-01
1.092774e-01
1.094459e-01
1.094993e-01
1.095329e-01
1.096083e-01
1.096795e-01
1.097790e-01
1.098433e-01
1.098851e-01
1.100106e-01
1.100974e-01
1.102960e-01
1.103287e-01
1.103587e-01
1.104105e-01
1.104941e-01
1.105521e-01
1.107409e-01
1.108542e-01
1.109231e-01
1.109479e-01
1.110971e-01
1.111642e-01
1.112220e-01
1.112388e-01
1.113048e-01
1.113970e-01
1.114309e-01
1.115700e-01
1.115932e-01
1.117422e-01
1.118079e-01
1.118991e-01
1.119266e-01
1.120141e-01
1.120640e-01
1.122138e-01
1.122776e-01
1.123676e-01
1.124126e-01
1.125239e-01
1.125843e-01
1.126191e-01
1.126379e-01
1.128073e-01
1.129249e-01
1.130263e-01
1.131078e-01
1.131385e-01
1.132204e-01
1.133083e-01
1.133936e-01
1.134263e-01
1.134801e-01
1.134830e-01
1.135474e-01
1.136450e-01
1.137729e-01
1.138315e-01
1.138591e-01
1.139652e-01
1.140153e-01
1.141378e-01
1.142660e-01
1.144144e-01
1.144247e-01
1.145010e-01
1.145691e-01
1.146000e-01
1.146613e-01
1.148098e-01
1.148806e-01
1.149174e-01
1.150654e-01
1.150756e-01
1.150864e-01
1.152510e-01
1.154317e-01
1.154472e-01
1.155346e-01
1.155772e-01
1.157069e-01
1.157313e-01
1.157770e-01
1.158417e-01
1.158672e-01
1.159712e-01
1.160396e-01
1.162064e-01
1.162392e-01
1.163129e-01
1.164163e-01
1.164589e-01
1.165750e-01
1.166587e-01
1.167477e-01
1.168617e-01
1.169257e-01
1.169807e-01
1.170812e-01
1.170917e-01
1.172109e-01
1.173153e-01
1.174310e-01
1.174801e-01
1.175199e-01
1.176558e-01
1.176925e-01
1.178723e-01
1.179361e-01
1.180166e-01
1.181167e-01
1.181702e-01
1.182138e-01
1.182830e-01
1.184171e-01
1.185070e-01
1.185564e-01
1.186094e-01
1.186857e-01
1.186929e-01
1.188166e-01
1.188966e-01
1.189594e-01
1.190192e-01
1.190889e-01
1.191741e-01
1.192288e-01
1.193518e-01
1.194511e-01
1.195093e-01
1.195745e-01
1.196670e-01
1.196993e-01
1.197789e-01
1.198973e-01
1.198995e-01
1.200333e-01
1.201206e-01
1.202552e-01
1.203157e-01
1.204513e-01
1.204813e-01
1.205391e-01
1.206522e-01
1.207258e-01
1.207820e-01
1.209061e-01
1.209962e-01
1.210653e-01
1.211449e-01
1.212346e-01
1.213035e-01
1.213857e-01
1.214655e-01
1.214852e-01
1.216675e-01
1.217046e-01
1.218466e-01
1.219595e-01
1.220309e-01
1.221173e-01
1.222142e-01
1.222870e-01
1.223574e-01
1.224364e-01
1.225128e-01
1.226058e-01
1.226823e-01
1.227502e-01
1.228399e-01
1.229104e-01
1.230194e-01
1.230913e-01
1.232355e-01
1.233068e-01
1.233408e-01
1.234157e-01
1.235059e-01
1.236923e-01
1.237230e-01
1.238048e-01
1.239235e-01
1.239569e-01
1.240657e-01
1.241866e-01
1.242978e-01
1.243583e-01
1.244282e-01
1.244804e-01
1.245476e-01
1.246079e-01
1.246839e-01
1.248080e-01
1.248832e-01
1.250246e-01
1.251252e-01
1.251791e-01
1.252405e-01
1.252735e-01
1.253750e-01
1.254460e-01
1.254902e-01
1.256282e-01
1.256346e-01
1.257553e-01
1.258129e-01
1.259471e-01
1.260088e-01
1.261242e-01
1.262489e-01
1.263585e-01
1.264099e-01
1.264578e-01
1.265444e-01
1.266464e-01
1.267630e-01
1.268115e-01
1.268998e-01
1.269254e-01
1.271188e-01
1.271645e-01
1.271809e-01
1.273972e-01
1.274484e-01
1.275884e-01
1.276115e-01
1.276895e-01
1.277842e-01
1.279010e-01
1.279300e-01
1.280337e-01
1.282151e-01
1.282361e-01
1.283509e-01
1.284207e-01
1.285059e-01
1.285871e-01
1.286773e-01
1.288325e-01
1.288908e-01
1.289491e-01
1.290425e-01
1.291267e-01
1.292426e-01
1.293468e-01
1.294196e-01
1.294481e-01
1.295147e-01
1.295805e-01
1.296774e-01
1.297255e-01
1.298350e-01
1.299575e-01
1.300948e-01
1.301235e-01
1.303386e-01
1.304272e-01
1.304814e-01
1.305776e-01
1.306352e-01
1.307433e-01
1.308168e-01
1.309073e-01
1.310272e-01
1.311778e-01
1.312554e-01
1.312707e-01
1.313273e-01
1.313699e-01
1.315483e-01
1.315824e-01
1.318048e-01
1.318492e-01
1.319834e-01
1.320983e-01
1.322046e-01
1.323188e-01
1.323792e-01
1.324712e-01
1.324812e-01
1.325138e-01
1.325884e-01
1.326309e-01
1.328422e-01
1.329290e-01
1.330020e-01
1.330801e-01
1.331869e-01
1.332600e-01
1.333252e-01
1.334126e-01
1.335287e-01
1.335941e-01
1.336538e-01
1.337480e-01
1.337659e-01
1.338786e-01
1.339279e-01
1.340076e-01
1.341415e-01
1.342486e-01
1.342776e-01
1.344309e-01
1.344799e-01
1.346243e-01
1.347181e-01
1.348034e-01
1.348062e-01
1.350004e-01
1.350630e-01
1.350824e-01
1.352181e-01
1.353250e-01
1.354258e-01
1.354768e-01
1.355899e-01
1.356233e-01
1.356714e-01
1.358230e-01
1.358533e-01
1.359785e-01
1.360364e-01
1.361817e-01
1.361902e-01
1.363633e-01
1.364405e-01
1.365469e-01
1.365957e-01
1.367794e-01
1.368273e-01
1.369075e-01
1.369997e-01
1.371280e-01
1.371694e-01
1.372152e-01
1.372949e-01
1.374030e-01
1.375090e-01
1.375980e-01
1.376891e-01
1.377294e-01
1.378196e-01
1.378458e-01
1.380939e-01
1.381552e-01
1.382280e-01
1.383152e-01
1.383829e-01
1.384657e-01
1.386057e-01
1.386925e-01
1.388605e-01
1.389603e-01
1.390391e-01
1.391826e-01
1.392284e-01
1.393150e-01
1.393772e-01
1.395179e-01
1.396543e-01
1.397468e-01
1.398226e-01
1.398631e-01
1.400020e-01
1.400871e-01
1.402524e-01
1.402695e-01
1.404038e-01
1.404516e-01
1.405254e-01
1.407007e-01
1.408679e-01
1.408867e-01
1.409590e-01
1.410526e-01
1.410992e-01
1.411825e-01
1.413178e-01
1.413377e-01
1.413884e-01
1.414500e-01
1.415880e-01
1.416663e-01
1.418216e-01
1.419842e-01
1.420062e-01
1.422054e-01
1.422873e-01
1.423666e-01
1.425343e-01
1.425791e-01
1.426513e-01
1.427498e-01
1.428031e-01
1.429593e-01
1.430446e-01
1.431629e-01
1.432783e-01
1.433263e-01
1.433713e-01
1.434873e-01
1.436218e-01
1.436975e-01
1.437467e-01
1.439093e-01
1.439621e-01
1.440296e-01
1.441832e-01
1.442482e-01
1.443239e-01
1.444631e-01
1.446114e-01
1.446800e-01
1.447500e-01
1.447810e-01
1.449687e-01
1.450990e-01
1.451206e-01
1.451955e-01
1.452745e-01
1.453761e-01
1.455283e-01
1.455619e-01
1.456688e-01
1.457131e-01
1.458564e-01
1.459163e-01
1.460691e-01
1.461939e-01
1.462638e-01
1.463507e-01
1.464182e-01
1.465097e-01
1.465604e-01
1.467771e-01
1.468613e-01
1.469332e-01
1.471690e-01
1.472103e-01
1.472358e-01
1.474063e-01
1.474991e-01
1.476003e-01
1.476416e-01
1.477740e-01
1.479508e-01
1.480106e-01
1.480963e-01
1.481682e-01
1.481953e-01
1.483389e-01
1.484415e-01
1.485255e-01
1.487158e-01
1.488484e-01
1.489481e-01
1.490536e-01
1.491817e-01
1.492845e-01
1.493274e-01
1.494262e-01
1.495004e-01
1.495830e-01
1.497171e-01
1.498243e-01
1.499218e-01
1.499652e-01
1.502084e-01
1.502455e-01
1.503016e-01
1.503621e-01
1.504023e-01
1.505697e-01
1.505906e-01
1.506942e-01
1.508169e-01
1.508657e-01
1.510485e-01
1.511059e-01
1.512307e-01
1.513061e-01
1.514450e-01
1.515114e-01
1.515562e-01
1.517282e-01
1.517685e-01
1.518783e-01
1.520176e-01
1.521161e-01
1.522131e-01
1.522832e-01
1.523604e-01
1.525047e-01
1.526418e-01
1.526728e-01
1.528099e-01
1.529159e-01
1.530009e-01
1.531692e-01
1.532710e-01
1.533116e-01
1.534679e-01
1.535579e-01
1.536773e-01
1.537945e-01
1.539230e-01
1.539358e-01
1.540698e-01
1.542063e-01
1.543293e-01
1.543806e-01
1.544531e-01
1.545261e-01
1.546478e-01
1.546842e-01
1.548121e-01
1.548936e-01
1.550389e-01
1.550598e-01
1.551685e-01
1.552525e-01
1.553710e-01
1.555492e-01
1.555687e-01
1.557753e-01
1.558197e-01
1.558941e-01
1.559343e-01
1.560195e-01
1.561519e-01
1.562515e-01
1.563879e-01
1.565493e-01
1.567230e-01
1.567429e-01
1.570310e-01
1.571665e-01
1.571792e-01
1.572838e-01
1.573938e-01
1.574745e-01
1.575683e-01
1.576876e-01
1.578273e-01
1.579411e-01
1.580186e-01
1.580724e-01
1.580935e-01
1.583024e-01
1.583944e-01
1.584097e-01
1.587218e-01
1.587571e-01
1.588213e-01
1.589400e-01
1.590056e-01
1.591140e-01
1.591963e-01
1.593800e-01
1.594154e-01
1.595056e-01
1.595476e-01
1.595841e-01
1.597515e-01
1.598313e-01
1.599665e-01
1.600278e-01
1.600845e-01
1.602735e-01
1.604053e-01
1.604890e-01
1.605690e-01
1.607592e-01
1.607856e-01
1.609254e-01
1.610508e-01
1.610958e-01
1.612395e-01
1.613550e-01
1.614476e-01
1.615369e-01
1.615991e-01
1.618441e-01
1.619589e-01
1.620374e-01
1.620578e-01
1.621675e-01
1.622946e-01
1.624428e-01
1.625794e-01
1.626516e-01
1.627951e-01
1.628686e-01
1.629333e-01
1.630887e-01
1.631720e-01
1.633478e-01
1.634696e-01
1.635290e-01
1.636752e-01
1.637234e-01
1.639118e-01
1.639278e-01
1.640620e-01
1.641181e-01
1.641949e-01
1.642981e-01
1.643535e-01
1.644863e-01
1.645540e-01
1.646778e-01
1.647337e-01
1.648630e-01
1.649396e-01
1.650886e-01
1.651772e-01
1.652438e-01
1.654249e-01
1.654770e-01
1.655736e-01
1.656916e-01
1.657648e-01
1.659087e-01
1.660685e-01
1.661891e-01
1.662247e-01
1.662761e-01
1.663235e-01
1.665109e-01
1.665922e-01
1.666473e-01
1.668986e-01
1.670589e-01
1.670971e-01
1.671437e-01
1.672313e-01
1.673857e-01
1.674757e-01
1.676308e-01
1.677486e-01
1.677941e-01
1.679691e-01
1.680072e-01
1.681013e-01
1.681431e-01
1.682750e-01
1.683785e-01
1.685652e-01
1.686866e-01
1.687173e-01
1.687511e-01
1.688714e-01
1.690061e-01
1.691156e-01
1.691593e-01
1.692276e-01
1.692913e-01
1.694022e-01
1.695814e-01
1.697230e-01
1.698452e-01
1.699309e-01
1.700369e-01
1.701019e-01
1.701380e-01
1.702928e-01
1.704370e-01
1.705236e-01
1.705938e-01
1.707411e-01
1.708548e-01
1.709506e-01
1.710110e-01
1.711631e-01
1.712071e-01
1.713355e-01
1.714330e-01
1.715764e-01
1.716695e-01
1.718185e-01
1.719071e-01
1.720080e-01
1.721598e-01
1.722271e-01
1.723676e-01
1.724756e-01
1.725944e-01
1.726937e-01
1.727886e-01
1.729317e-01
1.729747e-01
1.730195e-01
1.732703e-01
1.733174e-01
1.734422e-01
1.735739e-01
1.736375e-01
1.737644e-01
1.738345e-01
1.739923e-01
1.740648e-01
1.741621e-01
1.743338e-01
1.743581e-01
1.745459e-01
1.747664e-01
1.747990e-01
1.748706e-01
1.749780e-01
1.751097e-01
1.751305e-01
1.752527e-01
1.753212e-01
1.754678e-01
1.755532e-01
1.756922e-01
1.757950e-01
1.758958e-01
1.760164e-01
1.761118e-01
1.761804e-01
1.765070e-01
1.765404e-01
1.766989e-01
1.768098e-01
1.768896e-01
1.769855e-01
1.771442e-01
1.771841e-01
1.772741e-01
1.773981e-01
1.775393e-01
1.777217e-01
1.778252e-01
1.780049e-01
1.780769e-01
1.781502e-01
1.782570e-01
1.783546e-01
1.785184e-01
1.785638e-01
1.787769e-01
1.789669e-01
1.790434e-01
1.791019e-01
1.791286e-01
1.792718e-01
1.793899e-01
1.795358e-01
1.796933e-01
1.798351e-01
1.798651e-01
1.800445e-01
1.800627e-01
1.802783e-01
1.803218e-01
1.805378e-01
1.806073e-01
1.807178e-01
1.808812e-01
1.810947e-01
1.812086e-01
1.812630e-01
1.813046e-01
1.815793e-01
1.816528e-01
1.817003e-01
1.818977e-01
1.820245e-01
1.822642e-01
1.823600e-01
1.825559e-01
1.827213e-01
1.827982e-01
1.828253e-01
1.830824e-01
1.831089e-01
1.832171e-01
1.832499e-01
1.833418e-01
1.835002e-01
1.836744e-01
1.838113e-01
1.839628e-01
1.840052e-01
1.841092e-01
1.842115e-01
1.843862e-01
1.845093e-01
1.845538e-01
1.847986e-01
1.849432e-01
1.850262e-01
1.852981e-01
1.853148e-01
1.853944e-01
1.856096e-01
1.856368e-01
1.857406e-01
1.858100e-01
1.860027e-01
1.860569e-01
1.861780e-01
1.863759e-01
1.864629e-01
1.867127e-01
1.867416e-01
1.868039e-01
1.869948e-01
1.871924e-01
1.873837e-01
1.874461e-01
1.875727e-01
1.876397e-01
1.878215e-01
1.879549e-01
1.882133e-01
1.882901e-01
1.883539e-01
1.884948e-01
1.885236e-01
1.887088e-01
1.887999e-01
1.888829e-01
1.890728e-01
1.891292e-01
1.893243e-01
1.894718e-01
1.895396e-01
1.896941e-01
1.898070e-01
1.900150e-01
1.900268e-01
1.901230e-01
1.903954e-01
1.904541e-01
1.904890e-01
1.905985e-01
1.906695e-01
1.909867e-01
1.910443e-01
1.911413e-01
1.912568e-01
1.913632e-01
1.915926e-01
1.917319e-01
1.917728e-01
1.919347e-01
1.920025e-01
1.921421e-01
1.922510e-01
1.923816e-01
1.925098e-01
1.925757e-01
1.928307e-01
1.928941e-01
1.930587e-01
1.932040e-01
1.933580e-01
1.934188e-01
1.934303e-01
1.936106e-01
1.937012e-01
1.939206e-01
1.940171e-01
1.941250e-01
1.942251e-01
1.942777e-01
1.946133e-01
1.946500e-01
1.947519e-01
1.948189e-01
1.949756e-01
1.952346e-01
1.952858e-01
1.954280e-01
1.955233e-01
1.956016e-01
1.957291e-01
1.957618e-01
1.959384e-01
1.960411e-01
1.961758e-01
1.962449e-01
1.965379e-01
1.965972e-01
1.967831e-01
1.968975e-01
1.969804e-01
1.972358e-01
1.972885e-01
1.974034e-01
1.974543e-01
1.977205e-01
1.978676e-01
1.979003e-01
1.980439e-01
1.982035e-01
1.982967e-01
1.983988e-01
1.986513e-01
1.987569e-01
1.988637e-01
1.989961e-01
1.991671e-01
1.992033e-01
1.992685e-01
1.993822e-01
1.994599e-01
1.995231e-01
1.998957e-01
1.999778e-01
2.000391e-01
2.001718e-01
2.003259e-01
2.003980e-01
2.005538e-01
2.005938e-01
2.006885e-01
2.009366e-01
2.010341e-01
2.010903e-01
2.011890e-01
2.012291e-01
2.013450e-01
2.013967e-01
2.017019e-01
2.017921e-01
2.019872e-01
2.020517e-01
2.021377e-01
2.022897e-01
2.023861e-01
2.026583e-01
2.028063e-01
2.028355e-01
2.029587e-01
2.031172e-01
2.032447e-01
2.034066e-01
2.035196e-01
2.037925e-01
2.039439e-01
2.040053e-01
2.041760e-01
2.042734e-01
2.042983e-01
2.044756e-01
2.045765e-01
2.048316e-01
2.049231e-01
2.051057e-01
2.052502e-01
2.054380e-01
2.055192e-01
2.055853e-01
2.057516e-01
2.058565e-01
2.060046e-01
2.061027e-01
2.063906e-01
2.065483e-01
2.065949e-01
2.066741e-01
2.068090e-01
2.069306e-01
2.070792e-01
2.071279e-01
2.071423e-01
2.074320e-01
2.076621e-01
2.076958e-01
2.079785e-01
2.080547e-01
2.082307e-01
2.084218e-01
2.084909e-01
2.085898e-01
2.087810e-01
2.089115e-01
2.089959e-01
2.090695e-01
2.093613e-01
2.094106e-01
2.094989e-01
2.098142e-01
2.101432e-01
2.102630e-01
2.103466e-01
2.105632e-01
2.106666e-01
2.106898e-01
2.108992e-01
2.110961e-01
2.113773e-01
2.115451e-01
2.116075e-01
2.116251e-01
2.117552e-01
2.119598e-01
2.120225e-01
2.121625e-01
2.123624e-01
2.124876e-01
2.125796e-01
2.128479e-01
2.128541e-01
2.130665e-01
2.133043e-01
2.135302e-01
2.135662e-01
2.137721e-01
2.138107e-01
2.140868e-01
2.141539e-01
2.142335e-01
2.143606e-01
2.143849e-01
2.146086e-01
2.148333e-01
2.149366e-01
2.149808e-01
2.151079e-01
2.152574e-01
2.155194e-01
2.156048e-01
2.157296e-01
2.157706e-01
2.159743e-01
2.160800e-01
2.162747e-01
2.164266e-01
2.165562e-01
2.166652e-01
2.168483e-01
2.169129e-01
2.171511e-01
2.173322e-01
2.173774e-01
2.175812e-01
2.177779e-01
2.179432e-01
2.181205e-01
2.182036e-01
2.183015e-01
2.184764e-01
2.185063e-01
2.187036e-01
2.188778e-01
2.189975e-01
2.190827e-01
2.193703e-01
2.194024e-01
2.196189e-01
2.196709e-01
2.199718e-01
2.201192e-01
2.202638e-01
2.203442e-01
2.206830e-01
2.208921e-01
2.209247e-01
2.211774e-01
2.212476e-01
2.214153e-01
2.215200e-01
2.218691e-01
2.219743e-01
2.221320e-01
2.222128e-01
2.223498e-01
2.224810e-01
2.227657e-01
2.228737e-01
2.229862e-01
2.232475e-01
2.233779e-01
2.235419e-01
2.235860e-01
2.236908e-01
2.240206e-01
2.240798e-01
2.244127e-01
2.244835e-01
2.246706e-01
2.248149e-01
2.249347e-01
2.250116e-01
2.253262e-01
2.254661e-01
2.255143e-01
2.256382e-01
2.259145e-01
2.260429e-01
2.261905e-01
2.264286e-01
2.264756e-01
2.266946e-01
2.268067e-01
2.271057e-01
2.271536e-01
2.273680e-01
2.274609e-01
2.277100e-01
2.280680e-01
2.281632e-01
2.283698e-01
2.284495e-01
2.286010e-01
2.286072e-01
2.290667e-01
2.291329e-01
2.292853e-01
2.294207e-01
2.297395e-01
2.300125e-01
2.300641e-01
2.303184e-01
2.304911e-01
2.306053e-01
2.307799e-01
2.309918e-01
2.312495e-01
2.314994e-01
2.315506e-01
2.316121e-01
2.319939e-01
2.320237e-01
2.322207e-01
2.322721e-01
2.323973e-01
2.326726e-01
2.328105e-01
2.330373e-01
2.332514e-01
2.334686e-01
2.336749e-01
2.337693e-01
2.339175e-01
2.340690e-01
2.344020e-01
2.344759e-01
2.347993e-01
2.349962e-01
2.350746e-01
2.352494e-01
2.354073e-01
2.356862e-01
2.357475e-01
2.358744e-01
2.360122e-01
2.362305e-01
2.365614e-01
2.369513e-01
2.370478e-01
2.372072e-01
2.372947e-01
2.375209e-01
2.377380e-01
2.378690e-01
2.380953e-01
2.382103e-01
2.383953e-01
2.384544e-01
2.386587e-01
2.388729e-01
2.391925e-01
2.393903e-01
2.396479e-01
2.397289e-01
2.399102e-01
2.402554e-01
2.405313e-01
2.407923e-01
2.409835e-01
2.410355e-01
2.412354e-01
2.413874e-01
2.415437e-01
2.417882e-01
2.420499e-01
2.421622e-01
2.422781e-01
2.425368e-01
2.425921e-01
2.428644e-01
2.430129e-01
2.432945e-01
2.433645e-01
2.436941e-01
2.437405e-01
2.439526e-01
2.440656e-01
2.444164e-01
2.445239e-01
2.446129e-01
2.447948e-01
2.450267e-01
2.450749e-01
2.454841e-01
2.455841e-01
2.458461e-01
2.459053e-01
2.459520e-01
2.461597e-01
2.462517e-01
2.465762e-01
2.466423e-01
2.468091e-01
2.469740e-01
2.473105e-01
2.474912e-01
2.478225e-01
2.479274e-01
2.480151e-01
2.482627e-01
2.484959e-01
2.489091e-01
2.489245e-01
2.491728e-01
2.494620e-01
2.494945e-01
2.496159e-01
2.499998e-01
2.502297e-01
2.504626e-01
2.505049e-01
2.508683e-01
2.509772e-01
2.512135e-01
2.513496e-01
2.515386e-01
2.516249e-01
2.516912e-01
2.519294e-01
2.523798e-01
2.524419e-01
2.527348e-01
2.528957e-01
2.532267e-01
2.534294e-01
2.534867e-01
2.535422e-01
2.538897e-01
2.541875e-01
2.545421e-01
2.545748e-01
2.549712e-01
2.549982e-01
2.551834e-01
2.553473e-01
2.556277e-01
2.560410e-01
2.561947e-01
2.563122e-01
2.564341e-01
2.567136e-01
2.571205e-01
2.571799e-01
2.573261e-01
2.575139e-01
2.575808e-01
2.578074e-01
2.579203e-01
2.579562e-01
2.581237e-01
2.584985e-01
2.586955e-01
2.589438e-01
2.590811e-01
2.593928e-01
2.596317e-01
2.598521e-01
2.601145e-01
2.604961e-01
2.605968e-01
2.608919e-01
2.609977e-01
2.613117e-01
2.614247e-01
2.617405e-01
2.620433e-01
2.621799e-01
2.622425e-01
2.624273e-01
2.625320e-01
2.630022e-01
2.632173e-01
2.632966e-01
2.635902e-01
2.636910e-01
2.637543e-01
2.640886e-01
2.642316e-01
2.645565e-01
2.646302e-01
2.648838e-01
2.652866e-01
2.653358e-01
2.656111e-01
2.658294e-01
2.658585e-01
2.663425e-01
2.665995e-01
2.667262e-01
2.669935e-01
2.670961e-01
2.676654e-01
2.679422e-01
2.681754e-01
2.683871e-01
2.686464e-01
2.686962e-01
2.690227e-01
2.691547e-01
2.692980e-01
2.693888e-01
2.697764e-01
2.700509e-01
2.704051e-01
2.704411e-01
2.707938e-01
2.708625e-01
2.715065e-01
2.715481e-01
2.717658e-01
2.718311e-01
2.721602e-01
2.722836e-01
2.728099e-01
2.731083e-01
2.732508e-01
2.734657e-01
2.734835e-01
2.736793e-01
2.739311e-01
2.741570e-01
2.743319e-01
2.747862e-01
2.749113e-01
2.751325e-01
2.756195e-01
2.756779e-01
2.758532e-01
2.762135e-01
2.764942e-01
2.766224e-01
2.767187e-01
2.768996e-01
2.769473e-01
2.771874e-01
2.777221e-01
2.777698e-01
2.781417e-01
2.783871e-01
2.784565e-01
2.786529e-01
2.787866e-01
2.791010e-01
2.791912e-01
2.794229e-01
2.799004e-01
2.800612e-01
2.801843e-01
2.802336e-01
2.806573e-01
2.808941e-01
2.811400e-01
2.812203e-01
2.816723e-01
2.817510e-01
2.819317e-01
2.820450e-01
2.824648e-01
2.826534e-01
2.828606e-01
2.829073e-01
2.831828e-01
2.833681e-01
2.836472e-01
2.838265e-01
2.842493e-01
2.844322e-01
2.845319e-01
2.847407e-01
2.850364e-01
2.854274e-01
2.855927e-01
2.858175e-01
2.858852e-01
2.861281e-01
2.863420e-01
2.864495e-01
2.867428e-01
2.870189e-01
2.872043e-01
2.877166e-01
2.878304e-01
2.879236e-01
2.880322e-01
2.883435e-01
2.885232e-01
2.890111e-01
2.891360e-01
2.894034e-01
2.894592e-01
2.898392e-01
2.900184e-01
2.902250e-01
2.904399e-01
2.906098e-01
2.908245e-01
2.914102e-01
2.915946e-01
2.922624e-01
2.923234e-01
2.925154e-01
2.925754e-01
2.930689e-01
2.932609e-01
2.934308e-01
2.937299e-01
2.940819e-01
2.941236e-01
2.943507e-01
2.947025e-01
2.948786e-01
2.954141e-01
2.956370e-01
2.958738e-01
2.960103e-01
2.962126e-01
2.963716e-01
2.967073e-01
2.969101e-01
2.971856e-01
2.973653e-01
2.975087e-01
2.975459e-01
2.979090e-01
2.981013e-01
2.982257e-01
2.985889e-01
2.987870e-01
2.991577e-01
2.993447e-01
2.995742e-01
2.996956e-01
2.999536e-01
3.002473e-01
3.003308e-01
3.006757e-01
3.013965e-01
3.015546e-01
3.017462e-01
3.022620e-01
3.024503e-01
3.024918e-01
3.028626e-01
3.031701e-01
3.035649e-01
3.037405e-01
3.039948e-01
3.042237e-01
3.045513e-01
3.048342e-01
3.048849e-01
3.051002e-01
3.055266e-01
3.056562e-01
3.059273e-01
3.061375e-01
3.062139e-01
3.064792e-01
3.065846e-01
3.072201e-01
3.076566e-01
3.077893e-01
3.083544e-01
3.085672e-01
3.085803e-01
3.087834e-01
3.090448e-01
3.095162e-01
3.100306e-01
3.103177e-01
3.108306e-01
3.112393e-01
3.114699e-01
3.115448e-01
3.117903e-01
3.122139e-01
3.122918e-01
3.125120e-01
3.129841e-01
3.131384e-01
3.134757e-01
3.135133e-01
3.138686e-01
3.140693e-01
3.144611e-01
3.146593e-01
3.149236e-01
3.150221e-01
3.153271e-01
3.155231e-01
3.162179e-01
3.163167e-01
3.167713e-01
3.170688e-01
3.174614e-01
3.176573e-01
3.180469e-01
3.181998e-01
3.184646e-01
3.188444e-01
3.190616e-01
3.192092e-01
3.193808e-01
3.197051e-01
3.197815e-01
3.203039e-01
3.203821e-01
3.207455e-01
3.209201e-01
3.210138e-01
3.214606e-01
3.218179e-01
3.219800e-01
3.221308e-01
3.222268e-01
3.231289e-01
3.233348e-01
3.238430e-01
3.244103e-01
3.245773e-01
3.249270e-01
3.253007e-01
3.255703e-01
3.260622e-01
3.263931e-01
3.268006e-01
3.269928e-01
3.273707e-01
3.277901e-01
3.281966e-01
3.283662e-01
3.286542e-01
3.290508e-01
3.292481e-01
3.296058e-01
3.296605e-01
3.305081e-01
3.305948e-01
3.309443e-01
3.313303e-01
3.318189e-01
3.319810e-01
3.324505e-01
3.326226e-01
3.330428e-01
3.332718e-01
3.339660e-01
3.343069e-01
3.344282e-01
3.345360e-01
3.348450e-01
3.350254e-01
3.351331e-01
3.354160e-01
3.358871e-01
3.362477e-01
3.365518e-01
3.368472e-01
3.369016e-01
3.371657e-01
3.377706e-01
3.378973e-01
3.385312e-01
3.388310e-01
3.390217e-01
3.395428e-01
3.397048e-01
3.397820e-01
3.400549e-01
3.405256e-01
3.406354e-01
3.410387e-01
3.416374e-01
3.418470e-01
3.420746e-01
3.424671e-01
3.427136e-01
3.430672e-01
3.434275e-01
3.437391e-01
3.438811e-01
3.440580e-01
3.444147e-01
3.448698e-01
3.450044e-01
3.452002e-01
3.463409e-01
3.465554e-01
3.466310e-01
3.469295e-01
3.472859e-01
3.479042e-01
3.481071e-01
3.485811e-01
3.490312e-01
3.497372e-01
3.498734e-01
3.500099e-01
3.504089e-01
3.508609e-01
3.512413e-01
3.515963e-01
3.519214e-01
3.521969e-01
3.525641e-01
3.528989e-01
3.534807e-01
3.538648e-01
3.547680e-01
3.551157e-01
3.553732e-01
3.557788e-01
3.566862e-01
3.569373e-01
3.572729e-01
3.574621e-01
3.580594e-01
3.581894e-01
3.590145e-01
3.594352e-01
3.595936e-01
3.601780e-01
3.607365e-01
3.612492e-01
3.620517e-01
3.623141e-01
3.626361e-01
3.631464e-01
3.633644e-01
3.643433e-01
3.649041e-01
3.651618e-01
3.655042e-01
3.655981e-01
3.656959e-01
3.658507e-01
3.662905e-01
3.671338e-01
3.672830e-01
3.678899e-01
3.680862e-01
3.688843e-01
3.689475e-01
3.690494e-01
3.693719e-01
3.698836e-01
3.700379e-01
3.702759e-01
3.711561e-01
3.715922e-01
3.722259e-01
3.734980e-01
3.735850e-01
3.737992e-01
3.742683e-01
3.745475e-01
3.747487e-01
3.751155e-01
3.756757e-01
3.761099e-01
3.765462e-01
3.769387e-01
3.772002e-01
3.772881e-01
3.777310e-01
3.782087e-01
3.786528e-01
3.799728e-01
3.803747e-01
3.806156e-01
3.809229e-01
3.816058e-01
3.825459e-01
3.826440e-01
3.827944e-01
3.834745e-01
3.836943e-01
3.841873e-01
3.848119e-01
3.853830e-01
3.860758e-01
3.866664e-01
3.869951e-01
3.872802e-01
3.873560e-01
3.877048e-01
3.880359e-01
3.880952e-01
3.886832e-01
3.889293e-01
3.896567e-01
3.902368e-01
3.908865e-01
3.910205e-01
3.912679e-01
3.918038e-01
3.922604e-01
3.925938e-01
3.934550e-01
3.947285e-01
3.953542e-01
3.957332e-01
3.961959e-01
3.965619e-01
3.967070e-01
3.969042e-01
3.974352e-01
3.978510e-01
3.984088e-01
3.986740e-01
4.005236e-01
4.008637e-01
4.011444e-01
4.015507e-01
4.019625e-01
4.021877e-01
4.032820e-01
4.037911e-01
4.042963e-01
4.048939e-01
4.054856e-01
4.056249e-01
4.066556e-01
4.075356e-01
4.079614e-01
4.085313e-01
4.092371e-01
4.099578e-01
4.102263e-01
4.105671e-01
4.107497e-01
4.115034e-01
4.118154e-01
4.129720e-01
4.133044e-01
4.143904e-01
4.151684e-01
4.153344e-01
4.157871e-01
4.164278e-01
4.170144e-01
4.179982e-01
4.183222e-01
4.188737e-01
4.191758e-01
4.197244e-01
4.213960e-01
4.218598e-01
4.220568e-01
4.231186e-01
4.232498e-01
4.245810e-01
4.254421e-01
4.262642e-01
4.266545e-01
4.268444e-01
4.271219e-01
4.272685e-01
4.288574e-01
4.289452e-01
4.291141e-01
4.299303e-01
4.301756e-01
4.313431e-01
4.322217e-01
4.325585e-01
4.332974e-01
4.336138e-01
4.343823e-01
4.359830e-01
4.361802e-01
4.364299e-01
4.372814e-01
4.379047e-01
4.381823e-01
4.385839e-01
4.392296e-01
4.402780e-01
4.405868e-01
4.407893e-01
4.410766e-01
4.411259e-01
4.421334e-01
4.436556e-01
4.437574e-01
4.440108e-01
4.446838e-01
4.457801e-01
4.464015e-01
4.465938e-01
4.470209e-01
4.477348e-01
4.485010e-01
4.486565e-01
4.498355e-01
4.517495e-01
4.522181e-01
4.535939e-01
4.537212e-01
4.548243e-01
4.551517e-01
4.555579e-01
4.562608e-01
4.565742e-01
4.568022e-01
4.586408e-01
4.588675e-01
4.588816e-01
4.601439e-01
4.603534e-01
4.615502e-01
4.621584e-01
4.643204e-01
4.649764e-01
4.658383e-01
4.663649e-01
4.666445e-01
4.676785e-01
4.681412e-01
4.686090e-01
4.694043e-01
4.695892e-01
4.705484e-01
4.714762e-01
4.724736e-01
4.732468e-01
4.743346e-01
4.757770e-01
4.762170e-01
4.777356e-01
4.778275e-01
4.784060e-01
4.788686e-01
4.799648e-01
4.803354e-01
4.840890e-01
4.846932e-01
4.870094e-01
4.877457e-01
4.878049e-01
4.889057e-01
4.894603e-01
4.902044e-01
4.907640e-01
4.907849e-01
4.916054e-01
4.938567e-01
4.948248e-01
4.957028e-01
4.974039e-01
4.976097e-01
4.987352e-01
4.991167e-01
4.998309e-01
5.008107e-01
5.028973e-01
5.030394e-01
5.040527e-01
5.046914e-01
5.051103e-01
5.056130e-01
5.059091e-01
5.064373e-01
5.076378e-01
5.078200e-01
5.079348e-01
5.098096e-01
5.110177e-01
5.121162e-01
5.137841e-01
5.162097e-01
5.165659e-01
5.177175e-01
5.181980e-01
5.188190e-01
5.235225e-01
5.243460e-01
5.244313e-01
5.248384e-01
5.259513e-01
5.269049e-01
5.282909e-01
5.298748e-01
5.314079e-01
5.316135e-01
5.341798e-01
5.344602e-01
5.348194e-01
5.358495e-01
5.376987e-01
5.391488e-01
5.413245e-01
5.440900e-01
5.444799e-01
5.457715e-01
5.486416e-01
5.500969e-01
5.511973e-01
5.520314e-01
5.536700e-01
5.541308e-01
5.551356e-01
5.566844e-01
5.574198e-01
5.590035e-01
5.632378e-01
5.638686e-01
5.639091e-01
5.661511e-01
5.672988e-01
5.681758e-01
5.722600e-01
5.724478e-01
5.726944e-01
5.737613e-01
5.755001e-01
5.760847e-01
5.782115e-01
5.797882e-01
5.804994e-01
5.823196e-01
5.860566e-01
5.875579e-01
5.883718e-01
5.888195e-01
5.900841e-01
5.945303e-01
5.970991e-01
5.978699e-01
5.991354e-01
5.998049e-01
6.010242e-01
6.013212e-01
6.044138e-01
6.049544e-01
6.053111e-01
6.076253e-01
6.109049e-01
6.115845e-01
6.147859e-01
6.187925e-01
6.204562e-01
6.224072e-01
6.235819e-01
6.263180e-01
6.306083e-01
6.328973e-01
6.332994e-01
6.390105e-01
6.397599e-01
6.413209e-01
6.477427e-01
6.488747e-01
6.510467e-01
6.513440e-01
6.527504e-01
6.534367e-01
6.556245e-01
6.570914e-01
6.598038e-01
6.699516e-01
6.726106e-01
6.738602e-01
6.778721e-01
6.852906e-01
6.894691e-01
6.904353e-01
6.936049e-01
6.964334e-01
7.010477e-01
7.038655e-01
7.043778e-01
7.151595e-01
7.199720e-01
7.206628e-01
7.251864e-01
7.318820e-01
7.413640e-01
7.475866e-01
7.508670e-01
7.604650e-01
7.615092e-01
7.630428e-01
7.726564e-01
7.731410e-01
7.732197e-01
7.753039e-01
7.886983e-01
7.887397e-01
8.022996e-01
8.081419e-01
8.096649e-01
8.182401e-01
8.258329e-01
8.595080e-01
8.666321e-01
8.709324e-01
8.887913e-01
9.047104e-01
9.193155e-01
1.000000e+00
