# SF-29 N2 candidate (i) i1 field=lester2021 eps=0.5 N=12: sorted relative singular values of the dense central-FD Jacobian at the converged state (rows F_i=-q(L_i-S_i); outlet rows (2q/h)(vperp_in-c_perp); smax=1.799818e+03)
1.080995e-03
1.171243e-03
1.179608e-03
1.180319e-03
1.217285e-03
1.217962e-03
1.230188e-03
1.278033e-03
1.289444e-03
1.306506e-03
1.387362e-03
1.440756e-03
1.465597e-03
1.507699e-03
1.573344e-03
1.619683e-03
1.816209e-03
1.821257e-03
1.897977e-03
1.942747e-03
2.282501e-03
2.358591e-03
2.368389e-03
2.404415e-03
2.469437e-03
2.470070e-03
2.718124e-03
2.840275e-03
4.989332e-03
4.992669e-03
5.454118e-03
5.465353e-03
5.959125e-03
5.969990e-03
6.604197e-03
6.649701e-03
9.524112e-03
9.549031e-03
9.705037e-03
9.838149e-03
9.869736e-03
1.006505e-02
1.012508e-02
1.024813e-02
1.026269e-02
1.034780e-02
1.056590e-02
1.058590e-02
1.061171e-02
1.061853e-02
1.069446e-02
1.074616e-02
1.080786e-02
1.081650e-02
1.088922e-02
1.094385e-02
1.103653e-02
1.121486e-02
1.134839e-02
1.139907e-02
1.144399e-02
1.172987e-02
1.197488e-02
1.199949e-02
1.208374e-02
1.211395e-02
1.225826e-02
1.236117e-02
1.243453e-02
1.245906e-02
1.260485e-02
1.276045e-02
1.417450e-02
1.457285e-02
1.459784e-02
1.468491e-02
1.469170e-02
1.506061e-02
1.513455e-02
1.516241e-02
1.523067e-02
1.529807e-02
1.542113e-02
1.570772e-02
1.574909e-02
1.599266e-02
1.620378e-02
1.624691e-02
1.639549e-02
1.644607e-02
1.698524e-02
1.755419e-02
1.790241e-02
1.805730e-02
1.826163e-02
1.828623e-02
1.838186e-02
1.870851e-02
1.871599e-02
1.888853e-02
1.898504e-02
1.904990e-02
1.942141e-02
1.950735e-02
1.953347e-02
1.994000e-02
2.005039e-02
2.009221e-02
2.025634e-02
2.030850e-02
2.053826e-02
2.081063e-02
2.096140e-02
2.129869e-02
2.172781e-02
2.184554e-02
2.387801e-02
2.416113e-02
2.450210e-02
2.474377e-02
2.494990e-02
2.502830e-02
2.507708e-02
2.555869e-02
2.609721e-02
2.609726e-02
2.655473e-02
2.664306e-02
2.707088e-02
2.717635e-02
2.823876e-02
2.832289e-02
2.845357e-02
2.863206e-02
2.885896e-02
2.893007e-02
2.894044e-02
2.913720e-02
2.916172e-02
2.922528e-02
2.923604e-02
2.932851e-02
2.948325e-02
2.951388e-02
2.956404e-02
2.956977e-02
2.961105e-02
2.970512e-02
2.970655e-02
2.981129e-02
3.010399e-02
3.021804e-02
3.027790e-02
3.028192e-02
3.040503e-02
3.043443e-02
3.057476e-02
3.063275e-02
3.072661e-02
3.081124e-02
3.113648e-02
3.120562e-02
3.143783e-02
3.156959e-02
3.165954e-02
3.178623e-02
3.187972e-02
3.205540e-02
3.220580e-02
3.223601e-02
3.242655e-02
3.270156e-02
3.271552e-02
3.338788e-02
3.345289e-02
3.354405e-02
3.355023e-02
3.367417e-02
3.369856e-02
3.376231e-02
3.391228e-02
3.424333e-02
3.441002e-02
3.454988e-02
3.490663e-02
3.503644e-02
3.516363e-02
3.530681e-02
3.656604e-02
3.659982e-02
3.772834e-02
3.776262e-02
3.846036e-02
3.850840e-02
3.878285e-02
3.896642e-02
3.931368e-02
3.956008e-02
3.987814e-02
4.012558e-02
4.074730e-02
4.105827e-02
4.151223e-02
4.169633e-02
4.201445e-02
4.225091e-02
4.232612e-02
4.264921e-02
4.311040e-02
4.312728e-02
4.380449e-02
4.383995e-02
4.438178e-02
4.440489e-02
4.540888e-02
4.612671e-02
4.622852e-02
4.625963e-02
4.632647e-02
4.636744e-02
4.638750e-02
4.643494e-02
4.665534e-02
4.671030e-02
4.678618e-02
4.689133e-02
4.709436e-02
4.724340e-02
4.740853e-02
4.743170e-02
4.758056e-02
4.759981e-02
4.807553e-02
4.818866e-02
4.835199e-02
4.869920e-02
4.878222e-02
4.907521e-02
4.915197e-02
4.944748e-02
4.955596e-02
4.969832e-02
4.970195e-02
4.985440e-02
4.991229e-02
5.025647e-02
5.036953e-02
5.042587e-02
5.263735e-02
5.302831e-02
5.417524e-02
5.419520e-02
5.472538e-02
5.473881e-02
5.514765e-02
5.543312e-02
5.552815e-02
5.573023e-02
5.602264e-02
5.610150e-02
5.637282e-02
5.683008e-02
5.722723e-02
5.759033e-02
5.761100e-02
5.778133e-02
5.793297e-02
5.794213e-02
5.800443e-02
5.815761e-02
5.825435e-02
5.840592e-02
5.867802e-02
5.873978e-02
5.885135e-02
5.898136e-02
5.906952e-02
5.913165e-02
5.918319e-02
5.919259e-02
5.922761e-02
5.927436e-02
5.957774e-02
5.960277e-02
5.990198e-02
6.009440e-02
6.017095e-02
6.018500e-02
6.021834e-02
6.042641e-02
6.057666e-02
6.062641e-02
6.068144e-02
6.084072e-02
6.085820e-02
6.093373e-02
6.117207e-02
6.120013e-02
6.124493e-02
6.128373e-02
6.135213e-02
6.152608e-02
6.173192e-02
6.174022e-02
6.177056e-02
6.191806e-02
6.238736e-02
6.316478e-02
6.364326e-02
6.437467e-02
6.439793e-02
6.467110e-02
6.486492e-02
6.488391e-02
6.507840e-02
6.515032e-02
6.530524e-02
6.532471e-02
6.535590e-02
6.573014e-02
6.581819e-02
6.583554e-02
6.586070e-02
6.620338e-02
6.623761e-02
6.624006e-02
6.675915e-02
6.721965e-02
6.745241e-02
6.796222e-02
6.849969e-02
6.867236e-02
6.869122e-02
6.897252e-02
6.906742e-02
6.929063e-02
6.987506e-02
7.040768e-02
7.046204e-02
7.061648e-02
7.068999e-02
7.121007e-02
7.196472e-02
7.204932e-02
7.237697e-02
7.264098e-02
7.285337e-02
7.294858e-02
7.305292e-02
7.310715e-02
7.325978e-02
7.326166e-02
7.341080e-02
7.347805e-02
7.381284e-02
7.387520e-02
7.392884e-02
7.437227e-02
7.442473e-02
7.452549e-02
7.454328e-02
7.458115e-02
7.471424e-02
7.471551e-02
7.511010e-02
7.576097e-02
7.599732e-02
7.623103e-02
7.655320e-02
7.664381e-02
7.733985e-02
7.741905e-02
7.836162e-02
7.855065e-02
7.878595e-02
7.891057e-02
7.906489e-02
7.924832e-02
8.131949e-02
8.152374e-02
8.180657e-02
8.182076e-02
8.184299e-02
8.184541e-02
8.234512e-02
8.246078e-02
8.246617e-02
8.386561e-02
8.387152e-02
8.466882e-02
8.493256e-02
8.607804e-02
8.608183e-02
8.613599e-02
8.619124e-02
8.623162e-02
8.632870e-02
8.655816e-02
8.657145e-02
8.657578e-02
8.669953e-02
8.699134e-02
8.720772e-02
8.741981e-02
8.750759e-02
8.782851e-02
8.817687e-02
8.905627e-02
8.914407e-02
8.916387e-02
8.924394e-02
8.940209e-02
8.944157e-02
8.970725e-02
8.973323e-02
8.978600e-02
9.012838e-02
9.041556e-02
9.046932e-02
9.059292e-02
9.128494e-02
9.132498e-02
9.170214e-02
9.183958e-02
9.221252e-02
9.230622e-02
9.231852e-02
9.241910e-02
9.242227e-02
9.247740e-02
9.253877e-02
9.264976e-02
9.287370e-02
9.291727e-02
9.317270e-02
9.321518e-02
9.322761e-02
9.344002e-02
9.348605e-02
9.363329e-02
9.375168e-02
9.389173e-02
9.417901e-02
9.429356e-02
9.436893e-02
9.469085e-02
9.471391e-02
9.507713e-02
9.511370e-02
9.521683e-02
9.535661e-02
9.536347e-02
9.541039e-02
9.568301e-02
9.572805e-02
9.590198e-02
9.598267e-02
9.600351e-02
9.602394e-02
9.615196e-02
9.626334e-02
9.626950e-02
9.649838e-02
9.656078e-02
9.661893e-02
9.709667e-02
9.725365e-02
9.726440e-02
9.742281e-02
9.746120e-02
9.753730e-02
9.773164e-02
9.774522e-02
9.780550e-02
9.781466e-02
9.794066e-02
9.817017e-02
9.836748e-02
9.838603e-02
9.843584e-02
9.868196e-02
9.879264e-02
9.890018e-02
9.902938e-02
9.917414e-02
9.936329e-02
9.950963e-02
9.956468e-02
9.978361e-02
9.983117e-02
9.991665e-02
1.000423e-01
1.002676e-01
1.005895e-01
1.009573e-01
1.009639e-01
1.013498e-01
1.015718e-01
1.016055e-01
1.020904e-01
1.023650e-01
1.023839e-01
1.024065e-01
1.025015e-01
1.026669e-01
1.029755e-01
1.030611e-01
1.031448e-01
1.033630e-01
1.034909e-01
1.038503e-01
1.040451e-01
1.041257e-01
1.046678e-01
1.046702e-01
1.049207e-01
1.049748e-01
1.049798e-01
1.053933e-01
1.055123e-01
1.056977e-01
1.057899e-01
1.058937e-01
1.063357e-01
1.064789e-01
1.065515e-01
1.066269e-01
1.071665e-01
1.073172e-01
1.074627e-01
1.079466e-01
1.081088e-01
1.082519e-01
1.085042e-01
1.087848e-01
1.089136e-01
1.089246e-01
1.090050e-01
1.091534e-01
1.095767e-01
1.096683e-01
1.102349e-01
1.103724e-01
1.105151e-01
1.107839e-01
1.109205e-01
1.110520e-01
1.110968e-01
1.114225e-01
1.114938e-01
1.117396e-01
1.118232e-01
1.118895e-01
1.122855e-01
1.123141e-01
1.134867e-01
1.157756e-01
1.160174e-01
1.160686e-01
1.164885e-01
1.165963e-01
1.166609e-01
1.172530e-01
1.174764e-01
1.175052e-01
1.176191e-01
1.177316e-01
1.178110e-01
1.181752e-01
1.182208e-01
1.184708e-01
1.186119e-01
1.187146e-01
1.187233e-01
1.193453e-01
1.193884e-01
1.194440e-01
1.196738e-01
1.198002e-01
1.200626e-01
1.205506e-01
1.206066e-01
1.206669e-01
1.209141e-01
1.213416e-01
1.214224e-01
1.216648e-01
1.216878e-01
1.217829e-01
1.218437e-01
1.218485e-01
1.218841e-01
1.219523e-01
1.220960e-01
1.223161e-01
1.225634e-01
1.225711e-01
1.231050e-01
1.232107e-01
1.235834e-01
1.236940e-01
1.236981e-01
1.238482e-01
1.239203e-01
1.239286e-01
1.239293e-01
1.243708e-01
1.244055e-01
1.245456e-01
1.246350e-01
1.249124e-01
1.250047e-01
1.250679e-01
1.252576e-01
1.253507e-01
1.254265e-01
1.255519e-01
1.261215e-01
1.261262e-01
1.264731e-01
1.265658e-01
1.266023e-01
1.269736e-01
1.269881e-01
1.272456e-01
1.275036e-01
1.275425e-01
1.278801e-01
1.280370e-01
1.281826e-01
1.287008e-01
1.287152e-01
1.288047e-01
1.291353e-01
1.291362e-01
1.293210e-01
1.293976e-01
1.294706e-01
1.299147e-01
1.300498e-01
1.300540e-01
1.301609e-01
1.301837e-01
1.304539e-01
1.305441e-01
1.311409e-01
1.311551e-01
1.313932e-01
1.314620e-01
1.317269e-01
1.320123e-01
1.321806e-01
1.322528e-01
1.327144e-01
1.328182e-01
1.328222e-01
1.329308e-01
1.329486e-01
1.330777e-01
1.331679e-01
1.334212e-01
1.334733e-01
1.337400e-01
1.338210e-01
1.338432e-01
1.340554e-01
1.340731e-01
1.341094e-01
1.345276e-01
1.345445e-01
1.347424e-01
1.347445e-01
1.349413e-01
1.349924e-01
1.350874e-01
1.351640e-01
1.351648e-01
1.352636e-01
1.353250e-01
1.355334e-01
1.356530e-01
1.358129e-01
1.359909e-01
1.360208e-01
1.362457e-01
1.362705e-01
1.363531e-01
1.365156e-01
1.365305e-01
1.368002e-01
1.369188e-01
1.369753e-01
1.373206e-01
1.374572e-01
1.375710e-01
1.376039e-01
1.378131e-01
1.380385e-01
1.381322e-01
1.382217e-01
1.382725e-01
1.383294e-01
1.383829e-01
1.384770e-01
1.384848e-01
1.386358e-01
1.388395e-01
1.390780e-01
1.391954e-01
1.392253e-01
1.393749e-01
1.394326e-01
1.394915e-01
1.396035e-01
1.397031e-01
1.399862e-01
1.402052e-01
1.403504e-01
1.403627e-01
1.404601e-01
1.405280e-01
1.406254e-01
1.409096e-01
1.411555e-01
1.415052e-01
1.416708e-01
1.418404e-01
1.419002e-01
1.422705e-01
1.423919e-01
1.424830e-01
1.424831e-01
1.425995e-01
1.427160e-01
1.427170e-01
1.427806e-01
1.431258e-01
1.432842e-01
1.433040e-01
1.434468e-01
1.436183e-01
1.439536e-01
1.439916e-01
1.440293e-01
1.441407e-01
1.442807e-01
1.443899e-01
1.444174e-01
1.445008e-01
1.445200e-01
1.446847e-01
1.446910e-01
1.448035e-01
1.448415e-01
1.451030e-01
1.452735e-01
1.455161e-01
1.455558e-01
1.455687e-01
1.457755e-01
1.457768e-01
1.457935e-01
1.459090e-01
1.463256e-01
1.463830e-01
1.464923e-01
1.466887e-01
1.467137e-01
1.467334e-01
1.467776e-01
1.470247e-01
1.472124e-01
1.473356e-01
1.474888e-01
1.476145e-01
1.476240e-01
1.476894e-01
1.479991e-01
1.480135e-01
1.482103e-01
1.483201e-01
1.483563e-01
1.484790e-01
1.486709e-01
1.486832e-01
1.487925e-01
1.488287e-01
1.490484e-01
1.490775e-01
1.491962e-01
1.492136e-01
1.493013e-01
1.493385e-01
1.494493e-01
1.496266e-01
1.500349e-01
1.501367e-01
1.501631e-01
1.501688e-01
1.504508e-01
1.506393e-01
1.507151e-01
1.508644e-01
1.509341e-01
1.509933e-01
1.512372e-01
1.512931e-01
1.514093e-01
1.515962e-01
1.522975e-01
1.523139e-01
1.523937e-01
1.528379e-01
1.529067e-01
1.530144e-01
1.531124e-01
1.531803e-01
1.532101e-01
1.532405e-01
1.533386e-01
1.535626e-01
1.535787e-01
1.538155e-01
1.538659e-01
1.539072e-01
1.547571e-01
1.548778e-01
1.550574e-01
1.551417e-01
1.554246e-01
1.555336e-01
1.556105e-01
1.557175e-01
1.558508e-01
1.564135e-01
1.567833e-01
1.568116e-01
1.572338e-01
1.573130e-01
1.575741e-01
1.576259e-01
1.576961e-01
1.579536e-01
1.580726e-01
1.583527e-01
1.586913e-01
1.587391e-01
1.587600e-01
1.588374e-01
1.589192e-01
1.589317e-01
1.593958e-01
1.594337e-01
1.597944e-01
1.599034e-01
1.602164e-01
1.602270e-01
1.604617e-01
1.604801e-01
1.605261e-01
1.605284e-01
1.606662e-01
1.609146e-01
1.609967e-01
1.612713e-01
1.613965e-01
1.617636e-01
1.618575e-01
1.620624e-01
1.621119e-01
1.621127e-01
1.623089e-01
1.624467e-01
1.625662e-01
1.625897e-01
1.627697e-01
1.628176e-01
1.632667e-01
1.632699e-01
1.635262e-01
1.636301e-01
1.640304e-01
1.649075e-01
1.650507e-01
1.651087e-01
1.656925e-01
1.657345e-01
1.663045e-01
1.663662e-01
1.665009e-01
1.670808e-01
1.674192e-01
1.674237e-01
1.679335e-01
1.683184e-01
1.684175e-01
1.692161e-01
1.693225e-01
1.701389e-01
1.706160e-01
1.710710e-01
1.712274e-01
1.712584e-01
1.714567e-01
1.717196e-01
1.719693e-01
1.720071e-01
1.720127e-01
1.720464e-01
1.724715e-01
1.724767e-01
1.726391e-01
1.729932e-01
1.731090e-01
1.733125e-01
1.735526e-01
1.738893e-01
1.740326e-01
1.742058e-01
1.742518e-01
1.744247e-01
1.749258e-01
1.750657e-01
1.752572e-01
1.752793e-01
1.753760e-01
1.755006e-01
1.755822e-01
1.757164e-01
1.763449e-01
1.764157e-01
1.764364e-01
1.766746e-01
1.768334e-01
1.768745e-01
1.771481e-01
1.776745e-01
1.778104e-01
1.778636e-01
1.779212e-01
1.781466e-01
1.781788e-01
1.784700e-01
1.786402e-01
1.787760e-01
1.789542e-01
1.790152e-01
1.791951e-01
1.793878e-01
1.798997e-01
1.799089e-01
1.800066e-01
1.802150e-01
1.804558e-01
1.805026e-01
1.805462e-01
1.807472e-01
1.810933e-01
1.811498e-01
1.813363e-01
1.817470e-01
1.819439e-01
1.822338e-01
1.824347e-01
1.826254e-01
1.827682e-01
1.828137e-01
1.829112e-01
1.830855e-01
1.834788e-01
1.837395e-01
1.837635e-01
1.838403e-01
1.839788e-01
1.844397e-01
1.845818e-01
1.846079e-01
1.846805e-01
1.849089e-01
1.849783e-01
1.849831e-01
1.856386e-01
1.858430e-01
1.862358e-01
1.862854e-01
1.867269e-01
1.868085e-01
1.869428e-01
1.870581e-01
1.871828e-01
1.873455e-01
1.877805e-01
1.880344e-01
1.880461e-01
1.886051e-01
1.888935e-01
1.889826e-01
1.891529e-01
1.891860e-01
1.892967e-01
1.894706e-01
1.895785e-01
1.899831e-01
1.901195e-01
1.902615e-01
1.905897e-01
1.906458e-01
1.909841e-01
1.909901e-01
1.912064e-01
1.915704e-01
1.918298e-01
1.921413e-01
1.925513e-01
1.925783e-01
1.926572e-01
1.929172e-01
1.933046e-01
1.934898e-01
1.935181e-01
1.938596e-01
1.940155e-01
1.940952e-01
1.943531e-01
1.944658e-01
1.945773e-01
1.955725e-01
1.957160e-01
1.958666e-01
1.959387e-01
1.959486e-01
1.962759e-01
1.966245e-01
1.969263e-01
1.971462e-01
1.971972e-01
1.972403e-01
1.974680e-01
1.976240e-01
1.982398e-01
1.983161e-01
1.986185e-01
1.987315e-01
1.987481e-01
1.989388e-01
1.989602e-01
1.990488e-01
1.993903e-01
1.994032e-01
1.996733e-01
1.998165e-01
1.998647e-01
1.999066e-01
1.999486e-01
2.005106e-01
2.006487e-01
2.007102e-01
2.008680e-01
2.011572e-01
2.013727e-01
2.017908e-01
2.018675e-01
2.023815e-01
2.024114e-01
2.024701e-01
2.026690e-01
2.027338e-01
2.029162e-01
2.029962e-01
2.034889e-01
2.035569e-01
2.037187e-01
2.038499e-01
2.038655e-01
2.040748e-01
2.048550e-01
2.049094e-01
2.049730e-01
2.050340e-01
2.055371e-01
2.056413e-01
2.057923e-01
2.058282e-01
2.059950e-01
2.060832e-01
2.065786e-01
2.068804e-01
2.070076e-01
2.070859e-01
2.072836e-01
2.074048e-01
2.077967e-01
2.080803e-01
2.083284e-01
2.083503e-01
2.083701e-01
2.084224e-01
2.089269e-01
2.092332e-01
2.093435e-01
2.095401e-01
2.096509e-01
2.096834e-01
2.101199e-01
2.101982e-01
2.106503e-01
2.108327e-01
2.108932e-01
2.109570e-01
2.115077e-01
2.118026e-01
2.118878e-01
2.122595e-01
2.122818e-01
2.122850e-01
2.124036e-01
2.125938e-01
2.126314e-01
2.128712e-01
2.131548e-01
2.133031e-01
2.136431e-01
2.137792e-01
2.137855e-01
2.141534e-01
2.142440e-01
2.145066e-01
2.145467e-01
2.148209e-01
2.152460e-01
2.153587e-01
2.154115e-01
2.155893e-01
2.159816e-01
2.160474e-01
2.163796e-01
2.168113e-01
2.169559e-01
2.171088e-01
2.171847e-01
2.173136e-01
2.175043e-01
2.176355e-01
2.178510e-01
2.179088e-01
2.179412e-01
2.180899e-01
2.183626e-01
2.185953e-01
2.187174e-01
2.189850e-01
2.191156e-01
2.191360e-01
2.196198e-01
2.197547e-01
2.198234e-01
2.198770e-01
2.201184e-01
2.201896e-01
2.205657e-01
2.205702e-01
2.208938e-01
2.209014e-01
2.209443e-01
2.209943e-01
2.219798e-01
2.221091e-01
2.221754e-01
2.223147e-01
2.227011e-01
2.228505e-01
2.229198e-01
2.229764e-01
2.231035e-01
2.231604e-01
2.237306e-01
2.237610e-01
2.237807e-01
2.238529e-01
2.240396e-01
2.245488e-01
2.246004e-01
2.247177e-01
2.249726e-01
2.250316e-01
2.253760e-01
2.254852e-01
2.259224e-01
2.260101e-01
2.261215e-01
2.261243e-01
2.263495e-01
2.267910e-01
2.270659e-01
2.272402e-01
2.273687e-01
2.275321e-01
2.275830e-01
2.276149e-01
2.279627e-01
2.283580e-01
2.284520e-01
2.285132e-01
2.285377e-01
2.289669e-01
2.289738e-01
2.291774e-01
2.292332e-01
2.294588e-01
2.297071e-01
2.299244e-01
2.299316e-01
2.301137e-01
2.303192e-01
2.304706e-01
2.305742e-01
2.309581e-01
2.309670e-01
2.310466e-01
2.310513e-01
2.310833e-01
2.313862e-01
2.317261e-01
2.319524e-01
2.321276e-01
2.322015e-01
2.322157e-01
2.322855e-01
2.324687e-01
2.324934e-01
2.325322e-01
2.328024e-01
2.332412e-01
2.336624e-01
2.337426e-01
2.338693e-01
2.341652e-01
2.341793e-01
2.348406e-01
2.348576e-01
2.349046e-01
2.350055e-01
2.350098e-01
2.352545e-01
2.352828e-01
2.353609e-01
2.354053e-01
2.361656e-01
2.362225e-01
2.362750e-01
2.363225e-01
2.365054e-01
2.365748e-01
2.366088e-01
2.370057e-01
2.370469e-01
2.371266e-01
2.375864e-01
2.376307e-01
2.377057e-01
2.378379e-01
2.379466e-01
2.381099e-01
2.381365e-01
2.387685e-01
2.388515e-01
2.389642e-01
2.393905e-01
2.395846e-01
2.396362e-01
2.398985e-01
2.399839e-01
2.402184e-01
2.404493e-01
2.404524e-01
2.406325e-01
2.406785e-01
2.406794e-01
2.410443e-01
2.413612e-01
2.414479e-01
2.414929e-01
2.415424e-01
2.419329e-01
2.420372e-01
2.421014e-01
2.424721e-01
2.426158e-01
2.428082e-01
2.429052e-01
2.431123e-01
2.431175e-01
2.432407e-01
2.432808e-01
2.436305e-01
2.438224e-01
2.439067e-01
2.439679e-01
2.445189e-01
2.447136e-01
2.448781e-01
2.450301e-01
2.450759e-01
2.451563e-01
2.453202e-01
2.454600e-01
2.455363e-01
2.456874e-01
2.457787e-01
2.460654e-01
2.462762e-01
2.463766e-01
2.465719e-01
2.468616e-01
2.469903e-01
2.470098e-01
2.471435e-01
2.472297e-01
2.474352e-01
2.476825e-01
2.480167e-01
2.480506e-01
2.482053e-01
2.483137e-01
2.484590e-01
2.486021e-01
2.487276e-01
2.492973e-01
2.495130e-01
2.498794e-01
2.499227e-01
2.499896e-01
2.500230e-01
2.500446e-01
2.503283e-01
2.503640e-01
2.507405e-01
2.510387e-01
2.510628e-01
2.510904e-01
2.513108e-01
2.515232e-01
2.518249e-01
2.520006e-01
2.522903e-01
2.523336e-01
2.525687e-01
2.527072e-01
2.527493e-01
2.528116e-01
2.529042e-01
2.531476e-01
2.532373e-01
2.536895e-01
2.537804e-01
2.540381e-01
2.540898e-01
2.541102e-01
2.542648e-01
2.543706e-01
2.544665e-01
2.545349e-01
2.547371e-01
2.549502e-01
2.549815e-01
2.551276e-01
2.554885e-01
2.555193e-01
2.556636e-01
2.558355e-01
2.561672e-01
2.562201e-01
2.564496e-01
2.566540e-01
2.569094e-01
2.569623e-01
2.570293e-01
2.572099e-01
2.572406e-01
2.575529e-01
2.576391e-01
2.576462e-01
2.579607e-01
2.582107e-01
2.583448e-01
2.586611e-01
2.588373e-01
2.588497e-01
2.589227e-01
2.589978e-01
2.592129e-01
2.595563e-01
2.596194e-01
2.596368e-01
2.597718e-01
2.600435e-01
2.603286e-01
2.604756e-01
2.605213e-01
2.605876e-01
2.607936e-01
2.607949e-01
2.610746e-01
2.613189e-01
2.615131e-01
2.617251e-01
2.620757e-01
2.623184e-01
2.623424e-01
2.624873e-01
2.625154e-01
2.626646e-01
2.632474e-01
2.634789e-01
2.636076e-01
2.640272e-01
2.640752e-01
2.642124e-01
2.642476e-01
2.644791e-01
2.644915e-01
2.649057e-01
2.651555e-01
2.653594e-01
2.653725e-01
2.654400e-01
2.655177e-01
2.655700e-01
2.658745e-01
2.661701e-01
2.662028e-01
2.665524e-01
2.667622e-01
2.668634e-01
2.671312e-01
2.671366e-01
2.674358e-01
2.679832e-01
2.681258e-01
2.681359e-01
2.682564e-01
2.682811e-01
2.687184e-01
2.687752e-01
2.688314e-01
2.691032e-01
2.694905e-01
2.696319e-01
2.696736e-01
2.697021e-01
2.700262e-01
2.702964e-01
2.702995e-01
2.706216e-01
2.706252e-01
2.708131e-01
2.709047e-01
2.711391e-01
2.711955e-01
2.714052e-01
2.715246e-01
2.715354e-01
2.716311e-01
2.720558e-01
2.720832e-01
2.722988e-01
2.724258e-01
2.725438e-01
2.727418e-01
2.729156e-01
2.729868e-01
2.730714e-01
2.730831e-01
2.730938e-01
2.735212e-01
2.736947e-01
2.737014e-01
2.737373e-01
2.738953e-01
2.739623e-01
2.741504e-01
2.745797e-01
2.747170e-01
2.748547e-01
2.749256e-01
2.750187e-01
2.751358e-01
2.753681e-01
2.755475e-01
2.758549e-01
2.758832e-01
2.759592e-01
2.762125e-01
2.763832e-01
2.766071e-01
2.766734e-01
2.768949e-01
2.771497e-01
2.773311e-01
2.775072e-01
2.776000e-01
2.776005e-01
2.779175e-01
2.779708e-01
2.780225e-01
2.783706e-01
2.786706e-01
2.786814e-01
2.786894e-01
2.790794e-01
2.792780e-01
2.793121e-01
2.794982e-01
2.796609e-01
2.798448e-01
2.800537e-01
2.800737e-01
2.804346e-01
2.805345e-01
2.808092e-01
2.808467e-01
2.808598e-01
2.815826e-01
2.817203e-01
2.817211e-01
2.817684e-01
2.818878e-01
2.820753e-01
2.822190e-01
2.824471e-01
2.824676e-01
2.824940e-01
2.825564e-01
2.826565e-01
2.828544e-01
2.828644e-01
2.832623e-01
2.833657e-01
2.833658e-01
2.833840e-01
2.836483e-01
2.839132e-01
2.841846e-01
2.842474e-01
2.842597e-01
2.845278e-01
2.847129e-01
2.847169e-01
2.847607e-01
2.851793e-01
2.854924e-01
2.855161e-01
2.855308e-01
2.856726e-01
2.858077e-01
2.859382e-01
2.859484e-01
2.859595e-01
2.862406e-01
2.865563e-01
2.866749e-01
2.867344e-01
2.868564e-01
2.870057e-01
2.874321e-01
2.877834e-01
2.879616e-01
2.881425e-01
2.881633e-01
2.883530e-01
2.889617e-01
2.889883e-01
2.890314e-01
2.892541e-01
2.893704e-01
2.896876e-01
2.897086e-01
2.898143e-01
2.898473e-01
2.899794e-01
2.901710e-01
2.903445e-01
2.905780e-01
2.906894e-01
2.907396e-01
2.908544e-01
2.910482e-01
2.910808e-01
2.911893e-01
2.913664e-01
2.915079e-01
2.915866e-01
2.920985e-01
2.921118e-01
2.922575e-01
2.923025e-01
2.926732e-01
2.927307e-01
2.928586e-01
2.928787e-01
2.929478e-01
2.934304e-01
2.938067e-01
2.938656e-01
2.939348e-01
2.939506e-01
2.939983e-01
2.941091e-01
2.942658e-01
2.946091e-01
2.949052e-01
2.949386e-01
2.952239e-01
2.953901e-01
2.954127e-01
2.955391e-01
2.956097e-01
2.956131e-01
2.956676e-01
2.960971e-01
2.961654e-01
2.962844e-01
2.966956e-01
2.967026e-01
2.967624e-01
2.967852e-01
2.970103e-01
2.971253e-01
2.972151e-01
2.975062e-01
2.975142e-01
2.977468e-01
2.982948e-01
2.983071e-01
2.984737e-01
2.985204e-01
2.985858e-01
2.987596e-01
2.988142e-01
2.988862e-01
2.991936e-01
2.993025e-01
2.995250e-01
2.996603e-01
2.998845e-01
3.000881e-01
3.002003e-01
3.002442e-01
3.003321e-01
3.004879e-01
3.005653e-01
3.007316e-01
3.009954e-01
3.011681e-01
3.012277e-01
3.013103e-01
3.014388e-01
3.014929e-01
3.018236e-01
3.019566e-01
3.020198e-01
3.020792e-01
3.021597e-01
3.024206e-01
3.025666e-01
3.028364e-01
3.032319e-01
3.033155e-01
3.033954e-01
3.033955e-01
3.033987e-01
3.036164e-01
3.039813e-01
3.040976e-01
3.042289e-01
3.042397e-01
3.043194e-01
3.043382e-01
3.043969e-01
3.047757e-01
3.054197e-01
3.054731e-01
3.055292e-01
3.055669e-01
3.056087e-01
3.056135e-01
3.057262e-01
3.059729e-01
3.063789e-01
3.065446e-01
3.065469e-01
3.065844e-01
3.066189e-01
3.066928e-01
3.068288e-01
3.068326e-01
3.072482e-01
3.073407e-01
3.074846e-01
3.076309e-01
3.076660e-01
3.077370e-01
3.079513e-01
3.079853e-01
3.082583e-01
3.082843e-01
3.083036e-01
3.085265e-01
3.085761e-01
3.086680e-01
3.087747e-01
3.089396e-01
3.091675e-01
3.092279e-01
3.094078e-01
3.094854e-01
3.097983e-01
3.101849e-01
3.102339e-01
3.103040e-01
3.104772e-01
3.107035e-01
3.110225e-01
3.110983e-01
3.111145e-01
3.111592e-01
3.112075e-01
3.115405e-01
3.115963e-01
3.117138e-01
3.118102e-01
3.119402e-01
3.119464e-01
3.120432e-01
3.121183e-01
3.121719e-01
3.122144e-01
3.124226e-01
3.125147e-01
3.127360e-01
3.128921e-01
3.129882e-01
3.132531e-01
3.133029e-01
3.136995e-01
3.138041e-01
3.139876e-01
3.142620e-01
3.143025e-01
3.146668e-01
3.147007e-01
3.147805e-01
3.150639e-01
3.150912e-01
3.152694e-01
3.154054e-01
3.157576e-01
3.160298e-01
3.160970e-01
3.162653e-01
3.164061e-01
3.165091e-01
3.171285e-01
3.171616e-01
3.173585e-01
3.173861e-01
3.173873e-01
3.174648e-01
3.177059e-01
3.177362e-01
3.177592e-01
3.178867e-01
3.178905e-01
3.180022e-01
3.186925e-01
3.187096e-01
3.188070e-01
3.188242e-01
3.192640e-01
3.193182e-01
3.194371e-01
3.197101e-01
3.198496e-01
3.198991e-01
3.200075e-01
3.201124e-01
3.202219e-01
3.203068e-01
3.206715e-01
3.207454e-01
3.211987e-01
3.212525e-01
3.213629e-01
3.214665e-01
3.215094e-01
3.216638e-01
3.221081e-01
3.221497e-01
3.222371e-01
3.225714e-01
3.226052e-01
3.230269e-01
3.230290e-01
3.232535e-01
3.232810e-01
3.234300e-01
3.235487e-01
3.236816e-01
3.239291e-01
3.239930e-01
3.241750e-01
3.245994e-01
3.246059e-01
3.246658e-01
3.248053e-01
3.248388e-01
3.250187e-01
3.250693e-01
3.252426e-01
3.252922e-01
3.254453e-01
3.256567e-01
3.257026e-01
3.260149e-01
3.260447e-01
3.261468e-01
3.263142e-01
3.263574e-01
3.266196e-01
3.267441e-01
3.270611e-01
3.271762e-01
3.271790e-01
3.272368e-01
3.274105e-01
3.275377e-01
3.275568e-01
3.275821e-01
3.279446e-01
3.282700e-01
3.283035e-01
3.287793e-01
3.289093e-01
3.289219e-01
3.290167e-01
3.290507e-01
3.291271e-01
3.291483e-01
3.292020e-01
3.292166e-01
3.293273e-01
3.294515e-01
3.295050e-01
3.297290e-01
3.297788e-01
3.299228e-01
3.300037e-01
3.303939e-01
3.305111e-01
3.305689e-01
3.308716e-01
3.310931e-01
3.311839e-01
3.313687e-01
3.314623e-01
3.315318e-01
3.315502e-01
3.316206e-01
3.320884e-01
3.320985e-01
3.322883e-01
3.323590e-01
3.326086e-01
3.326527e-01
3.332984e-01
3.333220e-01
3.333431e-01
3.334341e-01
3.334948e-01
3.336697e-01
3.338239e-01
3.339760e-01
3.341572e-01
3.343190e-01
3.344290e-01
3.346255e-01
3.348779e-01
3.349066e-01
3.349723e-01
3.351126e-01
3.354646e-01
3.356195e-01
3.356898e-01
3.357661e-01
3.358803e-01
3.362216e-01
3.362819e-01
3.363401e-01
3.365139e-01
3.365540e-01
3.369139e-01
3.369882e-01
3.371096e-01
3.371593e-01
3.372264e-01
3.377601e-01
3.378588e-01
3.380458e-01
3.381803e-01
3.385125e-01
3.385501e-01
3.387707e-01
3.389099e-01
3.390179e-01
3.391092e-01
3.392612e-01
3.393091e-01
3.394412e-01
3.396060e-01
3.396432e-01
3.396670e-01
3.398482e-01
3.403619e-01
3.403796e-01
3.406160e-01
3.408841e-01
3.409563e-01
3.410889e-01
3.411737e-01
3.412645e-01
3.415201e-01
3.420021e-01
3.420595e-01
3.421857e-01
3.423443e-01
3.423555e-01
3.424144e-01
3.428096e-01
3.430953e-01
3.430955e-01
3.432882e-01
3.433198e-01
3.434043e-01
3.435579e-01
3.436131e-01
3.440317e-01
3.442997e-01
3.443064e-01
3.445846e-01
3.446128e-01
3.447096e-01
3.447637e-01
3.451683e-01
3.452825e-01
3.454674e-01
3.455749e-01
3.457595e-01
3.460794e-01
3.461991e-01
3.465412e-01
3.466097e-01
3.467264e-01
3.468802e-01
3.470243e-01
3.471172e-01
3.472407e-01
3.473533e-01
3.475262e-01
3.479182e-01
3.479504e-01
3.479632e-01
3.481860e-01
3.482287e-01
3.482506e-01
3.484399e-01
3.485476e-01
3.488776e-01
3.493519e-01
3.494306e-01
3.494868e-01
3.495069e-01
3.496026e-01
3.497337e-01
3.498901e-01
3.499752e-01
3.501834e-01
3.502697e-01
3.504809e-01
3.505084e-01
3.507084e-01
3.507530e-01
3.509892e-01
3.510178e-01
3.512565e-01
3.514177e-01
3.515700e-01
3.518368e-01
3.520777e-01
3.522319e-01
3.522929e-01
3.524847e-01
3.529949e-01
3.530677e-01
3.531428e-01
3.533894e-01
3.535818e-01
3.536849e-01
3.537855e-01
3.538356e-01
3.538556e-01
3.539888e-01
3.542941e-01
3.544086e-01
3.544419e-01
3.547231e-01
3.548046e-01
3.550647e-01
3.552667e-01
3.555843e-01
3.557237e-01
3.557646e-01
3.559375e-01
3.561229e-01
3.561749e-01
3.562091e-01
3.562520e-01
3.562885e-01
3.566171e-01
3.566598e-01
3.568988e-01
3.570647e-01
3.572369e-01
3.574518e-01
3.574643e-01
3.577521e-01
3.581602e-01
3.581967e-01
3.585133e-01
3.585735e-01
3.588611e-01
3.592459e-01
3.592928e-01
3.593365e-01
3.596180e-01
3.598434e-01
3.599016e-01
3.600920e-01
3.602047e-01
3.605001e-01
3.607486e-01
3.607705e-01
3.609189e-01
3.610552e-01
3.611318e-01
3.614459e-01
3.615601e-01
3.619424e-01
3.619465e-01
3.620295e-01
3.623461e-01
3.626493e-01
3.626826e-01
3.628361e-01
3.628432e-01
3.628505e-01
3.630508e-01
3.631726e-01
3.633592e-01
3.638375e-01
3.639551e-01
3.642737e-01
3.643524e-01
3.643942e-01
3.645403e-01
3.651226e-01
3.651237e-01
3.653718e-01
3.653872e-01
3.657017e-01
3.657196e-01
3.657877e-01
3.660979e-01
3.662980e-01
3.664301e-01
3.668967e-01
3.670637e-01
3.670788e-01
3.674630e-01
3.677013e-01
3.677808e-01
3.680780e-01
3.682073e-01
3.682626e-01
3.683406e-01
3.684602e-01
3.688767e-01
3.691716e-01
3.695026e-01
3.695646e-01
3.699092e-01
3.700469e-01
3.700936e-01
3.702703e-01
3.705378e-01
3.706928e-01
3.708793e-01
3.710477e-01
3.713741e-01
3.715427e-01
3.715617e-01
3.717371e-01
3.720233e-01
3.721712e-01
3.726818e-01
3.727602e-01
3.729252e-01
3.730864e-01
3.731533e-01
3.732821e-01
3.733959e-01
3.734222e-01
3.735306e-01
3.739979e-01
3.740201e-01
3.743878e-01
3.744189e-01
3.745263e-01
3.749531e-01
3.750105e-01
3.750743e-01
3.751254e-01
3.752240e-01
3.755334e-01
3.756931e-01
3.760349e-01
3.762422e-01
3.765189e-01
3.767179e-01
3.769269e-01
3.772756e-01
3.773987e-01
3.774224e-01
3.777064e-01
3.777160e-01
3.778803e-01
3.781181e-01
3.782471e-01
3.785260e-01
3.785959e-01
3.786116e-01
3.792056e-01
3.795792e-01
3.796712e-01
3.797992e-01
3.798849e-01
3.800024e-01
3.801531e-01
3.801857e-01
3.802141e-01
3.806112e-01
3.807897e-01
3.808224e-01
3.813791e-01
3.813950e-01
3.813973e-01
3.815346e-01
3.815931e-01
3.816400e-01
3.817656e-01
3.820082e-01
3.822318e-01
3.822858e-01
3.824364e-01
3.826094e-01
3.829980e-01
3.830285e-01
3.833831e-01
3.834515e-01
3.835010e-01
3.839461e-01
3.841231e-01
3.841366e-01
3.842688e-01
3.845883e-01
3.847869e-01
3.848172e-01
3.850566e-01
3.855731e-01
3.861335e-01
3.861601e-01
3.864533e-01
3.864546e-01
3.867561e-01
3.868416e-01
3.870830e-01
3.871822e-01
3.872469e-01
3.874201e-01
3.874606e-01
3.880053e-01
3.880633e-01
3.881422e-01
3.885160e-01
3.887366e-01
3.889085e-01
3.890371e-01
3.890994e-01
3.894020e-01
3.894092e-01
3.894384e-01
3.896143e-01
3.902670e-01
3.903720e-01
3.906076e-01
3.906931e-01
3.910304e-01
3.911721e-01
3.914252e-01
3.917767e-01
3.918129e-01
3.918175e-01
3.927501e-01
3.928676e-01
3.929651e-01
3.929996e-01
3.930341e-01
3.933059e-01
3.935396e-01
3.937123e-01
3.937723e-01
3.938625e-01
3.939819e-01
3.945655e-01
3.946489e-01
3.948030e-01
3.949448e-01
3.951468e-01
3.955064e-01
3.956008e-01
3.958289e-01
3.959117e-01
3.959657e-01
3.968204e-01
3.971525e-01
3.973452e-01
3.975572e-01
3.978212e-01
3.978854e-01
3.979907e-01
3.983865e-01
3.984906e-01
3.985483e-01
3.985894e-01
3.987549e-01
3.988226e-01
3.989363e-01
3.991727e-01
3.992250e-01
3.993024e-01
3.993424e-01
3.998674e-01
4.002975e-01
4.003099e-01
4.008016e-01
4.010032e-01
4.010533e-01
4.014088e-01
4.014835e-01
4.014994e-01
4.017028e-01
4.020353e-01
4.022270e-01
4.023710e-01
4.024024e-01
4.026764e-01
4.027264e-01
4.029182e-01
4.029946e-01
4.034400e-01
4.038750e-01
4.039507e-01
4.040784e-01
4.043597e-01
4.045539e-01
4.047470e-01
4.051221e-01
4.051443e-01
4.051989e-01
4.056479e-01
4.056509e-01
4.057874e-01
4.060090e-01
4.060533e-01
4.062275e-01
4.062927e-01
4.067839e-01
4.068673e-01
4.069322e-01
4.073226e-01
4.077956e-01
4.080721e-01
4.081451e-01
4.084099e-01
4.084979e-01
4.089289e-01
4.089371e-01
4.091165e-01
4.092481e-01
4.094065e-01
4.095363e-01
4.096278e-01
4.099047e-01
4.101388e-01
4.106136e-01
4.106306e-01
4.108004e-01
4.109290e-01
4.109468e-01
4.113984e-01
4.116816e-01
4.118484e-01
4.119552e-01
4.121405e-01
4.124049e-01
4.127420e-01
4.129360e-01
4.133051e-01
4.133995e-01
4.134328e-01
4.134644e-01
4.135920e-01
4.137859e-01
4.142536e-01
4.143904e-01
4.144907e-01
4.145497e-01
4.146431e-01
4.146933e-01
4.150630e-01
4.152736e-01
4.153177e-01
4.156924e-01
4.158261e-01
4.162404e-01
4.162725e-01
4.168168e-01
4.169753e-01
4.171615e-01
4.171718e-01
4.172466e-01
4.177257e-01
4.179577e-01
4.183287e-01
4.183646e-01
4.184561e-01
4.184787e-01
4.185892e-01
4.186942e-01
4.190857e-01
4.191928e-01
4.195802e-01
4.197200e-01
4.198963e-01
4.201966e-01
4.202125e-01
4.202552e-01
4.206826e-01
4.206865e-01
4.210535e-01
4.218258e-01
4.218775e-01
4.223291e-01
4.223487e-01
4.224143e-01
4.225781e-01
4.227571e-01
4.228494e-01
4.229564e-01
4.235050e-01
4.237615e-01
4.239692e-01
4.240451e-01
4.241714e-01
4.242401e-01
4.244726e-01
4.247489e-01
4.247599e-01
4.250817e-01
4.255963e-01
4.256008e-01
4.263767e-01
4.264323e-01
4.266936e-01
4.269232e-01
4.270666e-01
4.273133e-01
4.275499e-01
4.276850e-01
4.277668e-01
4.279737e-01
4.281060e-01
4.288594e-01
4.288910e-01
4.288950e-01
4.290350e-01
4.291252e-01
4.291521e-01
4.295038e-01
4.295991e-01
4.296487e-01
4.300518e-01
4.306760e-01
4.309303e-01
4.310588e-01
4.314137e-01
4.314345e-01
4.314475e-01
4.319033e-01
4.322244e-01
4.323487e-01
4.326904e-01
4.330028e-01
4.332850e-01
4.334725e-01
4.338211e-01
4.339605e-01
4.341735e-01
4.346865e-01
4.348035e-01
4.349438e-01
4.351507e-01
4.352689e-01
4.353546e-01
4.358355e-01
4.359867e-01
4.363191e-01
4.363464e-01
4.365609e-01
4.367413e-01
4.371103e-01
4.371918e-01
4.374851e-01
4.376335e-01
4.381838e-01
4.382461e-01
4.382934e-01
4.387584e-01
4.387676e-01
4.395111e-01
4.395987e-01
4.396201e-01
4.400002e-01
4.401196e-01
4.406698e-01
4.407199e-01
4.407447e-01
4.412803e-01
4.413756e-01
4.414327e-01
4.415417e-01
4.419019e-01
4.423925e-01
4.424556e-01
4.426222e-01
4.429722e-01
4.430311e-01
4.434103e-01
4.435224e-01
4.437668e-01
4.438304e-01
4.440490e-01
4.442791e-01
4.447358e-01
4.449733e-01
4.450601e-01
4.453560e-01
4.454910e-01
4.459268e-01
4.460116e-01
4.460339e-01
4.463416e-01
4.466193e-01
4.466224e-01
4.467451e-01
4.469968e-01
4.470054e-01
4.471137e-01
4.472288e-01
4.472920e-01
4.475389e-01
4.477641e-01
4.483481e-01
4.483619e-01
4.484140e-01
4.486336e-01
4.488270e-01
4.492181e-01
4.494441e-01
4.497689e-01
4.497922e-01
4.498222e-01
4.499642e-01
4.500389e-01
4.501503e-01
4.502665e-01
4.502860e-01
4.505767e-01
4.507444e-01
4.508509e-01
4.513921e-01
4.514281e-01
4.514477e-01
4.515396e-01
4.519186e-01
4.519272e-01
4.520643e-01
4.520815e-01
4.524304e-01
4.526349e-01
4.526580e-01
4.528697e-01
4.529091e-01
4.535134e-01
4.535287e-01
4.538264e-01
4.539292e-01
4.540177e-01
4.541074e-01
4.542921e-01
4.544202e-01
4.544549e-01
4.549600e-01
4.551469e-01
4.552642e-01
4.555214e-01
4.555597e-01
4.556191e-01
4.557084e-01
4.560087e-01
4.560209e-01
4.560954e-01
4.561139e-01
4.563823e-01
4.564293e-01
4.565212e-01
4.569470e-01
4.571012e-01
4.571802e-01
4.574553e-01
4.577198e-01
4.578532e-01
4.578607e-01
4.581637e-01
4.583827e-01
4.587772e-01
4.587976e-01
4.588944e-01
4.592409e-01
4.593426e-01
4.594244e-01
4.594587e-01
4.597568e-01
4.601636e-01
4.602383e-01
4.605148e-01
4.607049e-01
4.607895e-01
4.609212e-01
4.611060e-01
4.616094e-01
4.616605e-01
4.617898e-01
4.618269e-01
4.618497e-01
4.621523e-01
4.621908e-01
4.623193e-01
4.623439e-01
4.623586e-01
4.623632e-01
4.625657e-01
4.627778e-01
4.628708e-01
4.630954e-01
4.632179e-01
4.632604e-01
4.634549e-01
4.635014e-01
4.635439e-01
4.638288e-01
4.640739e-01
4.643309e-01
4.645458e-01
4.645985e-01
4.648810e-01
4.651291e-01
4.656938e-01
4.658928e-01
4.659131e-01
4.659829e-01
4.660543e-01
4.662110e-01
4.663145e-01
4.665380e-01
4.667170e-01
4.668539e-01
4.669241e-01
4.669781e-01
4.670987e-01
4.673706e-01
4.674656e-01
4.674821e-01
4.679010e-01
4.680138e-01
4.680702e-01
4.681467e-01
4.682797e-01
4.685918e-01
4.686179e-01
4.688486e-01
4.688607e-01
4.689009e-01
4.689877e-01
4.694029e-01
4.694785e-01
4.696509e-01
4.696704e-01
4.698684e-01
4.703228e-01
4.703733e-01
4.703960e-01
4.707484e-01
4.709385e-01
4.709425e-01
4.710520e-01
4.713368e-01
4.716445e-01
4.716598e-01
4.717345e-01
4.719739e-01
4.721228e-01
4.722327e-01
4.722595e-01
4.724310e-01
4.724459e-01
4.728176e-01
4.728528e-01
4.729761e-01
4.731647e-01
4.735334e-01
4.735673e-01
4.738178e-01
4.739363e-01
4.742480e-01
4.745948e-01
4.746249e-01
4.747897e-01
4.751174e-01
4.753289e-01
4.753622e-01
4.755123e-01
4.755727e-01
4.756030e-01
4.757290e-01
4.757362e-01
4.766065e-01
4.766696e-01
4.767347e-01
4.769224e-01
4.769596e-01
4.774525e-01
4.776467e-01
4.776504e-01
4.777591e-01
4.777904e-01
4.778164e-01
4.780631e-01
4.784882e-01
4.788188e-01
4.790516e-01
4.791806e-01
4.793676e-01
4.794761e-01
4.799587e-01
4.801465e-01
4.802537e-01
4.802729e-01
4.807778e-01
4.809289e-01
4.814673e-01
4.815164e-01
4.817511e-01
4.817657e-01
4.822756e-01
4.823533e-01
4.823815e-01
4.826880e-01
4.829136e-01
4.831544e-01
4.833345e-01
4.838814e-01
4.840268e-01
4.841345e-01
4.843910e-01
4.845561e-01
4.848837e-01
4.849642e-01
4.851064e-01
4.852187e-01
4.856302e-01
4.858721e-01
4.859033e-01
4.863928e-01
4.864691e-01
4.864959e-01
4.865640e-01
4.867019e-01
4.869352e-01
4.870531e-01
4.870667e-01
4.873297e-01
4.875360e-01
4.878818e-01
4.880629e-01
4.881892e-01
4.882479e-01
4.883596e-01
4.885868e-01
4.886397e-01
4.890780e-01
4.894447e-01
4.896032e-01
4.896337e-01
4.902563e-01
4.905388e-01
4.905835e-01
4.911552e-01
4.912007e-01
4.916080e-01
4.916608e-01
4.916990e-01
4.919086e-01
4.922096e-01
4.922209e-01
4.924539e-01
4.926763e-01
4.929604e-01
4.930473e-01
4.930606e-01
4.930646e-01
4.934732e-01
4.937932e-01
4.938741e-01
4.941171e-01
4.943885e-01
4.945493e-01
4.945964e-01
4.946910e-01
4.948601e-01
4.951221e-01
4.954808e-01
4.955679e-01
4.955800e-01
4.957301e-01
4.957374e-01
4.962269e-01
4.963060e-01
4.963214e-01
4.965816e-01
4.966060e-01
4.969754e-01
4.971202e-01
4.971918e-01
4.979297e-01
4.979376e-01
4.983598e-01
4.989033e-01
4.991768e-01
4.992970e-01
4.992974e-01
4.995565e-01
4.995775e-01
4.995809e-01
4.997662e-01
5.000144e-01
5.001548e-01
5.002285e-01
5.003663e-01
5.010829e-01
5.012792e-01
5.013661e-01
5.015611e-01
5.020615e-01
5.022956e-01
5.026091e-01
5.029305e-01
5.030041e-01
5.030135e-01
5.030489e-01
5.034445e-01
5.035369e-01
5.038455e-01
5.041061e-01
5.042283e-01
5.043717e-01
5.043967e-01
5.047600e-01
5.049022e-01
5.054391e-01
5.056058e-01
5.058420e-01
5.063077e-01
5.066028e-01
5.068898e-01
5.070634e-01
5.076428e-01
5.077416e-01
5.078369e-01
5.079384e-01
5.084465e-01
5.085758e-01
5.091476e-01
5.094189e-01
5.097224e-01
5.100152e-01
5.101337e-01
5.103075e-01
5.103507e-01
5.105190e-01
5.105285e-01
5.114064e-01
5.114303e-01
5.116049e-01
5.119250e-01
5.120217e-01
5.122402e-01
5.125660e-01
5.127684e-01
5.131545e-01
5.132875e-01
5.138770e-01
5.138885e-01
5.148998e-01
5.149919e-01
5.149987e-01
5.155609e-01
5.157604e-01
5.158990e-01
5.159521e-01
5.162012e-01
5.164245e-01
5.165361e-01
5.169990e-01
5.172687e-01
5.173967e-01
5.173990e-01
5.175889e-01
5.179608e-01
5.180737e-01
5.180855e-01
5.183975e-01
5.185766e-01
5.188434e-01
5.193219e-01
5.196111e-01
5.196175e-01
5.196618e-01
5.199085e-01
5.201334e-01
5.203458e-01
5.204486e-01
5.209576e-01
5.209776e-01
5.212611e-01
5.215646e-01
5.216644e-01
5.225418e-01
5.227267e-01
5.229236e-01
5.230164e-01
5.236707e-01
5.242904e-01
5.245329e-01
5.249196e-01
5.251721e-01
5.252187e-01
5.255547e-01
5.256384e-01
5.256978e-01
5.258606e-01
5.261994e-01
5.263865e-01
5.267402e-01
5.270319e-01
5.270690e-01
5.271194e-01
5.278928e-01
5.280455e-01
5.280715e-01
5.285761e-01
5.286116e-01
5.286546e-01
5.290962e-01
5.292249e-01
5.293165e-01
5.295668e-01
5.300185e-01
5.302628e-01
5.305687e-01
5.308008e-01
5.315653e-01
5.316704e-01
5.320898e-01
5.321830e-01
5.322258e-01
5.324557e-01
5.329650e-01
5.330373e-01
5.332785e-01
5.334122e-01
5.340029e-01
5.345290e-01
5.346820e-01
5.347050e-01
5.350963e-01
5.352113e-01
5.354789e-01
5.359609e-01
5.363779e-01
5.366841e-01
5.370511e-01
5.370519e-01
5.375526e-01
5.379885e-01
5.380315e-01
5.382642e-01
5.385715e-01
5.387580e-01
5.389080e-01
5.389219e-01
5.391782e-01
5.395715e-01
5.395890e-01
5.397770e-01
5.397830e-01
5.398117e-01
5.402807e-01
5.404119e-01
5.414260e-01
5.416854e-01
5.417522e-01
5.421011e-01
5.422252e-01
5.428592e-01
5.433919e-01
5.434393e-01
5.437622e-01
5.441224e-01
5.441518e-01
5.445029e-01
5.447322e-01
5.448491e-01
5.449471e-01
5.451166e-01
5.457267e-01
5.458119e-01
5.459577e-01
5.461015e-01
5.464002e-01
5.468489e-01
5.473923e-01
5.474172e-01
5.474753e-01
5.481656e-01
5.482993e-01
5.485824e-01
5.488279e-01
5.494196e-01
5.502000e-01
5.502182e-01
5.503729e-01
5.504076e-01
5.506142e-01
5.508790e-01
5.512168e-01
5.514486e-01
5.516005e-01
5.519557e-01
5.524673e-01
5.528703e-01
5.532981e-01
5.534021e-01
5.536184e-01
5.543215e-01
5.544264e-01
5.550195e-01
5.551572e-01
5.551583e-01
5.554812e-01
5.557070e-01
5.560733e-01
5.563377e-01
5.563785e-01
5.568659e-01
5.568921e-01
5.571835e-01
5.573882e-01
5.574302e-01
5.578693e-01
5.580345e-01
5.581320e-01
5.585420e-01
5.585512e-01
5.589815e-01
5.590684e-01
5.592512e-01
5.595331e-01
5.597134e-01
5.599049e-01
5.599758e-01
5.601134e-01
5.609871e-01
5.613846e-01
5.613977e-01
5.619604e-01
5.619625e-01
5.625028e-01
5.627551e-01
5.629140e-01
5.634798e-01
5.641552e-01
5.643524e-01
5.647057e-01
5.652142e-01
5.652410e-01
5.656261e-01
5.659761e-01
5.660215e-01
5.660762e-01
5.666987e-01
5.667465e-01
5.669694e-01
5.674899e-01
5.681783e-01
5.684287e-01
5.687249e-01
5.687506e-01
5.687728e-01
5.691299e-01
5.694324e-01
5.697689e-01
5.699078e-01
5.703063e-01
5.707669e-01
5.711950e-01
5.714825e-01
5.716293e-01
5.718893e-01
5.726099e-01
5.728102e-01
5.733924e-01
5.734999e-01
5.739018e-01
5.740040e-01
5.740571e-01
5.744068e-01
5.746216e-01
5.748143e-01
5.751538e-01
5.768299e-01
5.771257e-01
5.772144e-01
5.773709e-01
5.775123e-01
5.778915e-01
5.780584e-01
5.781675e-01
5.784681e-01
5.785199e-01
5.789790e-01
5.790756e-01
5.791315e-01
5.796175e-01
5.798209e-01
5.805360e-01
5.808572e-01
5.809096e-01
5.811511e-01
5.818003e-01
5.818301e-01
5.820400e-01
5.821404e-01
5.827696e-01
5.828340e-01
5.831483e-01
5.835492e-01
5.837065e-01
5.838753e-01
5.840739e-01
5.842707e-01
5.847532e-01
5.848125e-01
5.850923e-01
5.852511e-01
5.852906e-01
5.855630e-01
5.861998e-01
5.864872e-01
5.872843e-01
5.874004e-01
5.879026e-01
5.881176e-01
5.882690e-01
5.887277e-01
5.889268e-01
5.893582e-01
5.894658e-01
5.906618e-01
5.908930e-01
5.912432e-01
5.919432e-01
5.922719e-01
5.923669e-01
5.927239e-01
5.929049e-01
5.935136e-01
5.937807e-01
5.940914e-01
5.941290e-01
5.944423e-01
5.946593e-01
5.949971e-01
5.952006e-01
5.960663e-01
5.964942e-01
5.970515e-01
5.970902e-01
5.975284e-01
5.980535e-01
5.984990e-01
5.985885e-01
5.989095e-01
5.989870e-01
5.990438e-01
5.993001e-01
5.996468e-01
6.004580e-01
6.017271e-01
6.018112e-01
6.022253e-01
6.026717e-01
6.027022e-01
6.027098e-01
6.033488e-01
6.033711e-01
6.034243e-01
6.034821e-01
6.040727e-01
6.046062e-01
6.047818e-01
6.048957e-01
6.056707e-01
6.066843e-01
6.067858e-01
6.077053e-01
6.078665e-01
6.080666e-01
6.091444e-01
6.092960e-01
6.099392e-01
6.102994e-01
6.103603e-01
6.104854e-01
6.105439e-01
6.112833e-01
6.113317e-01
6.114373e-01
6.114783e-01
6.123402e-01
6.124103e-01
6.125246e-01
6.135426e-01
6.143061e-01
6.143472e-01
6.145447e-01
6.152226e-01
6.152927e-01
6.154053e-01
6.157664e-01
6.163368e-01
6.164361e-01
6.166188e-01
6.167156e-01
6.173794e-01
6.175310e-01
6.179413e-01
6.189611e-01
6.190415e-01
6.200641e-01
6.201458e-01
6.201608e-01
6.205207e-01
6.215591e-01
6.215924e-01
6.220398e-01
6.221903e-01
6.229181e-01
6.234767e-01
6.240055e-01
6.247737e-01
6.250650e-01
6.252548e-01
6.253283e-01
6.253304e-01
6.261699e-01
6.267913e-01
6.269577e-01
6.276862e-01
6.288202e-01
6.288820e-01
6.294285e-01
6.304333e-01
6.307884e-01
6.312589e-01
6.321319e-01
6.324154e-01
6.328180e-01
6.331653e-01
6.336327e-01
6.343533e-01
6.347409e-01
6.349116e-01
6.350936e-01
6.357253e-01
6.357719e-01
6.361900e-01
6.364017e-01
6.367292e-01
6.371924e-01
6.372480e-01
6.373614e-01
6.380914e-01
6.382426e-01
6.383348e-01
6.394386e-01
6.396336e-01
6.407530e-01
6.413624e-01
6.413827e-01
6.424316e-01
6.428529e-01
6.440543e-01
6.444660e-01
6.446321e-01
6.463765e-01
6.466010e-01
6.466846e-01
6.476662e-01
6.478342e-01
6.483485e-01
6.484800e-01
6.499687e-01
6.502056e-01
6.510207e-01
6.512246e-01
6.512869e-01
6.514184e-01
6.517171e-01
6.517411e-01
6.522339e-01
6.539386e-01
6.541916e-01
6.549115e-01
6.550037e-01
6.555402e-01
6.558547e-01
6.558841e-01
6.562876e-01
6.576584e-01
6.576796e-01
6.579114e-01
6.583690e-01
6.595087e-01
6.595290e-01
6.601601e-01
6.610902e-01
6.616277e-01
6.620980e-01
6.628718e-01
6.629179e-01
6.637542e-01
6.639781e-01
6.657974e-01
6.661214e-01
6.663089e-01
6.664588e-01
6.664962e-01
6.666677e-01
6.669470e-01
6.676650e-01
6.677358e-01
6.679786e-01
6.680009e-01
6.681365e-01
6.725786e-01
6.726123e-01
6.735967e-01
6.736785e-01
6.750010e-01
6.751678e-01
6.755585e-01
6.757439e-01
6.777743e-01
6.779162e-01
6.785805e-01
6.785915e-01
6.786316e-01
6.796277e-01
6.797279e-01
6.814721e-01
6.823987e-01
6.839698e-01
6.848178e-01
6.853631e-01
6.865862e-01
6.866263e-01
6.867383e-01
6.868075e-01
6.869074e-01
6.880907e-01
6.906047e-01
6.906537e-01
6.906676e-01
6.906930e-01
6.919612e-01
6.921127e-01
6.929773e-01
6.934110e-01
6.947355e-01
6.947925e-01
6.975183e-01
6.980620e-01
6.996934e-01
7.003781e-01
7.008914e-01
7.010098e-01
7.018073e-01
7.020515e-01
7.048693e-01
7.049550e-01
7.052154e-01
7.053113e-01
7.080619e-01
7.085500e-01
7.159550e-01
7.159639e-01
7.169061e-01
7.171569e-01
7.203141e-01
7.205299e-01
7.226256e-01
7.227232e-01
7.227690e-01
7.231128e-01
7.231422e-01
7.236561e-01
7.272860e-01
7.275334e-01
7.286223e-01
7.286391e-01
7.447571e-01
7.447629e-01
7.451750e-01
7.452549e-01
7.467732e-01
7.468324e-01
7.469962e-01
7.472680e-01
7.484778e-01
7.484817e-01
7.535232e-01
7.536256e-01
7.560884e-01
7.562037e-01
7.602294e-01
7.602427e-01
7.606148e-01
7.606570e-01
7.649178e-01
7.652320e-01
7.652679e-01
7.652781e-01
7.681193e-01
7.682361e-01
7.696915e-01
7.697023e-01
7.711545e-01
7.712824e-01
7.715979e-01
7.720524e-01
7.741554e-01
7.744423e-01
7.755138e-01
7.755171e-01
7.775753e-01
7.776255e-01
7.799757e-01
7.802916e-01
7.843427e-01
7.843698e-01
7.862306e-01
7.866771e-01
7.873289e-01
7.873429e-01
7.882250e-01
7.884890e-01
7.943121e-01
7.943180e-01
8.033232e-01
8.033726e-01
8.135974e-01
8.136192e-01
8.158943e-01
8.159423e-01
8.228432e-01
8.228481e-01
8.467158e-01
8.467215e-01
8.546867e-01
8.546909e-01
8.565420e-01
8.565455e-01
8.640065e-01
8.640106e-01
8.651145e-01
8.651180e-01
8.842546e-01
8.842566e-01
8.922131e-01
8.922152e-01
8.933919e-01
8.934087e-01
9.010120e-01
9.010298e-01
9.139460e-01
9.139483e-01
9.212879e-01
9.212904e-01
9.517965e-01
9.518002e-01
9.578325e-01
9.578363e-01
9.946946e-01
9.946962e-01
9.999983e-01
1.000000e+00
