# SF-29 N2 candidate (i) i1 field=two_mode eps=0.25 N=12: sorted relative singular values of the dense central-FD Jacobian at the converged state (rows F_i=-q(L_i-S_i); outlet rows (2q/h)(vperp_in-c_perp); smax=1.785656e+03)
1.158233e-03
1.176540e-03
1.185687e-03
1.191354e-03
1.208803e-03
1.216238e-03
1.362967e-03
1.363369e-03
1.364172e-03
1.364457e-03
1.754763e-03
1.755080e-03
1.760588e-03
1.760871e-03
2.256255e-03
2.257022e-03
2.352549e-03
2.353059e-03
2.378473e-03
2.408175e-03
2.409757e-03
2.440600e-03
2.790321e-03
2.790836e-03
2.985173e-03
2.985705e-03
3.674734e-03
3.675166e-03
5.795693e-03
5.798728e-03
5.848414e-03
5.863643e-03
5.879896e-03
5.897000e-03
5.933483e-03
5.938303e-03
1.004551e-02
1.027136e-02
1.032309e-02
1.036082e-02
1.036320e-02
1.036653e-02
1.036975e-02
1.063890e-02
1.066081e-02
1.066242e-02
1.066872e-02
1.073413e-02
1.075849e-02
1.082872e-02
1.094781e-02
1.096160e-02
1.096397e-02
1.102727e-02
1.176514e-02
1.176675e-02
1.178237e-02
1.178291e-02
1.185961e-02
1.195606e-02
1.195690e-02
1.207911e-02
1.207977e-02
1.221971e-02
1.226493e-02
1.246556e-02
1.246707e-02
1.249650e-02
1.312240e-02
1.312440e-02
1.322383e-02
1.322476e-02
1.528134e-02
1.530038e-02
1.536405e-02
1.539011e-02
1.544671e-02
1.547299e-02
1.549417e-02
1.551464e-02
1.558226e-02
1.560266e-02
1.563886e-02
1.565490e-02
1.573264e-02
1.573379e-02
1.576752e-02
1.580182e-02
1.801030e-02
1.801323e-02
1.802733e-02
1.804462e-02
1.805954e-02
1.806625e-02
1.815036e-02
1.830271e-02
1.830575e-02
1.832113e-02
1.868161e-02
1.917567e-02
1.950915e-02
1.951035e-02
1.968482e-02
1.968566e-02
2.081104e-02
2.081558e-02
2.090368e-02
2.090896e-02
2.094904e-02
2.095579e-02
2.104085e-02
2.104526e-02
2.269063e-02
2.269178e-02
2.283717e-02
2.284207e-02
2.616874e-02
2.617095e-02
2.634340e-02
2.634522e-02
2.644113e-02
2.644339e-02
2.660912e-02
2.661166e-02
2.691607e-02
2.716958e-02
2.744455e-02
2.785987e-02
2.789084e-02
2.792558e-02
2.792713e-02
2.836327e-02
2.894913e-02
2.909916e-02
2.931301e-02
2.949160e-02
2.949613e-02
2.951062e-02
2.978322e-02
2.980110e-02
2.981279e-02
2.983355e-02
2.984160e-02
2.984654e-02
3.006852e-02
3.031659e-02
3.038937e-02
3.039248e-02
3.048793e-02
3.049109e-02
3.063172e-02
3.063692e-02
3.065890e-02
3.066203e-02
3.113266e-02
3.132021e-02
3.132404e-02
3.170194e-02
3.181348e-02
3.181782e-02
3.199429e-02
3.201462e-02
3.227373e-02
3.229151e-02
3.241378e-02
3.249079e-02
3.250857e-02
3.258778e-02
3.265203e-02
3.280216e-02
3.287592e-02
3.289690e-02
3.289779e-02
3.306652e-02
3.307207e-02
3.354518e-02
3.354630e-02
3.363746e-02
3.371933e-02
3.372859e-02
3.407233e-02
3.408655e-02
3.453733e-02
3.459243e-02
3.488943e-02
3.491836e-02
3.498336e-02
3.500895e-02
3.546133e-02
3.582398e-02
3.604273e-02
3.641388e-02
3.958886e-02
3.959609e-02
3.962718e-02
3.963199e-02
3.984108e-02
3.985390e-02
3.987451e-02
3.988881e-02
4.307991e-02
4.369088e-02
4.383754e-02
4.386759e-02
4.398457e-02
4.403089e-02
4.412798e-02
4.419553e-02
4.428072e-02
4.433539e-02
4.498613e-02
4.504224e-02
4.506175e-02
4.515583e-02
4.520737e-02
4.594708e-02
4.596590e-02
4.612720e-02
4.619314e-02
4.631345e-02
4.648211e-02
4.648709e-02
4.659435e-02
4.677180e-02
4.744804e-02
4.757204e-02
4.763047e-02
4.773232e-02
4.840600e-02
4.883666e-02
4.890948e-02
4.914289e-02
4.936528e-02
4.939986e-02
4.950147e-02
4.961098e-02
4.970878e-02
4.998913e-02
4.999608e-02
5.026318e-02
5.028771e-02
5.068303e-02
5.069430e-02
5.080035e-02
5.081591e-02
5.128992e-02
5.130271e-02
5.177256e-02
5.208639e-02
5.227254e-02
5.256257e-02
5.303783e-02
5.304251e-02
5.325576e-02
5.353031e-02
5.353552e-02
5.535175e-02
5.601258e-02
5.663331e-02
5.674748e-02
5.676718e-02
5.680748e-02
5.682641e-02
5.683485e-02
5.703284e-02
5.715315e-02
5.758802e-02
5.762478e-02
5.768431e-02
5.819291e-02
5.823830e-02
5.825193e-02
5.842750e-02
5.843627e-02
5.850362e-02
5.851581e-02
5.853941e-02
5.856238e-02
5.898933e-02
5.962735e-02
5.978827e-02
5.991817e-02
5.993518e-02
5.996682e-02
5.999778e-02
5.999988e-02
6.036770e-02
6.092465e-02
6.102016e-02
6.102135e-02
6.119586e-02
6.167820e-02
6.168909e-02
6.179134e-02
6.183147e-02
6.195940e-02
6.199274e-02
6.201984e-02
6.212377e-02
6.216428e-02
6.240748e-02
6.242285e-02
6.244643e-02
6.248868e-02
6.265157e-02
6.265490e-02
6.275818e-02
6.286610e-02
6.334100e-02
6.375654e-02
6.394992e-02
6.548405e-02
6.559357e-02
6.576507e-02
6.584270e-02
6.589373e-02
6.603290e-02
6.604028e-02
6.625299e-02
6.630122e-02
6.642531e-02
6.666832e-02
6.682347e-02
6.756968e-02
6.757708e-02
6.765728e-02
6.767091e-02
6.799388e-02
6.909533e-02
6.919938e-02
6.950367e-02
6.970951e-02
6.987229e-02
7.033050e-02
7.043174e-02
7.046709e-02
7.060009e-02
7.116536e-02
7.149811e-02
7.242525e-02
7.273636e-02
7.276518e-02
7.282232e-02
7.283336e-02
7.310805e-02
7.341369e-02
7.347498e-02
7.351008e-02
7.358737e-02
7.365176e-02
7.394261e-02
7.395875e-02
7.411451e-02
7.412167e-02
7.495157e-02
7.507543e-02
7.512862e-02
7.520302e-02
7.523221e-02
7.525295e-02
7.552380e-02
7.557003e-02
7.574913e-02
7.579257e-02
7.586486e-02
7.587389e-02
7.594382e-02
7.681098e-02
7.701631e-02
7.713052e-02
7.738415e-02
7.740255e-02
7.772873e-02
7.773884e-02
7.840345e-02
7.841391e-02
7.971500e-02
7.978160e-02
8.020436e-02
8.037321e-02
8.080254e-02
8.081469e-02
8.106297e-02
8.119347e-02
8.122155e-02
8.140543e-02
8.177439e-02
8.179334e-02
8.197556e-02
8.227483e-02
8.280488e-02
8.325969e-02
8.352319e-02
8.372375e-02
8.392774e-02
8.416179e-02
8.482691e-02
8.504637e-02
8.510361e-02
8.529916e-02
8.534144e-02
8.540965e-02
8.552861e-02
8.578841e-02
8.607071e-02
8.617994e-02
8.629780e-02
8.644064e-02
8.647721e-02
8.648623e-02
8.656423e-02
8.677582e-02
8.743403e-02
8.758085e-02
8.783926e-02
8.806127e-02
8.961353e-02
8.984552e-02
9.007538e-02
9.014919e-02
9.048384e-02
9.085218e-02
9.089233e-02
9.092677e-02
9.102424e-02
9.116153e-02
9.141228e-02
9.179134e-02
9.183255e-02
9.188703e-02
9.219109e-02
9.239703e-02
9.243853e-02
9.253702e-02
9.273412e-02
9.300621e-02
9.325243e-02
9.328069e-02
9.335803e-02
9.339498e-02
9.354717e-02
9.361848e-02
9.365117e-02
9.371467e-02
9.425619e-02
9.431560e-02
9.458329e-02
9.462290e-02
9.479044e-02
9.495687e-02
9.539947e-02
9.549388e-02
9.552325e-02
9.556563e-02
9.561590e-02
9.565063e-02
9.578921e-02
9.590674e-02
9.602273e-02
9.602875e-02
9.614148e-02
9.619896e-02
9.657618e-02
9.662242e-02
9.663553e-02
9.677868e-02
9.688868e-02
9.699153e-02
9.712282e-02
9.728584e-02
9.742449e-02
9.744317e-02
9.761192e-02
9.781963e-02
9.785496e-02
9.800630e-02
9.805979e-02
9.819708e-02
9.832856e-02
9.876688e-02
9.893408e-02
9.896270e-02
9.926721e-02
9.953873e-02
9.955197e-02
9.960697e-02
9.991458e-02
1.001316e-01
1.003853e-01
1.004526e-01
1.007611e-01
1.008793e-01
1.010116e-01
1.012913e-01
1.014504e-01
1.015847e-01
1.025290e-01
1.025406e-01
1.026925e-01
1.027564e-01
1.028804e-01
1.033862e-01
1.036162e-01
1.037814e-01
1.038016e-01
1.039506e-01
1.040851e-01
1.040986e-01
1.043227e-01
1.045375e-01
1.047084e-01
1.047139e-01
1.048083e-01
1.049600e-01
1.052029e-01
1.052863e-01
1.053416e-01
1.054434e-01
1.055778e-01
1.058262e-01
1.059043e-01
1.060125e-01
1.060485e-01
1.062162e-01
1.062452e-01
1.066000e-01
1.066047e-01
1.067202e-01
1.067242e-01
1.070997e-01
1.072844e-01
1.073938e-01
1.074476e-01
1.076897e-01
1.077502e-01
1.079979e-01
1.080303e-01
1.080697e-01
1.080751e-01
1.084871e-01
1.086617e-01
1.088067e-01
1.094258e-01
1.097814e-01
1.099773e-01
1.102765e-01
1.104585e-01
1.105891e-01
1.107419e-01
1.109987e-01
1.113325e-01
1.116630e-01
1.118409e-01
1.118852e-01
1.122419e-01
1.123880e-01
1.125424e-01
1.130243e-01
1.132332e-01
1.132409e-01
1.132806e-01
1.134601e-01
1.135360e-01
1.136007e-01
1.142848e-01
1.144219e-01
1.145800e-01
1.147898e-01
1.148849e-01
1.152232e-01
1.153175e-01
1.153993e-01
1.157528e-01
1.158108e-01
1.160107e-01
1.160806e-01
1.161643e-01
1.163735e-01
1.165372e-01
1.166214e-01
1.166706e-01
1.167593e-01
1.170515e-01
1.171622e-01
1.173987e-01
1.174105e-01
1.175135e-01
1.175253e-01
1.175868e-01
1.176879e-01
1.178372e-01
1.181440e-01
1.185008e-01
1.185511e-01
1.188993e-01
1.192894e-01
1.194912e-01
1.199738e-01
1.203969e-01
1.206184e-01
1.212908e-01
1.219133e-01
1.221160e-01
1.224298e-01
1.226492e-01
1.228715e-01
1.229612e-01
1.230787e-01
1.231098e-01
1.232544e-01
1.234844e-01
1.237205e-01
1.238026e-01
1.240675e-01
1.245658e-01
1.247992e-01
1.248148e-01
1.250568e-01
1.252287e-01
1.254127e-01
1.257264e-01
1.259175e-01
1.259945e-01
1.260236e-01
1.263844e-01
1.265758e-01
1.266381e-01
1.268254e-01
1.268771e-01
1.271185e-01
1.275640e-01
1.276820e-01
1.279635e-01
1.280022e-01
1.281245e-01
1.281693e-01
1.282483e-01
1.284518e-01
1.285406e-01
1.287266e-01
1.289541e-01
1.290623e-01
1.293014e-01
1.295907e-01
1.298576e-01
1.300315e-01
1.303718e-01
1.304504e-01
1.305771e-01
1.310749e-01
1.312116e-01
1.313916e-01
1.314309e-01
1.315846e-01
1.316235e-01
1.316374e-01
1.319616e-01
1.319939e-01
1.321652e-01
1.321831e-01
1.324745e-01
1.325960e-01
1.327941e-01
1.329477e-01
1.330072e-01
1.330601e-01
1.331637e-01
1.333069e-01
1.334904e-01
1.335299e-01
1.335566e-01
1.336422e-01
1.336539e-01
1.337164e-01
1.340124e-01
1.340471e-01
1.343860e-01
1.344596e-01
1.345195e-01
1.351616e-01
1.353606e-01
1.355871e-01
1.357617e-01
1.358885e-01
1.359702e-01
1.360128e-01
1.362861e-01
1.364141e-01
1.365359e-01
1.367141e-01
1.368209e-01
1.370002e-01
1.370565e-01
1.371339e-01
1.374087e-01
1.375329e-01
1.375660e-01
1.375791e-01
1.378190e-01
1.380162e-01
1.381184e-01
1.385372e-01
1.385616e-01
1.386158e-01
1.387446e-01
1.388916e-01
1.389756e-01
1.392271e-01
1.393511e-01
1.396747e-01
1.399176e-01
1.399945e-01
1.401306e-01
1.401637e-01
1.403722e-01
1.405727e-01
1.406264e-01
1.406978e-01
1.408258e-01
1.408563e-01
1.409580e-01
1.410103e-01
1.411018e-01
1.412253e-01
1.412431e-01
1.413873e-01
1.414273e-01
1.415150e-01
1.417336e-01
1.418534e-01
1.420188e-01
1.424186e-01
1.429959e-01
1.431264e-01
1.432588e-01
1.434719e-01
1.436245e-01
1.437677e-01
1.441440e-01
1.444659e-01
1.448214e-01
1.450212e-01
1.452293e-01
1.455194e-01
1.456786e-01
1.456864e-01
1.458553e-01
1.461267e-01
1.461977e-01
1.463518e-01
1.466843e-01
1.468494e-01
1.469774e-01
1.472377e-01
1.473148e-01
1.479667e-01
1.481570e-01
1.482442e-01
1.482966e-01
1.483711e-01
1.485305e-01
1.486156e-01
1.490514e-01
1.492119e-01
1.492740e-01
1.494086e-01
1.494562e-01
1.495311e-01
1.497286e-01
1.497334e-01
1.498360e-01
1.499170e-01
1.500282e-01
1.501362e-01
1.501925e-01
1.504131e-01
1.507225e-01
1.508185e-01
1.508392e-01
1.511280e-01
1.511517e-01
1.513097e-01
1.513380e-01
1.513967e-01
1.514666e-01
1.516566e-01
1.518165e-01
1.518566e-01
1.519782e-01
1.522579e-01
1.526392e-01
1.529005e-01
1.529260e-01
1.529791e-01
1.531484e-01
1.534738e-01
1.536675e-01
1.538335e-01
1.540838e-01
1.544467e-01
1.546323e-01
1.549947e-01
1.550553e-01
1.552632e-01
1.555666e-01
1.556070e-01
1.557215e-01
1.559472e-01
1.559935e-01
1.560851e-01
1.562791e-01
1.564146e-01
1.568301e-01
1.568920e-01
1.570850e-01
1.571182e-01
1.571851e-01
1.575268e-01
1.577639e-01
1.579839e-01
1.582153e-01
1.588175e-01
1.588315e-01
1.591109e-01
1.591952e-01
1.594134e-01
1.597318e-01
1.599571e-01
1.600139e-01
1.602743e-01
1.608540e-01
1.610635e-01
1.611822e-01
1.613127e-01
1.615538e-01
1.619558e-01
1.622336e-01
1.623187e-01
1.626375e-01
1.630580e-01
1.633466e-01
1.635592e-01
1.637473e-01
1.638719e-01
1.639770e-01
1.641913e-01
1.642799e-01
1.644386e-01
1.644592e-01
1.648192e-01
1.650511e-01
1.651330e-01
1.654060e-01
1.654623e-01
1.654811e-01
1.659546e-01
1.661605e-01
1.662491e-01
1.663992e-01
1.665977e-01
1.668512e-01
1.671644e-01
1.672477e-01
1.673373e-01
1.674881e-01
1.675748e-01
1.678855e-01
1.680607e-01
1.681153e-01
1.682521e-01
1.683822e-01
1.686178e-01
1.688268e-01
1.688760e-01
1.692759e-01
1.693179e-01
1.695502e-01
1.696638e-01
1.697140e-01
1.705359e-01
1.705658e-01
1.706545e-01
1.707610e-01
1.709498e-01
1.710612e-01
1.711723e-01
1.715724e-01
1.718093e-01
1.718353e-01
1.723776e-01
1.727083e-01
1.727318e-01
1.735263e-01
1.739003e-01
1.739608e-01
1.742271e-01
1.742757e-01
1.742905e-01
1.743735e-01
1.745602e-01
1.746875e-01
1.751118e-01
1.751282e-01
1.754924e-01
1.757555e-01
1.758253e-01
1.759273e-01
1.761439e-01
1.762247e-01
1.763100e-01
1.766046e-01
1.767843e-01
1.768917e-01
1.769165e-01
1.771068e-01
1.773255e-01
1.773586e-01
1.775867e-01
1.777059e-01
1.778726e-01
1.780044e-01
1.783398e-01
1.783430e-01
1.785528e-01
1.786200e-01
1.788426e-01
1.789423e-01
1.796783e-01
1.796855e-01
1.798355e-01
1.799080e-01
1.799935e-01
1.802009e-01
1.803828e-01
1.804711e-01
1.805032e-01
1.808407e-01
1.809758e-01
1.811173e-01
1.811910e-01
1.817416e-01
1.817936e-01
1.819814e-01
1.820716e-01
1.821709e-01
1.826105e-01
1.826820e-01
1.828429e-01
1.830069e-01
1.831801e-01
1.834267e-01
1.834810e-01
1.835688e-01
1.835946e-01
1.839727e-01
1.843273e-01
1.844521e-01
1.845656e-01
1.847305e-01
1.848414e-01
1.848860e-01
1.850341e-01
1.851623e-01
1.854071e-01
1.857272e-01
1.859862e-01
1.861658e-01
1.862149e-01
1.862405e-01
1.863960e-01
1.865514e-01
1.867834e-01
1.870707e-01
1.871165e-01
1.873252e-01
1.873596e-01
1.875217e-01
1.875882e-01
1.877697e-01
1.879422e-01
1.881386e-01
1.881469e-01
1.883559e-01
1.883808e-01
1.884874e-01
1.887924e-01
1.888614e-01
1.890666e-01
1.891171e-01
1.894204e-01
1.896051e-01
1.897374e-01
1.898442e-01
1.900782e-01
1.901924e-01
1.905537e-01
1.905961e-01
1.907482e-01
1.907680e-01
1.909349e-01
1.912821e-01
1.914156e-01
1.916648e-01
1.918486e-01
1.921266e-01
1.922723e-01
1.924086e-01
1.925169e-01
1.925545e-01
1.928099e-01
1.932509e-01
1.936197e-01
1.937985e-01
1.938802e-01
1.940556e-01
1.941712e-01
1.943000e-01
1.945474e-01
1.949507e-01
1.949884e-01
1.952661e-01
1.954418e-01
1.959952e-01
1.960262e-01
1.960987e-01
1.962965e-01
1.965675e-01
1.968777e-01
1.971182e-01
1.973390e-01
1.974838e-01
1.975392e-01
1.975482e-01
1.979138e-01
1.980092e-01
1.982737e-01
1.987988e-01
1.990099e-01
1.990521e-01
1.991857e-01
1.993185e-01
1.993802e-01
1.995649e-01
1.996107e-01
1.996605e-01
1.997934e-01
1.998121e-01
2.001745e-01
2.002054e-01
2.004179e-01
2.008375e-01
2.008585e-01
2.011271e-01
2.016689e-01
2.017489e-01
2.022614e-01
2.023764e-01
2.025724e-01
2.025898e-01
2.027653e-01
2.028348e-01
2.032866e-01
2.034171e-01
2.035617e-01
2.036731e-01
2.039194e-01
2.041182e-01
2.041766e-01
2.043563e-01
2.044527e-01
2.046884e-01
2.049458e-01
2.050725e-01
2.053004e-01
2.053888e-01
2.056721e-01
2.057838e-01
2.059399e-01
2.063539e-01
2.064877e-01
2.067345e-01
2.068076e-01
2.068995e-01
2.071966e-01
2.073891e-01
2.074182e-01
2.077722e-01
2.078285e-01
2.080189e-01
2.080658e-01
2.081662e-01
2.085226e-01
2.088022e-01
2.088661e-01
2.090069e-01
2.090994e-01
2.093941e-01
2.094433e-01
2.097086e-01
2.097826e-01
2.099994e-01
2.100348e-01
2.102820e-01
2.105584e-01
2.107793e-01
2.108382e-01
2.108566e-01
2.111219e-01
2.112377e-01
2.114334e-01
2.115267e-01
2.116999e-01
2.118351e-01
2.121811e-01
2.123686e-01
2.125554e-01
2.125737e-01
2.126860e-01
2.128386e-01
2.129589e-01
2.131671e-01
2.134849e-01
2.135780e-01
2.136442e-01
2.140065e-01
2.140632e-01
2.143088e-01
2.146979e-01
2.148093e-01
2.148978e-01
2.152288e-01
2.152892e-01
2.155201e-01
2.156263e-01
2.156739e-01
2.159465e-01
2.160159e-01
2.161029e-01
2.164192e-01
2.165175e-01
2.167968e-01
2.168014e-01
2.170699e-01
2.170918e-01
2.171136e-01
2.172710e-01
2.176191e-01
2.177204e-01
2.178447e-01
2.178652e-01
2.180911e-01
2.184545e-01
2.187064e-01
2.187127e-01
2.189061e-01
2.190249e-01
2.190919e-01
2.192459e-01
2.195064e-01
2.195966e-01
2.196394e-01
2.198941e-01
2.200170e-01
2.203734e-01
2.205213e-01
2.206457e-01
2.206620e-01
2.209078e-01
2.210936e-01
2.211267e-01
2.215170e-01
2.215983e-01
2.217044e-01
2.219080e-01
2.221830e-01
2.224201e-01
2.227103e-01
2.228751e-01
2.229070e-01
2.230460e-01
2.232236e-01
2.233223e-01
2.234598e-01
2.235217e-01
2.235606e-01
2.237328e-01
2.241886e-01
2.242684e-01
2.245210e-01
2.247717e-01
2.249172e-01
2.251082e-01
2.252370e-01
2.254242e-01
2.254573e-01
2.257846e-01
2.259970e-01
2.260580e-01
2.263172e-01
2.265351e-01
2.265368e-01
2.266817e-01
2.267118e-01
2.269501e-01
2.273284e-01
2.273820e-01
2.274809e-01
2.275476e-01
2.278467e-01
2.279999e-01
2.281575e-01
2.282748e-01
2.286022e-01
2.286343e-01
2.287215e-01
2.289223e-01
2.290274e-01
2.292774e-01
2.293713e-01
2.294781e-01
2.297777e-01
2.298432e-01
2.299341e-01
2.300088e-01
2.301689e-01
2.303302e-01
2.306215e-01
2.308594e-01
2.309443e-01
2.309754e-01
2.313579e-01
2.313782e-01
2.318304e-01
2.319142e-01
2.320198e-01
2.320463e-01
2.323815e-01
2.323893e-01
2.325264e-01
2.328096e-01
2.329132e-01
2.329831e-01
2.330561e-01
2.332028e-01
2.332547e-01
2.333925e-01
2.336067e-01
2.336625e-01
2.337272e-01
2.342343e-01
2.342477e-01
2.343906e-01
2.348400e-01
2.349532e-01
2.349668e-01
2.351930e-01
2.353159e-01
2.354494e-01
2.355429e-01
2.355772e-01
2.360227e-01
2.360372e-01
2.361318e-01
2.363257e-01
2.364031e-01
2.365017e-01
2.368008e-01
2.370014e-01
2.371670e-01
2.375266e-01
2.375998e-01
2.378812e-01
2.379685e-01
2.382304e-01
2.382574e-01
2.383543e-01
2.385949e-01
2.387410e-01
2.391427e-01
2.392287e-01
2.393546e-01
2.394356e-01
2.395937e-01
2.396450e-01
2.399210e-01
2.399391e-01
2.402103e-01
2.403721e-01
2.406863e-01
2.408902e-01
2.411224e-01
2.411881e-01
2.412600e-01
2.412694e-01
2.416234e-01
2.416770e-01
2.418332e-01
2.418582e-01
2.420241e-01
2.423588e-01
2.425994e-01
2.426833e-01
2.429315e-01
2.431290e-01
2.433358e-01
2.436802e-01
2.437293e-01
2.439339e-01
2.440694e-01
2.442084e-01
2.442515e-01
2.444804e-01
2.446101e-01
2.447252e-01
2.449494e-01
2.449605e-01
2.451602e-01
2.455551e-01
2.457384e-01
2.457911e-01
2.457968e-01
2.459726e-01
2.461268e-01
2.463040e-01
2.464577e-01
2.467212e-01
2.467910e-01
2.469833e-01
2.471711e-01
2.472874e-01
2.473906e-01
2.475058e-01
2.476210e-01
2.480822e-01
2.483277e-01
2.483401e-01
2.486070e-01
2.488686e-01
2.491816e-01
2.494508e-01
2.494984e-01
2.495913e-01
2.498403e-01
2.500364e-01
2.501104e-01
2.502337e-01
2.504086e-01
2.504714e-01
2.507135e-01
2.509152e-01
2.512695e-01
2.513502e-01
2.514588e-01
2.515775e-01
2.516773e-01
2.517053e-01
2.517542e-01
2.521421e-01
2.523043e-01
2.528385e-01
2.530647e-01
2.532869e-01
2.533136e-01
2.535858e-01
2.537119e-01
2.537663e-01
2.539019e-01
2.542209e-01
2.542931e-01
2.544169e-01
2.544862e-01
2.546344e-01
2.546505e-01
2.549759e-01
2.550402e-01
2.553003e-01
2.553255e-01
2.557602e-01
2.557859e-01
2.559517e-01
2.560058e-01
2.563592e-01
2.565003e-01
2.568126e-01
2.569764e-01
2.569886e-01
2.572040e-01
2.572304e-01
2.576830e-01
2.577441e-01
2.579435e-01
2.582847e-01
2.582865e-01
2.586226e-01
2.586332e-01
2.591823e-01
2.592344e-01
2.594334e-01
2.598062e-01
2.598119e-01
2.600340e-01
2.600765e-01
2.604936e-01
2.606062e-01
2.606421e-01
2.609159e-01
2.611443e-01
2.611752e-01
2.612694e-01
2.614602e-01
2.614725e-01
2.617343e-01
2.617626e-01
2.621014e-01
2.623221e-01
2.623629e-01
2.624261e-01
2.627486e-01
2.629457e-01
2.630997e-01
2.632172e-01
2.633632e-01
2.633716e-01
2.636242e-01
2.636451e-01
2.639093e-01
2.639530e-01
2.642964e-01
2.643518e-01
2.643863e-01
2.644337e-01
2.646698e-01
2.648968e-01
2.649039e-01
2.651171e-01
2.655177e-01
2.655395e-01
2.655910e-01
2.658095e-01
2.659379e-01
2.659692e-01
2.661208e-01
2.661590e-01
2.664638e-01
2.666139e-01
2.669159e-01
2.669829e-01
2.669879e-01
2.671708e-01
2.674767e-01
2.675303e-01
2.679083e-01
2.679976e-01
2.680535e-01
2.681152e-01
2.681453e-01
2.683018e-01
2.684040e-01
2.686286e-01
2.690992e-01
2.692375e-01
2.693059e-01
2.695278e-01
2.697223e-01
2.698739e-01
2.700431e-01
2.700575e-01
2.703620e-01
2.703928e-01
2.707073e-01
2.707410e-01
2.708821e-01
2.711049e-01
2.711505e-01
2.711938e-01
2.715891e-01
2.715946e-01
2.718835e-01
2.719569e-01
2.720507e-01
2.724625e-01
2.725882e-01
2.727393e-01
2.728158e-01
2.728871e-01
2.731897e-01
2.733241e-01
2.734602e-01
2.735381e-01
2.735878e-01
2.739350e-01
2.741647e-01
2.742127e-01
2.742257e-01
2.745015e-01
2.747784e-01
2.750094e-01
2.750467e-01
2.753280e-01
2.754061e-01
2.756867e-01
2.758470e-01
2.758568e-01
2.759008e-01
2.759758e-01
2.761180e-01
2.763989e-01
2.764538e-01
2.765554e-01
2.768518e-01
2.769122e-01
2.772045e-01
2.772684e-01
2.774131e-01
2.775996e-01
2.779088e-01
2.780341e-01
2.780828e-01
2.782035e-01
2.783612e-01
2.783788e-01
2.786464e-01
2.788411e-01
2.790556e-01
2.791772e-01
2.794032e-01
2.796106e-01
2.800659e-01
2.802112e-01
2.803071e-01
2.803325e-01
2.806323e-01
2.808166e-01
2.808331e-01
2.808510e-01
2.809422e-01
2.811115e-01
2.812485e-01
2.813924e-01
2.814309e-01
2.817474e-01
2.818262e-01
2.819471e-01
2.822984e-01
2.824358e-01
2.825427e-01
2.826449e-01
2.827181e-01
2.827946e-01
2.830248e-01
2.831271e-01
2.832861e-01
2.833056e-01
2.834735e-01
2.836350e-01
2.839475e-01
2.839900e-01
2.840374e-01
2.840757e-01
2.844740e-01
2.845941e-01
2.846489e-01
2.850583e-01
2.853055e-01
2.853116e-01
2.853339e-01
2.854164e-01
2.857975e-01
2.860440e-01
2.863210e-01
2.863824e-01
2.865473e-01
2.868809e-01
2.869071e-01
2.869822e-01
2.872209e-01
2.873385e-01
2.874938e-01
2.875890e-01
2.877103e-01
2.878346e-01
2.878961e-01
2.881536e-01
2.884133e-01
2.885555e-01
2.889269e-01
2.890805e-01
2.891591e-01
2.891633e-01
2.892076e-01
2.892457e-01
2.897922e-01
2.899276e-01
2.900535e-01
2.903071e-01
2.904282e-01
2.905545e-01
2.906051e-01
2.909704e-01
2.911710e-01
2.913027e-01
2.914346e-01
2.917180e-01
2.918072e-01
2.918588e-01
2.921866e-01
2.922960e-01
2.924045e-01
2.924154e-01
2.925990e-01
2.927056e-01
2.928191e-01
2.931891e-01
2.933118e-01
2.935711e-01
2.936512e-01
2.937797e-01
2.939599e-01
2.939825e-01
2.941816e-01
2.943524e-01
2.947132e-01
2.947212e-01
2.948022e-01
2.950277e-01
2.950690e-01
2.951269e-01
2.954660e-01
2.955376e-01
2.955575e-01
2.956530e-01
2.963685e-01
2.964944e-01
2.966332e-01
2.967110e-01
2.968055e-01
2.968560e-01
2.970295e-01
2.971311e-01
2.972653e-01
2.975734e-01
2.976781e-01
2.979918e-01
2.980541e-01
2.981259e-01
2.984216e-01
2.985531e-01
2.986908e-01
2.988439e-01
2.989803e-01
2.990631e-01
2.990967e-01
2.995986e-01
2.997725e-01
2.997807e-01
2.998719e-01
3.001519e-01
3.003225e-01
3.004040e-01
3.004584e-01
3.006018e-01
3.010355e-01
3.012128e-01
3.012476e-01
3.015192e-01
3.015525e-01
3.017391e-01
3.019688e-01
3.021377e-01
3.021780e-01
3.023074e-01
3.023820e-01
3.026130e-01
3.027668e-01
3.029436e-01
3.029718e-01
3.031146e-01
3.033845e-01
3.034820e-01
3.035629e-01
3.037595e-01
3.039591e-01
3.039944e-01
3.041364e-01
3.043223e-01
3.045516e-01
3.045595e-01
3.048258e-01
3.049173e-01
3.051877e-01
3.053628e-01
3.054884e-01
3.054983e-01
3.057813e-01
3.061248e-01
3.062231e-01
3.063580e-01
3.065744e-01
3.066445e-01
3.068129e-01
3.068452e-01
3.071653e-01
3.075281e-01
3.075835e-01
3.077462e-01
3.078099e-01
3.079447e-01
3.079975e-01
3.081790e-01
3.082711e-01
3.084109e-01
3.086380e-01
3.087119e-01
3.088981e-01
3.089158e-01
3.090261e-01
3.094540e-01
3.094725e-01
3.097433e-01
3.097727e-01
3.099025e-01
3.100295e-01
3.102655e-01
3.103404e-01
3.104248e-01
3.105223e-01
3.107214e-01
3.108768e-01
3.110029e-01
3.112437e-01
3.114126e-01
3.114942e-01
3.117361e-01
3.117594e-01
3.119935e-01
3.121201e-01
3.124407e-01
3.125978e-01
3.127736e-01
3.128069e-01
3.128509e-01
3.132688e-01
3.134534e-01
3.136695e-01
3.138507e-01
3.142049e-01
3.142420e-01
3.144404e-01
3.145446e-01
3.146421e-01
3.147149e-01
3.149003e-01
3.150120e-01
3.153094e-01
3.154632e-01
3.156748e-01
3.157629e-01
3.159758e-01
3.160859e-01
3.162159e-01
3.163429e-01
3.163669e-01
3.166867e-01
3.167797e-01
3.168186e-01
3.169743e-01
3.171089e-01
3.172845e-01
3.174222e-01
3.178001e-01
3.178511e-01
3.181776e-01
3.182200e-01
3.184266e-01
3.185944e-01
3.187540e-01
3.189888e-01
3.190264e-01
3.191092e-01
3.191247e-01
3.191879e-01
3.195803e-01
3.196179e-01
3.197771e-01
3.201648e-01
3.202348e-01
3.202938e-01
3.203682e-01
3.205477e-01
3.209280e-01
3.209943e-01
3.212109e-01
3.213437e-01
3.213606e-01
3.216443e-01
3.217504e-01
3.217628e-01
3.219797e-01
3.222589e-01
3.222683e-01
3.224468e-01
3.225722e-01
3.225789e-01
3.229050e-01
3.230186e-01
3.232798e-01
3.234567e-01
3.235735e-01
3.236836e-01
3.240642e-01
3.240926e-01
3.241925e-01
3.242207e-01
3.242527e-01
3.245078e-01
3.246165e-01
3.249146e-01
3.249641e-01
3.251870e-01
3.252870e-01
3.255364e-01
3.255470e-01
3.258365e-01
3.258727e-01
3.262581e-01
3.263529e-01
3.264410e-01
3.264679e-01
3.266575e-01
3.268372e-01
3.269044e-01
3.270387e-01
3.273310e-01
3.274709e-01
3.275046e-01
3.276366e-01
3.279066e-01
3.281911e-01
3.283193e-01
3.284116e-01
3.286366e-01
3.287988e-01
3.290412e-01
3.290415e-01
3.290925e-01
3.291554e-01
3.293671e-01
3.293866e-01
3.295371e-01
3.297741e-01
3.300718e-01
3.300813e-01
3.305966e-01
3.306551e-01
3.306968e-01
3.308072e-01
3.309773e-01
3.311872e-01
3.312412e-01
3.314722e-01
3.315245e-01
3.315881e-01
3.317910e-01
3.319614e-01
3.320399e-01
3.323397e-01
3.324774e-01
3.325333e-01
3.328825e-01
3.329395e-01
3.329933e-01
3.331581e-01
3.334624e-01
3.335328e-01
3.336464e-01
3.337277e-01
3.337848e-01
3.341055e-01
3.341534e-01
3.343798e-01
3.344135e-01
3.349062e-01
3.350746e-01
3.351250e-01
3.352814e-01
3.354274e-01
3.359466e-01
3.359563e-01
3.361194e-01
3.364174e-01
3.365487e-01
3.366164e-01
3.366838e-01
3.369673e-01
3.370629e-01
3.371289e-01
3.371859e-01
3.374780e-01
3.375979e-01
3.378433e-01
3.380732e-01
3.381205e-01
3.381436e-01
3.385924e-01
3.387937e-01
3.388161e-01
3.388862e-01
3.391162e-01
3.391550e-01
3.392227e-01
3.394183e-01
3.396496e-01
3.397900e-01
3.399275e-01
3.399659e-01
3.401650e-01
3.402800e-01
3.406871e-01
3.409254e-01
3.409648e-01
3.409805e-01
3.413238e-01
3.414137e-01
3.416138e-01
3.418719e-01
3.419624e-01
3.420107e-01
3.426169e-01
3.426386e-01
3.428201e-01
3.428703e-01
3.430970e-01
3.431273e-01
3.432969e-01
3.433925e-01
3.438398e-01
3.438548e-01
3.439709e-01
3.440625e-01
3.440785e-01
3.441922e-01
3.443896e-01
3.445102e-01
3.448478e-01
3.449836e-01
3.451220e-01
3.452009e-01
3.453336e-01
3.455664e-01
3.457330e-01
3.458386e-01
3.460692e-01
3.461683e-01
3.461891e-01
3.466425e-01
3.466725e-01
3.467526e-01
3.470333e-01
3.470509e-01
3.472025e-01
3.472670e-01
3.474724e-01
3.477489e-01
3.477788e-01
3.480344e-01
3.480872e-01
3.481456e-01
3.482860e-01
3.484486e-01
3.487380e-01
3.489134e-01
3.490280e-01
3.491167e-01
3.492805e-01
3.494121e-01
3.497332e-01
3.497387e-01
3.500768e-01
3.501395e-01
3.501794e-01
3.505033e-01
3.506361e-01
3.506888e-01
3.511198e-01
3.511277e-01
3.513818e-01
3.516710e-01
3.517270e-01
3.518671e-01
3.520739e-01
3.523028e-01
3.525648e-01
3.525909e-01
3.526703e-01
3.528497e-01
3.529565e-01
3.532045e-01
3.532766e-01
3.535773e-01
3.536410e-01
3.538270e-01
3.538346e-01
3.541402e-01
3.541859e-01
3.543322e-01
3.544452e-01
3.545238e-01
3.547662e-01
3.550711e-01
3.552295e-01
3.554000e-01
3.555705e-01
3.556907e-01
3.558007e-01
3.558186e-01
3.559087e-01
3.561750e-01
3.562130e-01
3.564724e-01
3.566417e-01
3.568728e-01
3.569027e-01
3.571144e-01
3.571233e-01
3.575449e-01
3.576642e-01
3.580024e-01
3.581223e-01
3.582498e-01
3.582709e-01
3.583066e-01
3.586036e-01
3.586715e-01
3.587552e-01
3.589365e-01
3.589513e-01
3.591218e-01
3.596033e-01
3.596442e-01
3.597474e-01
3.599878e-01
3.602702e-01
3.603320e-01
3.606711e-01
3.607268e-01
3.608996e-01
3.610835e-01
3.611945e-01
3.613987e-01
3.618276e-01
3.619134e-01
3.622131e-01
3.623387e-01
3.623843e-01
3.625577e-01
3.625692e-01
3.628267e-01
3.630416e-01
3.631673e-01
3.635596e-01
3.635861e-01
3.637216e-01
3.637278e-01
3.641248e-01
3.643350e-01
3.643501e-01
3.645083e-01
3.645196e-01
3.647770e-01
3.648093e-01
3.648216e-01
3.651410e-01
3.654026e-01
3.654157e-01
3.658725e-01
3.658927e-01
3.660842e-01
3.661461e-01
3.665189e-01
3.665486e-01
3.666126e-01
3.669366e-01
3.672158e-01
3.672657e-01
3.673020e-01
3.676035e-01
3.676746e-01
3.678449e-01
3.679657e-01
3.680774e-01
3.683069e-01
3.683115e-01
3.685262e-01
3.687935e-01
3.688915e-01
3.690598e-01
3.693546e-01
3.697359e-01
3.697986e-01
3.698290e-01
3.699634e-01
3.700998e-01
3.704145e-01
3.705200e-01
3.705872e-01
3.708721e-01
3.709699e-01
3.712121e-01
3.714974e-01
3.715157e-01
3.715419e-01
3.720510e-01
3.721198e-01
3.723156e-01
3.724521e-01
3.727483e-01
3.730347e-01
3.730912e-01
3.731507e-01
3.732433e-01
3.733846e-01
3.738495e-01
3.739896e-01
3.740644e-01
3.742356e-01
3.744201e-01
3.745184e-01
3.746417e-01
3.751170e-01
3.751359e-01
3.752375e-01
3.753861e-01
3.756647e-01
3.760377e-01
3.761290e-01
3.761605e-01
3.765471e-01
3.767185e-01
3.768898e-01
3.769715e-01
3.769993e-01
3.774982e-01
3.776730e-01
3.778044e-01
3.779771e-01
3.781210e-01
3.781640e-01
3.783391e-01
3.785592e-01
3.787265e-01
3.788820e-01
3.789560e-01
3.790368e-01
3.792980e-01
3.793488e-01
3.795834e-01
3.798273e-01
3.800933e-01
3.802658e-01
3.803727e-01
3.807368e-01
3.807444e-01
3.809078e-01
3.810327e-01
3.810611e-01
3.811856e-01
3.814336e-01
3.815083e-01
3.818807e-01
3.820827e-01
3.821470e-01
3.824723e-01
3.825543e-01
3.828474e-01
3.829381e-01
3.831340e-01
3.833415e-01
3.835934e-01
3.835976e-01
3.838701e-01
3.839624e-01
3.841450e-01
3.842341e-01
3.844230e-01
3.845163e-01
3.845897e-01
3.846636e-01
3.851187e-01
3.854219e-01
3.856309e-01
3.858100e-01
3.861478e-01
3.861599e-01
3.863312e-01
3.866217e-01
3.867795e-01
3.867997e-01
3.869569e-01
3.871514e-01
3.874753e-01
3.875261e-01
3.877271e-01
3.877451e-01
3.879139e-01
3.880256e-01
3.880647e-01
3.884652e-01
3.885812e-01
3.888349e-01
3.891230e-01
3.893558e-01
3.893876e-01
3.895809e-01
3.896598e-01
3.898915e-01
3.900862e-01
3.902757e-01
3.904973e-01
3.905250e-01
3.907220e-01
3.909374e-01
3.911709e-01
3.914631e-01
3.915151e-01
3.917844e-01
3.920856e-01
3.921270e-01
3.923028e-01
3.924647e-01
3.926282e-01
3.929563e-01
3.930245e-01
3.931394e-01
3.933322e-01
3.934448e-01
3.935295e-01
3.939587e-01
3.941426e-01
3.946885e-01
3.946991e-01
3.950081e-01
3.950881e-01
3.951898e-01
3.952847e-01
3.953932e-01
3.955451e-01
3.957195e-01
3.957342e-01
3.959240e-01
3.959946e-01
3.963902e-01
3.965690e-01
3.965788e-01
3.967033e-01
3.968930e-01
3.971319e-01
3.972249e-01
3.973156e-01
3.974921e-01
3.976473e-01
3.978807e-01
3.980373e-01
3.983888e-01
3.984185e-01
3.987155e-01
3.987916e-01
3.989755e-01
3.990078e-01
3.993317e-01
3.995499e-01
3.997709e-01
3.998348e-01
4.002173e-01
4.002480e-01
4.006103e-01
4.006159e-01
4.008536e-01
4.008918e-01
4.009152e-01
4.011615e-01
4.013548e-01
4.016323e-01
4.017743e-01
4.021604e-01
4.022916e-01
4.024004e-01
4.028822e-01
4.029601e-01
4.032158e-01
4.034306e-01
4.036360e-01
4.036580e-01
4.037920e-01
4.043433e-01
4.044136e-01
4.046402e-01
4.046709e-01
4.047992e-01
4.049443e-01
4.051511e-01
4.051966e-01
4.053964e-01
4.057551e-01
4.060696e-01
4.061989e-01
4.062937e-01
4.066754e-01
4.068365e-01
4.068788e-01
4.071079e-01
4.072633e-01
4.073088e-01
4.075453e-01
4.078229e-01
4.081171e-01
4.081474e-01
4.083710e-01
4.085212e-01
4.087833e-01
4.089706e-01
4.091243e-01
4.095517e-01
4.097196e-01
4.099486e-01
4.102272e-01
4.103073e-01
4.105195e-01
4.105609e-01
4.108105e-01
4.109478e-01
4.110703e-01
4.114070e-01
4.114851e-01
4.118769e-01
4.120668e-01
4.121810e-01
4.123670e-01
4.125823e-01
4.126899e-01
4.129232e-01
4.130924e-01
4.132753e-01
4.132996e-01
4.135669e-01
4.136088e-01
4.138154e-01
4.138909e-01
4.143296e-01
4.146191e-01
4.147235e-01
4.149510e-01
4.149623e-01
4.155731e-01
4.156064e-01
4.158325e-01
4.158414e-01
4.160382e-01
4.160924e-01
4.164723e-01
4.165677e-01
4.167333e-01
4.170700e-01
4.172203e-01
4.176652e-01
4.178423e-01
4.179089e-01
4.180299e-01
4.182154e-01
4.183494e-01
4.189755e-01
4.190017e-01
4.192002e-01
4.192955e-01
4.194825e-01
4.195958e-01
4.197827e-01
4.202104e-01
4.202273e-01
4.204707e-01
4.206035e-01
4.208522e-01
4.208694e-01
4.210054e-01
4.212191e-01
4.218047e-01
4.221128e-01
4.222093e-01
4.223686e-01
4.224562e-01
4.225258e-01
4.227646e-01
4.231362e-01
4.233952e-01
4.234087e-01
4.235628e-01
4.236898e-01
4.238350e-01
4.242621e-01
4.243866e-01
4.245085e-01
4.247641e-01
4.251801e-01
4.254448e-01
4.255202e-01
4.255839e-01
4.259217e-01
4.261950e-01
4.264297e-01
4.265938e-01
4.267470e-01
4.269015e-01
4.270533e-01
4.270919e-01
4.273465e-01
4.274890e-01
4.274994e-01
4.276947e-01
4.279094e-01
4.280273e-01
4.284672e-01
4.286191e-01
4.286914e-01
4.288444e-01
4.289856e-01
4.290129e-01
4.290635e-01
4.295004e-01
4.296491e-01
4.297108e-01
4.300229e-01
4.301324e-01
4.301483e-01
4.305076e-01
4.306843e-01
4.309803e-01
4.314700e-01
4.316949e-01
4.317350e-01
4.320372e-01
4.323496e-01
4.324522e-01
4.326987e-01
4.328677e-01
4.330920e-01
4.332376e-01
4.335995e-01
4.336420e-01
4.337923e-01
4.338500e-01
4.339266e-01
4.342699e-01
4.343240e-01
4.343710e-01
4.347422e-01
4.347559e-01
4.349767e-01
4.352791e-01
4.353596e-01
4.354150e-01
4.358149e-01
4.360191e-01
4.361844e-01
4.363604e-01
4.364640e-01
4.367545e-01
4.368522e-01
4.369408e-01
4.371769e-01
4.373020e-01
4.375992e-01
4.376674e-01
4.379950e-01
4.381167e-01
4.381613e-01
4.381749e-01
4.386713e-01
4.387515e-01
4.390802e-01
4.395305e-01
4.396234e-01
4.398154e-01
4.398418e-01
4.402324e-01
4.402732e-01
4.403718e-01
4.406533e-01
4.407623e-01
4.409720e-01
4.413581e-01
4.417054e-01
4.417985e-01
4.423029e-01
4.425194e-01
4.426476e-01
4.427689e-01
4.429098e-01
4.430155e-01
4.431520e-01
4.437926e-01
4.440346e-01
4.441037e-01
4.442486e-01
4.444451e-01
4.446299e-01
4.447951e-01
4.451541e-01
4.453209e-01
4.453833e-01
4.456441e-01
4.458611e-01
4.460176e-01
4.461943e-01
4.464570e-01
4.469904e-01
4.471326e-01
4.472352e-01
4.474411e-01
4.474880e-01
4.476882e-01
4.478583e-01
4.481202e-01
4.481685e-01
4.483165e-01
4.484848e-01
4.485967e-01
4.488359e-01
4.491277e-01
4.494988e-01
4.496445e-01
4.500721e-01
4.501619e-01
4.504249e-01
4.504784e-01
4.509958e-01
4.512581e-01
4.513242e-01
4.515413e-01
4.516475e-01
4.516583e-01
4.519621e-01
4.522367e-01
4.526227e-01
4.527805e-01
4.530213e-01
4.530692e-01
4.533546e-01
4.534577e-01
4.535096e-01
4.538431e-01
4.539172e-01
4.543031e-01
4.546397e-01
4.549137e-01
4.550824e-01
4.553714e-01
4.554117e-01
4.556442e-01
4.558560e-01
4.560751e-01
4.560952e-01
4.563537e-01
4.567294e-01
4.568799e-01
4.570149e-01
4.573553e-01
4.573840e-01
4.575016e-01
4.576703e-01
4.581032e-01
4.581424e-01
4.583623e-01
4.585577e-01
4.587062e-01
4.590018e-01
4.591911e-01
4.592485e-01
4.596092e-01
4.597502e-01
4.599293e-01
4.602351e-01
4.603244e-01
4.604453e-01
4.608587e-01
4.609361e-01
4.611671e-01
4.612840e-01
4.617079e-01
4.617128e-01
4.622364e-01
4.622945e-01
4.624343e-01
4.625756e-01
4.629055e-01
4.630661e-01
4.633495e-01
4.634271e-01
4.636437e-01
4.639668e-01
4.640048e-01
4.648008e-01
4.648725e-01
4.649700e-01
4.650816e-01
4.657075e-01
4.658359e-01
4.663162e-01
4.663254e-01
4.665545e-01
4.667464e-01
4.668205e-01
4.673930e-01
4.674884e-01
4.678430e-01
4.680228e-01
4.681376e-01
4.684143e-01
4.685469e-01
4.688983e-01
4.691610e-01
4.694072e-01
4.695554e-01
4.696222e-01
4.698049e-01
4.700003e-01
4.702952e-01
4.704685e-01
4.708400e-01
4.709558e-01
4.709875e-01
4.711521e-01
4.713104e-01
4.713545e-01
4.717297e-01
4.717457e-01
4.721097e-01
4.724840e-01
4.727224e-01
4.728274e-01
4.729980e-01
4.732758e-01
4.738703e-01
4.740994e-01
4.743012e-01
4.745324e-01
4.747997e-01
4.748524e-01
4.750741e-01
4.753527e-01
4.758388e-01
4.759213e-01
4.759599e-01
4.762894e-01
4.763903e-01
4.764745e-01
4.770517e-01
4.770637e-01
4.773959e-01
4.777633e-01
4.780023e-01
4.780258e-01
4.780955e-01
4.786007e-01
4.787773e-01
4.789760e-01
4.792646e-01
4.794925e-01
4.796557e-01
4.797016e-01
4.798650e-01
4.802638e-01
4.803144e-01
4.804500e-01
4.810567e-01
4.811276e-01
4.813751e-01
4.816991e-01
4.817429e-01
4.819754e-01
4.820770e-01
4.821971e-01
4.823937e-01
4.826538e-01
4.834290e-01
4.834976e-01
4.839108e-01
4.839351e-01
4.842766e-01
4.843278e-01
4.848065e-01
4.848248e-01
4.853121e-01
4.854465e-01
4.857388e-01
4.857933e-01
4.859888e-01
4.860838e-01
4.866030e-01
4.867165e-01
4.872462e-01
4.875616e-01
4.876808e-01
4.878252e-01
4.880660e-01
4.884061e-01
4.886079e-01
4.888265e-01
4.890809e-01
4.892665e-01
4.894709e-01
4.899754e-01
4.902488e-01
4.903838e-01
4.904563e-01
4.906918e-01
4.908764e-01
4.909453e-01
4.913686e-01
4.916674e-01
4.918824e-01
4.919829e-01
4.920207e-01
4.922784e-01
4.929192e-01
4.931667e-01
4.934975e-01
4.935306e-01
4.936059e-01
4.941528e-01
4.946597e-01
4.949095e-01
4.949745e-01
4.950798e-01
4.954140e-01
4.958839e-01
4.959238e-01
4.962582e-01
4.964262e-01
4.964543e-01
4.970672e-01
4.971037e-01
4.974095e-01
4.975072e-01
4.979145e-01
4.980422e-01
4.983878e-01
4.987236e-01
4.988175e-01
4.988718e-01
4.990471e-01
4.993701e-01
4.994113e-01
4.995957e-01
5.000882e-01
5.001058e-01
5.001872e-01
5.007429e-01
5.009855e-01
5.011388e-01
5.013057e-01
5.016081e-01
5.019710e-01
5.023968e-01
5.026989e-01
5.031569e-01
5.032101e-01
5.034701e-01
5.035249e-01
5.041244e-01
5.043078e-01
5.045817e-01
5.046153e-01
5.050772e-01
5.051959e-01
5.053901e-01
5.056048e-01
5.057827e-01
5.060610e-01
5.061211e-01
5.066872e-01
5.069296e-01
5.070516e-01
5.071400e-01
5.076154e-01
5.077753e-01
5.078004e-01
5.081672e-01
5.086605e-01
5.088531e-01
5.090265e-01
5.091088e-01
5.092848e-01
5.096454e-01
5.100255e-01
5.102077e-01
5.104456e-01
5.106752e-01
5.108328e-01
5.110919e-01
5.113937e-01
5.115481e-01
5.120184e-01
5.121359e-01
5.125270e-01
5.128265e-01
5.129833e-01
5.135998e-01
5.136745e-01
5.143477e-01
5.144574e-01
5.145182e-01
5.146592e-01
5.151276e-01
5.153302e-01
5.159685e-01
5.160022e-01
5.161874e-01
5.163161e-01
5.166631e-01
5.168690e-01
5.170433e-01
5.171641e-01
5.177334e-01
5.181418e-01
5.182465e-01
5.187325e-01
5.188507e-01
5.191233e-01
5.195851e-01
5.198452e-01
5.201193e-01
5.202421e-01
5.205910e-01
5.210898e-01
5.213722e-01
5.214496e-01
5.218034e-01
5.218856e-01
5.228365e-01
5.230518e-01
5.231345e-01
5.232678e-01
5.235212e-01
5.241289e-01
5.244384e-01
5.245373e-01
5.246722e-01
5.248239e-01
5.254305e-01
5.257049e-01
5.259878e-01
5.261249e-01
5.263671e-01
5.265591e-01
5.271766e-01
5.274770e-01
5.276979e-01
5.277234e-01
5.281214e-01
5.283040e-01
5.284830e-01
5.287416e-01
5.292026e-01
5.294366e-01
5.297015e-01
5.300376e-01
5.301017e-01
5.302486e-01
5.304977e-01
5.307978e-01
5.310160e-01
5.315138e-01
5.317339e-01
5.324777e-01
5.325487e-01
5.327977e-01
5.331141e-01
5.334621e-01
5.337627e-01
5.338138e-01
5.340318e-01
5.341577e-01
5.346264e-01
5.350746e-01
5.351260e-01
5.354469e-01
5.356591e-01
5.357149e-01
5.358665e-01
5.364848e-01
5.366687e-01
5.368026e-01
5.372441e-01
5.376723e-01
5.378231e-01
5.381197e-01
5.386657e-01
5.387467e-01
5.390218e-01
5.392188e-01
5.395391e-01
5.399254e-01
5.400383e-01
5.405041e-01
5.410627e-01
5.412119e-01
5.413250e-01
5.415282e-01
5.418055e-01
5.421709e-01
5.425543e-01
5.426555e-01
5.429393e-01
5.430599e-01
5.433478e-01
5.438369e-01
5.443378e-01
5.447001e-01
5.448754e-01
5.450255e-01
5.452290e-01
5.454874e-01
5.456355e-01
5.458061e-01
5.462323e-01
5.464325e-01
5.464756e-01
5.466125e-01
5.472815e-01
5.473696e-01
5.477969e-01
5.479407e-01
5.482262e-01
5.486062e-01
5.488381e-01
5.495993e-01
5.496468e-01
5.499614e-01
5.506395e-01
5.509106e-01
5.510278e-01
5.512119e-01
5.513970e-01
5.516995e-01
5.518195e-01
5.522432e-01
5.523903e-01
5.527013e-01
5.531748e-01
5.538046e-01
5.542025e-01
5.542660e-01
5.547881e-01
5.550837e-01
5.555695e-01
5.558952e-01
5.564308e-01
5.566650e-01
5.567336e-01
5.569574e-01
5.570019e-01
5.575496e-01
5.585094e-01
5.585762e-01
5.585984e-01
5.588550e-01
5.589336e-01
5.592477e-01
5.600910e-01
5.604651e-01
5.612362e-01
5.612932e-01
5.618012e-01
5.618593e-01
5.622574e-01
5.624672e-01
5.625825e-01
5.627422e-01
5.633489e-01
5.635971e-01
5.645214e-01
5.648609e-01
5.650983e-01
5.651926e-01
5.655691e-01
5.657270e-01
5.657679e-01
5.661531e-01
5.666985e-01
5.674102e-01
5.678069e-01
5.678734e-01
5.681260e-01
5.688315e-01
5.690362e-01
5.694527e-01
5.701202e-01
5.701996e-01
5.704565e-01
5.709766e-01
5.712484e-01
5.717551e-01
5.725226e-01
5.727792e-01
5.729534e-01
5.732282e-01
5.738199e-01
5.739204e-01
5.743031e-01
5.747604e-01
5.751962e-01
5.752909e-01
5.758008e-01
5.761554e-01
5.763779e-01
5.765717e-01
5.767694e-01
5.770191e-01
5.774382e-01
5.776097e-01
5.783143e-01
5.783765e-01
5.786367e-01
5.789216e-01
5.794144e-01
5.798296e-01
5.801330e-01
5.802669e-01
5.807996e-01
5.810966e-01
5.816179e-01
5.817945e-01
5.818632e-01
5.820601e-01
5.824652e-01
5.827364e-01
5.833216e-01
5.833532e-01
5.836271e-01
5.839073e-01
5.841202e-01
5.846791e-01
5.848068e-01
5.853717e-01
5.857744e-01
5.865652e-01
5.866086e-01
5.871990e-01
5.874582e-01
5.880444e-01
5.885880e-01
5.885994e-01
5.888877e-01
5.895573e-01
5.903226e-01
5.909197e-01
5.912575e-01
5.915596e-01
5.917073e-01
5.918153e-01
5.926345e-01
5.927505e-01
5.930230e-01
5.935225e-01
5.937035e-01
5.945313e-01
5.946514e-01
5.950695e-01
5.958612e-01
5.961403e-01
5.969045e-01
5.970824e-01
5.971479e-01
5.973699e-01
5.982941e-01
5.983798e-01
5.984794e-01
5.991793e-01
5.992941e-01
5.997467e-01
6.002148e-01
6.005175e-01
6.006230e-01
6.013332e-01
6.020878e-01
6.023683e-01
6.025651e-01
6.026052e-01
6.030488e-01
6.031107e-01
6.036871e-01
6.038082e-01
6.046799e-01
6.052107e-01
6.053104e-01
6.058644e-01
6.060461e-01
6.063628e-01
6.066815e-01
6.067204e-01
6.072995e-01
6.074733e-01
6.077658e-01
6.081827e-01
6.083347e-01
6.089059e-01
6.091752e-01
6.096540e-01
6.099518e-01
6.103998e-01
6.104439e-01
6.113076e-01
6.115526e-01
6.121684e-01
6.127627e-01
6.130100e-01
6.132948e-01
6.140494e-01
6.145220e-01
6.150090e-01
6.150904e-01
6.161249e-01
6.164863e-01
6.166920e-01
6.169442e-01
6.169750e-01
6.179844e-01
6.181292e-01
6.186224e-01
6.191005e-01
6.192139e-01
6.198258e-01
6.200994e-01
6.208842e-01
6.214843e-01
6.221391e-01
6.227311e-01
6.231495e-01
6.233650e-01
6.235712e-01
6.241581e-01
6.243935e-01
6.251688e-01
6.253630e-01
6.256052e-01
6.262161e-01
6.263325e-01
6.277196e-01
6.278953e-01
6.280582e-01
6.288829e-01
6.290055e-01
6.295858e-01
6.299124e-01
6.303936e-01
6.304654e-01
6.306939e-01
6.310263e-01
6.319301e-01
6.325802e-01
6.330284e-01
6.344676e-01
6.346222e-01
6.350314e-01
6.353151e-01
6.355593e-01
6.359454e-01
6.360414e-01
6.370022e-01
6.372334e-01
6.387412e-01
6.388465e-01
6.389793e-01
6.391465e-01
6.394732e-01
6.404480e-01
6.406826e-01
6.409444e-01
6.417697e-01
6.418268e-01
6.418891e-01
6.427577e-01
6.430253e-01
6.443122e-01
6.443868e-01
6.446088e-01
6.456592e-01
6.458231e-01
6.464781e-01
6.465675e-01
6.468210e-01
6.471959e-01
6.478408e-01
6.481195e-01
6.490208e-01
6.493433e-01
6.498082e-01
6.504106e-01
6.506581e-01
6.515188e-01
6.522025e-01
6.527872e-01
6.535051e-01
6.537603e-01
6.542874e-01
6.544276e-01
6.547052e-01
6.552002e-01
6.558777e-01
6.564341e-01
6.575603e-01
6.576799e-01
6.584312e-01
6.585334e-01
6.591256e-01
6.599522e-01
6.600770e-01
6.603116e-01
6.613998e-01
6.618932e-01
6.619547e-01
6.629141e-01
6.629422e-01
6.632515e-01
6.638599e-01
6.645656e-01
6.649467e-01
6.652828e-01
6.658796e-01
6.667245e-01
6.671603e-01
6.677033e-01
6.687971e-01
6.694962e-01
6.696269e-01
6.701356e-01
6.710961e-01
6.720904e-01
6.724953e-01
6.730275e-01
6.737795e-01
6.747193e-01
6.759682e-01
6.765631e-01
6.771152e-01
6.772545e-01
6.775809e-01
6.787082e-01
6.798068e-01
6.798534e-01
6.801014e-01
6.805616e-01
6.813241e-01
6.821216e-01
6.824419e-01
6.846320e-01
6.848578e-01
6.852752e-01
6.859862e-01
6.871473e-01
6.874751e-01
6.880346e-01
6.886683e-01
6.892639e-01
6.900560e-01
6.901954e-01
6.910654e-01
6.920707e-01
6.924250e-01
6.933953e-01
6.937633e-01
6.945863e-01
6.952548e-01
6.960006e-01
6.966582e-01
6.968001e-01
6.980190e-01
6.984801e-01
6.992914e-01
6.994867e-01
6.998110e-01
7.006264e-01
7.013276e-01
7.024841e-01
7.025404e-01
7.037567e-01
7.050502e-01
7.056069e-01
7.060611e-01
7.073942e-01
7.082613e-01
7.087946e-01
7.094063e-01
7.098739e-01
7.103256e-01
7.113904e-01
7.114978e-01
7.117219e-01
7.133177e-01
7.139650e-01
7.151181e-01
7.161700e-01
7.164507e-01
7.165768e-01
7.175723e-01
7.189351e-01
7.201395e-01
7.219818e-01
7.221462e-01
7.251672e-01
7.256030e-01
7.257323e-01
7.271858e-01
7.294145e-01
7.303257e-01
7.315155e-01
7.328178e-01
7.329153e-01
7.330447e-01
7.351367e-01
7.358565e-01
7.360568e-01
7.369803e-01
7.384652e-01
7.396394e-01
7.406091e-01
7.406721e-01
7.437636e-01
7.438123e-01
7.443582e-01
7.445544e-01
7.459463e-01
7.471076e-01
7.487559e-01
7.489214e-01
7.501309e-01
7.501850e-01
7.519775e-01
7.521838e-01
7.534483e-01
7.544565e-01
7.556795e-01
7.564785e-01
7.574365e-01
7.577705e-01
7.587706e-01
7.590823e-01
7.596986e-01
7.606896e-01
7.608762e-01
7.619729e-01
7.630580e-01
7.633426e-01
7.635172e-01
7.655208e-01
7.660239e-01
7.669999e-01
7.675145e-01
7.691624e-01
7.719604e-01
7.725681e-01
7.726472e-01
7.741342e-01
7.748068e-01
7.756951e-01
7.761318e-01
7.792817e-01
7.801224e-01
7.810995e-01
7.833083e-01
7.845976e-01
7.853947e-01
7.861853e-01
7.870817e-01
7.873428e-01
7.903090e-01
7.923704e-01
7.931748e-01
7.934071e-01
7.965372e-01
8.005056e-01
8.025071e-01
8.039966e-01
8.053318e-01
8.056885e-01
8.095072e-01
8.103495e-01
8.116073e-01
8.131113e-01
8.160894e-01
8.176652e-01
8.215330e-01
8.215707e-01
8.245314e-01
8.251508e-01
8.268095e-01
8.271718e-01
8.290231e-01
8.304014e-01
8.321936e-01
8.335899e-01
8.338617e-01
8.373911e-01
8.373961e-01
8.392541e-01
8.421229e-01
8.450623e-01
8.504663e-01
8.539870e-01
8.543587e-01
8.559047e-01
8.581638e-01
8.609538e-01
8.619294e-01
8.620779e-01
8.648075e-01
8.699183e-01
8.782640e-01
8.814056e-01
8.845507e-01
8.855439e-01
8.879142e-01
8.881709e-01
8.890991e-01
8.908852e-01
8.914987e-01
8.931806e-01
8.977532e-01
8.990627e-01
9.060232e-01
9.086858e-01
9.108347e-01
9.117837e-01
9.205223e-01
9.208153e-01
9.235542e-01
9.239176e-01
9.257639e-01
9.285507e-01
9.286532e-01
9.322598e-01
9.335191e-01
9.362468e-01
9.377405e-01
9.409899e-01
9.416503e-01
9.426330e-01
9.443490e-01
9.482733e-01
9.504951e-01
9.537932e-01
9.639813e-01
9.685034e-01
9.780433e-01
9.879778e-01
9.956977e-01
1.000000e+00
