# SF-29 N2 candidate (i) i0 field=gauss_ch eps=0.5 N=12: sorted relative singular values of the dense central-FD Jacobian at the final_iterate state (rows F_i=-q(L_i-S_i); smax=1.012411e+04)
1.719444e-06
6.159704e-06
7.644067e-06
9.097467e-06
1.408341e-05
2.124452e-05
2.233117e-05
2.382028e-05
3.097477e-05
3.343036e-05
4.377909e-05
5.019723e-05
6.072961e-05
6.552125e-05
8.251468e-05
8.862189e-05
9.732522e-05
1.016222e-04
1.120913e-04
1.283427e-04
1.367657e-04
1.452470e-04
1.590764e-04
1.623826e-04
1.919611e-04
2.038481e-04
2.094556e-04
2.287774e-04
2.410844e-04
2.668791e-04
2.773545e-04
2.993527e-04
3.202211e-04
3.359308e-04
3.418448e-04
3.635850e-04
3.795106e-04
4.101809e-04
4.104598e-04
4.374888e-04
4.522197e-04
4.826584e-04
5.038509e-04
5.360392e-04
5.567433e-04
5.614964e-04
6.000856e-04
6.225278e-04
6.299026e-04
6.345115e-04
6.761790e-04
6.894314e-04
7.289199e-04
7.750785e-04
7.855477e-04
7.899388e-04
8.262424e-04
8.565533e-04
9.011726e-04
9.240891e-04
9.508497e-04
9.753561e-04
9.843478e-04
1.011670e-03
1.031653e-03
1.080789e-03
1.093864e-03
1.144892e-03
1.155002e-03
1.167249e-03
1.209072e-03
1.226835e-03
1.237415e-03
1.254567e-03
1.302371e-03
1.330344e-03
1.348507e-03
1.349896e-03
1.400096e-03
1.410333e-03
1.416252e-03
1.459791e-03
1.474244e-03
1.515564e-03
1.535307e-03
1.571820e-03
1.578044e-03
1.593424e-03
1.651229e-03
1.677318e-03
1.709334e-03
1.720252e-03
1.741873e-03
1.753287e-03
1.790586e-03
1.823406e-03
1.850484e-03
1.872239e-03
1.892242e-03
1.939796e-03
2.016218e-03
2.052977e-03
2.063247e-03
2.096169e-03
2.112078e-03
2.115149e-03
2.148251e-03
2.170741e-03
2.224722e-03
2.278329e-03
2.292015e-03
2.309813e-03
2.336876e-03
2.348051e-03
2.390852e-03
2.420472e-03
2.470245e-03
2.497175e-03
2.550100e-03
2.587288e-03
2.605622e-03
2.655131e-03
2.684274e-03
2.706915e-03
2.762860e-03
2.796265e-03
2.826622e-03
2.910660e-03
2.928043e-03
2.965465e-03
2.978523e-03
3.024811e-03
3.086097e-03
3.108639e-03
3.154324e-03
3.188105e-03
3.199037e-03
3.226088e-03
3.258420e-03
3.317056e-03
3.379680e-03
3.393271e-03
3.425110e-03
3.437987e-03
3.445620e-03
3.473067e-03
3.502382e-03
3.554328e-03
3.569385e-03
3.635735e-03
3.655182e-03
3.699812e-03
3.723023e-03
3.749248e-03
3.770564e-03
3.853998e-03
3.861486e-03
3.874799e-03
3.911571e-03
3.947813e-03
3.980854e-03
4.023730e-03
4.032327e-03
4.090150e-03
4.105365e-03
4.135946e-03
4.178863e-03
4.194010e-03
4.239544e-03
4.268068e-03
4.282948e-03
4.344017e-03
4.356031e-03
4.396689e-03
4.431710e-03
4.438865e-03
4.513223e-03
4.567938e-03
4.595822e-03
4.604112e-03
4.635629e-03
4.687603e-03
4.714129e-03
4.741600e-03
4.785442e-03
4.816522e-03
4.824315e-03
4.861194e-03
4.884247e-03
4.934677e-03
4.952289e-03
4.989801e-03
5.029071e-03
5.042733e-03
5.075395e-03
5.099517e-03
5.124826e-03
5.144230e-03
5.192536e-03
5.261021e-03
5.312544e-03
5.327871e-03
5.390582e-03
5.411223e-03
5.460444e-03
5.481985e-03
5.492437e-03
5.541655e-03
5.567794e-03
5.598932e-03
5.612436e-03
5.678622e-03
5.720387e-03
5.737201e-03
5.802457e-03
5.819066e-03
5.856947e-03
5.883442e-03
5.961150e-03
5.994149e-03
6.012262e-03
6.023563e-03
6.088824e-03
6.097578e-03
6.133114e-03
6.215430e-03
6.265075e-03
6.306200e-03
6.319525e-03
6.337808e-03
6.370338e-03
6.413206e-03
6.446649e-03
6.506132e-03
6.513940e-03
6.545258e-03
6.599631e-03
6.631477e-03
6.661114e-03
6.681354e-03
6.711631e-03
6.761135e-03
6.800774e-03
6.808854e-03
6.866298e-03
6.880298e-03
6.895237e-03
6.935140e-03
6.958904e-03
6.984096e-03
7.020402e-03
7.040057e-03
7.089674e-03
7.118664e-03
7.147544e-03
7.194097e-03
7.222872e-03
7.232840e-03
7.255283e-03
7.302965e-03
7.347107e-03
7.383515e-03
7.437892e-03
7.464623e-03
7.496307e-03
7.510957e-03
7.534327e-03
7.555963e-03
7.574002e-03
7.655352e-03
7.683196e-03
7.714736e-03
7.763317e-03
7.784549e-03
7.796037e-03
7.834153e-03
7.875214e-03
7.903307e-03
7.921276e-03
7.962521e-03
8.004355e-03
8.028144e-03
8.066085e-03
8.099008e-03
8.129480e-03
8.166555e-03
8.192252e-03
8.246966e-03
8.275604e-03
8.312455e-03
8.337391e-03
8.410605e-03
8.477322e-03
8.491778e-03
8.505304e-03
8.531687e-03
8.597113e-03
8.616296e-03
8.661226e-03
8.676445e-03
8.722444e-03
8.756788e-03
8.804342e-03
8.831525e-03
8.865946e-03
8.885519e-03
8.917767e-03
8.949859e-03
8.996107e-03
9.028778e-03
9.057646e-03
9.119177e-03
9.135481e-03
9.186580e-03
9.203758e-03
9.243552e-03
9.280184e-03
9.349767e-03
9.368277e-03
9.415499e-03
9.437261e-03
9.496074e-03
9.516572e-03
9.542255e-03
9.585411e-03
9.626525e-03
9.648517e-03
9.692021e-03
9.713846e-03
9.760781e-03
9.783412e-03
9.804237e-03
9.849607e-03
9.895441e-03
9.909967e-03
9.928800e-03
9.954070e-03
1.002300e-02
1.006675e-02
1.010243e-02
1.012847e-02
1.016359e-02
1.017935e-02
1.022476e-02
1.026222e-02
1.033904e-02
1.035679e-02
1.040928e-02
1.041263e-02
1.043036e-02
1.047792e-02
1.052093e-02
1.056966e-02
1.059632e-02
1.065880e-02
1.068250e-02
1.069134e-02
1.071895e-02
1.074865e-02
1.077327e-02
1.082991e-02
1.085261e-02
1.088564e-02
1.094472e-02
1.095079e-02
1.099324e-02
1.104287e-02
1.108111e-02
1.108421e-02
1.115023e-02
1.118291e-02
1.119162e-02
1.123930e-02
1.128081e-02
1.130306e-02
1.135718e-02
1.138765e-02
1.140558e-02
1.143601e-02
1.149083e-02
1.149808e-02
1.152641e-02
1.156681e-02
1.158332e-02
1.163715e-02
1.165582e-02
1.167904e-02
1.174009e-02
1.174719e-02
1.179866e-02
1.181336e-02
1.187229e-02
1.189232e-02
1.193181e-02
1.197022e-02
1.197046e-02
1.200856e-02
1.210841e-02
1.214681e-02
1.216604e-02
1.218777e-02
1.221742e-02
1.223037e-02
1.227311e-02
1.233192e-02
1.234319e-02
1.239012e-02
1.242614e-02
1.246176e-02
1.250046e-02
1.254819e-02
1.255847e-02
1.259480e-02
1.262117e-02
1.267011e-02
1.270208e-02
1.275238e-02
1.276775e-02
1.278476e-02
1.282684e-02
1.283269e-02
1.287969e-02
1.292342e-02
1.295050e-02
1.296300e-02
1.301348e-02
1.303279e-02
1.308817e-02
1.313520e-02
1.315466e-02
1.320394e-02
1.321799e-02
1.324020e-02
1.325029e-02
1.330681e-02
1.333551e-02
1.337896e-02
1.343917e-02
1.346143e-02
1.348223e-02
1.349648e-02
1.352377e-02
1.355335e-02
1.360070e-02
1.366680e-02
1.370911e-02
1.375025e-02
1.377073e-02
1.381347e-02
1.382762e-02
1.386307e-02
1.390460e-02
1.392104e-02
1.396933e-02
1.398290e-02
1.400747e-02
1.401837e-02
1.411363e-02
1.412449e-02
1.418094e-02
1.422116e-02
1.427909e-02
1.431853e-02
1.433630e-02
1.436039e-02
1.441927e-02
1.444214e-02
1.446317e-02
1.447815e-02
1.451773e-02
1.456512e-02
1.459883e-02
1.464288e-02
1.466535e-02
1.470422e-02
1.473374e-02
1.474807e-02
1.479473e-02
1.481457e-02
1.488773e-02
1.489875e-02
1.495114e-02
1.498558e-02
1.500643e-02
1.505925e-02
1.508186e-02
1.513885e-02
1.515565e-02
1.524498e-02
1.525391e-02
1.528101e-02
1.529358e-02
1.531952e-02
1.534686e-02
1.538260e-02
1.542301e-02
1.544243e-02
1.546302e-02
1.551380e-02
1.553697e-02
1.559006e-02
1.562281e-02
1.564516e-02
1.567061e-02
1.571059e-02
1.573028e-02
1.574042e-02
1.576901e-02
1.579994e-02
1.585117e-02
1.590738e-02
1.595578e-02
1.596636e-02
1.601180e-02
1.604154e-02
1.607890e-02
1.609490e-02
1.611856e-02
1.617514e-02
1.622069e-02
1.625483e-02
1.627905e-02
1.632718e-02
1.633692e-02
1.637583e-02
1.642161e-02
1.643630e-02
1.645038e-02
1.649322e-02
1.654542e-02
1.657112e-02
1.662432e-02
1.663031e-02
1.664960e-02
1.668820e-02
1.673918e-02
1.676370e-02
1.678388e-02
1.679901e-02
1.684327e-02
1.687358e-02
1.695537e-02
1.696491e-02
1.698820e-02
1.701220e-02
1.703612e-02
1.705640e-02
1.709749e-02
1.716735e-02
1.718641e-02
1.721141e-02
1.724051e-02
1.728318e-02
1.733649e-02
1.738603e-02
1.739386e-02
1.742133e-02
1.744554e-02
1.749484e-02
1.750493e-02
1.755732e-02
1.757372e-02
1.758927e-02
1.762124e-02
1.764256e-02
1.768204e-02
1.769450e-02
1.772247e-02
1.774869e-02
1.779434e-02
1.782322e-02
1.784258e-02
1.785983e-02
1.789844e-02
1.794618e-02
1.799141e-02
1.803149e-02
1.809948e-02
1.812582e-02
1.813187e-02
1.820247e-02
1.822302e-02
1.823965e-02
1.829648e-02
1.830991e-02
1.834551e-02
1.837068e-02
1.837476e-02
1.843555e-02
1.845868e-02
1.847638e-02
1.853391e-02
1.856551e-02
1.862999e-02
1.863757e-02
1.866483e-02
1.870253e-02
1.873845e-02
1.875693e-02
1.878944e-02
1.881376e-02
1.884407e-02
1.885851e-02
1.891596e-02
1.892264e-02
1.895251e-02
1.903051e-02
1.904974e-02
1.909409e-02
1.912460e-02
1.914421e-02
1.924529e-02
1.925558e-02
1.927384e-02
1.929516e-02
1.934982e-02
1.939463e-02
1.941273e-02
1.941823e-02
1.945080e-02
1.950612e-02
1.952175e-02
1.955641e-02
1.957598e-02
1.961856e-02
1.963713e-02
1.967898e-02
1.969296e-02
1.970263e-02
1.973520e-02
1.975851e-02
1.981021e-02
1.982787e-02
1.986366e-02
1.989003e-02
1.994424e-02
1.995596e-02
2.001622e-02
2.002143e-02
2.005669e-02
2.010961e-02
2.012115e-02
2.017587e-02
2.021063e-02
2.021281e-02
2.022705e-02
2.025353e-02
2.031038e-02
2.034249e-02
2.037504e-02
2.042899e-02
2.046149e-02
2.046873e-02
2.050819e-02
2.054302e-02
2.057629e-02
2.058231e-02
2.062975e-02
2.065069e-02
2.066216e-02
2.069251e-02
2.070165e-02
2.072545e-02
2.078670e-02
2.080653e-02
2.083980e-02
2.088250e-02
2.088529e-02
2.092131e-02
2.099442e-02
2.100870e-02
2.103524e-02
2.107515e-02
2.112037e-02
2.116140e-02
2.117712e-02
2.122498e-02
2.126822e-02
2.127205e-02
2.129129e-02
2.131548e-02
2.136254e-02
2.137794e-02
2.141020e-02
2.143028e-02
2.145933e-02
2.152116e-02
2.154582e-02
2.156724e-02
2.160937e-02
2.163642e-02
2.166183e-02
2.169663e-02
2.173413e-02
2.177580e-02
2.178077e-02
2.182704e-02
2.184907e-02
2.189509e-02
2.194955e-02
2.196503e-02
2.198020e-02
2.200082e-02
2.206985e-02
2.209832e-02
2.211378e-02
2.216820e-02
2.219459e-02
2.222293e-02
2.223422e-02
2.228437e-02
2.232497e-02
2.233907e-02
2.235634e-02
2.238313e-02
2.240069e-02
2.243240e-02
2.245584e-02
2.250795e-02
2.253052e-02
2.255355e-02
2.259129e-02
2.262874e-02
2.264108e-02
2.266998e-02
2.270259e-02
2.272561e-02
2.276183e-02
2.280181e-02
2.284738e-02
2.285218e-02
2.288646e-02
2.291199e-02
2.296085e-02
2.298833e-02
2.300781e-02
2.305435e-02
2.306815e-02
2.311975e-02
2.314408e-02
2.315464e-02
2.319535e-02
2.322286e-02
2.325165e-02
2.327675e-02
2.330626e-02
2.333566e-02
2.336290e-02
2.340033e-02
2.343559e-02
2.346883e-02
2.348994e-02
2.355082e-02
2.356524e-02
2.358419e-02
2.363422e-02
2.365480e-02
2.366451e-02
2.371007e-02
2.372033e-02
2.376774e-02
2.379737e-02
2.383569e-02
2.387752e-02
2.390911e-02
2.396194e-02
2.397669e-02
2.401946e-02
2.406786e-02
2.410856e-02
2.412423e-02
2.416325e-02
2.417436e-02
2.422249e-02
2.426487e-02
2.428301e-02
2.430666e-02
2.435033e-02
2.439752e-02
2.442020e-02
2.443657e-02
2.443972e-02
2.449234e-02
2.452088e-02
2.453998e-02
2.458426e-02
2.460487e-02
2.461647e-02
2.466592e-02
2.468773e-02
2.471311e-02
2.476513e-02
2.479450e-02
2.482569e-02
2.487487e-02
2.489838e-02
2.491659e-02
2.492696e-02
2.496955e-02
2.502561e-02
2.507057e-02
2.509509e-02
2.511309e-02
2.515194e-02
2.517589e-02
2.520255e-02
2.522758e-02
2.524753e-02
2.526931e-02
2.531709e-02
2.532433e-02
2.536097e-02
2.538342e-02
2.541213e-02
2.544585e-02
2.549766e-02
2.551546e-02
2.555124e-02
2.555760e-02
2.560988e-02
2.565393e-02
2.566794e-02
2.568159e-02
2.569600e-02
2.577317e-02
2.578903e-02
2.580422e-02
2.583860e-02
2.590762e-02
2.593334e-02
2.596551e-02
2.598034e-02
2.598749e-02
2.601518e-02
2.605366e-02
2.607999e-02
2.610306e-02
2.614865e-02
2.618981e-02
2.622804e-02
2.624964e-02
2.628172e-02
2.629137e-02
2.632098e-02
2.632711e-02
2.635855e-02
2.638413e-02
2.645287e-02
2.649712e-02
2.650787e-02
2.655120e-02
2.657288e-02
2.659322e-02
2.663708e-02
2.667378e-02
2.669432e-02
2.672853e-02
2.673775e-02
2.676446e-02
2.678984e-02
2.680592e-02
2.686557e-02
2.688042e-02
2.691995e-02
2.693131e-02
2.698121e-02
2.701574e-02
2.703208e-02
2.703984e-02
2.710019e-02
2.713582e-02
2.716865e-02
2.721539e-02
2.722524e-02
2.726269e-02
2.727601e-02
2.732405e-02
2.733649e-02
2.737237e-02
2.741459e-02
2.744636e-02
2.748689e-02
2.752224e-02
2.755826e-02
2.759500e-02
2.762536e-02
2.763219e-02
2.765826e-02
2.770465e-02
2.772423e-02
2.773725e-02
2.777271e-02
2.781220e-02
2.782829e-02
2.785470e-02
2.787608e-02
2.794802e-02
2.797805e-02
2.799859e-02
2.802461e-02
2.806194e-02
2.809931e-02
2.810537e-02
2.814192e-02
2.816413e-02
2.817963e-02
2.825810e-02
2.826143e-02
2.828263e-02
2.830037e-02
2.835524e-02
2.838810e-02
2.841831e-02
2.846512e-02
2.849017e-02
2.853391e-02
2.856519e-02
2.856536e-02
2.861580e-02
2.864097e-02
2.864955e-02
2.868031e-02
2.871073e-02
2.875244e-02
2.877440e-02
2.881641e-02
2.883279e-02
2.887537e-02
2.888104e-02
2.889426e-02
2.892074e-02
2.895473e-02
2.900027e-02
2.902391e-02
2.903056e-02
2.908777e-02
2.912472e-02
2.915620e-02
2.921512e-02
2.923362e-02
2.924922e-02
2.926426e-02
2.930144e-02
2.931815e-02
2.933692e-02
2.937258e-02
2.939286e-02
2.943393e-02
2.947751e-02
2.952347e-02
2.956223e-02
2.959376e-02
2.963798e-02
2.966256e-02
2.967990e-02
2.969369e-02
2.972714e-02
2.974054e-02
2.978570e-02
2.983359e-02
2.985906e-02
2.989226e-02
2.990209e-02
2.991579e-02
2.992594e-02
2.997543e-02
3.001603e-02
3.008401e-02
3.008985e-02
3.010366e-02
3.013225e-02
3.018063e-02
3.018431e-02
3.023258e-02
3.025430e-02
3.027176e-02
3.029874e-02
3.031196e-02
3.037482e-02
3.040107e-02
3.043655e-02
3.046599e-02
3.048937e-02
3.053473e-02
3.056469e-02
3.060023e-02
3.061699e-02
3.065251e-02
3.066374e-02
3.068947e-02
3.073279e-02
3.075980e-02
3.078222e-02
3.080513e-02
3.085962e-02
3.088723e-02
3.090463e-02
3.096096e-02
3.097928e-02
3.101102e-02
3.104711e-02
3.107253e-02
3.112569e-02
3.112786e-02
3.115491e-02
3.118517e-02
3.121968e-02
3.124619e-02
3.129660e-02
3.130679e-02
3.135213e-02
3.136670e-02
3.139354e-02
3.141777e-02
3.146025e-02
3.150821e-02
3.151789e-02
3.154942e-02
3.157056e-02
3.159988e-02
3.161629e-02
3.166340e-02
3.171875e-02
3.173712e-02
3.176472e-02
3.177941e-02
3.181281e-02
3.183305e-02
3.187672e-02
3.190330e-02
3.197144e-02
3.199587e-02
3.199878e-02
3.201261e-02
3.203038e-02
3.208168e-02
3.209346e-02
3.210835e-02
3.214532e-02
3.219976e-02
3.222366e-02
3.225115e-02
3.228048e-02
3.230556e-02
3.231606e-02
3.236250e-02
3.237468e-02
3.241011e-02
3.246622e-02
3.247065e-02
3.251847e-02
3.255509e-02
3.257486e-02
3.261765e-02
3.263545e-02
3.265848e-02
3.268202e-02
3.272481e-02
3.277103e-02
3.280189e-02
3.284525e-02
3.288411e-02
3.290079e-02
3.291277e-02
3.293219e-02
3.296767e-02
3.298814e-02
3.300512e-02
3.307943e-02
3.309384e-02
3.315533e-02
3.318157e-02
3.319380e-02
3.323514e-02
3.325397e-02
3.326561e-02
3.328075e-02
3.329948e-02
3.333139e-02
3.336941e-02
3.338012e-02
3.339607e-02
3.343778e-02
3.346927e-02
3.351157e-02
3.354784e-02
3.358458e-02
3.361620e-02
3.364286e-02
3.367595e-02
3.368880e-02
3.371198e-02
3.376205e-02
3.378247e-02
3.380125e-02
3.383962e-02
3.386353e-02
3.389209e-02
3.392079e-02
3.394962e-02
3.396829e-02
3.399310e-02
3.402472e-02
3.406246e-02
3.409642e-02
3.411601e-02
3.411980e-02
3.415825e-02
3.420968e-02
3.422525e-02
3.424043e-02
3.427551e-02
3.429602e-02
3.432979e-02
3.435990e-02
3.438808e-02
3.441866e-02
3.445560e-02
3.447739e-02
3.451769e-02
3.452999e-02
3.457743e-02
3.462252e-02
3.464447e-02
3.466037e-02
3.470114e-02
3.473032e-02
3.476104e-02
3.478790e-02
3.483146e-02
3.485326e-02
3.488791e-02
3.491080e-02
3.493805e-02
3.496642e-02
3.498012e-02
3.500275e-02
3.502899e-02
3.505086e-02
3.508251e-02
3.515138e-02
3.517493e-02
3.519263e-02
3.521663e-02
3.525362e-02
3.532174e-02
3.533979e-02
3.536139e-02
3.538575e-02
3.542793e-02
3.543836e-02
3.547745e-02
3.548899e-02
3.550476e-02
3.554592e-02
3.555935e-02
3.560007e-02
3.566500e-02
3.568487e-02
3.569403e-02
3.574440e-02
3.574626e-02
3.577771e-02
3.580531e-02
3.585683e-02
3.589475e-02
3.592552e-02
3.598761e-02
3.599732e-02
3.602053e-02
3.604252e-02
3.606241e-02
3.609284e-02
3.612192e-02
3.615170e-02
3.619409e-02
3.620048e-02
3.625381e-02
3.627672e-02
3.629673e-02
3.632491e-02
3.637653e-02
3.638819e-02
3.642271e-02
3.647706e-02
3.650469e-02
3.650855e-02
3.655897e-02
3.656424e-02
3.660238e-02
3.663928e-02
3.666913e-02
3.668200e-02
3.671633e-02
3.674970e-02
3.677110e-02
3.680835e-02
3.684039e-02
3.689894e-02
3.690427e-02
3.693168e-02
3.694100e-02
3.696797e-02
3.703286e-02
3.703892e-02
3.708391e-02
3.710217e-02
3.717083e-02
3.717869e-02
3.720068e-02
3.722748e-02
3.724899e-02
3.730067e-02
3.733629e-02
3.738266e-02
3.740343e-02
3.742979e-02
3.746088e-02
3.749298e-02
3.752706e-02
3.756275e-02
3.760428e-02
3.762769e-02
3.765285e-02
3.766766e-02
3.767015e-02
3.770158e-02
3.774748e-02
3.775571e-02
3.776528e-02
3.780114e-02
3.781594e-02
3.787558e-02
3.790502e-02
3.796860e-02
3.798745e-02
3.801081e-02
3.805681e-02
3.808202e-02
3.811110e-02
3.813521e-02
3.815917e-02
3.819974e-02
3.823774e-02
3.826141e-02
3.828444e-02
3.832236e-02
3.834284e-02
3.838406e-02
3.841431e-02
3.844825e-02
3.846157e-02
3.847664e-02
3.852337e-02
3.854169e-02
3.859283e-02
3.860450e-02
3.864709e-02
3.868917e-02
3.871842e-02
3.872340e-02
3.877963e-02
3.879508e-02
3.880535e-02
3.885184e-02
3.886230e-02
3.888615e-02
3.890006e-02
3.895946e-02
3.897456e-02
3.901589e-02
3.905387e-02
3.908763e-02
3.909333e-02
3.912985e-02
3.915945e-02
3.916119e-02
3.918342e-02
3.922900e-02
3.924171e-02
3.929196e-02
3.931208e-02
3.933348e-02
3.937740e-02
3.939515e-02
3.944015e-02
3.951351e-02
3.954586e-02
3.957466e-02
3.959578e-02
3.962521e-02
3.963829e-02
3.966233e-02
3.970638e-02
3.977222e-02
3.979952e-02
3.982177e-02
3.983185e-02
3.987531e-02
3.990164e-02
3.993019e-02
3.999866e-02
4.001391e-02
4.004120e-02
4.006468e-02
4.008500e-02
4.015969e-02
4.016969e-02
4.019936e-02
4.022038e-02
4.025033e-02
4.029841e-02
4.031892e-02
4.035053e-02
4.039207e-02
4.042994e-02
4.043746e-02
4.044856e-02
4.050554e-02
4.053740e-02
4.058326e-02
4.062110e-02
4.065902e-02
4.067053e-02
4.069352e-02
4.070705e-02
4.073193e-02
4.076524e-02
4.079417e-02
4.081350e-02
4.085952e-02
4.089631e-02
4.090238e-02
4.093300e-02
4.097541e-02
4.101728e-02
4.105619e-02
4.107478e-02
4.110165e-02
4.113874e-02
4.114969e-02
4.117754e-02
4.122871e-02
4.127059e-02
4.127834e-02
4.129919e-02
4.134317e-02
4.137375e-02
4.137976e-02
4.146184e-02
4.148410e-02
4.152288e-02
4.155783e-02
4.162149e-02
4.163874e-02
4.164726e-02
4.169189e-02
4.171454e-02
4.174346e-02
4.175738e-02
4.179604e-02
4.183996e-02
4.186259e-02
4.187624e-02
4.191212e-02
4.193949e-02
4.195068e-02
4.200946e-02
4.202277e-02
4.205101e-02
4.208587e-02
4.214727e-02
4.219521e-02
4.220767e-02
4.222196e-02
4.224058e-02
4.225725e-02
4.228675e-02
4.231803e-02
4.236413e-02
4.238534e-02
4.241396e-02
4.245493e-02
4.248619e-02
4.254709e-02
4.255286e-02
4.257530e-02
4.258524e-02
4.265179e-02
4.265902e-02
4.271318e-02
4.273014e-02
4.277833e-02
4.279334e-02
4.281049e-02
4.282574e-02
4.288116e-02
4.289829e-02
4.294587e-02
4.296081e-02
4.298071e-02
4.298879e-02
4.305098e-02
4.308975e-02
4.312820e-02
4.315822e-02
4.320867e-02
4.322609e-02
4.326067e-02
4.326705e-02
4.330847e-02
4.333073e-02
4.335700e-02
4.340397e-02
4.344822e-02
4.346808e-02
4.348349e-02
4.351543e-02
4.354765e-02
4.356720e-02
4.358749e-02
4.364817e-02
4.370306e-02
4.373661e-02
4.375208e-02
4.379083e-02
4.382111e-02
4.384850e-02
4.387463e-02
4.390620e-02
4.393783e-02
4.398417e-02
4.398907e-02
4.401315e-02
4.404206e-02
4.406823e-02
4.409558e-02
4.413559e-02
4.419085e-02
4.419419e-02
4.422858e-02
4.426820e-02
4.431332e-02
4.434047e-02
4.435675e-02
4.440519e-02
4.445734e-02
4.446005e-02
4.448166e-02
4.451528e-02
4.453500e-02
4.457828e-02
4.461554e-02
4.465253e-02
4.466611e-02
4.470501e-02
4.472587e-02
4.476434e-02
4.480170e-02
4.482879e-02
4.484796e-02
4.487324e-02
4.493632e-02
4.495664e-02
4.497615e-02
4.498640e-02
4.503006e-02
4.505916e-02
4.508129e-02
4.510712e-02
4.514848e-02
4.518247e-02
4.519615e-02
4.522844e-02
4.527398e-02
4.529453e-02
4.534694e-02
4.539347e-02
4.542261e-02
4.544315e-02
4.544710e-02
4.551235e-02
4.552077e-02
4.557600e-02
4.562030e-02
4.562393e-02
4.568732e-02
4.573198e-02
4.574270e-02
4.578050e-02
4.579597e-02
4.584878e-02
4.585127e-02
4.591099e-02
4.593098e-02
4.594247e-02
4.600579e-02
4.603068e-02
4.606518e-02
4.608124e-02
4.611115e-02
4.616549e-02
4.619331e-02
4.620821e-02
4.623959e-02
4.628043e-02
4.633852e-02
4.635045e-02
4.637926e-02
4.640359e-02
4.640650e-02
4.645585e-02
4.646317e-02
4.651858e-02
4.660232e-02
4.661024e-02
4.664328e-02
4.668689e-02
4.671302e-02
4.677360e-02
4.681973e-02
4.684063e-02
4.685096e-02
4.687509e-02
4.692709e-02
4.694171e-02
4.696074e-02
4.700796e-02
4.705781e-02
4.707806e-02
4.712036e-02
4.712948e-02
4.714008e-02
4.720119e-02
4.723147e-02
4.724224e-02
4.725132e-02
4.731056e-02
4.734286e-02
4.737414e-02
4.739729e-02
4.743947e-02
4.747548e-02
4.748363e-02
4.755847e-02
4.756845e-02
4.762266e-02
4.765894e-02
4.767627e-02
4.770760e-02
4.775947e-02
4.779104e-02
4.779942e-02
4.783772e-02
4.787349e-02
4.787935e-02
4.789822e-02
4.795631e-02
4.798017e-02
4.801620e-02
4.806528e-02
4.809233e-02
4.813561e-02
4.819716e-02
4.821457e-02
4.824194e-02
4.825183e-02
4.831450e-02
4.833999e-02
4.836464e-02
4.838876e-02
4.841006e-02
4.847931e-02
4.850397e-02
4.854584e-02
4.855698e-02
4.859883e-02
4.864927e-02
4.868529e-02
4.870778e-02
4.872143e-02
4.878572e-02
4.880669e-02
4.886827e-02
4.889394e-02
4.893455e-02
4.894608e-02
4.900748e-02
4.904966e-02
4.907010e-02
4.911929e-02
4.913295e-02
4.914805e-02
4.919765e-02
4.923246e-02
4.924936e-02
4.930704e-02
4.931286e-02
4.937988e-02
4.938466e-02
4.941875e-02
4.945725e-02
4.950288e-02
4.952913e-02
4.957520e-02
4.958182e-02
4.960856e-02
4.965781e-02
4.967567e-02
4.974763e-02
4.977249e-02
4.979568e-02
4.987953e-02
4.989035e-02
4.991110e-02
4.995401e-02
4.997805e-02
5.002961e-02
5.004010e-02
5.006529e-02
5.010109e-02
5.015697e-02
5.018173e-02
5.021620e-02
5.029728e-02
5.030527e-02
5.031047e-02
5.034113e-02
5.037370e-02
5.044161e-02
5.046195e-02
5.049133e-02
5.051149e-02
5.053916e-02
5.057230e-02
5.061055e-02
5.065031e-02
5.066847e-02
5.077020e-02
5.080467e-02
5.081695e-02
5.086282e-02
5.087449e-02
5.093309e-02
5.096030e-02
5.099007e-02
5.099095e-02
5.105381e-02
5.105892e-02
5.110311e-02
5.116762e-02
5.121773e-02
5.124068e-02
5.127662e-02
5.132471e-02
5.133510e-02
5.139347e-02
5.145176e-02
5.147826e-02
5.148853e-02
5.155826e-02
5.156911e-02
5.160432e-02
5.170636e-02
5.171821e-02
5.174026e-02
5.180352e-02
5.187697e-02
5.189941e-02
5.191450e-02
5.192515e-02
5.195517e-02
5.199933e-02
5.200040e-02
5.203698e-02
5.209304e-02
5.213569e-02
5.217205e-02
5.219625e-02
5.223441e-02
5.224374e-02
5.229608e-02
5.232054e-02
5.236206e-02
5.240965e-02
5.242962e-02
5.245365e-02
5.251534e-02
5.256273e-02
5.258388e-02
5.263247e-02
5.265033e-02
5.268035e-02
5.272390e-02
5.277510e-02
5.281218e-02
5.285300e-02
5.286927e-02
5.287574e-02
5.294587e-02
5.296335e-02
5.299251e-02
5.301440e-02
5.306739e-02
5.310619e-02
5.312631e-02
5.315830e-02
5.321062e-02
5.323555e-02
5.326047e-02
5.330522e-02
5.332988e-02
5.336921e-02
5.341307e-02
5.345893e-02
5.346996e-02
5.348904e-02
5.354165e-02
5.361818e-02
5.363445e-02
5.368059e-02
5.371772e-02
5.378714e-02
5.381927e-02
5.383735e-02
5.384827e-02
5.390414e-02
5.394778e-02
5.397784e-02
5.402092e-02
5.405084e-02
5.407432e-02
5.409812e-02
5.413745e-02
5.418116e-02
5.423052e-02
5.427721e-02
5.431061e-02
5.431257e-02
5.437352e-02
5.440848e-02
5.443546e-02
5.448115e-02
5.449636e-02
5.451291e-02
5.458451e-02
5.461826e-02
5.466874e-02
5.472209e-02
5.473880e-02
5.475654e-02
5.477042e-02
5.480506e-02
5.485043e-02
5.487127e-02
5.490196e-02
5.496576e-02
5.498297e-02
5.502246e-02
5.503427e-02
5.512519e-02
5.513550e-02
5.517857e-02
5.525205e-02
5.528499e-02
5.531719e-02
5.536127e-02
5.539306e-02
5.540741e-02
5.544801e-02
5.550742e-02
5.556838e-02
5.558204e-02
5.559329e-02
5.561953e-02
5.565592e-02
5.570702e-02
5.574982e-02
5.578272e-02
5.578661e-02
5.583152e-02
5.585440e-02
5.591537e-02
5.593706e-02
5.594223e-02
5.603428e-02
5.605100e-02
5.609636e-02
5.614680e-02
5.618156e-02
5.621986e-02
5.624511e-02
5.626163e-02
5.631074e-02
5.634177e-02
5.638515e-02
5.639428e-02
5.644173e-02
5.649267e-02
5.651610e-02
5.656969e-02
5.661391e-02
5.662910e-02
5.666341e-02
5.668152e-02
5.670556e-02
5.674730e-02
5.682543e-02
5.688467e-02
5.690591e-02
5.692115e-02
5.697903e-02
5.699077e-02
5.705879e-02
5.707855e-02
5.709444e-02
5.713508e-02
5.720567e-02
5.722586e-02
5.725954e-02
5.728074e-02
5.729881e-02
5.732599e-02
5.736714e-02
5.743218e-02
5.749167e-02
5.752599e-02
5.755567e-02
5.761220e-02
5.763837e-02
5.764651e-02
5.766578e-02
5.771182e-02
5.776522e-02
5.778604e-02
5.781355e-02
5.786363e-02
5.791065e-02
5.792301e-02
5.796314e-02
5.796720e-02
5.802548e-02
5.807805e-02
5.809927e-02
5.814742e-02
5.818578e-02
5.821553e-02
5.822569e-02
5.825688e-02
5.829958e-02
5.833621e-02
5.836163e-02
5.839693e-02
5.842616e-02
5.852294e-02
5.856493e-02
5.857802e-02
5.862221e-02
5.864830e-02
5.869136e-02
5.874767e-02
5.878217e-02
5.878567e-02
5.886074e-02
5.888208e-02
5.892246e-02
5.894152e-02
5.902155e-02
5.904252e-02
5.906123e-02
5.912063e-02
5.917009e-02
5.919776e-02
5.925229e-02
5.927948e-02
5.935308e-02
5.937171e-02
5.939575e-02
5.946616e-02
5.950551e-02
5.952254e-02
5.954984e-02
5.958305e-02
5.962370e-02
5.965107e-02
5.973368e-02
5.974382e-02
5.978457e-02
5.981585e-02
5.982334e-02
5.989762e-02
5.991485e-02
5.995971e-02
5.999933e-02
6.000641e-02
6.002102e-02
6.008506e-02
6.010880e-02
6.014602e-02
6.018155e-02
6.023815e-02
6.029587e-02
6.031459e-02
6.034809e-02
6.039596e-02
6.045816e-02
6.048768e-02
6.050992e-02
6.054734e-02
6.056590e-02
6.060813e-02
6.063139e-02
6.072185e-02
6.073209e-02
6.076524e-02
6.078544e-02
6.080291e-02
6.084126e-02
6.089600e-02
6.092842e-02
6.095995e-02
6.100488e-02
6.104961e-02
6.107057e-02
6.109301e-02
6.117312e-02
6.119877e-02
6.123954e-02
6.127054e-02
6.132158e-02
6.135320e-02
6.144918e-02
6.147315e-02
6.149399e-02
6.154928e-02
6.157262e-02
6.160232e-02
6.163260e-02
6.165657e-02
6.169787e-02
6.174918e-02
6.177937e-02
6.181173e-02
6.182816e-02
6.193636e-02
6.199556e-02
6.203209e-02
6.205813e-02
6.209663e-02
6.216559e-02
6.220680e-02
6.225666e-02
6.228913e-02
6.235881e-02
6.236796e-02
6.241427e-02
6.249826e-02
6.252857e-02
6.253706e-02
6.261852e-02
6.267259e-02
6.268233e-02
6.271290e-02
6.274833e-02
6.279163e-02
6.282358e-02
6.283652e-02
6.292822e-02
6.295255e-02
6.297063e-02
6.300820e-02
6.304452e-02
6.308000e-02
6.312710e-02
6.315739e-02
6.320260e-02
6.326039e-02
6.328656e-02
6.336957e-02
6.344360e-02
6.346029e-02
6.348091e-02
6.350020e-02
6.352133e-02
6.362112e-02
6.364753e-02
6.367953e-02
6.371480e-02
6.377064e-02
6.379717e-02
6.385622e-02
6.393010e-02
6.394783e-02
6.398607e-02
6.402054e-02
6.406670e-02
6.407843e-02
6.414141e-02
6.416320e-02
6.420319e-02
6.424249e-02
6.430207e-02
6.431291e-02
6.442749e-02
6.448269e-02
6.449543e-02
6.452560e-02
6.458834e-02
6.462823e-02
6.470318e-02
6.474110e-02
6.476761e-02
6.483575e-02
6.485202e-02
6.491114e-02
6.495702e-02
6.496842e-02
6.498137e-02
6.507763e-02
6.509054e-02
6.516694e-02
6.517403e-02
6.519862e-02
6.521007e-02
6.531618e-02
6.533130e-02
6.534840e-02
6.540041e-02
6.543695e-02
6.548898e-02
6.554449e-02
6.555934e-02
6.557528e-02
6.564302e-02
6.568848e-02
6.573227e-02
6.575709e-02
6.581795e-02
6.585740e-02
6.591205e-02
6.595189e-02
6.596333e-02
6.599811e-02
6.604435e-02
6.610296e-02
6.613011e-02
6.617712e-02
6.621186e-02
6.623596e-02
6.628764e-02
6.634580e-02
6.637353e-02
6.641951e-02
6.648275e-02
6.649601e-02
6.654720e-02
6.658815e-02
6.661271e-02
6.662625e-02
6.667049e-02
6.675530e-02
6.678501e-02
6.681589e-02
6.684721e-02
6.689615e-02
6.694769e-02
6.697269e-02
6.706019e-02
6.708386e-02
6.710270e-02
6.715341e-02
6.718160e-02
6.723508e-02
6.727392e-02
6.731792e-02
6.732453e-02
6.738489e-02
6.744788e-02
6.747207e-02
6.751954e-02
6.755384e-02
6.764725e-02
6.769637e-02
6.771177e-02
6.773323e-02
6.782200e-02
6.787514e-02
6.790764e-02
6.792263e-02
6.797970e-02
6.799603e-02
6.804678e-02
6.807482e-02
6.816869e-02
6.819708e-02
6.823136e-02
6.829392e-02
6.832024e-02
6.833443e-02
6.837584e-02
6.843719e-02
6.847246e-02
6.849549e-02
6.853215e-02
6.857678e-02
6.864068e-02
6.866770e-02
6.869667e-02
6.872225e-02
6.878875e-02
6.886741e-02
6.889355e-02
6.892910e-02
6.900930e-02
6.902251e-02
6.906290e-02
6.912645e-02
6.916656e-02
6.917070e-02
6.921136e-02
6.928207e-02
6.932846e-02
6.940825e-02
6.941769e-02
6.944794e-02
6.950734e-02
6.952434e-02
6.958890e-02
6.962182e-02
6.963304e-02
6.967417e-02
6.972292e-02
6.976660e-02
6.982661e-02
6.988544e-02
6.992848e-02
7.001329e-02
7.003371e-02
7.004781e-02
7.010890e-02
7.011908e-02
7.016527e-02
7.021988e-02
7.026730e-02
7.027771e-02
7.032748e-02
7.036012e-02
7.042362e-02
7.056393e-02
7.058470e-02
7.059657e-02
7.063689e-02
7.069467e-02
7.074868e-02
7.077788e-02
7.081251e-02
7.085091e-02
7.090426e-02
7.092420e-02
7.097277e-02
7.108129e-02
7.109481e-02
7.115995e-02
7.123244e-02
7.127179e-02
7.131756e-02
7.135513e-02
7.139342e-02
7.145395e-02
7.149132e-02
7.149768e-02
7.153473e-02
7.159742e-02
7.166914e-02
7.169965e-02
7.172047e-02
7.177446e-02
7.178214e-02
7.184179e-02
7.191536e-02
7.196694e-02
7.202413e-02
7.205150e-02
7.210113e-02
7.215182e-02
7.220124e-02
7.223790e-02
7.225082e-02
7.233332e-02
7.234812e-02
7.237999e-02
7.241461e-02
7.249448e-02
7.252273e-02
7.257331e-02
7.262266e-02
7.267193e-02
7.271222e-02
7.277664e-02
7.282688e-02
7.287239e-02
7.291263e-02
7.296635e-02
7.299003e-02
7.304812e-02
7.312262e-02
7.319869e-02
7.321918e-02
7.324704e-02
7.328202e-02
7.336795e-02
7.339086e-02
7.344665e-02
7.352291e-02
7.357314e-02
7.361556e-02
7.364479e-02
7.367261e-02
7.369859e-02
7.376928e-02
7.387190e-02
7.393112e-02
7.398152e-02
7.403296e-02
7.407271e-02
7.414578e-02
7.416666e-02
7.417801e-02
7.426223e-02
7.429308e-02
7.438555e-02
7.445618e-02
7.446354e-02
7.452622e-02
7.454487e-02
7.461539e-02
7.463373e-02
7.464697e-02
7.472704e-02
7.480139e-02
7.480275e-02
7.489006e-02
7.493379e-02
7.496051e-02
7.500062e-02
7.504795e-02
7.509604e-02
7.512391e-02
7.518417e-02
7.523671e-02
7.526372e-02
7.536602e-02
7.541423e-02
7.542269e-02
7.551890e-02
7.552256e-02
7.557616e-02
7.561000e-02
7.564474e-02
7.570670e-02
7.577366e-02
7.580906e-02
7.588292e-02
7.593316e-02
7.597702e-02
7.602212e-02
7.606743e-02
7.613703e-02
7.620661e-02
7.621877e-02
7.627843e-02
7.639426e-02
7.641152e-02
7.645609e-02
7.651113e-02
7.654447e-02
7.665234e-02
7.666995e-02
7.670028e-02
7.673375e-02
7.676798e-02
7.680611e-02
7.686424e-02
7.694932e-02
7.705010e-02
7.706831e-02
7.711350e-02
7.713682e-02
7.719614e-02
7.725201e-02
7.728180e-02
7.729483e-02
7.734235e-02
7.740771e-02
7.747294e-02
7.748340e-02
7.752395e-02
7.757400e-02
7.764085e-02
7.768969e-02
7.771820e-02
7.776998e-02
7.782118e-02
7.791425e-02
7.792907e-02
7.796865e-02
7.797788e-02
7.804828e-02
7.807715e-02
7.811285e-02
7.818090e-02
7.822910e-02
7.830782e-02
7.833489e-02
7.836370e-02
7.847971e-02
7.854694e-02
7.857963e-02
7.861393e-02
7.864691e-02
7.872645e-02
7.879174e-02
7.882877e-02
7.888237e-02
7.892575e-02
7.896188e-02
7.898900e-02
7.901522e-02
7.909679e-02
7.910646e-02
7.916836e-02
7.924337e-02
7.931763e-02
7.934714e-02
7.944792e-02
7.950618e-02
7.952961e-02
7.958933e-02
7.961525e-02
7.968899e-02
7.972644e-02
7.981647e-02
7.988122e-02
7.991230e-02
7.995121e-02
7.997559e-02
8.002212e-02
8.009391e-02
8.010893e-02
8.016574e-02
8.023274e-02
8.027495e-02
8.037948e-02
8.038923e-02
8.044628e-02
8.048829e-02
8.057132e-02
8.058383e-02
8.068229e-02
8.075214e-02
8.076842e-02
8.087043e-02
8.093740e-02
8.095106e-02
8.099290e-02
8.104196e-02
8.107409e-02
8.110690e-02
8.118324e-02
8.124264e-02
8.126904e-02
8.131169e-02
8.138327e-02
8.144096e-02
8.152171e-02
8.158399e-02
8.166689e-02
8.168587e-02
8.173871e-02
8.181166e-02
8.188136e-02
8.190395e-02
8.197425e-02
8.203764e-02
8.210667e-02
8.214240e-02
8.218360e-02
8.219363e-02
8.225716e-02
8.230326e-02
8.235132e-02
8.237889e-02
8.242843e-02
8.251178e-02
8.256184e-02
8.261970e-02
8.269955e-02
8.278265e-02
8.282229e-02
8.288579e-02
8.297014e-02
8.298660e-02
8.302026e-02
8.307290e-02
8.310808e-02
8.321073e-02
8.323372e-02
8.324516e-02
8.331479e-02
8.339395e-02
8.352934e-02
8.359436e-02
8.360252e-02
8.361879e-02
8.368986e-02
8.378910e-02
8.383972e-02
8.385589e-02
8.394378e-02
8.395086e-02
8.403707e-02
8.405466e-02
8.410326e-02
8.414413e-02
8.418646e-02
8.424748e-02
8.427510e-02
8.434947e-02
8.440831e-02
8.453733e-02
8.457882e-02
8.463699e-02
8.468831e-02
8.479874e-02
8.480789e-02
8.486451e-02
8.490623e-02
8.497927e-02
8.502757e-02
8.506631e-02
8.528030e-02
8.528490e-02
8.531332e-02
8.535734e-02
8.538799e-02
8.547295e-02
8.553410e-02
8.556118e-02
8.561095e-02
8.565558e-02
8.573915e-02
8.577747e-02
8.586693e-02
8.592028e-02
8.602308e-02
8.603842e-02
8.607722e-02
8.612193e-02
8.619449e-02
8.632312e-02
8.637491e-02
8.642781e-02
8.648197e-02
8.651868e-02
8.657603e-02
8.662050e-02
8.669536e-02
8.676313e-02
8.681350e-02
8.683850e-02
8.691091e-02
8.696409e-02
8.702549e-02
8.710231e-02
8.710652e-02
8.721919e-02
8.724578e-02
8.734643e-02
8.743134e-02
8.744327e-02
8.753022e-02
8.755832e-02
8.765189e-02
8.771696e-02
8.774304e-02
8.783223e-02
8.790289e-02
8.793022e-02
8.802656e-02
8.806448e-02
8.811534e-02
8.816854e-02
8.820015e-02
8.826469e-02
8.833063e-02
8.839315e-02
8.849085e-02
8.856637e-02
8.866346e-02
8.867885e-02
8.874818e-02
8.882869e-02
8.895122e-02
8.898883e-02
8.905372e-02
8.908748e-02
8.912585e-02
8.917750e-02
8.929101e-02
8.930285e-02
8.934867e-02
8.948904e-02
8.950548e-02
8.961958e-02
8.967899e-02
8.973083e-02
8.982324e-02
8.985664e-02
8.989434e-02
8.991537e-02
9.002495e-02
9.009796e-02
9.016753e-02
9.024287e-02
9.027905e-02
9.030143e-02
9.036824e-02
9.044096e-02
9.050092e-02
9.055197e-02
9.060374e-02
9.070785e-02
9.072653e-02
9.084018e-02
9.089134e-02
9.092020e-02
9.101179e-02
9.104807e-02
9.107473e-02
9.110742e-02
9.119667e-02
9.126118e-02
9.133557e-02
9.135534e-02
9.148546e-02
9.153983e-02
9.158221e-02
9.164626e-02
9.169732e-02
9.175461e-02
9.182682e-02
9.189885e-02
9.190763e-02
9.198882e-02
9.199777e-02
9.203033e-02
9.205228e-02
9.214385e-02
9.220421e-02
9.228912e-02
9.236863e-02
9.240292e-02
9.242302e-02
9.255449e-02
9.269898e-02
9.274056e-02
9.285059e-02
9.295503e-02
9.299305e-02
9.307698e-02
9.314289e-02
9.315493e-02
9.322100e-02
9.327554e-02
9.330142e-02
9.336107e-02
9.339484e-02
9.349124e-02
9.356568e-02
9.373239e-02
9.381630e-02
9.390971e-02
9.395276e-02
9.400515e-02
9.410634e-02
9.414370e-02
9.418917e-02
9.424904e-02
9.429251e-02
9.435331e-02
9.449130e-02
9.450519e-02
9.461165e-02
9.464099e-02
9.469129e-02
9.478556e-02
9.481794e-02
9.487625e-02
9.499972e-02
9.507857e-02
9.514990e-02
9.519584e-02
9.528914e-02
9.536114e-02
9.540986e-02
9.545247e-02
9.549614e-02
9.557746e-02
9.564123e-02
9.566196e-02
9.571487e-02
9.577710e-02
9.585597e-02
9.590538e-02
9.601149e-02
9.604143e-02
9.621015e-02
9.628043e-02
9.640943e-02
9.644315e-02
9.647671e-02
9.650652e-02
9.661185e-02
9.673602e-02
9.684973e-02
9.690481e-02
9.697221e-02
9.702067e-02
9.710207e-02
9.724865e-02
9.729571e-02
9.742813e-02
9.748334e-02
9.755745e-02
9.762451e-02
9.764734e-02
9.778926e-02
9.784382e-02
9.798577e-02
9.803617e-02
9.819296e-02
9.820302e-02
9.834735e-02
9.837785e-02
9.846739e-02
9.849561e-02
9.852251e-02
9.856673e-02
9.875927e-02
9.888533e-02
9.890236e-02
9.899292e-02
9.910332e-02
9.917079e-02
9.926688e-02
9.932178e-02
9.943768e-02
9.946732e-02
9.958491e-02
9.966831e-02
9.975286e-02
9.988116e-02
1.000073e-01
1.000319e-01
1.001566e-01
1.002382e-01
1.002930e-01
1.003669e-01
1.004364e-01
1.005059e-01
1.005484e-01
1.006338e-01
1.007302e-01
1.007496e-01
1.007829e-01
1.008482e-01
1.009214e-01
1.009495e-01
1.010452e-01
1.011032e-01
1.011964e-01
1.012614e-01
1.014250e-01
1.014733e-01
1.015770e-01
1.016091e-01
1.016700e-01
1.017963e-01
1.018682e-01
1.019812e-01
1.019840e-01
1.021106e-01
1.021892e-01
1.022525e-01
1.023619e-01
1.023847e-01
1.024224e-01
1.025663e-01
1.026386e-01
1.026929e-01
1.027612e-01
1.028236e-01
1.028321e-01
1.029139e-01
1.030755e-01
1.031809e-01
1.032294e-01
1.032885e-01
1.033055e-01
1.034129e-01
1.034411e-01
1.035836e-01
1.035894e-01
1.036746e-01
1.037716e-01
1.038579e-01
1.039779e-01
1.041635e-01
1.042441e-01
1.043118e-01
1.043729e-01
1.043811e-01
1.044190e-01
1.045787e-01
1.046314e-01
1.046867e-01
1.047467e-01
1.048727e-01
1.049000e-01
1.049158e-01
1.050389e-01
1.052139e-01
1.052482e-01
1.053255e-01
1.053647e-01
1.055353e-01
1.055631e-01
1.056817e-01
1.058404e-01
1.059181e-01
1.059419e-01
1.060932e-01
1.062105e-01
1.062496e-01
1.063214e-01
1.063910e-01
1.064416e-01
1.065330e-01
1.066398e-01
1.067563e-01
1.068212e-01
1.069885e-01
1.071035e-01
1.071526e-01
1.071631e-01
1.072242e-01
1.073102e-01
1.073987e-01
1.075333e-01
1.076491e-01
1.077030e-01
1.077592e-01
1.079037e-01
1.079844e-01
1.080499e-01
1.080830e-01
1.081583e-01
1.082592e-01
1.083573e-01
1.084529e-01
1.085728e-01
1.086380e-01
1.087009e-01
1.088003e-01
1.088228e-01
1.089275e-01
1.090976e-01
1.091373e-01
1.092376e-01
1.093210e-01
1.094065e-01
1.094799e-01
1.096171e-01
1.097391e-01
1.098042e-01
1.098991e-01
1.099601e-01
1.100556e-01
1.101844e-01
1.103494e-01
1.104165e-01
1.104870e-01
1.105744e-01
1.108082e-01
1.108669e-01
1.110018e-01
1.111163e-01
1.111607e-01
1.111948e-01
1.113201e-01
1.113993e-01
1.114366e-01
1.115394e-01
1.117495e-01
1.118185e-01
1.119087e-01
1.119393e-01
1.120980e-01
1.122256e-01
1.123536e-01
1.124109e-01
1.125393e-01
1.126120e-01
1.126760e-01
1.127877e-01
1.128557e-01
1.129105e-01
1.130790e-01
1.131206e-01
1.131286e-01
1.132938e-01
1.133723e-01
1.134619e-01
1.135213e-01
1.136165e-01
1.136842e-01
1.140157e-01
1.140542e-01
1.141267e-01
1.142885e-01
1.143600e-01
1.144270e-01
1.145428e-01
1.146560e-01
1.147275e-01
1.147385e-01
1.148157e-01
1.149488e-01
1.150549e-01
1.152020e-01
1.152751e-01
1.153137e-01
1.154782e-01
1.155417e-01
1.156672e-01
1.157207e-01
1.158378e-01
1.159774e-01
1.161241e-01
1.162462e-01
1.164237e-01
1.164645e-01
1.165220e-01
1.166739e-01
1.167838e-01
1.168271e-01
1.168977e-01
1.169406e-01
1.170629e-01
1.172654e-01
1.173399e-01
1.174692e-01
1.175268e-01
1.175938e-01
1.176467e-01
1.177478e-01
1.178599e-01
1.179998e-01
1.181933e-01
1.182930e-01
1.183190e-01
1.183926e-01
1.184190e-01
1.185669e-01
1.187047e-01
1.187949e-01
1.188916e-01
1.189333e-01
1.189591e-01
1.192518e-01
1.192873e-01
1.195016e-01
1.196065e-01
1.196190e-01
1.198052e-01
1.198308e-01
1.198889e-01
1.199614e-01
1.201577e-01
1.203335e-01
1.203831e-01
1.204663e-01
1.205530e-01
1.206883e-01
1.207313e-01
1.208895e-01
1.209815e-01
1.210920e-01
1.212237e-01
1.213045e-01
1.215009e-01
1.215751e-01
1.216182e-01
1.216424e-01
1.217943e-01
1.219090e-01
1.219428e-01
1.219679e-01
1.221558e-01
1.223187e-01
1.224784e-01
1.226433e-01
1.228068e-01
1.229802e-01
1.229906e-01
1.231077e-01
1.231961e-01
1.232229e-01
1.233496e-01
1.235044e-01
1.237321e-01
1.237936e-01
1.239208e-01
1.240473e-01
1.241091e-01
1.243309e-01
1.244402e-01
1.245736e-01
1.247438e-01
1.248608e-01
1.250610e-01
1.250936e-01
1.252813e-01
1.253772e-01
1.254424e-01
1.255960e-01
1.257000e-01
1.258049e-01
1.258936e-01
1.259928e-01
1.261464e-01
1.263504e-01
1.264736e-01
1.265679e-01
1.266689e-01
1.266792e-01
1.267776e-01
1.269560e-01
1.271414e-01
1.272277e-01
1.272642e-01
1.274982e-01
1.275368e-01
1.276826e-01
1.277172e-01
1.278219e-01
1.280536e-01
1.281898e-01
1.282023e-01
1.282803e-01
1.283944e-01
1.284378e-01
1.284567e-01
1.287121e-01
1.288579e-01
1.290138e-01
1.291377e-01
1.291438e-01
1.291799e-01
1.293212e-01
1.295577e-01
1.296554e-01
1.297222e-01
1.298633e-01
1.300166e-01
1.300736e-01
1.302342e-01
1.305141e-01
1.306757e-01
1.307709e-01
1.308165e-01
1.309676e-01
1.310366e-01
1.311945e-01
1.313238e-01
1.314561e-01
1.316162e-01
1.317989e-01
1.319382e-01
1.320237e-01
1.321522e-01
1.322125e-01
1.323407e-01
1.325665e-01
1.327199e-01
1.327495e-01
1.327814e-01
1.329513e-01
1.331619e-01
1.331947e-01
1.333838e-01
1.334291e-01
1.335074e-01
1.336762e-01
1.337861e-01
1.339738e-01
1.340858e-01
1.342206e-01
1.344335e-01
1.345916e-01
1.347491e-01
1.348060e-01
1.349235e-01
1.349660e-01
1.352652e-01
1.355740e-01
1.356211e-01
1.357376e-01
1.358341e-01
1.360259e-01
1.361356e-01
1.362260e-01
1.362833e-01
1.363015e-01
1.364747e-01
1.367239e-01
1.368254e-01
1.371009e-01
1.371983e-01
1.374548e-01
1.375932e-01
1.376406e-01
1.377225e-01
1.381572e-01
1.381993e-01
1.387029e-01
1.388387e-01
1.389283e-01
1.390868e-01
1.391433e-01
1.392529e-01
1.393079e-01
1.396034e-01
1.397804e-01
1.399066e-01
1.400849e-01
1.401361e-01
1.401699e-01
1.404289e-01
1.406138e-01
1.407544e-01
1.409011e-01
1.412766e-01
1.413035e-01
1.414054e-01
1.414959e-01
1.416663e-01
1.419119e-01
1.419941e-01
1.421386e-01
1.422896e-01
1.423115e-01
1.423935e-01
1.425155e-01
1.427597e-01
1.430183e-01
1.430834e-01
1.433137e-01
1.433774e-01
1.435146e-01
1.435897e-01
1.437987e-01
1.440052e-01
1.442263e-01
1.442568e-01
1.442987e-01
1.445548e-01
1.446148e-01
1.447948e-01
1.449614e-01
1.451375e-01
1.452193e-01
1.455488e-01
1.456844e-01
1.457886e-01
1.458884e-01
1.459888e-01
1.461733e-01
1.462037e-01
1.464109e-01
1.465997e-01
1.469325e-01
1.472000e-01
1.473973e-01
1.475479e-01
1.477761e-01
1.479229e-01
1.479718e-01
1.481753e-01
1.484085e-01
1.486364e-01
1.486826e-01
1.487245e-01
1.489467e-01
1.490620e-01
1.491222e-01
1.492969e-01
1.493478e-01
1.494825e-01
1.495718e-01
1.496521e-01
1.498225e-01
1.498868e-01
1.499703e-01
1.504488e-01
1.506722e-01
1.507930e-01
1.513146e-01
1.513814e-01
1.515082e-01
1.516425e-01
1.517776e-01
1.518817e-01
1.520155e-01
1.522394e-01
1.525500e-01
1.526531e-01
1.530366e-01
1.532455e-01
1.532526e-01
1.535043e-01
1.538584e-01
1.541386e-01
1.544235e-01
1.544925e-01
1.545825e-01
1.547810e-01
1.548588e-01
1.550465e-01
1.553860e-01
1.555842e-01
1.559950e-01
1.561222e-01
1.563122e-01
1.564779e-01
1.567267e-01
1.569284e-01
1.574226e-01
1.574549e-01
1.575804e-01
1.578725e-01
1.580122e-01
1.582529e-01
1.585201e-01
1.589132e-01
1.592203e-01
1.593970e-01
1.596046e-01
1.596734e-01
1.597972e-01
1.600182e-01
1.601093e-01
1.602248e-01
1.603392e-01
1.604049e-01
1.607123e-01
1.611158e-01
1.613450e-01
1.615960e-01
1.619253e-01
1.620415e-01
1.622776e-01
1.624971e-01
1.626335e-01
1.628043e-01
1.633892e-01
1.635567e-01
1.637005e-01
1.639428e-01
1.640160e-01
1.641488e-01
1.643586e-01
1.646603e-01
1.648571e-01
1.649142e-01
1.652122e-01
1.654191e-01
1.656262e-01
1.657902e-01
1.658833e-01
1.661249e-01
1.662186e-01
1.666920e-01
1.671908e-01
1.672299e-01
1.672789e-01
1.675664e-01
1.677904e-01
1.682009e-01
1.682334e-01
1.687058e-01
1.688918e-01
1.690985e-01
1.697294e-01
1.698094e-01
1.702452e-01
1.703448e-01
1.706446e-01
1.709757e-01
1.711207e-01
1.712997e-01
1.713451e-01
1.715065e-01
1.715253e-01
1.715758e-01
1.718711e-01
1.720427e-01
1.723622e-01
1.724950e-01
1.727594e-01
1.731230e-01
1.732409e-01
1.737177e-01
1.739458e-01
1.741730e-01
1.745889e-01
1.747063e-01
1.752517e-01
1.754904e-01
1.759666e-01
1.760068e-01
1.761795e-01
1.764099e-01
1.768836e-01
1.769545e-01
1.773108e-01
1.773432e-01
1.776911e-01
1.779538e-01
1.780850e-01
1.783985e-01
1.785583e-01
1.787401e-01
1.787878e-01
1.792278e-01
1.794822e-01
1.796314e-01
1.799004e-01
1.800896e-01
1.802919e-01
1.810371e-01
1.812341e-01
1.814004e-01
1.819402e-01
1.824927e-01
1.829128e-01
1.832662e-01
1.833676e-01
1.835194e-01
1.839573e-01
1.839953e-01
1.841390e-01
1.841444e-01
1.843501e-01
1.846493e-01
1.848081e-01
1.850854e-01
1.857727e-01
1.859773e-01
1.863015e-01
1.864471e-01
1.870326e-01
1.871490e-01
1.881634e-01
1.889828e-01
1.890200e-01
1.893755e-01
1.899327e-01
1.913178e-01
1.913915e-01
1.918678e-01
1.923801e-01
1.927507e-01
1.928066e-01
1.932275e-01
1.936136e-01
1.944359e-01
1.944695e-01
1.954204e-01
1.965284e-01
1.966803e-01
1.968372e-01
1.970518e-01
1.974766e-01
1.975370e-01
1.980412e-01
1.983070e-01
1.983735e-01
1.987558e-01
1.992670e-01
2.002635e-01
2.005224e-01
2.008343e-01
2.009398e-01
2.013438e-01
2.022518e-01
2.027601e-01
2.027864e-01
2.033235e-01
2.038404e-01
2.042801e-01
2.050864e-01
2.052673e-01
2.053196e-01
2.060395e-01
2.062343e-01
2.063106e-01
2.065713e-01
2.069320e-01
2.086481e-01
2.095164e-01
2.098042e-01
2.100934e-01
2.104470e-01
2.109437e-01
2.114386e-01
2.121407e-01
2.133531e-01
2.134903e-01
2.141180e-01
2.141732e-01
2.145504e-01
2.152759e-01
2.153884e-01
2.156074e-01
2.170934e-01
2.174967e-01
2.177541e-01
2.178320e-01
2.178668e-01
2.195217e-01
2.196030e-01
2.199108e-01
2.204984e-01
2.210703e-01
2.224241e-01
2.231361e-01
2.234194e-01
2.240968e-01
2.245897e-01
2.250404e-01
2.260842e-01
2.261497e-01
2.270789e-01
2.272783e-01
2.273646e-01
2.277675e-01
2.279846e-01
2.293259e-01
2.301724e-01
2.307271e-01
2.308572e-01
2.309050e-01
2.315819e-01
2.324528e-01
2.332456e-01
2.341840e-01
2.344285e-01
2.354605e-01
2.372582e-01
2.378574e-01
2.384880e-01
2.388896e-01
2.397096e-01
2.398685e-01
2.412807e-01
2.420341e-01
2.424266e-01
2.433346e-01
2.435738e-01
2.437982e-01
2.445973e-01
2.448081e-01
2.450030e-01
2.455224e-01
2.460167e-01
2.462943e-01
2.475618e-01
2.498041e-01
2.507244e-01
2.529950e-01
2.530659e-01
2.547747e-01
2.549443e-01
2.559190e-01
2.570674e-01
2.573317e-01
2.575639e-01
2.583961e-01
2.589397e-01
2.623698e-01
2.633105e-01
2.648927e-01
2.651893e-01
2.661019e-01
2.681076e-01
2.701764e-01
2.714656e-01
2.724760e-01
2.726711e-01
2.734108e-01
2.763642e-01
2.767439e-01
2.770262e-01
2.783473e-01
2.795455e-01
2.813378e-01
2.814370e-01
2.824853e-01
2.826111e-01
2.835224e-01
2.848577e-01
2.867693e-01
2.870092e-01
2.892186e-01
2.894620e-01
2.905213e-01
2.927273e-01
2.934353e-01
2.963020e-01
2.995728e-01
3.012761e-01
3.014152e-01
3.030252e-01
3.057767e-01
3.059842e-01
3.106860e-01
3.112019e-01
3.122448e-01
3.132920e-01
3.153126e-01
3.157182e-01
3.210180e-01
3.321637e-01
3.330062e-01
3.408301e-01
3.498928e-01
3.515062e-01
3.597245e-01
3.597833e-01
3.700493e-01
3.753272e-01
3.892332e-01
3.918016e-01
6.043656e-01
1.000000e+00
