# sorted relative singular values (reduced_hessian) field=control2d eps=0.5 N=12 n=3312
3.233566246266407875e-04
3.233566246544890624e-04
5.950041184540639377e-04
6.238999756052380054e-04
6.573804666662436775e-04
7.110392333059295956e-04
7.694046186950599274e-04
7.694046188072169558e-04
8.752966501089024919e-04
8.752966501593367581e-04
8.752982302910247963e-04
8.793078243928253426e-04
9.371998329119887250e-04
9.371998330811438880e-04
1.129338336529119155e-03
1.130412816649417704e-03
1.355144986349790439e-03
1.355144986518439388e-03
1.370580618826895474e-03
1.379302372238273844e-03
1.519147837148924606e-03
1.519147837253690195e-03
1.596936840490948513e-03
1.641368907847110675e-03
1.916191041043127045e-03
1.916191041217422085e-03
2.312305625095728394e-03
2.312305625168852626e-03
2.839993109595020417e-03
2.839993109693408294e-03
2.931557837198885737e-03
2.931557837350288933e-03
3.018105000043436702e-03
3.018105000152556880e-03
3.168020450656434169e-03
3.168020450715647654e-03
3.457925314530794353e-03
3.457925314590274985e-03
4.585224634842927083e-03
4.585224634952144405e-03
4.622065716180015320e-03
4.622065716290066177e-03
4.897327976930816555e-03
5.015146053745884319e-03
5.015146053932818988e-03
5.024500117225603676e-03
5.024500117272925198e-03
5.247429634709782631e-03
5.247429635109783844e-03
5.371958105705367664e-03
5.394599214161642335e-03
5.394599214219685315e-03
5.407515265544003344e-03
5.407515265566196529e-03
5.675954161136138702e-03
5.675954161244829536e-03
5.956421807298818011e-03
6.095893521427929278e-03
6.095893521552481556e-03
6.777505126006622312e-03
6.984011754085139856e-03
6.984011754110971623e-03
7.113649915810943240e-03
7.237215308302773036e-03
7.237215308343617967e-03
7.279806162857667233e-03
7.279806163023793894e-03
8.065234778986657416e-03
8.137054370369342302e-03
8.275774545992467882e-03
8.284681866378642776e-03
8.284681866416513524e-03
8.522606931636500863e-03
8.522606931873726033e-03
8.559325338280439691e-03
8.559325338324716773e-03
8.879641441799514257e-03
8.879641441822792511e-03
9.120054346913710266e-03
9.120054346925563632e-03
9.416089677245460116e-03
9.416089677274974701e-03
9.751235996080728774e-03
9.799857712221101899e-03
9.799857712321349834e-03
9.875876204105812559e-03
1.009008847348129463e-02
1.009008847354245751e-02
1.035473083087313367e-02
1.042106639859866415e-02
1.043454212978849743e-02
1.043454212995799726e-02
1.055015248309342131e-02
1.055015248327290101e-02
1.085926868652606174e-02
1.085926868660014137e-02
1.240892854085700985e-02
1.240892854087967227e-02
1.246911201249256522e-02
1.246911201261114745e-02
1.273172501354604379e-02
1.293589189458341400e-02
1.293589189472087869e-02
1.299437634043178538e-02
1.299437634051077602e-02
1.300094774055341948e-02
1.310123698217267700e-02
1.331562451842834525e-02
1.331562451855667836e-02
1.385920535181155676e-02
1.385920535190097308e-02
1.391526122632836399e-02
1.391526122639595922e-02
1.405788305560715448e-02
1.405788305569425495e-02
1.414486659745363764e-02
1.414486659754097056e-02
1.429081386936336892e-02
1.429081386938607645e-02
1.441857157771111314e-02
1.441857157782874647e-02
1.464999567952456061e-02
1.464999567960421911e-02
1.479228514780370554e-02
1.479228514787170497e-02
1.484505917471410155e-02
1.516000264126137094e-02
1.518768630180048797e-02
1.518768630202268002e-02
1.576154547537743367e-02
1.576154547545465315e-02
1.576473403198021608e-02
1.576473403203483212e-02
1.598702930975557865e-02
1.612940005210260208e-02
1.636212615236018811e-02
1.636212615246322721e-02
1.644967216935367890e-02
1.644967216942740812e-02
1.650102150019664565e-02
1.650102150039123652e-02
1.663895932496174332e-02
1.681328336187879260e-02
1.681328336221035030e-02
1.701325688354832222e-02
1.701325688368534456e-02
1.790941580569383601e-02
1.790941580577998238e-02
1.795370286412274405e-02
1.795370286433189272e-02
1.810167486902550249e-02
1.825732843989751747e-02
1.865069419457980257e-02
1.865069419465735859e-02
1.928616413847836566e-02
1.928616413853639563e-02
2.026054755186978279e-02
2.026054755197980242e-02
2.049079943288199465e-02
2.049079943289472752e-02
2.049520496383572254e-02
2.049520496402854747e-02
2.074756867893091244e-02
2.074756867899260268e-02
2.079902646248082271e-02
2.079902646250592069e-02
2.102804471504694100e-02
2.161583380514493086e-02
2.161583380519274331e-02
2.213488943679985110e-02
2.221876905181268194e-02
2.221876905186764145e-02
2.244926031972635169e-02
2.244926031979061279e-02
2.247033978861712189e-02
2.247033978867991888e-02
2.267103831436807077e-02
2.267103831452605550e-02
2.274374486147762858e-02
2.274374486153682429e-02
2.310795517824022413e-02
2.332309103932602226e-02
2.332309103935366335e-02
2.336887243289285238e-02
2.336887243290095006e-02
2.337067883837940646e-02
2.383334904322298789e-02
2.383334904334377322e-02
2.404279756538846638e-02
2.416591945380035591e-02
2.416591945390944574e-02
2.448169233174109921e-02
2.448169233178278115e-02
2.474325669603626848e-02
2.474325669611303347e-02
2.487374733158070547e-02
2.487374733169245983e-02
2.533004941778815508e-02
2.533004941784036679e-02
2.567435049890357673e-02
2.567435049902855662e-02
2.595758652572961386e-02
2.595758652585308801e-02
2.598055233245183740e-02
2.598055233247543658e-02
2.634151071452873680e-02
2.634151071465034785e-02
2.634937561633938011e-02
2.678927245887885444e-02
2.678927245896095197e-02
2.724415691190246180e-02
2.743619300365051500e-02
2.743619300375502168e-02
2.766136620405664978e-02
2.766136620410754310e-02
2.775719114378202151e-02
2.775719114383337974e-02
2.782244231416331620e-02
2.782244231418468799e-02
2.800120137858044811e-02
2.800120137862025654e-02
2.834315648265700593e-02
2.834315648279024658e-02
2.850423040749018588e-02
2.857912253597441263e-02
2.857912253610262951e-02
2.880028730430935630e-02
2.880028730447550811e-02
2.946721305639436739e-02
2.956966840582565467e-02
2.956966840594798043e-02
2.967194889112341125e-02
2.988712027662250928e-02
2.988712027669239782e-02
2.992946619538998723e-02
2.992946619552476484e-02
3.001650325495947708e-02
3.002217661635495777e-02
3.002217661642829494e-02
3.011700567044384852e-02
3.011700567047159369e-02
3.027170941150630901e-02
3.029040829339426852e-02
3.100684962039666759e-02
3.100684962052399629e-02
3.158157912720764571e-02
3.158157912728274536e-02
3.168546403956221807e-02
3.168546403965064040e-02
3.182623466428333159e-02
3.182623466438908033e-02
3.203595219076632583e-02
3.203595219083391760e-02
3.245204637571989098e-02
3.245204637586660695e-02
3.257135652142170712e-02
3.259362312513752746e-02
3.259362312518166577e-02
3.262585087723234023e-02
3.282645545708116896e-02
3.282645545717516322e-02
3.291199862632708528e-02
3.291199862633940182e-02
3.305007771673239281e-02
3.305007771678535738e-02
3.306181796368409115e-02
3.313508962107471895e-02
3.313508962120685630e-02
3.335517583496125371e-02
3.447892381726964245e-02
3.447892381745001206e-02
3.450265220865948723e-02
3.450265220875473743e-02
3.492768105214095337e-02
3.492768105241116777e-02
3.509640288021322746e-02
3.509640288026761451e-02
3.514236956329610390e-02
3.514236956334922807e-02
3.572627255623361114e-02
3.572627255632283838e-02
3.588201457788361276e-02
3.588201457794525789e-02
3.632700885643325855e-02
3.632700885653816075e-02
3.635010887435539961e-02
3.638517557673927316e-02
3.638517557674427610e-02
3.638611529879690748e-02
3.638611529886807971e-02
3.662207039051790930e-02
3.662207039056634278e-02
3.670549429295970334e-02
3.674767114907511595e-02
3.674767114930074796e-02
3.716697258020055378e-02
3.716697258026604306e-02
3.725341700624409946e-02
3.732337101423204712e-02
3.751553706712679875e-02
3.751553706718081804e-02
3.781504101396277601e-02
3.781504101408591362e-02
3.804432824962836190e-02
3.804432824965894161e-02
3.815822593930903728e-02
3.815822593947220537e-02
3.816729599764798198e-02
3.816729599770209841e-02
3.816770146547070891e-02
3.861504270299012664e-02
3.861504270314478071e-02
3.889094074900067283e-02
3.889094074906766785e-02
3.922663688330361303e-02
3.922663688334789706e-02
3.941337779610157993e-02
3.950387638169321203e-02
3.950387638176795085e-02
3.959364864368471876e-02
3.989557850806014355e-02
4.020860778438743732e-02
4.020860778452602091e-02
4.025152646683142349e-02
4.025152646691896458e-02
4.054558217175260881e-02
4.054558217190593755e-02
4.062135511328932719e-02
4.062135511342294947e-02
4.062363358770773591e-02
4.062363358778998262e-02
4.073153331577181180e-02
4.084544587807816679e-02
4.149037348728079611e-02
4.193424350704900300e-02
4.207046481566868029e-02
4.207046481576728891e-02
4.238270326457980325e-02
4.238270326466144627e-02
4.249108868065581274e-02
4.249108868075710671e-02
4.289900426009028711e-02
4.289900426012661222e-02
4.298597463377466787e-02
4.303889348978127971e-02
4.331987998789664507e-02
4.331987998796304334e-02
4.380332904405498384e-02
4.380332904429433405e-02
4.385582720448083505e-02
4.397275684332495327e-02
4.397275684335164025e-02
4.397819329485513906e-02
4.397819329491120532e-02
4.407027399331965578e-02
4.407027399342152568e-02
4.418676302792116234e-02
4.418676302806922446e-02
4.452764180169626468e-02
4.452764180178023917e-02
4.470624174095642195e-02
4.470624174097560105e-02
4.472035637128673330e-02
4.472035637146395959e-02
4.490450127920930096e-02
4.490450127936170682e-02
4.506964684420120687e-02
4.506964684422672118e-02
4.513494647086296191e-02
4.513533362531558374e-02
4.513533362535016025e-02
4.540973104937908594e-02
4.540973104941038035e-02
4.612866295098462521e-02
4.612866295113285386e-02
4.660922217122024508e-02
4.714008806944768037e-02
4.748576179927813806e-02
4.748576179940838110e-02
4.749064693348154648e-02
4.749064693357009370e-02
4.754325267015455797e-02
4.782621300460798003e-02
4.782621300466333852e-02
4.828962590903072144e-02
4.828962590910452352e-02
4.870425572111505841e-02
4.870425572119927576e-02
4.935453543053750641e-02
4.935453543079538347e-02
4.967284069326134699e-02
4.967284069339217983e-02
4.990422005063167854e-02
4.990422005071060846e-02
5.001914385325426787e-02
5.001914385334160773e-02
5.023727476041296020e-02
5.025022720588712827e-02
5.025022720610954757e-02
5.044210268983513601e-02
5.093577135710000703e-02
5.102026593525001152e-02
5.102026593531057419e-02
5.114747413745905635e-02
5.119981755918403404e-02
5.119981755926346356e-02
5.157863821037565050e-02
5.157863821051596881e-02
5.177103474170922232e-02
5.177103474177924963e-02
5.235214755634511052e-02
5.235214755642106366e-02
5.244881408406150414e-02
5.244881408412980367e-02
5.256170813330957731e-02
5.256170813341359827e-02
5.274087863088590400e-02
5.274087863105950819e-02
5.279001191620544958e-02
5.279001191630133122e-02
5.283638911501488400e-02
5.290685394484185428e-02
5.290685394489839238e-02
5.362768202844726134e-02
5.362768202869633294e-02
5.383338763495321144e-02
5.396483318904597010e-02
5.396483318910503396e-02
5.421479126623978545e-02
5.433252297991631591e-02
5.433252297999535685e-02
5.439218620698999668e-02
5.451376309979168167e-02
5.451376309989308666e-02
5.468295309404948984e-02
5.468295309414072936e-02
5.501601295396959385e-02
5.501601295399528163e-02
5.504162835871914683e-02
5.569084926834696331e-02
5.569084926845156713e-02
5.570724435552641685e-02
5.570724435562452587e-02
5.584771852473083970e-02
5.584771852479090276e-02
5.606133234372071700e-02
5.628749483338185700e-02
5.628749483341441429e-02
5.645185566873333477e-02
5.645185566879944161e-02
5.653608105943551398e-02
5.653608105950436169e-02
5.690717378341039745e-02
5.690717378350197697e-02
5.705950865539955591e-02
5.705950865545967449e-02
5.719266982342897238e-02
5.720720824045973790e-02
5.720720824055545300e-02
5.723261738998585563e-02
5.723261739007046850e-02
5.810305325759764633e-02
5.811005194122340761e-02
5.811005194139901020e-02
5.821479328646417956e-02
5.821479328665318809e-02
5.861075229268975645e-02
5.861075229279907178e-02
5.888383902846649337e-02
5.927826910327508442e-02
5.927826910344042438e-02
5.941761547864596316e-02
5.941761547882328659e-02
5.952950521534356582e-02
5.962193990445127656e-02
5.962193990461184256e-02
5.974906167686171859e-02
5.974906167690056946e-02
5.992205488402041480e-02
5.992205488410771996e-02
5.992938146430931701e-02
5.992938146435608515e-02
6.055993855682217236e-02
6.092231495797464230e-02
6.092231495801685853e-02
6.113276523067901619e-02
6.113276523076281027e-02
6.181816836053209696e-02
6.181816836075914451e-02
6.200584493141152870e-02
6.200584493143992265e-02
6.220260238803537040e-02
6.220260238823759752e-02
6.232234688235017278e-02
6.233731406667585018e-02
6.233731406670153796e-02
6.275875043470971471e-02
6.275875043490394822e-02
6.278552329966775869e-02
6.307547166412674766e-02
6.307547166423589646e-02
6.315358769321653687e-02
6.322716829630767310e-02
6.353665581206879853e-02
6.353665581223530423e-02
6.382311618514474594e-02
6.382311618523731078e-02
6.396465053900270148e-02
6.396465053911219723e-02
6.413328748261756806e-02
6.413328748276328484e-02
6.452107466319130513e-02
6.452107466321915785e-02
6.453146520976024703e-02
6.453146520980132528e-02
6.476394888468611777e-02
6.506974369705313677e-02
6.506974369709624118e-02
6.522438598258940845e-02
6.522438598274998833e-02
6.528901353587408807e-02
6.534786338097715863e-02
6.567676655289582388e-02
6.571478713916936720e-02
6.578070523737912512e-02
6.578070523741758047e-02
6.628755578710454621e-02
6.628755578712290653e-02
6.643476034617713799e-02
6.648775120758268486e-02
6.648775120778809000e-02
6.662680152552169499e-02
6.662680152564781633e-02
6.675452204228154995e-02
6.694292585411644458e-02
6.700815926022371527e-02
6.700815926030490033e-02
6.701562411384136275e-02
6.703250462847198943e-02
6.703250462862479775e-02
6.715447633869416066e-02
6.742842497226836374e-02
6.742842497238092647e-02
6.744314814459521912e-02
6.744314814471775998e-02
6.752435049868482642e-02
6.752435049878498241e-02
6.772998573700120262e-02
6.772998573704212821e-02
6.800684074538999868e-02
6.809391298683561966e-02
6.809391298693991124e-02
6.856313828426870149e-02
6.856313828444433878e-02
6.878309577866013880e-02
6.878309577878494174e-02
6.878946043215820871e-02
6.878946043219186235e-02
6.909710547105508971e-02
6.909710547125241797e-02
6.930592995561229985e-02
6.975510673776778858e-02
6.975510673785312310e-02
6.984570240692991594e-02
6.984570240712421885e-02
7.015277915254837515e-02
7.023891923788611047e-02
7.023891923801602044e-02
7.035120922973871205e-02
7.035120922978896352e-02
7.037836234883484976e-02
7.037836234889319198e-02
7.087158250799026338e-02
7.090662084963789136e-02
7.090662084976702417e-02
7.107210766580182582e-02
7.147314359007343743e-02
7.147314359021372798e-02
7.152418400333063198e-02
7.153570740613586498e-02
7.153570740623221846e-02
7.206406406736091952e-02
7.212807679446342490e-02
7.212807679455258969e-02
7.230147229901175143e-02
7.230147229904342054e-02
7.230513393884360762e-02
7.230513393888986229e-02
7.271146949820680994e-02
7.271146949830642470e-02
7.284615102202422754e-02
7.284615102218941485e-02
7.290906285102322082e-02
7.290972479392326955e-02
7.290972479405261053e-02
7.300806897802823714e-02
7.312008900017151480e-02
7.312008900023191094e-02
7.326831010043755033e-02
7.343476812985701152e-02
7.343476813000351933e-02
7.351132350090991419e-02
7.357520359490339612e-02
7.357520359501310003e-02
7.389585987623792374e-02
7.389585987646260512e-02
7.406191460907567137e-02
7.419145801003688978e-02
7.419145801018051101e-02
7.454361034821771481e-02
7.454361034825288113e-02
7.463058218144315303e-02
7.463058218154952628e-02
7.478369736415567404e-02
7.478369736436857318e-02
7.483867971809908537e-02
7.500964997759410058e-02
7.500964997769099529e-02
7.525037525949927752e-02
7.525037525971849106e-02
7.528872868594302381e-02
7.566763735412060377e-02
7.566763735416057179e-02
7.578412244550283838e-02
7.578412244552039378e-02
7.587823526700364363e-02
7.587823526706602428e-02
7.600831892822822178e-02
7.600831892826359626e-02
7.602064056716233142e-02
7.602064056720995999e-02
7.651355948767588067e-02
7.674357490009806049e-02
7.674357490014223349e-02
7.703296930749409244e-02
7.703296930756792227e-02
7.715436007759074455e-02
7.715436007775272609e-02
7.727897083762440278e-02
7.736310679086429165e-02
7.736310679095266540e-02
7.754226529273493262e-02
7.754226529286552261e-02
7.791750057130585050e-02
7.791750057131739682e-02
7.794955168966147263e-02
7.794955168990157224e-02
7.849609637612187107e-02
7.849609637637075532e-02
7.858162211643889006e-02
7.858162211648511697e-02
7.888271337017650764e-02
7.888271337026435404e-02
7.927145976669305871e-02
7.927145976672922423e-02
7.962423579838723287e-02
7.962423579852009881e-02
7.968143311672060136e-02
7.968143311683917318e-02
7.978094376555981693e-02
7.978094376566748080e-02
7.996868487361810662e-02
8.005784375509895912e-02
8.032824325185695946e-02
8.040997369761883340e-02
8.040997369775444714e-02
8.041671023253806061e-02
8.087055052618652429e-02
8.087055052620625850e-02
8.093108842090135369e-02
8.093108842094903776e-02
8.122511028294454594e-02
8.122511028306020342e-02
8.132327573729551673e-02
8.132327573737917203e-02
8.172304178659503537e-02
8.172304178669483055e-02
8.179969019877773861e-02
8.179969019890957760e-02
8.188689112175137619e-02
8.196012632428636979e-02
8.198405784306118937e-02
8.214006687134740858e-02
8.214006687138149243e-02
8.258795329202570090e-02
8.258795329211537917e-02
8.311879365782648410e-02
8.311879365798410801e-02
8.315081682982053413e-02
8.315081682994102108e-02
8.320596054879278447e-02
8.320596054888665383e-02
8.322835545265883095e-02
8.322835545279980152e-02
8.335107159778784580e-02
8.341006994175220735e-02
8.365987116089412812e-02
8.365987116100934151e-02
8.376153700570708460e-02
8.388460821678418722e-02
8.388460821692980685e-02
8.391576005097453606e-02
8.391576005107677372e-02
8.398531946246665103e-02
8.398531946258575021e-02
8.449327774395355706e-02
8.449327774395770652e-02
8.496715531343175531e-02
8.496715531354477602e-02
8.523832458607145945e-02
8.523832458621546926e-02
8.530270050308380592e-02
8.530966859125907464e-02
8.530966859145976133e-02
8.565282522758070616e-02
8.572350542830829701e-02
8.573853177414368643e-02
8.573853177424302363e-02
8.601361060055946750e-02
8.609967472489526985e-02
8.609967472510701714e-02
8.620182070445675526e-02
8.620182070449929068e-02
8.630015503112417607e-02
8.655712855406651196e-02
8.657328682799318720e-02
8.657328682808422549e-02
8.663952607045737053e-02
8.663952607059571820e-02
8.694904065740949317e-02
8.694904065754328892e-02
8.701886760096846918e-02
8.701886760111200714e-02
8.714682470242224310e-02
8.714682470248091839e-02
8.715030462421137492e-02
8.734472071179957831e-02
8.794199637021009319e-02
8.794199637034331996e-02
8.821858341337432408e-02
8.821858341339558485e-02
8.824871192220933025e-02
8.827844057376953157e-02
8.833973576197309829e-02
8.833973576211867629e-02
8.839908344752263336e-02
8.854230736363799537e-02
8.854230736379464783e-02
8.890535280533985729e-02
8.890535280535438734e-02
8.931256681206811709e-02
8.931256681215649085e-02
8.947264746951243131e-02
8.947264746970555460e-02
8.959967579189856424e-02
8.959967579202177124e-02
8.961686003909918874e-02
8.961686003913972576e-02
8.975941647445102867e-02
8.975941647447034655e-02
8.979060348202076713e-02
8.979060348218240173e-02
8.984936699398826665e-02
9.051896643082284200e-02
9.051896643091586481e-02
9.060322683990598702e-02
9.060322684004835925e-02
9.068711684169326881e-02
9.068711684191350930e-02
9.070228536962765542e-02
9.070228536974404843e-02
9.077150795197411193e-02
9.077150795207265810e-02
9.155077543445989952e-02
9.167548095934012486e-02
9.167548095951404130e-02
9.181212872344388098e-02
9.181212872365043798e-02
9.211085920964311169e-02
9.234826332100577739e-02
9.237282769876908883e-02
9.237282769884833100e-02
9.255441877148924690e-02
9.255574579374602207e-02
9.255574579376486810e-02
9.259509551896422108e-02
9.259509551905165115e-02
9.260310711586196286e-02
9.260310711603653155e-02
9.286235840637928340e-02
9.286235840639364691e-02
9.361774269423371597e-02
9.361774269432907025e-02
9.377397204602103131e-02
9.377397204614017212e-02
9.395259769874295119e-02
9.406996263590172713e-02
9.406996263602279695e-02
9.407812843586708940e-02
9.407812843598681307e-02
9.410713328274979139e-02
9.410713328283912271e-02
9.422282697718878386e-02
9.422282697725339884e-02
9.424568134300101430e-02
9.450472673907554799e-02
9.450472673922241662e-02
9.486362984574921164e-02
9.486362984578398938e-02
9.504275890759905643e-02
9.504275890773113133e-02
9.509790480819105274e-02
9.509790480823875070e-02
9.529922591017533917e-02
9.529922591025587197e-02
9.560553864806926871e-02
9.577176681285279325e-02
9.577176681296838134e-02
9.599205976295725751e-02
9.599205976311235566e-02
9.626833238058023212e-02
9.626833238069547327e-02
9.682275224831268789e-02
9.687750502574006550e-02
9.687750502592029633e-02
9.691392914421334548e-02
9.691392914425869809e-02
9.698479764266000613e-02
9.720404627984194357e-02
9.720404628019826965e-02
9.734654205316695119e-02
9.773721874640821372e-02
9.785110651289069539e-02
9.785110651308985552e-02
9.786456450207402236e-02
9.786456450215132163e-02
9.793940471790162083e-02
9.806923185327512393e-02
9.806923185337726445e-02
9.840377917650282302e-02
9.840377917657984475e-02
9.903195862155825258e-02
9.903195862159162866e-02
9.917889422384351672e-02
9.917889422388642684e-02
9.918596383649444514e-02
9.920302637510590438e-02
9.921161931713916304e-02
9.921161931720431926e-02
9.935286964268655319e-02
9.935286964286989264e-02
9.940977938163683691e-02
9.940977938167752659e-02
9.956086576573661140e-02
9.956086576590139625e-02
9.971388462254543450e-02
9.971388462270497355e-02
9.974020731578145393e-02
9.974020731595290012e-02
9.976881866214010186e-02
9.983896691396416945e-02
9.983896691399760104e-02
9.987175976877347983e-02
9.987175976885891149e-02
9.997202194458161550e-02
1.001291533139631040e-01
1.001685282488884027e-01
1.001685282489608170e-01
1.003816338876668962e-01
1.004634434039970298e-01
1.011930904097781969e-01
1.011930904098680972e-01
1.013057227272341626e-01
1.013057227273346517e-01
1.014260482058933766e-01
1.014260482059721330e-01
1.016084607223839420e-01
1.016760864889467431e-01
1.024521062404460670e-01
1.024521062405269883e-01
1.025511730579207054e-01
1.025511730579949238e-01
1.028045600011242983e-01
1.028045600011910365e-01
1.031119050679488031e-01
1.031178537104478488e-01
1.031178537105587184e-01
1.032330787332413624e-01
1.032330787333682887e-01
1.033984971417729465e-01
1.033984971420612714e-01
1.034416108188413730e-01
1.034416108189326333e-01
1.035604751613454499e-01
1.036657440420118287e-01
1.036657440420767629e-01
1.044029932739182487e-01
1.045821984953718697e-01
1.045821984954703465e-01
1.046879077997956292e-01
1.046879077999861435e-01
1.047879874567322622e-01
1.047879874567605590e-01
1.050285187773603024e-01
1.050285187774129131e-01
1.052416348326391388e-01
1.052416348327157442e-01
1.053512813147340910e-01
1.053512813147751831e-01
1.054470158145985326e-01
1.054470158146882247e-01
1.056815734662080175e-01
1.056815734663287543e-01
1.058232527512802251e-01
1.060780386791801561e-01
1.060780386795030922e-01
1.061068741035744306e-01
1.061068741037213686e-01
1.061077012885285470e-01
1.067665930001016755e-01
1.067665930001329283e-01
1.068490091445702672e-01
1.068490091446763351e-01
1.070194505713958216e-01
1.075368991817415021e-01
1.075368991818125980e-01
1.075875488345172659e-01
1.075875488346382802e-01
1.078303372803966487e-01
1.080465303443430697e-01
1.080833041069821782e-01
1.080833041070661804e-01
1.081000604901570239e-01
1.083116731985997450e-01
1.083116731986769332e-01
1.087860398194059469e-01
1.087860398195513723e-01
1.093776906696483225e-01
1.093776906697995627e-01
1.094383389276740448e-01
1.094383389278246604e-01
1.095209871994363288e-01
1.096397437335143027e-01
1.096397437335580732e-01
1.097863364686907373e-01
1.098822385675326946e-01
1.098822385675604363e-01
1.099715118811829817e-01
1.105757640457416952e-01
1.105757640459092972e-01
1.106628083320291694e-01
1.106628083321782724e-01
1.108428933582793069e-01
1.108428933584059417e-01
1.108798927691150016e-01
1.108966813197607704e-01
1.108966813197867080e-01
1.110418802372968305e-01
1.110418802374227437e-01
1.111827710435377703e-01
1.111827710436923272e-01
1.115575019230348880e-01
1.115575019232084020e-01
1.117245905629096758e-01
1.119503312515094245e-01
1.119503312516350602e-01
1.120923926723674663e-01
1.120923926723977754e-01
1.121903047270450676e-01
1.124594499808985737e-01
1.124594499809404846e-01
1.126440828687237800e-01
1.126440828689837803e-01
1.130999574592728707e-01
1.130999574593251483e-01
1.131100468233622314e-01
1.132237678923346397e-01
1.132237678927654617e-01
1.132880285517889329e-01
1.132880285518637342e-01
1.138383737498026016e-01
1.138383737498345344e-01
1.138920764274032327e-01
1.138920764274573977e-01
1.139218345825689094e-01
1.139236831402376388e-01
1.139236831403583339e-01
1.139403926534225814e-01
1.139403926534971606e-01
1.139754466873411781e-01
1.144731656474536341e-01
1.145465308523399561e-01
1.146629923828716008e-01
1.149573602354470314e-01
1.149573602354837243e-01
1.150327164621491871e-01
1.150327164622819281e-01
1.158295248817117068e-01
1.158295248818061035e-01
1.158361766345461924e-01
1.158421470631531697e-01
1.158421470631952055e-01
1.159946098421422572e-01
1.159946098421970329e-01
1.160580396507358558e-01
1.161651113749640196e-01
1.161651113751395598e-01
1.161717433108766240e-01
1.162112081786430828e-01
1.162112081787298190e-01
1.162156492284423526e-01
1.162156492284778381e-01
1.167160068951086371e-01
1.167876748667931591e-01
1.167876748670034076e-01
1.167893904883497841e-01
1.168519655130409174e-01
1.168519655131497609e-01
1.168561160329872339e-01
1.168561160331366422e-01
1.169137060485124641e-01
1.170285071348477896e-01
1.170285071350254530e-01
1.170927819575943440e-01
1.178170132532719155e-01
1.178170132532881803e-01
1.179549696571500772e-01
1.179549696572569639e-01
1.181160092303902842e-01
1.181342269903630365e-01
1.181342269905760745e-01
1.183713416810196484e-01
1.183713416811071756e-01
1.184031091507216499e-01
1.184031091507650318e-01
1.184816249592644533e-01
1.184816249594159016e-01
1.186614180549959291e-01
1.188967264865263967e-01
1.188967264866493956e-01
1.189707496859847280e-01
1.189883036555805795e-01
1.189883036556794726e-01
1.191981908050297606e-01
1.191981908051352318e-01
1.192904126776768992e-01
1.193663574126969384e-01
1.193663574127677290e-01
1.193762999952224652e-01
1.193762999954184056e-01
1.194762508636261211e-01
1.194762508636735693e-01
1.195354920103748192e-01
1.195354920105685947e-01
1.199107104321609912e-01
1.199107104322442996e-01
1.202700410362861905e-01
1.202700410364461459e-01
1.204878102263166606e-01
1.204878102263989698e-01
1.207985313753602019e-01
1.207985313756124862e-01
1.209247782243179775e-01
1.209247782244043945e-01
1.211956436815770366e-01
1.211956436815911919e-01
1.212266117586685149e-01
1.212266117587220970e-01
1.214690344006715550e-01
1.214690344007678113e-01
1.217808798096452483e-01
1.217808798097407830e-01
1.218412562674706517e-01
1.218412562676903232e-01
1.219102640377515562e-01
1.219102640379634700e-01
1.219360432786125714e-01
1.220269762843388395e-01
1.220269762844347072e-01
1.222701707136835125e-01
1.223298923956721018e-01
1.226303835096240052e-01
1.226303835096637651e-01
1.226849086893814916e-01
1.226849086894152285e-01
1.231316769087027196e-01
1.231597960593365099e-01
1.234474977196035189e-01
1.234577411743014580e-01
1.234577411744985781e-01
1.234820291723622981e-01
1.234820291727258268e-01
1.235767395149371672e-01
1.246692632913230375e-01
1.246692632913903032e-01
1.246719961165654728e-01
1.246719961166341539e-01
1.246846792664010883e-01
1.246865788361678079e-01
1.246865788362261224e-01
1.253486768414643904e-01
1.253486768415359165e-01
1.253544133992836040e-01
1.253544133993958754e-01
1.255605985433962679e-01
1.255605985435975791e-01
1.261703788384896385e-01
1.265824932575808914e-01
1.265824932576798956e-01
1.266364739950426310e-01
1.266364739951132690e-01
1.267015930091240916e-01
1.267340642469322876e-01
1.267340642469827749e-01
1.267343170524273255e-01
1.267343170524729279e-01
1.270116544286785387e-01
1.272255202850746392e-01
1.272255202852381195e-01
1.272357294288164187e-01
1.272357294289243324e-01
1.274548699910439120e-01
1.274548699912601279e-01
1.275745632826678910e-01
1.276141252961564831e-01
1.276141252963082784e-01
1.276452235274225522e-01
1.276452235275482572e-01
1.279746594256374881e-01
1.283571628441211587e-01
1.283630505923758769e-01
1.283630505924788223e-01
1.284218402065938625e-01
1.284218402066861497e-01
1.286857311313697738e-01
1.286857311314036079e-01
1.290085211452771941e-01
1.290085211453484149e-01
1.292069848024691714e-01
1.292069848025342582e-01
1.292101580024043739e-01
1.292101580024223872e-01
1.292720212712397121e-01
1.292720212713753536e-01
1.298642695146486059e-01
1.298642695147004256e-01
1.298859262479583887e-01
1.298859262480527854e-01
1.300664815868275703e-01
1.301401081307058949e-01
1.301401081307782259e-01
1.301605138993081612e-01
1.301605138994031685e-01
1.305755755232540505e-01
1.306462430122413421e-01
1.306462430124035179e-01
1.306590951876469009e-01
1.306590951877322493e-01
1.307384133757865108e-01
1.307384133758251743e-01
1.307735209859266778e-01
1.308639465367474053e-01
1.313777283965022469e-01
1.313777283965744391e-01
1.314068355830003143e-01
1.317402248781657514e-01
1.317402248783907937e-01
1.320050213396503358e-01
1.320433994153270285e-01
1.323045110630638732e-01
1.327378490468774930e-01
1.327378490470237649e-01
1.328894194322754185e-01
1.328894194324458378e-01
1.330004655382577838e-01
1.330004655383617562e-01
1.331855711684639954e-01
1.331855711685211718e-01
1.332110055080394651e-01
1.332110055081877353e-01
1.333454990611473989e-01
1.333454990612951141e-01
1.336446256897040885e-01
1.336446256897755314e-01
1.338497822450822328e-01
1.338497822452353048e-01
1.340625057234335615e-01
1.340625057235432238e-01
1.345706543100963215e-01
1.345706543102065389e-01
1.346081351031729600e-01
1.346081351034623119e-01
1.347561302667557304e-01
1.347561302669677274e-01
1.347729134948631446e-01
1.349392619228846069e-01
1.349392619229556889e-01
1.349883325898089681e-01
1.350349367940754941e-01
1.350349367941624523e-01
1.353188013841870041e-01
1.353188013843366899e-01
1.353489286437230543e-01
1.353554797364081574e-01
1.353554797364663054e-01
1.360134627278817288e-01
1.360659769383995854e-01
1.360659769385425821e-01
1.362170284871046799e-01
1.362170284872426806e-01
1.371646438493324405e-01
1.371646438494895925e-01
1.371993652086267446e-01
1.371993652086666016e-01
1.372674415559502203e-01
1.372674415560789785e-01
1.374145047443027789e-01
1.376407928000588365e-01
1.376407928002127412e-01
1.380119930508358350e-01
1.380119930508656445e-01
1.381014237673301448e-01
1.381014237675617928e-01
1.383529805901773380e-01
1.383529805902012910e-01
1.385961796092957943e-01
1.386696023214909479e-01
1.386696023216827944e-01
1.388188598734510781e-01
1.388188598736167789e-01
1.390048955161825583e-01
1.390048955164491229e-01
1.390698876173281084e-01
1.390698876173389886e-01
1.394450868147981693e-01
1.394995000252025052e-01
1.394995000252664819e-01
1.401334688005760887e-01
1.404674511282751337e-01
1.404674511283010019e-01
1.406614490960122754e-01
1.406614490962320718e-01
1.409929865394653481e-01
1.410074969906885411e-01
1.410074969908002296e-01
1.411495838742975739e-01
1.411495838743729303e-01
1.414300091523131297e-01
1.414300091524298142e-01
1.418242011750489584e-01
1.418242011752188780e-01
1.418450753172091072e-01
1.419528873022133930e-01
1.419528873023413185e-01
1.419551692129088216e-01
1.419551692130315013e-01
1.425406220892813103e-01
1.425406220895554799e-01
1.426643373366988377e-01
1.426643373368872703e-01
1.427258984480421766e-01
1.428738636326119527e-01
1.428738636329291711e-01
1.429141023322084980e-01
1.429141023322830772e-01
1.429922912113030520e-01
1.429922912115202949e-01
1.434940032623662487e-01
1.434940032624710815e-01
1.436982085267431153e-01
1.436982085271347465e-01
1.437914921898953979e-01
1.438533936586333939e-01
1.440266894143141241e-01
1.441230714592482143e-01
1.441230714592881545e-01
1.441617338901629852e-01
1.441617338902997647e-01
1.445289130560346857e-01
1.445289130561682178e-01
1.445486374628831283e-01
1.445486374630191584e-01
1.445646089976690418e-01
1.445646089979132909e-01
1.449111775401234758e-01
1.449111775401749624e-01
1.449779777311670237e-01
1.449779777313802698e-01
1.450739669022760026e-01
1.451834439741524763e-01
1.454099912925393701e-01
1.454099912926681004e-01
1.454235428197268032e-01
1.455458288825340618e-01
1.455458288826972924e-01
1.457344574069875387e-01
1.457344574070683074e-01
1.457400174323777442e-01
1.461383830397902095e-01
1.461383830398771122e-01
1.465362707615426585e-01
1.465362707617036131e-01
1.467363564345925964e-01
1.467363564346415850e-01
1.470179477567968018e-01
1.470179477569189819e-01
1.470868567974027430e-01
1.470868567974222274e-01
1.472291907098276509e-01
1.472291907099089747e-01
1.474438811264687510e-01
1.476196388819445426e-01
1.476235930435481347e-01
1.476235930436551047e-01
1.476633549759530373e-01
1.476633549762821906e-01
1.480832083043139291e-01
1.480832083047132208e-01
1.484887437838808277e-01
1.484887437840029245e-01
1.487260671660977085e-01
1.487260671661612688e-01
1.488685104029821016e-01
1.488685104030763873e-01
1.489368473355629219e-01
1.489368473359224399e-01
1.489390261305282015e-01
1.489872250454458702e-01
1.491041500176240320e-01
1.491041500177793244e-01
1.494080297212986019e-01
1.494080297214287201e-01
1.495595182337910722e-01
1.495595182339371776e-01
1.497638999182149544e-01
1.497729704826907815e-01
1.503491052391091876e-01
1.503491052392048610e-01
1.503540416426205895e-01
1.504927118203325254e-01
1.504927118204339997e-01
1.506327648353478210e-01
1.507717593276388934e-01
1.507717593278145030e-01
1.508066712153067757e-01
1.508066712155644862e-01
1.508299858201898325e-01
1.508878319314086447e-01
1.508878319316066252e-01
1.509637612296697573e-01
1.509637612298353193e-01
1.509928405775129712e-01
1.509928405776604088e-01
1.512643825100030426e-01
1.512643825101051276e-01
1.515070427528966979e-01
1.517922103930999800e-01
1.517922103931846622e-01
1.520048345167638038e-01
1.520048345168216464e-01
1.521405464586508549e-01
1.525002406769744301e-01
1.525002406772219821e-01
1.527988801623052506e-01
1.527988801625226045e-01
1.530439977426239218e-01
1.532904484333466877e-01
1.532904484334939033e-01
1.533341864982057656e-01
1.533341864983927827e-01
1.535069251720720951e-01
1.535069251721442873e-01
1.538596836268287527e-01
1.538596836268989743e-01
1.539092619215697011e-01
1.540294612207723790e-01
1.540294612208388814e-01
1.541166403741996982e-01
1.541356896619699712e-01
1.541356896620358352e-01
1.541506589510240610e-01
1.541506589510734104e-01
1.548498945185539377e-01
1.548498945187455067e-01
1.549715024794092177e-01
1.549715024794949547e-01
1.551906312921449982e-01
1.554481737588998547e-01
1.554928463840096198e-01
1.554928463840671293e-01
1.558345465095189453e-01
1.558345465095724303e-01
1.560459195460518755e-01
1.560459195462088888e-01
1.560544199913664054e-01
1.565314489206793280e-01
1.565314489208391169e-01
1.567914198157827066e-01
1.567914198158132377e-01
1.567928835428286372e-01
1.570158628615119234e-01
1.570977322587069902e-01
1.570977322588154312e-01
1.575249475295399382e-01
1.575249475296097157e-01
1.576052214486686198e-01
1.576052214487684011e-01
1.577252601390193854e-01
1.577252601391581355e-01
1.581170921978798938e-01
1.581170921980050992e-01
1.584908506878474066e-01
1.584908506880602641e-01
1.586281434549967340e-01
1.586457035836647267e-01
1.587117259398971580e-01
1.587117259404363379e-01
1.588477245630581791e-01
1.588477245631318147e-01
1.588580365392480709e-01
1.588658470494197228e-01
1.588658470498039155e-01
1.589368166641065561e-01
1.589368166642212143e-01
1.593906120867431553e-01
1.593906120868372467e-01
1.593955771457984949e-01
1.595171404170267204e-01
1.595171404171524532e-01
1.597163017480336678e-01
1.598654332271153278e-01
1.598654332272836931e-01
1.603117174823730229e-01
1.603588990764479860e-01
1.603588990765304756e-01
1.608831524906654264e-01
1.608831524906922938e-01
1.609066972412403207e-01
1.609066972413063235e-01
1.611144015824830245e-01
1.611144015826343756e-01
1.614450260174508101e-01
1.618254313074807826e-01
1.618254313076654127e-01
1.618445720871918847e-01
1.620020092429214909e-01
1.620020092431438963e-01
1.620387737951080875e-01
1.620387737952858898e-01
1.621653220649731664e-01
1.621653220650804417e-01
1.627118948191436376e-01
1.627118948193395087e-01
1.628497611527559008e-01
1.628878056852283429e-01
1.628878056854585477e-01
1.631745048939499398e-01
1.632435856576323063e-01
1.633015779996941919e-01
1.633015779997880335e-01
1.633712241097841078e-01
1.633712241101354379e-01
1.636574304099250587e-01
1.636574304099641941e-01
1.640748816576781954e-01
1.640748816579688241e-01
1.642234156360726782e-01
1.642234156362245567e-01
1.646492928849291604e-01
1.646492928854255133e-01
1.648504643872880371e-01
1.648635008406773850e-01
1.648635008409713998e-01
1.651550940187453409e-01
1.651550940189732697e-01
1.651831001336201699e-01
1.651831001337262517e-01
1.653306208436992886e-01
1.653306208438398983e-01
1.654666675939814313e-01
1.656833295619549729e-01
1.656833295620338264e-01
1.658960372029031072e-01
1.658960372031874630e-01
1.660864086563031972e-01
1.660864086563842990e-01
1.661600813999617454e-01
1.662262901017795280e-01
1.662262901017988459e-01
1.665353237847790047e-01
1.665353237849154511e-01
1.669694691000659648e-01
1.669694691001413211e-01
1.675859024590823365e-01
1.675859024594282265e-01
1.679181188153202331e-01
1.683110617466254122e-01
1.683110617468789871e-01
1.685873629341324009e-01
1.687027537691901391e-01
1.687027537693214785e-01
1.688337900584122864e-01
1.688337900585925033e-01
1.694030930071276642e-01
1.694733365675149539e-01
1.694733365675824277e-01
1.699164171002345292e-01
1.699441569844947486e-01
1.699441569847469635e-01
1.700817438819565153e-01
1.700817438821329852e-01
1.702385143204638018e-01
1.702385143204857565e-01
1.703340914506868420e-01
1.703340914510536874e-01
1.704865076724235151e-01
1.704865076725615991e-01
1.706426697477619048e-01
1.706852266240254934e-01
1.706852266242969707e-01
1.708825065103054541e-01
1.708825065105299412e-01
1.712420920709120942e-01
1.712420920711462957e-01
1.713154098133443659e-01
1.713154098134332393e-01
1.714924401417106392e-01
1.715061364888890161e-01
1.715061364891005691e-01
1.719175716986875158e-01
1.719175716987970115e-01
1.719832278010772209e-01
1.719832278011655391e-01
1.720463905367819180e-01
1.720463905368177226e-01
1.722186341582702951e-01
1.722925479195630549e-01
1.724394189956353352e-01
1.724394189960658519e-01
1.725246362948867351e-01
1.725246362950097756e-01
1.728711350495015231e-01
1.728711350499056998e-01
1.730210985293397785e-01
1.730210985294108050e-01
1.732121745476003227e-01
1.732121745476690455e-01
1.733374050481169271e-01
1.737762058980262814e-01
1.737762058982398328e-01
1.741612519050752539e-01
1.741612519051595753e-01
1.744041216210628353e-01
1.744041216211574818e-01
1.744159730288587506e-01
1.744159730289566446e-01
1.745061357345690789e-01
1.745061357346896214e-01
1.750707628452569109e-01
1.752924416097724203e-01
1.752924416099187754e-01
1.753726641567033562e-01
1.753726641567855959e-01
1.755572029278242296e-01
1.755784194964411238e-01
1.755784194965420986e-01
1.756332876878810012e-01
1.763261955787758517e-01
1.763261955788920643e-01
1.764485829595945909e-01
1.764485829597846056e-01
1.767747210100026611e-01
1.768058977444839364e-01
1.768058977446930191e-01
1.768106369846233206e-01
1.768106369846882964e-01
1.770802044180654622e-01
1.770802044182391566e-01
1.771908679274980525e-01
1.771908679275797649e-01
1.773972200501044427e-01
1.773972200501565677e-01
1.775220643220717931e-01
1.775220643222925332e-01
1.776636925462117544e-01
1.776888821417595132e-01
1.776888821419299880e-01
1.778560835073220436e-01
1.778560835074959878e-01
1.781129328159664904e-01
1.786681931680664803e-01
1.787052353804318428e-01
1.788507460409388961e-01
1.788507460410050653e-01
1.789837519999052107e-01
1.790437312855559515e-01
1.790437312857962593e-01
1.790555502534480758e-01
1.790555502534723620e-01
1.790787362293876084e-01
1.790787362295650498e-01
1.799224216448165325e-01
1.799224216448498948e-01
1.801512920938800610e-01
1.801512920940439855e-01
1.801785485913552365e-01
1.801785485914553786e-01
1.804343392641170607e-01
1.806491637264393546e-01
1.806491637268450579e-01
1.807297623980467227e-01
1.808885570203902504e-01
1.808885570204847026e-01
1.817856061461373407e-01
1.817856061467030271e-01
1.820828123501950779e-01
1.820828123503729079e-01
1.821488330083235463e-01
1.821488330085767882e-01
1.824075881245731112e-01
1.824075881246344510e-01
1.827530740971679557e-01
1.827530740974049883e-01
1.830072453647610675e-01
1.830072453649379260e-01
1.830338295827452499e-01
1.830338295827839412e-01
1.831426184455892114e-01
1.831426184457984885e-01
1.834594969914368490e-01
1.834643139792583866e-01
1.834643139793475930e-01
1.836057226268047460e-01
1.836057226270294274e-01
1.838812771923496736e-01
1.842536005178224967e-01
1.842536005178836700e-01
1.842657190219662289e-01
1.842657190221456132e-01
1.845821328438000952e-01
1.845821328438783104e-01
1.852940590346404404e-01
1.852940590348891858e-01
1.854117076558352561e-01
1.855495433584412324e-01
1.855495433585898912e-01
1.855542153778439451e-01
1.855542153780529724e-01
1.856339162371655471e-01
1.857260437030211486e-01
1.857260437032691724e-01
1.860614404956799361e-01
1.860614404958842727e-01
1.864716716980105715e-01
1.870898754999872904e-01
1.870898755000802161e-01
1.872249738355658000e-01
1.872249738356486781e-01
1.873419595953885741e-01
1.873419595955723715e-01
1.874213462660375695e-01
1.874213462661942220e-01
1.877035363854178407e-01
1.877035363854978323e-01
1.877501178660271608e-01
1.877501178663180392e-01
1.878783568515210722e-01
1.878783568515495217e-01
1.879937319847263255e-01
1.880167911306560302e-01
1.880167911308935347e-01
1.882242584194938062e-01
1.885896003979450619e-01
1.891136027832988342e-01
1.891136027834172118e-01
1.891753370813544499e-01
1.891753370814822921e-01
1.895736463665817495e-01
1.895736463672639538e-01
1.896447981570974217e-01
1.896447981573149422e-01
1.896972027707994612e-01
1.898176418429861345e-01
1.898176418432300505e-01
1.898869463303234917e-01
1.898869463304651839e-01
1.904627956575901671e-01
1.904627956577543690e-01
1.907298454165564650e-01
1.907298454167063451e-01
1.907644460956820220e-01
1.907644460957967358e-01
1.909649436222508323e-01
1.914199822418312935e-01
1.914199822420059871e-01
1.915990756852719024e-01
1.915990756853232502e-01
1.919148944187284156e-01
1.919148944188466821e-01
1.920393098679304689e-01
1.920865762425075507e-01
1.920865762428992096e-01
1.921773373418240172e-01
1.921773373419483066e-01
1.924250746595061456e-01
1.924250746596106454e-01
1.926037548146961043e-01
1.927043496863682093e-01
1.927043496863945771e-01
1.928767550569341627e-01
1.928767550570907319e-01
1.934608919273865246e-01
1.934608919274972139e-01
1.936877273710273517e-01
1.937395489647833202e-01
1.938388514155072739e-01
1.938388514155767184e-01
1.940778825541996933e-01
1.940778825545323438e-01
1.942800224341918458e-01
1.942800224342620397e-01
1.943135160933613659e-01
1.943135160934785777e-01
1.944454188698361286e-01
1.944454188700188990e-01
1.945158653541598504e-01
1.945158653542290450e-01
1.949746412678422525e-01
1.949746412678931007e-01
1.950591803399738255e-01
1.950591803402747793e-01
1.956063255179137372e-01
1.956063255181324234e-01
1.956783682891935772e-01
1.956783682893173948e-01
1.957229471334855919e-01
1.957229471336568438e-01
1.959760414113512206e-01
1.963219681056505017e-01
1.965127244938323636e-01
1.967906493608684027e-01
1.969386629058917926e-01
1.972725577719390277e-01
1.973079761818182232e-01
1.973079761818500866e-01
1.974130463317059214e-01
1.975888649776276762e-01
1.975888649777513550e-01
1.977287089419131338e-01
1.977287089422318511e-01
1.979963857586919951e-01
1.979963857587585530e-01
1.981628621891578235e-01
1.981628621893634368e-01
1.982098022066437482e-01
1.986726209905438634e-01
1.986726209906803930e-01
1.987906295975390425e-01
1.992198340276079005e-01
1.992198340278558411e-01
1.992591017623206173e-01
1.992591017624815719e-01
1.995309185644921213e-01
1.995309185646616246e-01
1.997175573320402742e-01
1.997175573322805542e-01
2.000018415134891259e-01
2.001298629163753839e-01
2.001298629167029830e-01
2.001490476017482034e-01
2.003055040968833855e-01
2.003055040969591860e-01
2.005404212050976853e-01
2.005404212051662416e-01
2.005583659516166350e-01
2.006847705578761465e-01
2.006847705582515407e-01
2.010162858203848324e-01
2.010162858206818171e-01
2.010462472233796871e-01
2.010462472234320064e-01
2.011230024133442984e-01
2.011230024137804495e-01
2.016216619379623820e-01
2.016216619381027975e-01
2.019853280595166889e-01
2.021897058482025888e-01
2.021897058484415644e-01
2.022510886096822447e-01
2.022820088704682939e-01
2.022820088706052954e-01
2.028286419574336918e-01
2.028286419575148491e-01
2.032724473000166454e-01
2.032724473002603671e-01
2.033471357427322768e-01
2.033471357429829096e-01
2.038281883500026592e-01
2.038281883501282532e-01
2.040641067237645712e-01
2.040641067239800377e-01
2.041359923093508111e-01
2.041552245507197438e-01
2.041552245507353702e-01
2.046495330434873750e-01
2.047075979809619417e-01
2.047075979810381863e-01
2.048333528705261752e-01
2.048333528706840490e-01
2.048962936665024992e-01
2.048962936667069745e-01
2.049686353403288031e-01
2.056242984465015966e-01
2.058374202214439119e-01
2.058374202215982052e-01
2.058397693465644773e-01
2.058765068551278166e-01
2.058765068553026212e-01
2.059600811858886549e-01
2.059600811861992120e-01
2.062728870417386284e-01
2.062728870420391381e-01
2.065885223383706060e-01
2.065885223384637814e-01
2.067620397273219890e-01
2.067620397274289867e-01
2.072991853212416136e-01
2.074708034811407198e-01
2.077505841871764292e-01
2.077505841874696113e-01
2.078684882357305919e-01
2.078684882358830810e-01
2.080541318169789045e-01
2.081008023122905559e-01
2.081171641665119920e-01
2.081171641666814398e-01
2.089448581608850386e-01
2.089448581609449351e-01
2.094728950499502584e-01
2.094728950502736664e-01
2.097613663500878523e-01
2.097613663504043768e-01
2.098308518409987833e-01
2.098308518410541279e-01
2.098677269529510836e-01
2.098677269531979417e-01
2.105834249397328939e-01
2.105834249400184432e-01
2.106852561972651916e-01
2.106852561974640881e-01
2.109695960673011184e-01
2.109695960673287352e-01
2.112041659735397203e-01
2.112041659738942978e-01
2.113960449678891629e-01
2.113960449681409337e-01
2.114064528038639701e-01
2.114064528040995039e-01
2.114638509976569658e-01
2.115978816016970132e-01
2.115978816018687370e-01
2.118566527527460108e-01
2.118566527528154553e-01
2.119399413681238575e-01
2.119399413683402955e-01
2.121859975388954711e-01
2.121859975391110764e-01
2.123461367045648140e-01
2.123656017827503517e-01
2.123656017828925158e-01
2.125686501606222356e-01
2.125686501608885781e-01
2.128170430926800971e-01
2.128499976425314577e-01
2.128499976426541374e-01
2.130116596770950388e-01
2.131470727719504965e-01
2.135711295594840409e-01
2.135711295596702530e-01
2.137868920664548478e-01
2.138527948083417118e-01
2.138527948085678920e-01
2.138626890041072925e-01
2.138626890042467921e-01
2.141416447312050053e-01
2.141416447314411220e-01
2.142447294827837523e-01
2.144448248969476889e-01
2.144448248971864146e-01
2.144784202779635718e-01
2.144784202780885551e-01
2.147426546745855869e-01
2.147426546747070175e-01
2.149936405610680390e-01
2.149936405615890112e-01
2.156031925470148214e-01
2.156031925471491584e-01
2.161466478531033353e-01
2.161466478531812452e-01
2.161785099901434304e-01
2.163801287546379404e-01
2.163801287547378882e-01
2.172711906426914585e-01
2.172711906428970163e-01
2.175366035357677585e-01
2.175366035362818196e-01
2.178674193832400297e-01
2.178674193833030903e-01
2.180626822725585667e-01
2.180626822727749214e-01
2.183773030410917082e-01
2.183773030414996874e-01
2.186498998942910943e-01
2.186498998944366445e-01
2.195443068757909344e-01
2.198684985442143636e-01
2.198684985444218642e-01
2.200385850236225016e-01
2.200385850236296348e-01
2.201856708183894673e-01
2.201856708186046008e-01
2.202339507631628501e-01
2.202421207306655138e-01
2.202421207307299622e-01
2.206657621941268410e-01
2.206657621944167480e-01
2.212326591567012612e-01
2.212326591569719336e-01
2.212773882934423730e-01
2.212773882936486247e-01
2.213085815678132451e-01
2.213085815681598290e-01
2.215480658682473236e-01
2.215480658684580717e-01
2.220208590342639676e-01
2.220208590344037447e-01
2.221571675207288099e-01
2.221571675211105323e-01
2.223681989582073082e-01
2.223681989584594676e-01
2.224507493557349447e-01
2.224507493559907678e-01
2.225392549779861839e-01
2.225392549781540497e-01
2.227020916987819676e-01
2.228303210268215429e-01
2.228303210272679080e-01
2.233764549357769302e-01
2.233975091634840815e-01
2.233975091636630217e-01
2.234153547942452356e-01
2.234153547945331442e-01
2.239224906980012419e-01
2.239224906981769070e-01
2.248045259152606223e-01
2.249463218709427115e-01
2.249463218711755808e-01
2.250751600094762495e-01
2.250751600096793648e-01
2.251659821180366228e-01
2.251659821181546395e-01
2.252826785814956156e-01
2.255532495856259201e-01
2.255532495858799114e-01
2.259370488934920873e-01
2.259370488936836008e-01
2.261161773947447939e-01
2.261161773951824994e-01
2.261570629610210603e-01
2.263520156366136682e-01
2.264248063105650244e-01
2.264248063106921449e-01
2.264484661021559930e-01
2.266852552661345610e-01
2.266852552662628750e-01
2.269144239030611021e-01
2.269144239032048760e-01
2.273483880494707177e-01
2.273483880496368348e-01
2.282064648567617149e-01
2.282064648569414878e-01
2.284643846137158207e-01
2.284692159994543281e-01
2.284692159998038818e-01
2.285587694872897035e-01
2.285587694874670617e-01
2.285698550436048027e-01
2.286710294117157705e-01
2.286710294119610187e-01
2.291951608270128005e-01
2.291951608272517760e-01
2.299131040242033130e-01
2.299131040246049362e-01
2.300487963163987959e-01
2.300487963167254513e-01
2.301663321095023251e-01
2.301663321103332716e-01
2.303123254934294761e-01
2.303165828212202226e-01
2.303165828214291388e-01
2.305959567804269916e-01
2.305959567805707655e-01
2.313711681292646150e-01
2.313711681293788014e-01
2.320134901579456177e-01
2.320134901583661424e-01
2.321161763368058684e-01
2.321161763369306297e-01
2.324621980138225352e-01
2.324621980138786015e-01
2.326740056349964891e-01
2.326740056351813135e-01
2.328744181320155648e-01
2.334881765570546441e-01
2.334881765572789647e-01
2.335502482533209356e-01
2.335502482536076507e-01
2.339278296557436854e-01
2.339973287251164991e-01
2.339973287253863388e-01
2.344342898250978691e-01
2.344342898252774199e-01
2.346571464089123038e-01
2.346571464090867198e-01
2.347725063333082896e-01
2.347725063333410689e-01
2.353098251013669151e-01
2.353098251014515419e-01
2.354477179887593252e-01
2.354477179889065963e-01
2.354983740631575173e-01
2.355951811359547066e-01
2.355951811361906290e-01
2.357108735908493291e-01
2.357108735910112274e-01
2.358300291659916337e-01
2.358300291663260051e-01
2.362399603122056491e-01
2.363623746676802584e-01
2.363623746677106230e-01
2.365015186862282626e-01
2.365015186864113383e-01
2.369551992842929555e-01
2.369551992843575705e-01
2.370710249190311480e-01
2.370710249193676844e-01
2.373966905431442453e-01
2.376397248010285179e-01
2.376397248011560825e-01
2.378983585322864969e-01
2.378998580554891606e-01
2.380190572830984119e-01
2.387299872989855076e-01
2.387299872993423333e-01
2.389279478184521965e-01
2.389279478187027461e-01
2.389456719977521848e-01
2.389456719978702848e-01
2.391038373631780012e-01
2.391038373633691538e-01
2.404350206866211204e-01
2.404350206867355288e-01
2.405957622351339031e-01
2.405957622351437564e-01
2.413202273670949083e-01
2.413202273671810061e-01
2.416738598181312203e-01
2.416738598183788278e-01
2.416886927466160850e-01
2.416886927470437429e-01
2.420878850836637730e-01
2.420878850839174312e-01
2.421612374205762142e-01
2.421612374207867124e-01
2.421654496657708322e-01
2.421654496658403877e-01
2.424243913653514049e-01
2.425115660671658679e-01
2.425115660678758278e-01
2.428882174063694555e-01
2.429569540038336584e-01
2.429569540039242526e-01
2.431080815530276551e-01
2.431080815532474515e-01
2.432549690950610577e-01
2.432549690951966159e-01
2.433011264794958661e-01
2.433011264795813811e-01
2.435393034842617543e-01
2.435393034845300952e-01
2.438392071014683082e-01
2.443193968776195268e-01
2.443437766350057827e-01
2.443437766351397866e-01
2.444733181450157722e-01
2.448818832080627284e-01
2.448818832083858588e-01
2.453977417062186694e-01
2.458540499963584314e-01
2.458540499966386517e-01
2.459915537332029167e-01
2.460635810523170153e-01
2.460635810524072209e-01
2.460861191000230652e-01
2.460861191002135795e-01
2.464500563947016887e-01
2.464500563948167355e-01
2.468918774679723371e-01
2.471551534834841024e-01
2.471551534841664177e-01
2.472026212539271961e-01
2.473494861543393264e-01
2.474652330417302093e-01
2.474652330418721791e-01
2.481906754957952377e-01
2.481906754963067729e-01
2.486374713024079586e-01
2.486374713025092109e-01
2.486750290139522201e-01
2.486750290143812936e-01
2.489015876601568256e-01
2.489015876605892019e-01
2.489825488248076923e-01
2.494586688186427592e-01
2.494835679308819998e-01
2.494835679311511178e-01
2.498652325462717150e-01
2.498652325465139934e-01
2.499562288151286615e-01
2.499562288152862854e-01
2.499671529688242411e-01
2.499671529690438432e-01
2.509224515426894397e-01
2.514109343705837052e-01
2.516582700487863811e-01
2.516582700495355041e-01
2.516930577398537872e-01
2.516930577399660862e-01
2.517507049923060625e-01
2.517507049929773033e-01
2.518958244984412786e-01
2.518958244987505313e-01
2.523509788761056916e-01
2.523509788764844997e-01
2.526300242593290113e-01
2.526300242598024104e-01
2.533863441376404957e-01
2.533863441377706693e-01
2.534662984002324926e-01
2.534972044165230143e-01
2.534972044168787852e-01
2.538062764217025036e-01
2.542477521475504099e-01
2.542763954251044956e-01
2.543097894550611637e-01
2.545795514024521422e-01
2.545795514025276374e-01
2.547456979766360985e-01
2.547456979768638052e-01
2.557285372789469546e-01
2.557285372793268174e-01
2.560181687250390192e-01
2.560181687252925387e-01
2.563250065547686418e-01
2.563250065550509160e-01
2.564411046846697961e-01
2.564411046849463527e-01
2.567252630774634614e-01
2.567814005514535425e-01
2.567814005520684950e-01
2.569608199182303876e-01
2.573428444544561544e-01
2.573454651066384158e-01
2.573454651068088905e-01
2.574357580785889277e-01
2.574357580787519084e-01
2.575811345806821584e-01
2.575811345806997554e-01
2.579911802288729628e-01
2.579911802291767198e-01
2.582399371455889603e-01
2.582399371458874993e-01
2.584784286009489396e-01
2.586574318055470112e-01
2.587070525693783152e-01
2.587070525696901768e-01
2.589356155635254009e-01
2.593890805336542260e-01
2.593890805336910854e-01
2.593974811853386186e-01
2.593974811856190610e-01
2.601854439846948974e-01
2.601854439851176704e-01
2.602434806052050797e-01
2.602674065488118638e-01
2.602674065493335021e-01
2.602905769129876257e-01
2.602905769130863800e-01
2.603735130610110304e-01
2.603735130615024707e-01
2.605821375003729012e-01
2.605821375008696705e-01
2.606359065592279700e-01
2.607210862960100406e-01
2.607210862961198417e-01
2.612251633038700227e-01
2.613114328869804992e-01
2.613114328872338521e-01
2.619406461399514940e-01
2.619406461402682407e-01
2.626616810723106377e-01
2.626616810725241336e-01
2.631500343123913122e-01
2.631500343133024722e-01
2.632819750085557686e-01
2.634315367478427539e-01
2.634315367479388437e-01
2.636156560522639469e-01
2.636156560526873305e-01
2.638237535027392888e-01
2.638237535028452596e-01
2.638834500598021271e-01
2.639559089124135505e-01
2.639559089129219771e-01
2.641882346589431996e-01
2.641882346592199782e-01
2.649931924556366836e-01
2.649931924557286655e-01
2.653897119093429624e-01
2.653897119097194945e-01
2.661944428323586020e-01
2.661944428329102164e-01
2.662026850422206103e-01
2.662026850424196733e-01
2.663156368870967516e-01
2.663156368874142199e-01
2.667626648231406494e-01
2.667626648234528441e-01
2.667845907388400883e-01
2.667845907390197779e-01
2.670777291702877143e-01
2.670777291706808443e-01
2.678109633285677971e-01
2.678109633287290570e-01
2.685215880898598195e-01
2.685215880901224983e-01
2.685256605543138719e-01
2.685256605543662189e-01
2.686455039775688669e-01
2.687868907036493615e-01
2.687868907038420963e-01
2.688667227851296304e-01
2.688667227859330433e-01
2.688788484878263940e-01
2.688788484882606022e-01
2.690943671676014892e-01
2.691135294810915179e-01
2.691135294811642931e-01
2.701099009128555828e-01
2.713690394026265218e-01
2.713690394029799058e-01
2.714089419093290712e-01
2.714768624683385201e-01
2.714768624685174880e-01
2.714848688227210483e-01
2.714848688229257734e-01
2.720034250666074627e-01
2.720034250667593412e-01
2.723611602583478342e-01
2.723611602589455227e-01
2.723884909221174766e-01
2.723884909221818140e-01
2.729146343230808847e-01
2.729146343232640159e-01
2.730030828559402711e-01
2.733461842131192365e-01
2.733461842135200270e-01
2.735091697992980131e-01
2.735091697995422066e-01
2.742529812552619850e-01
2.746664413565786944e-01
2.746664413568548069e-01
2.747102552028782840e-01
2.747102552030958322e-01
2.748551817412985265e-01
2.748551817416850507e-01
2.748854730806369329e-01
2.748854730808549252e-01
2.751239367346365872e-01
2.757537208598463963e-01
2.757537208599957212e-01
2.760503520873171523e-01
2.760503520877854999e-01
2.760800744059432321e-01
2.761466428253510630e-01
2.761466428257963179e-01
2.769506036490603784e-01
2.769506036494794876e-01
2.771190955725152394e-01
2.771190955729205818e-01
2.773754474198938946e-01
2.774990178992697287e-01
2.774990178993028134e-01
2.778046879159897786e-01
2.778046879160336324e-01
2.786073388541632778e-01
2.786073388542291696e-01
2.791728367803845146e-01
2.791728367806540767e-01
2.791790712337757774e-01
2.791790712338323432e-01
2.799707266379422577e-01
2.799707266386958215e-01
2.800256547801107110e-01
2.800256547807354890e-01
2.800527864832077496e-01
2.800527864833438629e-01
2.801447839109927340e-01
2.801731077468390119e-01
2.805187650126189647e-01
2.805187650127199950e-01
2.811877340239505862e-01
2.811877340245545476e-01
2.819833056670950633e-01
2.819833056672398919e-01
2.819851686354521991e-01
2.819851686359008958e-01
2.821307265765375938e-01
2.827739137780542200e-01
2.827739137786636769e-01
2.830961981170199149e-01
2.830961981171388753e-01
2.832805578795859480e-01
2.835199208464322385e-01
2.835199208471805288e-01
2.835904908276961067e-01
2.835904908282609882e-01
2.838363021373718764e-01
2.838363021376263950e-01
2.841273982972328804e-01
2.841273982976370016e-01
2.844720693621454188e-01
2.844720693626359154e-01
2.846483395813417250e-01
2.846483395815410100e-01
2.847146710624945398e-01
2.847146710630280020e-01
2.849980953895179248e-01
2.851757819422702234e-01
2.851757819423242357e-01
2.854246479652088886e-01
2.863787890555021254e-01
2.863787890556849791e-01
2.864498469663006031e-01
2.865907238435646542e-01
2.865907238439440730e-01
2.867338810104323454e-01
2.867338810111158542e-01
2.875851194774192154e-01
2.878816006769440161e-01
2.878816006770871794e-01
2.881125787556710338e-01
2.881125787558290741e-01
2.888990446540277701e-01
2.888990446548951874e-01
2.889674960473501142e-01
2.889674960474528098e-01
2.889919690786752482e-01
2.889919690788287365e-01
2.893863049185657621e-01
2.893863049186384817e-01
2.895547487444952717e-01
2.897202211370877301e-01
2.898879801956733560e-01
2.898879801957545688e-01
2.917316099936794749e-01
2.917316099942228180e-01
2.924383374615317499e-01
2.928112761582870593e-01
2.928112761583208101e-01
2.930146355115995083e-01
2.930146355116877710e-01
2.930538403033093320e-01
2.931087079226745162e-01
2.931087079228884007e-01
2.931238170605606763e-01
2.934621346239025819e-01
2.940823521499159043e-01
2.940823521501416682e-01
2.944510994530752934e-01
2.944510994531860937e-01
2.944991953354749725e-01
2.944991953357468661e-01
2.945972498487107183e-01
2.945972498493524827e-01
2.946175668509820600e-01
2.954401270706294991e-01
2.954401270707223137e-01
2.964712640972905211e-01
2.964712640976596703e-01
2.970093884845367849e-01
2.970093884847624377e-01
2.970270934983904598e-01
2.972766632188112990e-01
2.973198581911316585e-01
2.973198581915079686e-01
2.983601801092978789e-01
2.983601801100328466e-01
2.984278350805633084e-01
2.984278350809470015e-01
2.984672299068277246e-01
2.987880517284349224e-01
2.987880517290792404e-01
2.992973094721255722e-01
2.992973094726147920e-01
2.997431803866658084e-01
2.997431803867156574e-01
2.999521153407290197e-01
3.000356238376035156e-01
3.004866203970365524e-01
3.004866203972047511e-01
3.006996715713483592e-01
3.006996715719576496e-01
3.009616268383147886e-01
3.009616268384198157e-01
3.018757293573007816e-01
3.018757293577425393e-01
3.019955663850580896e-01
3.019955663857502581e-01
3.023026142348745338e-01
3.028893211610251268e-01
3.028893211611917158e-01
3.029983666788483299e-01
3.029983666796003949e-01
3.039852532825479958e-01
3.039852532827767018e-01
3.042889451456085026e-01
3.045750248348678690e-01
3.045750248351034584e-01
3.046996898654770192e-01
3.046996898662029385e-01
3.047114352431221640e-01
3.047114352437025886e-01
3.054005830035603219e-01
3.057433880475432519e-01
3.057433880478948596e-01
3.071035980425356748e-01
3.071035980426508605e-01
3.071797018267233281e-01
3.077391396009642177e-01
3.077391396014123037e-01
3.077458480949357700e-01
3.077458480951769659e-01
3.081393325325820221e-01
3.081393325327459465e-01
3.083217183535120198e-01
3.083217183539767037e-01
3.084249321725625048e-01
3.084249321730339610e-01
3.089906129011944502e-01
3.089906129015038694e-01
3.091925519676477774e-01
3.091925519682611201e-01
3.094310935615088298e-01
3.094310935620119829e-01
3.098789594879358122e-01
3.100103713036313491e-01
3.100103713038336317e-01
3.103986674741711638e-01
3.103986674743789975e-01
3.109610347161103627e-01
3.109610347164869504e-01
3.117356866965358964e-01
3.117356866972356699e-01
3.123748668037562015e-01
3.123748668039176279e-01
3.124721728603193638e-01
3.124721728606081883e-01
3.131439161198752985e-01
3.131439161200875176e-01
3.131862951975410980e-01
3.134978033589251867e-01
3.134978033594671420e-01
3.135326318879652074e-01
3.135326318889275488e-01
3.137632147012125450e-01
3.137632147016023443e-01
3.138460753240148726e-01
3.138460753244187718e-01
3.139412808224325557e-01
3.139412808225862661e-01
3.148301970592726207e-01
3.148301970594809540e-01
3.154337762005545165e-01
3.154337762011925062e-01
3.154593386106129826e-01
3.154593386114714071e-01
3.162447286960132775e-01
3.163018133456350633e-01
3.163018133458702641e-01
3.163441581351684739e-01
3.170261564885051842e-01
3.170261564886780459e-01
3.173161751230655914e-01
3.178996758141168777e-01
3.178996758150411939e-01
3.179181147804093222e-01
3.179181147809693742e-01
3.187132070473583378e-01
3.187132070480049872e-01
3.190297476764696327e-01
3.190531656813314076e-01
3.190531656816906758e-01
3.191713551228641532e-01
3.191713551234949819e-01
3.192095744554263592e-01
3.192095744556923687e-01
3.196376687144245610e-01
3.196376687146268436e-01
3.199178247767600625e-01
3.199603050292570416e-01
3.199603050298246432e-01
3.206212187795597912e-01
3.206212187797766178e-01
3.208756902943700751e-01
3.214908915292178371e-01
3.214908915298129721e-01
3.216628688257588964e-01
3.216628688260442237e-01
3.221436642456205202e-01
3.221436642461361077e-01
3.221525289736941189e-01
3.221525289737804387e-01
3.223427661658964105e-01
3.223427661664702293e-01
3.224826167069529403e-01
3.224826167075325878e-01
3.226953886883599520e-01
3.233384212423117132e-01
3.233384212428564997e-01
3.235363542438586260e-01
3.235363542440054530e-01
3.240760454639800558e-01
3.243227799084328344e-01
3.247758258736025416e-01
3.247758258741914039e-01
3.248906047087443683e-01
3.248906047089171190e-01
3.249661340609224514e-01
3.249661340613407279e-01
3.256703863004205002e-01
3.256703863015050771e-01
3.261037130591785682e-01
3.263649924456201168e-01
3.263649924459632867e-01
3.265401376942759226e-01
3.267759376767772617e-01
3.267759376775219993e-01
3.277195893752644640e-01
3.277195893753755973e-01
3.280009414441679150e-01
3.280009414447965232e-01
3.286313347508167393e-01
3.286313347512497263e-01
3.290170298200933430e-01
3.290170298204778132e-01
3.292837711275050094e-01
3.292837711275534707e-01
3.305648711569543208e-01
3.305648711570140508e-01
3.305855167905913383e-01
3.306002277624116581e-01
3.306002277626661767e-01
3.306681346818369227e-01
3.306681346822761824e-01
3.311601210204924706e-01
3.313738260238287547e-01
3.313738260241648748e-01
3.323031335371610107e-01
3.324424641991485241e-01
3.324424641991984286e-01
3.325662312961081835e-01
3.325662312963778566e-01
3.326806352175525339e-01
3.326806352177751336e-01
3.327453199183020294e-01
3.327453199187826449e-01
3.333333333269861143e-01
3.335967104244383363e-01
3.342964062825243277e-01
3.346616820348589094e-01
3.346616820350101773e-01
3.349305815882410164e-01
3.349305815890552540e-01
3.350702484860086372e-01
3.350702484863742336e-01
3.351158770798708941e-01
3.353657976223699544e-01
3.353657976228315296e-01
3.358062452512008966e-01
3.358062452513052576e-01
3.359506798230173508e-01
3.361913763402654132e-01
3.361913763413019729e-01
3.368338660941387341e-01
3.368338660942772900e-01
3.369068681558230471e-01
3.369068681565919876e-01
3.374328910205604548e-01
3.374328910206088050e-01
3.378973273783426601e-01
3.378973273787231335e-01
3.382758123694428187e-01
3.388207922251329496e-01
3.388207922254413695e-01
3.389731627580933604e-01
3.389731627582198703e-01
3.391157514112240756e-01
3.391157514113366522e-01
3.405612150883184364e-01
3.405612150884499423e-01
3.407757628404557981e-01
3.408392277996344366e-01
3.408392277998902875e-01
3.410427850747697054e-01
3.414314150726927011e-01
3.414314150728824937e-01
3.417923098364407108e-01
3.426328419103120138e-01
3.426328419105884593e-01
3.428385577620919333e-01
3.428385577624843972e-01
3.432357668037286924e-01
3.432357668040658671e-01
3.435832175889561024e-01
3.435832175892165052e-01
3.443708507472670322e-01
3.457505585416806304e-01
3.457505585419081706e-01
3.466046139597507292e-01
3.466046139609658128e-01
3.466502497749894274e-01
3.466502497756754342e-01
3.472320554419887628e-01
3.472320554421002847e-01
3.479005497850290451e-01
3.486877276358150701e-01
3.486946907595215861e-01
3.486946907596629730e-01
3.495796487315029344e-01
3.495796487316424894e-01
3.501719733711711191e-01
3.502093231462959366e-01
3.502093231471362644e-01
3.507575557023751567e-01
3.507575557025178759e-01
3.513158627294454273e-01
3.513158627300137504e-01
3.521003180089006257e-01
3.521003180092257545e-01
3.522931334288769145e-01
3.522931334289803318e-01
3.531161411691356444e-01
3.531161411701497221e-01
3.536891013110682880e-01
3.538343921431893468e-01
3.538343921436573059e-01
3.540347083383322269e-01
3.540347083383879601e-01
3.545783013827485397e-01
3.545783013833624375e-01
3.550468253048227329e-01
3.551192679722369738e-01
3.558403714962466990e-01
3.562098967202717015e-01
3.562098967213645495e-01
3.562455208153112451e-01
3.562455208155205777e-01
3.567658602493871678e-01
3.567658602495992204e-01
3.568197622333599273e-01
3.568197622339590036e-01
3.569807769433123723e-01
3.569807769438879674e-01
3.575723275992214734e-01
3.575723275995060235e-01
3.575983048367396555e-01
3.575983048374169471e-01
3.576723218728165565e-01
3.580375926198742786e-01
3.584061791104891648e-01
3.584061791109808826e-01
3.597718936735749273e-01
3.597718936741082230e-01
3.600907805623051461e-01
3.600907805625612745e-01
3.601143755963636117e-01
3.601278493379647117e-01
3.601278493384142965e-01
3.602657428644086557e-01
3.608029291328602173e-01
3.608029291333981203e-01
3.610176869386020893e-01
3.610176869389713494e-01
3.614059302259312600e-01
3.614059302260015372e-01
3.626605612467336259e-01
3.627721034640385422e-01
3.627721034641365749e-01
3.634014943117346852e-01
3.634014943124623809e-01
3.644088538878788031e-01
3.644088538883227257e-01
3.647405832630503664e-01
3.647405832631905320e-01
3.648053377945046361e-01
3.648053377947298448e-01
3.658860465391893801e-01
3.658860465400697870e-01
3.663000163818618815e-01
3.663000163825754774e-01
3.663759362851252144e-01
3.663759362853455381e-01
3.668924873651108198e-01
3.677403938842968567e-01
3.677403938846591225e-01
3.690005904245486912e-01
3.690005904253643720e-01
3.692250550427157996e-01
3.694046461096190948e-01
3.694046461111933910e-01
3.696690840161699909e-01
3.696690840166588776e-01
3.698099150723041517e-01
3.701751453243151135e-01
3.703832220337004988e-01
3.703832220342562764e-01
3.705551648125499642e-01
3.705551648133508236e-01
3.710302254845148640e-01
3.710302254851876036e-01
3.713361276091941554e-01
3.713361276092866925e-01
3.730537493603348076e-01
3.730537493615181943e-01
3.734385906514721132e-01
3.734385906516707876e-01
3.754298174384638753e-01
3.754298174398210675e-01
3.755378621943993300e-01
3.755378621944908679e-01
3.760538148823741600e-01
3.760538148827475835e-01
3.760550595628797677e-01
3.760583625595286250e-01
3.760583625602003099e-01
3.780465022516296125e-01
3.780465022521575791e-01
3.786689393752959432e-01
3.786689393766976552e-01
3.790217215371908255e-01
3.800273643421701042e-01
3.800273643423002223e-01
3.802691999434226200e-01
3.802691999436179082e-01
3.802990553447437860e-01
3.814825458492881460e-01
3.815812902764560421e-01
3.815812902771475446e-01
3.821963616457409452e-01
3.823220887344713770e-01
3.823220887345835095e-01
3.840650537658925612e-01
3.840650537664006547e-01
3.846997032404696482e-01
3.846997032413077000e-01
3.849470113901249935e-01
3.852932928494142151e-01
3.852932928496345943e-01
3.856983544732547897e-01
3.859100397404140459e-01
3.859100397411751593e-01
3.861384658942155212e-01
3.861384658953958549e-01
3.861928589584500693e-01
3.861928589596208550e-01
3.876153441906828867e-01
3.876153441912189024e-01
3.878632041717357537e-01
3.878632041718237389e-01
3.890879942399534941e-01
3.890879942404774083e-01
3.905926842443031566e-01
3.909894691198649297e-01
3.909894691200940797e-01
3.911818020302247345e-01
3.911818020302589294e-01
3.915491193853829488e-01
3.915491193860273778e-01
3.918612096839838022e-01
3.918612096841337378e-01
3.934781647332488141e-01
3.934781647338577715e-01
3.935129873703620551e-01
3.935129873707827186e-01
3.935975371281552615e-01
3.941399500438563797e-01
3.941399500443549253e-01
3.948668255318480425e-01
3.953603325127024171e-01
3.953603325129665391e-01
3.957291692667804228e-01
3.964047720225167826e-01
3.964392230036411502e-01
3.964392230040963971e-01
3.977269812795495296e-01
3.977269812800596216e-01
3.978564628790262070e-01
3.978564628792981006e-01
3.979474768830974507e-01
3.979474768835275511e-01
3.984321689529384258e-01
3.992332492912584740e-01
3.992332492914573705e-01
3.998940508540765881e-01
3.998940508552915607e-01
4.004916534560019059e-01
4.004916534565999831e-01
4.018350882518456069e-01
4.018350882520861922e-01
4.018865305910443997e-01
4.018865305918480346e-01
4.022745182515661821e-01
4.030470513973186675e-01
4.030470513984322212e-01
4.035261902992032246e-01
4.035261902996652439e-01
4.046503794295540635e-01
4.046503794306336443e-01
4.054668910986947150e-01
4.054668910991096609e-01
4.059295731153311770e-01
4.060136223205725869e-01
4.060136223210795148e-01
4.066575758381550942e-01
4.092740709213067429e-01
4.092740709215645922e-01
4.098026401725249901e-01
4.098026401725566870e-01
4.115224233362668183e-01
4.115224233372430929e-01
4.117035428945369224e-01
4.117035428948494502e-01
4.124891930716069188e-01
4.124891930716915733e-01
4.137119568063852282e-01
4.138615559490179674e-01
4.138615559492497264e-01
4.141421024436965359e-01
4.141421024441250820e-01
4.150581272176396830e-01
4.150581272178629488e-01
4.170472829570817108e-01
4.170472829579959240e-01
4.174765085776231954e-01
4.175087285672285931e-01
4.175087285672682280e-01
4.185116776141500905e-01
4.186450620480613449e-01
4.186450620483458951e-01
4.192127808642610587e-01
4.193210150722664897e-01
4.193210150728335361e-01
4.195366858670449561e-01
4.197974892956125026e-01
4.205619937642174344e-01
4.205619937645682094e-01
4.207904022292583979e-01
4.207904022295415603e-01
4.214560235952997669e-01
4.214560235956926193e-01
4.218540260235846828e-01
4.218540260243233142e-01
4.219329901873589694e-01
4.219329901881928579e-01
4.228965829211293048e-01
4.237468357357305204e-01
4.237468357366987459e-01
4.241791348240542825e-01
4.241791348250271709e-01
4.242214056569751923e-01
4.242214056573080927e-01
4.246416878482290325e-01
4.246416878488721847e-01
4.262777539987022135e-01
4.272425296890221547e-01
4.272425296904279746e-01
4.278240789834545366e-01
4.278240789839743430e-01
4.285393409331421100e-01
4.285393409337958648e-01
4.286986421122734869e-01
4.286986421127804703e-01
4.287712503061481550e-01
4.287712503072624304e-01
4.297303387124972729e-01
4.297303387126142904e-01
4.301083255599112420e-01
4.301083255607986433e-01
4.307670516993645782e-01
4.312941462180187036e-01
4.331371337925457587e-01
4.331371337931178012e-01
4.344996559265992819e-01
4.352377980494726017e-01
4.352377980496325294e-01
4.361823227030449113e-01
4.361823227035403483e-01
4.385209061854589141e-01
4.388316795126756542e-01
4.391559914484302052e-01
4.391559914492776384e-01
4.393315565591187077e-01
4.393315565594547167e-01
4.397917911152590675e-01
4.397917911157290249e-01
4.402738331723096699e-01
4.402738331723514142e-01
4.405544009129683802e-01
4.405544009136436179e-01
4.406906867595152266e-01
4.406906867605072109e-01
4.412603301569025804e-01
4.412603301573742587e-01
4.420783875098098226e-01
4.429396556238937022e-01
4.429396556250912442e-01
4.432112197387299557e-01
4.432112197388318742e-01
4.433021617165797124e-01
4.433021617173633078e-01
4.442661599515876358e-01
4.442661599520545956e-01
4.444837480213867931e-01
4.446631635233126989e-01
4.446631635234740143e-01
4.453647323373956524e-01
4.453647323387191492e-01
4.457601644374351579e-01
4.457601644382223061e-01
4.468612189675422175e-01
4.477057326956787042e-01
4.477057326962823325e-01
4.477211164379741870e-01
4.477211164381492137e-01
4.493793598875067130e-01
4.510245520256446206e-01
4.526537196662176465e-01
4.526537196665325058e-01
4.535833487343785553e-01
4.535833487345357629e-01
4.545008022890406063e-01
4.546583164794130161e-01
4.546583164803902344e-01
4.558675478572629114e-01
4.558675478581681872e-01
4.587266239267787649e-01
4.591128198478960365e-01
4.591128198481903011e-01
4.591858677366204011e-01
4.591858677369488051e-01
4.596183834013965464e-01
4.603417386847905024e-01
4.603417386859531835e-01
4.606056579336314516e-01
4.606056579348109525e-01
4.608096687022639748e-01
4.608096687023945370e-01
4.608496761460640356e-01
4.608496761469508263e-01
4.610408469233873152e-01
4.610408469235809381e-01
4.617865370585488849e-01
4.619261301069446657e-01
4.619261301078425586e-01
4.641842394996440468e-01
4.641842395004422972e-01
4.652788407932456627e-01
4.652788407941452209e-01
4.652922492793322706e-01
4.652922492801356280e-01
4.663532765565892024e-01
4.674334884336454610e-01
4.674334884344518715e-01
4.683497485828032603e-01
4.689869391595403170e-01
4.689869391596599990e-01
4.707065081598868495e-01
4.707065081602471723e-01
4.709699402291204762e-01
4.717123243396388887e-01
4.717123243410502598e-01
4.726830858550343240e-01
4.726830858553986436e-01
4.747697538093957337e-01
4.747697538102329529e-01
4.749079890018096939e-01
4.749079890020512229e-01
4.765511258348409940e-01
4.765511258351025625e-01
4.770517513249724617e-01
4.773332580665294311e-01
4.773332580668702696e-01
4.774661333716157530e-01
4.774661333722252099e-01
4.775398196535220463e-01
4.775398196547221974e-01
4.780552067796287607e-01
4.786904358175038676e-01
4.786904358177489494e-01
4.799674418167720336e-01
4.801630788597170962e-01
4.805877338774001140e-01
4.805877338793554387e-01
4.807555553546061788e-01
4.817460324892390289e-01
4.817460324895143642e-01
4.821200174747042877e-01
4.821200174748883072e-01
4.832968695015184557e-01
4.832968695016211513e-01
4.843524469581503289e-01
4.858738853764184573e-01
4.858738853774631772e-01
4.871533722412096923e-01
4.874471267584639111e-01
4.874471267585011591e-01
4.879915627709853210e-01
4.879915627710065262e-01
4.921844191819856884e-01
4.921844191834819915e-01
4.923125845359891395e-01
4.923125845363262032e-01
4.929754719244987538e-01
4.929754719250238892e-01
4.957357742413163182e-01
4.965818180283195216e-01
4.965818180283431693e-01
4.972631617206490495e-01
4.998439613571176166e-01
4.998439613582275620e-01
5.007151691079089195e-01
5.010349317156101989e-01
5.010349317157911653e-01
5.015017636523585454e-01
5.015017636536241996e-01
5.016652094642702897e-01
5.016652094655769112e-01
5.022804169452979028e-01
5.022804169464453183e-01
5.024119582313646415e-01
5.030993528739605702e-01
5.038043819485380492e-01
5.038043819486411889e-01
5.045428474662343454e-01
5.045428474666466823e-01
5.056338693013003871e-01
5.056338693013943120e-01
5.070601716833436079e-01
5.070601716837348505e-01
5.075692505653727205e-01
5.077158307534496151e-01
5.091142981859909655e-01
5.123479553237498818e-01
5.123479553255338992e-01
5.138806236188980803e-01
5.138806236204387368e-01
5.160423277725258995e-01
5.160423277731528424e-01
5.163858499241376077e-01
5.163858499256002155e-01
5.166186619323328566e-01
5.205517430785489008e-01
5.206855635511740132e-01
5.206855635516124403e-01
5.212970749714128660e-01
5.212970749722618535e-01
5.214976170311956816e-01
5.214976170322976889e-01
5.217469491546555815e-01
5.217469491561512740e-01
5.218637948323036069e-01
5.218637948323546771e-01
5.221771766906510015e-01
5.221771766916508684e-01
5.247651176214190860e-01
5.247651176223724345e-01
5.266817282942403144e-01
5.266817282950185808e-01
5.268820716609087240e-01
5.280267063131942606e-01
5.280267063137086270e-01
5.282181918531516640e-01
5.282181918540606036e-01
5.284230394569309208e-01
5.292140381260476145e-01
5.294447342767920617e-01
5.294447342773919152e-01
5.296879078599310287e-01
5.296879078604875835e-01
5.303290363300813270e-01
5.303290363304655752e-01
5.316260889492784303e-01
5.316260889498960474e-01
5.348452334433830835e-01
5.348452334438595912e-01
5.350718448355521462e-01
5.350718448359310653e-01
5.380767444614776851e-01
5.380767444618644868e-01
5.387808914848970510e-01
5.387808914864145038e-01
5.393863907708280614e-01
5.393863907728396745e-01
5.402003233097038004e-01
5.402003233117779191e-01
5.412823197704127454e-01
5.423981837495243097e-01
5.423981837507390047e-01
5.445134827973732161e-01
5.445134828002128335e-01
5.447332910635901415e-01
5.462196701124968357e-01
5.462196701128203546e-01
5.464419122097460280e-01
5.485601717761732221e-01
5.485601717781423137e-01
5.515626134119042678e-01
5.542720698403631463e-01
5.572386465572995995e-01
5.572386465581963266e-01
5.581800253199898920e-01
5.581800253209371343e-01
5.584239481862990351e-01
5.625240482519388019e-01
5.625240482526477903e-01
5.626559410763776192e-01
5.626559410778386727e-01
5.630836733628618029e-01
5.630836733639064118e-01
5.640573947060885107e-01
5.640573947063473037e-01
5.649313986984370040e-01
5.649313986986663760e-01
5.673769328482389795e-01
5.677830233088508871e-01
5.677830233092433510e-01
5.679187857283050089e-01
5.679187857299188291e-01
5.744926131236174349e-01
5.744926131253283996e-01
5.772642948124919737e-01
5.781401823171354870e-01
5.781401823184058042e-01
5.784607966698074311e-01
5.784607966704738979e-01
5.793555987981310329e-01
5.793555987986309663e-01
5.817249851253549764e-01
5.817249851255446025e-01
5.827839822907100453e-01
5.827839822911798917e-01
5.848491932972433860e-01
5.848491932982520236e-01
5.908149290341122573e-01
5.949197368688848853e-01
5.949197368694532084e-01
5.976278286904228576e-01
5.976278286919076699e-01
6.000852996191390343e-01
6.002720102480294528e-01
6.002720102498926291e-01
6.010393385430164992e-01
6.010393385443086878e-01
6.032948023281817784e-01
6.032948023283288830e-01
6.056353225585920930e-01
6.069299372561959283e-01
6.069299372571899109e-01
6.084678957826353818e-01
6.084678957837289515e-01
6.090587646376385278e-01
6.090587646385849929e-01
6.148978887116421932e-01
6.152217277893643477e-01
6.152217277901051995e-01
6.158659788953692038e-01
6.158659788971483362e-01
6.185413696530721595e-01
6.201888450312375012e-01
6.203504698255586369e-01
6.203504698268917927e-01
6.210385789401846601e-01
6.227579084151201316e-01
6.234833268395202355e-01
6.234833268406424489e-01
6.241585948901254843e-01
6.245228817186028181e-01
6.245228817193407833e-01
6.274824169353527825e-01
6.274824169367926308e-01
6.333859874328191530e-01
6.333859874339455853e-01
6.372708443908754461e-01
6.373149703970915070e-01
6.376047954062801226e-01
6.376047954078140068e-01
6.380152048849118129e-01
6.380152048856604363e-01
6.422647992773021786e-01
6.422647992777440473e-01
6.528393988469107789e-01
6.528393988480513110e-01
6.532667644982755872e-01
6.532667644990063360e-01
6.557756211285922232e-01
6.557756211303791272e-01
6.564041782525312785e-01
6.568525660180438708e-01
6.568525660200843497e-01
6.627473445083486014e-01
6.627473445086208281e-01
6.682617905509020684e-01
6.702447235621754595e-01
6.702447235651527446e-01
6.756151312377085549e-01
6.756151312379130580e-01
6.784705208605910087e-01
6.789355098695150081e-01
6.819891776424842345e-01
6.878108568588024996e-01
6.878108568599575756e-01
6.901789679976954028e-01
6.901789679986474191e-01
6.909369579611843726e-01
6.927819907087792162e-01
6.927819907092038765e-01
6.928011833069239733e-01
6.928011833077074577e-01
6.972607736459780492e-01
6.972607736480617158e-01
7.003473580575614310e-01
7.003473580589495429e-01
7.102527055981069370e-01
7.102527055999404704e-01
7.120089058485751243e-01
7.120089058494704082e-01
7.136950698992797770e-01
7.178421923086920620e-01
7.178421923102369373e-01
7.203965241988342649e-01
7.203965242003053104e-01
7.292912378559779363e-01
7.292912378572946608e-01
7.299133089210352310e-01
7.299133089223480697e-01
7.335915779705562967e-01
7.335915779718749086e-01
7.379746611849907767e-01
7.415936270845456812e-01
7.415936270855111312e-01
7.419664363282010289e-01
7.446644816302040448e-01
7.446644816310468151e-01
7.480104545928181192e-01
7.480104545952807049e-01
7.547935482364455106e-01
7.569613468218335806e-01
7.569613468219417163e-01
7.573066215222098441e-01
7.573066215223320796e-01
7.603339743174672982e-01
7.603339743184193145e-01
7.626759628215796782e-01
7.626759628222102849e-01
7.685083101371438241e-01
7.719809202205198950e-01
7.719809202207715826e-01
7.754352858164996753e-01
7.791939410349280060e-01
7.791939410381835129e-01
7.840056682532207111e-01
7.881732402900403223e-01
7.881732402927412728e-01
7.913846558769661588e-01
7.913846558771007178e-01
8.057366189094291586e-01
8.057366189117443067e-01
8.105174508282541046e-01
8.105174508316416171e-01
8.188796176807856542e-01
8.272396711480515252e-01
8.404194152908102122e-01
8.429711016933779666e-01
8.429711016941294766e-01
8.440622534959193457e-01
8.793714512151441509e-01
8.807256813982490273e-01
8.807256813994106537e-01
9.677273529168003430e-01
9.677273529206081859e-01
1.000000000000000000e+00
