# SF-29 N2 candidate (i) i0 field=gauss_ch eps=1 N=12: sorted relative singular values of the dense central-FD Jacobian at the final_iterate state (rows F_i=-q(L_i-S_i); smax=7.109077e+04)
3.646221e-08
2.261864e-06
2.711529e-06
6.125075e-06
7.256716e-06
8.473854e-06
1.182653e-05
1.430385e-05
1.459462e-05
1.716118e-05
1.932498e-05
2.155426e-05
2.753462e-05
2.846932e-05
2.937493e-05
3.349003e-05
3.793534e-05
4.294639e-05
4.478488e-05
4.658748e-05
5.095766e-05
5.514222e-05
5.638753e-05
5.930367e-05
6.374031e-05
6.545286e-05
7.017088e-05
7.684252e-05
7.791578e-05
8.084115e-05
8.259379e-05
9.012566e-05
9.551570e-05
9.752260e-05
1.004531e-04
1.062451e-04
1.083897e-04
1.107288e-04
1.148385e-04
1.203546e-04
1.239278e-04
1.265975e-04
1.337741e-04
1.348450e-04
1.373203e-04
1.430698e-04
1.462264e-04
1.494598e-04
1.518749e-04
1.554409e-04
1.569642e-04
1.594479e-04
1.609520e-04
1.636494e-04
1.674881e-04
1.717549e-04
1.744108e-04
1.788754e-04
1.797823e-04
1.826259e-04
1.848951e-04
1.886820e-04
1.935699e-04
1.942645e-04
1.968188e-04
2.011284e-04
2.060146e-04
2.078196e-04
2.112205e-04
2.175623e-04
2.190757e-04
2.203972e-04
2.228446e-04
2.267697e-04
2.310903e-04
2.351694e-04
2.402927e-04
2.443946e-04
2.476254e-04
2.482739e-04
2.505127e-04
2.522657e-04
2.533906e-04
2.555258e-04
2.601543e-04
2.650026e-04
2.675522e-04
2.690254e-04
2.786999e-04
2.806802e-04
2.831634e-04
2.878978e-04
2.954634e-04
2.963596e-04
2.995684e-04
3.021531e-04
3.063809e-04
3.093909e-04
3.125436e-04
3.143257e-04
3.182629e-04
3.210099e-04
3.292230e-04
3.313129e-04
3.356709e-04
3.387735e-04
3.417985e-04
3.448208e-04
3.468011e-04
3.532761e-04
3.542180e-04
3.580836e-04
3.613878e-04
3.627282e-04
3.672143e-04
3.724404e-04
3.746281e-04
3.762553e-04
3.827719e-04
3.844915e-04
3.857358e-04
3.936506e-04
3.971754e-04
3.997536e-04
4.016247e-04
4.041824e-04
4.063498e-04
4.108805e-04
4.156848e-04
4.163731e-04
4.191793e-04
4.233939e-04
4.262771e-04
4.283092e-04
4.302052e-04
4.304682e-04
4.353702e-04
4.386102e-04
4.425353e-04
4.465680e-04
4.467877e-04
4.515885e-04
4.552668e-04
4.578084e-04
4.612814e-04
4.634996e-04
4.657869e-04
4.684384e-04
4.758783e-04
4.781152e-04
4.805130e-04
4.850358e-04
4.881525e-04
4.912821e-04
4.932320e-04
4.947143e-04
5.003446e-04
5.026753e-04
5.074445e-04
5.095620e-04
5.105991e-04
5.145486e-04
5.164137e-04
5.208054e-04
5.256614e-04
5.257619e-04
5.323568e-04
5.363256e-04
5.374949e-04
5.412142e-04
5.470770e-04
5.485347e-04
5.548862e-04
5.569667e-04
5.575321e-04
5.641363e-04
5.662548e-04
5.682036e-04
5.724696e-04
5.752824e-04
5.773833e-04
5.810782e-04
5.827779e-04
5.868990e-04
5.879033e-04
5.927546e-04
5.949959e-04
6.018765e-04
6.028120e-04
6.068802e-04
6.101744e-04
6.127532e-04
6.160365e-04
6.188684e-04
6.198274e-04
6.232031e-04
6.251294e-04
6.302810e-04
6.317055e-04
6.343350e-04
6.385377e-04
6.430425e-04
6.463793e-04
6.487227e-04
6.529474e-04
6.575865e-04
6.590375e-04
6.624964e-04
6.665083e-04
6.682563e-04
6.728736e-04
6.738930e-04
6.778038e-04
6.792509e-04
6.837183e-04
6.871648e-04
6.896899e-04
6.929327e-04
6.963226e-04
6.981143e-04
7.023592e-04
7.057062e-04
7.071269e-04
7.086616e-04
7.121152e-04
7.158357e-04
7.189909e-04
7.208338e-04
7.271579e-04
7.295548e-04
7.310059e-04
7.342058e-04
7.349147e-04
7.360219e-04
7.423260e-04
7.458965e-04
7.496884e-04
7.511638e-04
7.598796e-04
7.616471e-04
7.623102e-04
7.646536e-04
7.673305e-04
7.715190e-04
7.722118e-04
7.794201e-04
7.812650e-04
7.852783e-04
7.883354e-04
7.933264e-04
7.955874e-04
7.970871e-04
8.000077e-04
8.016911e-04
8.027772e-04
8.074453e-04
8.099483e-04
8.133361e-04
8.165632e-04
8.211293e-04
8.214904e-04
8.233776e-04
8.272519e-04
8.312090e-04
8.350046e-04
8.433879e-04
8.449855e-04
8.457823e-04
8.467338e-04
8.541696e-04
8.567751e-04
8.574296e-04
8.595221e-04
8.652965e-04
8.701163e-04
8.745525e-04
8.760710e-04
8.802588e-04
8.852825e-04
8.861267e-04
8.903378e-04
8.929222e-04
8.940489e-04
8.957992e-04
8.975739e-04
9.004047e-04
9.037792e-04
9.108827e-04
9.120647e-04
9.147085e-04
9.180954e-04
9.186753e-04
9.246523e-04
9.269884e-04
9.288616e-04
9.322252e-04
9.344233e-04
9.367546e-04
9.405090e-04
9.432070e-04
9.469042e-04
9.514478e-04
9.540599e-04
9.554237e-04
9.613006e-04
9.661757e-04
9.689959e-04
9.711762e-04
9.746079e-04
9.764691e-04
9.805964e-04
9.825016e-04
9.838296e-04
9.846789e-04
9.895309e-04
9.930067e-04
9.968932e-04
9.988117e-04
1.004055e-03
1.007431e-03
1.009459e-03
1.011679e-03
1.014883e-03
1.022046e-03
1.023564e-03
1.029417e-03
1.032107e-03
1.033899e-03
1.034893e-03
1.039803e-03
1.042460e-03
1.045261e-03
1.049832e-03
1.053397e-03
1.056246e-03
1.058820e-03
1.060058e-03
1.062166e-03
1.069668e-03
1.072479e-03
1.075945e-03
1.078821e-03
1.081356e-03
1.084773e-03
1.086111e-03
1.091615e-03
1.095982e-03
1.100366e-03
1.102401e-03
1.104502e-03
1.106914e-03
1.108930e-03
1.111275e-03
1.113845e-03
1.120372e-03
1.124830e-03
1.127576e-03
1.129838e-03
1.132989e-03
1.137491e-03
1.139746e-03
1.141491e-03
1.147605e-03
1.150954e-03
1.153699e-03
1.157918e-03
1.158678e-03
1.160906e-03
1.163472e-03
1.171809e-03
1.176540e-03
1.177252e-03
1.181553e-03
1.182990e-03
1.185939e-03
1.187481e-03
1.190358e-03
1.194018e-03
1.194637e-03
1.197012e-03
1.201975e-03
1.205039e-03
1.209330e-03
1.213179e-03
1.216162e-03
1.217586e-03
1.220222e-03
1.222116e-03
1.225743e-03
1.227685e-03
1.229752e-03
1.236361e-03
1.237066e-03
1.238746e-03
1.244661e-03
1.248024e-03
1.251409e-03
1.253509e-03
1.260166e-03
1.262788e-03
1.268288e-03
1.270006e-03
1.272060e-03
1.277242e-03
1.280039e-03
1.283138e-03
1.284072e-03
1.287946e-03
1.288502e-03
1.295196e-03
1.296039e-03
1.299152e-03
1.303954e-03
1.308440e-03
1.312269e-03
1.313810e-03
1.317138e-03
1.321806e-03
1.326973e-03
1.330038e-03
1.332192e-03
1.334273e-03
1.336910e-03
1.337472e-03
1.343023e-03
1.344053e-03
1.346140e-03
1.348391e-03
1.350446e-03
1.356307e-03
1.359478e-03
1.362773e-03
1.367309e-03
1.371179e-03
1.373064e-03
1.379893e-03
1.380293e-03
1.380924e-03
1.385644e-03
1.388759e-03
1.393400e-03
1.395794e-03
1.396442e-03
1.398891e-03
1.401894e-03
1.402844e-03
1.409177e-03
1.415970e-03
1.416954e-03
1.419532e-03
1.420492e-03
1.422642e-03
1.426735e-03
1.428060e-03
1.431129e-03
1.434303e-03
1.439993e-03
1.440849e-03
1.446197e-03
1.449486e-03
1.453087e-03
1.454191e-03
1.457811e-03
1.458837e-03
1.466684e-03
1.468225e-03
1.471163e-03
1.472911e-03
1.475949e-03
1.480220e-03
1.482424e-03
1.490486e-03
1.491135e-03
1.492754e-03
1.497997e-03
1.499185e-03
1.505506e-03
1.506532e-03
1.509331e-03
1.516518e-03
1.516909e-03
1.522522e-03
1.526593e-03
1.529019e-03
1.533456e-03
1.534886e-03
1.537685e-03
1.540732e-03
1.542019e-03
1.544458e-03
1.546371e-03
1.547874e-03
1.556700e-03
1.557784e-03
1.562937e-03
1.563653e-03
1.570587e-03
1.572980e-03
1.576127e-03
1.578151e-03
1.583390e-03
1.584329e-03
1.587839e-03
1.590366e-03
1.592588e-03
1.596380e-03
1.599635e-03
1.606387e-03
1.608315e-03
1.611107e-03
1.615968e-03
1.619924e-03
1.622804e-03
1.626701e-03
1.629439e-03
1.632086e-03
1.635524e-03
1.639996e-03
1.641131e-03
1.643844e-03
1.646832e-03
1.649944e-03
1.651483e-03
1.654963e-03
1.658368e-03
1.661952e-03
1.664651e-03
1.668086e-03
1.673187e-03
1.673767e-03
1.680237e-03
1.681712e-03
1.684824e-03
1.687476e-03
1.691011e-03
1.695403e-03
1.697435e-03
1.702236e-03
1.703989e-03
1.708735e-03
1.711352e-03
1.718434e-03
1.720977e-03
1.721973e-03
1.725707e-03
1.727497e-03
1.730595e-03
1.733515e-03
1.740165e-03
1.743730e-03
1.747647e-03
1.752617e-03
1.754598e-03
1.756980e-03
1.761001e-03
1.763860e-03
1.765649e-03
1.767292e-03
1.769995e-03
1.773789e-03
1.775881e-03
1.786028e-03
1.787642e-03
1.790634e-03
1.792534e-03
1.797326e-03
1.799326e-03
1.807491e-03
1.810121e-03
1.811083e-03
1.816495e-03
1.819785e-03
1.821374e-03
1.827400e-03
1.831172e-03
1.831934e-03
1.832800e-03
1.839767e-03
1.841176e-03
1.844983e-03
1.853876e-03
1.854895e-03
1.857881e-03
1.860559e-03
1.864951e-03
1.869887e-03
1.873598e-03
1.874814e-03
1.877920e-03
1.879369e-03
1.882837e-03
1.885061e-03
1.890835e-03
1.892517e-03
1.898190e-03
1.900664e-03
1.903856e-03
1.908866e-03
1.911809e-03
1.912403e-03
1.917532e-03
1.920421e-03
1.926627e-03
1.929955e-03
1.932860e-03
1.936533e-03
1.938621e-03
1.939619e-03
1.942282e-03
1.945173e-03
1.947324e-03
1.954077e-03
1.960179e-03
1.963785e-03
1.966346e-03
1.968324e-03
1.973606e-03
1.979345e-03
1.981243e-03
1.983104e-03
1.986788e-03
1.990472e-03
1.990936e-03
1.995166e-03
2.000308e-03
2.001733e-03
2.005080e-03
2.013102e-03
2.016518e-03
2.018416e-03
2.021162e-03
2.024293e-03
2.026987e-03
2.031621e-03
2.038118e-03
2.040368e-03
2.042922e-03
2.046024e-03
2.049775e-03
2.053332e-03
2.057575e-03
2.060369e-03
2.066025e-03
2.069452e-03
2.072127e-03
2.073725e-03
2.076655e-03
2.082178e-03
2.085411e-03
2.089149e-03
2.094529e-03
2.097536e-03
2.101745e-03
2.103054e-03
2.106527e-03
2.110415e-03
2.113624e-03
2.115030e-03
2.119928e-03
2.124140e-03
2.127430e-03
2.129868e-03
2.137092e-03
2.142265e-03
2.144300e-03
2.149052e-03
2.154969e-03
2.156673e-03
2.161647e-03
2.163615e-03
2.169571e-03
2.170152e-03
2.179339e-03
2.180196e-03
2.184595e-03
2.187119e-03
2.188897e-03
2.191947e-03
2.195012e-03
2.198308e-03
2.201341e-03
2.206955e-03
2.210523e-03
2.213152e-03
2.215127e-03
2.217466e-03
2.222451e-03
2.225356e-03
2.230926e-03
2.233806e-03
2.240520e-03
2.243060e-03
2.245114e-03
2.249876e-03
2.253596e-03
2.257427e-03
2.259044e-03
2.265543e-03
2.267868e-03
2.270220e-03
2.275701e-03
2.276650e-03
2.282724e-03
2.285872e-03
2.289577e-03
2.292331e-03
2.292916e-03
2.298733e-03
2.307542e-03
2.308688e-03
2.310515e-03
2.316036e-03
2.319076e-03
2.321229e-03
2.325239e-03
2.329267e-03
2.331987e-03
2.334934e-03
2.338706e-03
2.344243e-03
2.347829e-03
2.350641e-03
2.352049e-03
2.355182e-03
2.362956e-03
2.366352e-03
2.368220e-03
2.374482e-03
2.378588e-03
2.381674e-03
2.383377e-03
2.386509e-03
2.393435e-03
2.396949e-03
2.398553e-03
2.401187e-03
2.402809e-03
2.405978e-03
2.411106e-03
2.412595e-03
2.417191e-03
2.423460e-03
2.426490e-03
2.431376e-03
2.433895e-03
2.437728e-03
2.445962e-03
2.446584e-03
2.449016e-03
2.452128e-03
2.456589e-03
2.457742e-03
2.463408e-03
2.466657e-03
2.471095e-03
2.477299e-03
2.480159e-03
2.482279e-03
2.486523e-03
2.489745e-03
2.494706e-03
2.495668e-03
2.499007e-03
2.509022e-03
2.512447e-03
2.514094e-03
2.516247e-03
2.517665e-03
2.522699e-03
2.527721e-03
2.529447e-03
2.537445e-03
2.542325e-03
2.544037e-03
2.545306e-03
2.552808e-03
2.557510e-03
2.558792e-03
2.561317e-03
2.566895e-03
2.568536e-03
2.570946e-03
2.571448e-03
2.574515e-03
2.579578e-03
2.582860e-03
2.587933e-03
2.590687e-03
2.596473e-03
2.603163e-03
2.604982e-03
2.608950e-03
2.610119e-03
2.615796e-03
2.621764e-03
2.623765e-03
2.626812e-03
2.629542e-03
2.631518e-03
2.638920e-03
2.642340e-03
2.643123e-03
2.650075e-03
2.654808e-03
2.658392e-03
2.661963e-03
2.665290e-03
2.666627e-03
2.673568e-03
2.678696e-03
2.680407e-03
2.684005e-03
2.689771e-03
2.692461e-03
2.698696e-03
2.701519e-03
2.705148e-03
2.705420e-03
2.707467e-03
2.714200e-03
2.717423e-03
2.721066e-03
2.723858e-03
2.727309e-03
2.732892e-03
2.737180e-03
2.743863e-03
2.745840e-03
2.751280e-03
2.754410e-03
2.757359e-03
2.761462e-03
2.767847e-03
2.769944e-03
2.775340e-03
2.778983e-03
2.786772e-03
2.789244e-03
2.791100e-03
2.797011e-03
2.800714e-03
2.801649e-03
2.805159e-03
2.807349e-03
2.812127e-03
2.814945e-03
2.818208e-03
2.825224e-03
2.826788e-03
2.836091e-03
2.838584e-03
2.840774e-03
2.843571e-03
2.844280e-03
2.847693e-03
2.851519e-03
2.854855e-03
2.858921e-03
2.864594e-03
2.870380e-03
2.871758e-03
2.874358e-03
2.875229e-03
2.879185e-03
2.882325e-03
2.886157e-03
2.891717e-03
2.896727e-03
2.899430e-03
2.904552e-03
2.906695e-03
2.911395e-03
2.914730e-03
2.920120e-03
2.922186e-03
2.928556e-03
2.931875e-03
2.934509e-03
2.942848e-03
2.946197e-03
2.948929e-03
2.956612e-03
2.960005e-03
2.962637e-03
2.967491e-03
2.969061e-03
2.973908e-03
2.978894e-03
2.982537e-03
2.985055e-03
2.991404e-03
2.992434e-03
3.003402e-03
3.005297e-03
3.007219e-03
3.010576e-03
3.012797e-03
3.014383e-03
3.020638e-03
3.021721e-03
3.025188e-03
3.028953e-03
3.030197e-03
3.034715e-03
3.042283e-03
3.044305e-03
3.050406e-03
3.053467e-03
3.055735e-03
3.062396e-03
3.064903e-03
3.066644e-03
3.076988e-03
3.081578e-03
3.083658e-03
3.091136e-03
3.095674e-03
3.101423e-03
3.104200e-03
3.106844e-03
3.110416e-03
3.113600e-03
3.117397e-03
3.122678e-03
3.125986e-03
3.128496e-03
3.131401e-03
3.133837e-03
3.140966e-03
3.144395e-03
3.151208e-03
3.157846e-03
3.158456e-03
3.160090e-03
3.167841e-03
3.176004e-03
3.178026e-03
3.180492e-03
3.184754e-03
3.190878e-03
3.194575e-03
3.198030e-03
3.199550e-03
3.208528e-03
3.213111e-03
3.218916e-03
3.221587e-03
3.226446e-03
3.230793e-03
3.233678e-03
3.237633e-03
3.242704e-03
3.247927e-03
3.251933e-03
3.256477e-03
3.261736e-03
3.264670e-03
3.271765e-03
3.275989e-03
3.278959e-03
3.281287e-03
3.288074e-03
3.290705e-03
3.298296e-03
3.304225e-03
3.305777e-03
3.309333e-03
3.311495e-03
3.317409e-03
3.320124e-03
3.322186e-03
3.325476e-03
3.328942e-03
3.335883e-03
3.337438e-03
3.341531e-03
3.346291e-03
3.350783e-03
3.355944e-03
3.357020e-03
3.359058e-03
3.366567e-03
3.374174e-03
3.375507e-03
3.380452e-03
3.383821e-03
3.389037e-03
3.391743e-03
3.392722e-03
3.398800e-03
3.405918e-03
3.406452e-03
3.412819e-03
3.420533e-03
3.426161e-03
3.429790e-03
3.434540e-03
3.439435e-03
3.442726e-03
3.448634e-03
3.452311e-03
3.457108e-03
3.461812e-03
3.465684e-03
3.470505e-03
3.472994e-03
3.476897e-03
3.483026e-03
3.485768e-03
3.490709e-03
3.492418e-03
3.497083e-03
3.499710e-03
3.508732e-03
3.511362e-03
3.515745e-03
3.520324e-03
3.522174e-03
3.525415e-03
3.530369e-03
3.532062e-03
3.537977e-03
3.544992e-03
3.550218e-03
3.556007e-03
3.561977e-03
3.566906e-03
3.568988e-03
3.573451e-03
3.576169e-03
3.582234e-03
3.584255e-03
3.590526e-03
3.593193e-03
3.595841e-03
3.598189e-03
3.602890e-03
3.614130e-03
3.618879e-03
3.621450e-03
3.626498e-03
3.629899e-03
3.635072e-03
3.641950e-03
3.646098e-03
3.647506e-03
3.649205e-03
3.652354e-03
3.655851e-03
3.661081e-03
3.664391e-03
3.670090e-03
3.673844e-03
3.676064e-03
3.684774e-03
3.690952e-03
3.693424e-03
3.696482e-03
3.711719e-03
3.713439e-03
3.718585e-03
3.724300e-03
3.726414e-03
3.729614e-03
3.732618e-03
3.741585e-03
3.745721e-03
3.750191e-03
3.750857e-03
3.759774e-03
3.763496e-03
3.768777e-03
3.770601e-03
3.779387e-03
3.782300e-03
3.785246e-03
3.791132e-03
3.796884e-03
3.801866e-03
3.804806e-03
3.806665e-03
3.809761e-03
3.816932e-03
3.822371e-03
3.824507e-03
3.829223e-03
3.833500e-03
3.839274e-03
3.849917e-03
3.850804e-03
3.860008e-03
3.863333e-03
3.867309e-03
3.872096e-03
3.873889e-03
3.881532e-03
3.883942e-03
3.887965e-03
3.892728e-03
3.894143e-03
3.900620e-03
3.905474e-03
3.909047e-03
3.912238e-03
3.913581e-03
3.920491e-03
3.925748e-03
3.929941e-03
3.932058e-03
3.940956e-03
3.941764e-03
3.947147e-03
3.954073e-03
3.959266e-03
3.965082e-03
3.967033e-03
3.971723e-03
3.974594e-03
3.985266e-03
3.990753e-03
3.993119e-03
3.995104e-03
4.002902e-03
4.005709e-03
4.013866e-03
4.015442e-03
4.017102e-03
4.020223e-03
4.024528e-03
4.028930e-03
4.033685e-03
4.037066e-03
4.044004e-03
4.046770e-03
4.049535e-03
4.054633e-03
4.063863e-03
4.067108e-03
4.073967e-03
4.079366e-03
4.082735e-03
4.084299e-03
4.089914e-03
4.090582e-03
4.096995e-03
4.104706e-03
4.106060e-03
4.112483e-03
4.117187e-03
4.118574e-03
4.121011e-03
4.126492e-03
4.128273e-03
4.135745e-03
4.142550e-03
4.149585e-03
4.152449e-03
4.159219e-03
4.164426e-03
4.164983e-03
4.171204e-03
4.175430e-03
4.179853e-03
4.182272e-03
4.188602e-03
4.189751e-03
4.194964e-03
4.204097e-03
4.211599e-03
4.216452e-03
4.223826e-03
4.225375e-03
4.230064e-03
4.235212e-03
4.238356e-03
4.246554e-03
4.251109e-03
4.257873e-03
4.259550e-03
4.265753e-03
4.271087e-03
4.275275e-03
4.279311e-03
4.282000e-03
4.286891e-03
4.292552e-03
4.296115e-03
4.301870e-03
4.305662e-03
4.309687e-03
4.315390e-03
4.320461e-03
4.323632e-03
4.327654e-03
4.330342e-03
4.337681e-03
4.342621e-03
4.351964e-03
4.356714e-03
4.363358e-03
4.365373e-03
4.375630e-03
4.379621e-03
4.386369e-03
4.387460e-03
4.393347e-03
4.395270e-03
4.400879e-03
4.412499e-03
4.414557e-03
4.421621e-03
4.423919e-03
4.432884e-03
4.441409e-03
4.442374e-03
4.446079e-03
4.456587e-03
4.458083e-03
4.463883e-03
4.466231e-03
4.468626e-03
4.477629e-03
4.482276e-03
4.489107e-03
4.496578e-03
4.500243e-03
4.503097e-03
4.508678e-03
4.512894e-03
4.517114e-03
4.524330e-03
4.535644e-03
4.538845e-03
4.540664e-03
4.548513e-03
4.550724e-03
4.555532e-03
4.558793e-03
4.566840e-03
4.572656e-03
4.575923e-03
4.581087e-03
4.583495e-03
4.589245e-03
4.594908e-03
4.599084e-03
4.606769e-03
4.611836e-03
4.618930e-03
4.622488e-03
4.624696e-03
4.634857e-03
4.639383e-03
4.641797e-03
4.650348e-03
4.650962e-03
4.662752e-03
4.667169e-03
4.672794e-03
4.676663e-03
4.679478e-03
4.686631e-03
4.689589e-03
4.694205e-03
4.697744e-03
4.709327e-03
4.718010e-03
4.720768e-03
4.727335e-03
4.731458e-03
4.732368e-03
4.735174e-03
4.739781e-03
4.751068e-03
4.755921e-03
4.761836e-03
4.767010e-03
4.771941e-03
4.774643e-03
4.781531e-03
4.784845e-03
4.790558e-03
4.795512e-03
4.797684e-03
4.799586e-03
4.806736e-03
4.812350e-03
4.814726e-03
4.821871e-03
4.829881e-03
4.836735e-03
4.841132e-03
4.844646e-03
4.851984e-03
4.857450e-03
4.863573e-03
4.865897e-03
4.869424e-03
4.875412e-03
4.885945e-03
4.889891e-03
4.895320e-03
4.898799e-03
4.906457e-03
4.911632e-03
4.915326e-03
4.921117e-03
4.926523e-03
4.932796e-03
4.941594e-03
4.943956e-03
4.952004e-03
4.955361e-03
4.959170e-03
4.970635e-03
4.976668e-03
4.979011e-03
4.988210e-03
4.992685e-03
4.997858e-03
5.000795e-03
5.009998e-03
5.017825e-03
5.020310e-03
5.026763e-03
5.034156e-03
5.037457e-03
5.042843e-03
5.044888e-03
5.053834e-03
5.055270e-03
5.059290e-03
5.060983e-03
5.070652e-03
5.077351e-03
5.083185e-03
5.093335e-03
5.094737e-03
5.105437e-03
5.111799e-03
5.114325e-03
5.121000e-03
5.126494e-03
5.136594e-03
5.144614e-03
5.147631e-03
5.151797e-03
5.156547e-03
5.165651e-03
5.172575e-03
5.176642e-03
5.183342e-03
5.190309e-03
5.191987e-03
5.197170e-03
5.202588e-03
5.204865e-03
5.211348e-03
5.214718e-03
5.218899e-03
5.221179e-03
5.227570e-03
5.232537e-03
5.236017e-03
5.244736e-03
5.246187e-03
5.256211e-03
5.266527e-03
5.272755e-03
5.279559e-03
5.292300e-03
5.300918e-03
5.303531e-03
5.310850e-03
5.317319e-03
5.323264e-03
5.328057e-03
5.335045e-03
5.339412e-03
5.343932e-03
5.351914e-03
5.358568e-03
5.364509e-03
5.370795e-03
5.379325e-03
5.384241e-03
5.390280e-03
5.394774e-03
5.399208e-03
5.402161e-03
5.408761e-03
5.413852e-03
5.422241e-03
5.425266e-03
5.431676e-03
5.435070e-03
5.437357e-03
5.444633e-03
5.454620e-03
5.459877e-03
5.463297e-03
5.467698e-03
5.469700e-03
5.481893e-03
5.486514e-03
5.489511e-03
5.494974e-03
5.504645e-03
5.511974e-03
5.520279e-03
5.522956e-03
5.524637e-03
5.529397e-03
5.532668e-03
5.541454e-03
5.546164e-03
5.552758e-03
5.560641e-03
5.560796e-03
5.567219e-03
5.574350e-03
5.582898e-03
5.586187e-03
5.594321e-03
5.600428e-03
5.607250e-03
5.614326e-03
5.616797e-03
5.623641e-03
5.629096e-03
5.634465e-03
5.638002e-03
5.644003e-03
5.651873e-03
5.657323e-03
5.661559e-03
5.672380e-03
5.681699e-03
5.684066e-03
5.692037e-03
5.701695e-03
5.706068e-03
5.712576e-03
5.716579e-03
5.723452e-03
5.730604e-03
5.733616e-03
5.738402e-03
5.743489e-03
5.750644e-03
5.756520e-03
5.760456e-03
5.767133e-03
5.773702e-03
5.788893e-03
5.790131e-03
5.792919e-03
5.797573e-03
5.807011e-03
5.814553e-03
5.820755e-03
5.828777e-03
5.830677e-03
5.832359e-03
5.841064e-03
5.851284e-03
5.856733e-03
5.859004e-03
5.865665e-03
5.871226e-03
5.878351e-03
5.887159e-03
5.894762e-03
5.906688e-03
5.911949e-03
5.916384e-03
5.922974e-03
5.929009e-03
5.935303e-03
5.937543e-03
5.938920e-03
5.949005e-03
5.953897e-03
5.959412e-03
5.962590e-03
5.971545e-03
5.981939e-03
5.986659e-03
5.988743e-03
5.996539e-03
6.009022e-03
6.017334e-03
6.019431e-03
6.026449e-03
6.033378e-03
6.038525e-03
6.050381e-03
6.056501e-03
6.060989e-03
6.069080e-03
6.077488e-03
6.079560e-03
6.088045e-03
6.096786e-03
6.099696e-03
6.110120e-03
6.121091e-03
6.122108e-03
6.133800e-03
6.137083e-03
6.150601e-03
6.152666e-03
6.159959e-03
6.167291e-03
6.169872e-03
6.185649e-03
6.191897e-03
6.195600e-03
6.208070e-03
6.214428e-03
6.220365e-03
6.223631e-03
6.232543e-03
6.236700e-03
6.239650e-03
6.243015e-03
6.252804e-03
6.259754e-03
6.262676e-03
6.274131e-03
6.281346e-03
6.283283e-03
6.292412e-03
6.304570e-03
6.308003e-03
6.311624e-03
6.319392e-03
6.328393e-03
6.333606e-03
6.341829e-03
6.346339e-03
6.348022e-03
6.359352e-03
6.368444e-03
6.374775e-03
6.375207e-03
6.381998e-03
6.393085e-03
6.401260e-03
6.405817e-03
6.412463e-03
6.414464e-03
6.416585e-03
6.431320e-03
6.435978e-03
6.441739e-03
6.446845e-03
6.450986e-03
6.458541e-03
6.466417e-03
6.471670e-03
6.479641e-03
6.488357e-03
6.495828e-03
6.500507e-03
6.504954e-03
6.513866e-03
6.525995e-03
6.531255e-03
6.538392e-03
6.551647e-03
6.553691e-03
6.564340e-03
6.567831e-03
6.571045e-03
6.575991e-03
6.579433e-03
6.587360e-03
6.595584e-03
6.599024e-03
6.600214e-03
6.617601e-03
6.622222e-03
6.626066e-03
6.638536e-03
6.644994e-03
6.649705e-03
6.652636e-03
6.657078e-03
6.671093e-03
6.673083e-03
6.683811e-03
6.684838e-03
6.693216e-03
6.708196e-03
6.715317e-03
6.719223e-03
6.730507e-03
6.733464e-03
6.736522e-03
6.740046e-03
6.749530e-03
6.754545e-03
6.760140e-03
6.767172e-03
6.776686e-03
6.791029e-03
6.792254e-03
6.803347e-03
6.807567e-03
6.811355e-03
6.827681e-03
6.830254e-03
6.832906e-03
6.846327e-03
6.855137e-03
6.857383e-03
6.865915e-03
6.867890e-03
6.872930e-03
6.879625e-03
6.884501e-03
6.888531e-03
6.906327e-03
6.911704e-03
6.913497e-03
6.920445e-03
6.931343e-03
6.934291e-03
6.951470e-03
6.953270e-03
6.963474e-03
6.968187e-03
6.979447e-03
6.987107e-03
6.989165e-03
7.001499e-03
7.010881e-03
7.014868e-03
7.021757e-03
7.025763e-03
7.028555e-03
7.036284e-03
7.045232e-03
7.052051e-03
7.056755e-03
7.067292e-03
7.071724e-03
7.077666e-03
7.084933e-03
7.097306e-03
7.099500e-03
7.107243e-03
7.112360e-03
7.119056e-03
7.122360e-03
7.128745e-03
7.137354e-03
7.144252e-03
7.159872e-03
7.165626e-03
7.173145e-03
7.182882e-03
7.184608e-03
7.191242e-03
7.195231e-03
7.197764e-03
7.202867e-03
7.216868e-03
7.219840e-03
7.233270e-03
7.241401e-03
7.247083e-03
7.260632e-03
7.264148e-03
7.269099e-03
7.272319e-03
7.285255e-03
7.296535e-03
7.299368e-03
7.309315e-03
7.318392e-03
7.331182e-03
7.335649e-03
7.336818e-03
7.351542e-03
7.352982e-03
7.362633e-03
7.366713e-03
7.368793e-03
7.376575e-03
7.392311e-03
7.395807e-03
7.406434e-03
7.410067e-03
7.417801e-03
7.423876e-03
7.436380e-03
7.443295e-03
7.453682e-03
7.461301e-03
7.470557e-03
7.472256e-03
7.473719e-03
7.482789e-03
7.492465e-03
7.498470e-03
7.509486e-03
7.514411e-03
7.518233e-03
7.522618e-03
7.536595e-03
7.541572e-03
7.548660e-03
7.555127e-03
7.568799e-03
7.581378e-03
7.584672e-03
7.590785e-03
7.596793e-03
7.607388e-03
7.621338e-03
7.622930e-03
7.630067e-03
7.633975e-03
7.644253e-03
7.653773e-03
7.663055e-03
7.669318e-03
7.675407e-03
7.689686e-03
7.693556e-03
7.702255e-03
7.710374e-03
7.714965e-03
7.723673e-03
7.729882e-03
7.737571e-03
7.745747e-03
7.759066e-03
7.764779e-03
7.768741e-03
7.776499e-03
7.781121e-03
7.791824e-03
7.803263e-03
7.812000e-03
7.814927e-03
7.821773e-03
7.828091e-03
7.841113e-03
7.849402e-03
7.860339e-03
7.865563e-03
7.870068e-03
7.876796e-03
7.886179e-03
7.894499e-03
7.899503e-03
7.913995e-03
7.921641e-03
7.927307e-03
7.939192e-03
7.942827e-03
7.953394e-03
7.957617e-03
7.966984e-03
7.974000e-03
7.990864e-03
7.993670e-03
8.007259e-03
8.015167e-03
8.019864e-03
8.024031e-03
8.035484e-03
8.038678e-03
8.053905e-03
8.062998e-03
8.071399e-03
8.076319e-03
8.083419e-03
8.088037e-03
8.091928e-03
8.106268e-03
8.122618e-03
8.127607e-03
8.130937e-03
8.140559e-03
8.147954e-03
8.160846e-03
8.163887e-03
8.166264e-03
8.171623e-03
8.182688e-03
8.196664e-03
8.201269e-03
8.208693e-03
8.214498e-03
8.223163e-03
8.226480e-03
8.240240e-03
8.253532e-03
8.256003e-03
8.266959e-03
8.284273e-03
8.291473e-03
8.294710e-03
8.300855e-03
8.310003e-03
8.316226e-03
8.326589e-03
8.335217e-03
8.340812e-03
8.350853e-03
8.363058e-03
8.369356e-03
8.376650e-03
8.377250e-03
8.383161e-03
8.384727e-03
8.396158e-03
8.406994e-03
8.413690e-03
8.423655e-03
8.433623e-03
8.439806e-03
8.443613e-03
8.455298e-03
8.466972e-03
8.468356e-03
8.477540e-03
8.488139e-03
8.497873e-03
8.507794e-03
8.512913e-03
8.531665e-03
8.540579e-03
8.543417e-03
8.549547e-03
8.551259e-03
8.561451e-03
8.574139e-03
8.585607e-03
8.587841e-03
8.609762e-03
8.610290e-03
8.617968e-03
8.621806e-03
8.633405e-03
8.635147e-03
8.649859e-03
8.653966e-03
8.656219e-03
8.665979e-03
8.676791e-03
8.684376e-03
8.687435e-03
8.700132e-03
8.711642e-03
8.715150e-03
8.723834e-03
8.731496e-03
8.746557e-03
8.762293e-03
8.764547e-03
8.774373e-03
8.783392e-03
8.789076e-03
8.796117e-03
8.804923e-03
8.811959e-03
8.813548e-03
8.820509e-03
8.827748e-03
8.841243e-03
8.859016e-03
8.870806e-03
8.878891e-03
8.885275e-03
8.895346e-03
8.907359e-03
8.909992e-03
8.919778e-03
8.925207e-03
8.937902e-03
8.952796e-03
8.960822e-03
8.961280e-03
8.977635e-03
8.981855e-03
8.992812e-03
8.995141e-03
9.018155e-03
9.025288e-03
9.034784e-03
9.036048e-03
9.050245e-03
9.061275e-03
9.065420e-03
9.069885e-03
9.084387e-03
9.096727e-03
9.104945e-03
9.111321e-03
9.122106e-03
9.126016e-03
9.140300e-03
9.152421e-03
9.162765e-03
9.175935e-03
9.179265e-03
9.192408e-03
9.209778e-03
9.218453e-03
9.231152e-03
9.233922e-03
9.248556e-03
9.255830e-03
9.267099e-03
9.273316e-03
9.277985e-03
9.286958e-03
9.297426e-03
9.315847e-03
9.329882e-03
9.337973e-03
9.343216e-03
9.348565e-03
9.366247e-03
9.375208e-03
9.377428e-03
9.389699e-03
9.394040e-03
9.396193e-03
9.434129e-03
9.444298e-03
9.455186e-03
9.455974e-03
9.462417e-03
9.471090e-03
9.487523e-03
9.493656e-03
9.504870e-03
9.508237e-03
9.514780e-03
9.517064e-03
9.529598e-03
9.543415e-03
9.549660e-03
9.557798e-03
9.563580e-03
9.572801e-03
9.580963e-03
9.590736e-03
9.600813e-03
9.614533e-03
9.618818e-03
9.624443e-03
9.637150e-03
9.645745e-03
9.663344e-03
9.674285e-03
9.677841e-03
9.682057e-03
9.701192e-03
9.703925e-03
9.713500e-03
9.724224e-03
9.735671e-03
9.744793e-03
9.754389e-03
9.755793e-03
9.764903e-03
9.780562e-03
9.795276e-03
9.800727e-03
9.811902e-03
9.817716e-03
9.826029e-03
9.836177e-03
9.854059e-03
9.862023e-03
9.877015e-03
9.887046e-03
9.892231e-03
9.895160e-03
9.903496e-03
9.919133e-03
9.923885e-03
9.925747e-03
9.943096e-03
9.950468e-03
9.975011e-03
9.978139e-03
9.989622e-03
1.000098e-02
1.001108e-02
1.001973e-02
1.002503e-02
1.002988e-02
1.003785e-02
1.004654e-02
1.006030e-02
1.007772e-02
1.009316e-02
1.009927e-02
1.010728e-02
1.012878e-02
1.013732e-02
1.014406e-02
1.015045e-02
1.015842e-02
1.017099e-02
1.018228e-02
1.019032e-02
1.021450e-02
1.021988e-02
1.022966e-02
1.023623e-02
1.025425e-02
1.025687e-02
1.026354e-02
1.027333e-02
1.028289e-02
1.031207e-02
1.031616e-02
1.032754e-02
1.033549e-02
1.035168e-02
1.035378e-02
1.037248e-02
1.037583e-02
1.037672e-02
1.039664e-02
1.039929e-02
1.041416e-02
1.042777e-02
1.044070e-02
1.045550e-02
1.046168e-02
1.047415e-02
1.047924e-02
1.049391e-02
1.051018e-02
1.051192e-02
1.051744e-02
1.054506e-02
1.055007e-02
1.055893e-02
1.056236e-02
1.057361e-02
1.058761e-02
1.059509e-02
1.060338e-02
1.063340e-02
1.065309e-02
1.065699e-02
1.066353e-02
1.068205e-02
1.068488e-02
1.069725e-02
1.070990e-02
1.071728e-02
1.073453e-02
1.073884e-02
1.075174e-02
1.075700e-02
1.078166e-02
1.079203e-02
1.081131e-02
1.081586e-02
1.083524e-02
1.084745e-02
1.085056e-02
1.085437e-02
1.086410e-02
1.087986e-02
1.088384e-02
1.089617e-02
1.090714e-02
1.091837e-02
1.092309e-02
1.092938e-02
1.094038e-02
1.094457e-02
1.095541e-02
1.097714e-02
1.098679e-02
1.101072e-02
1.101686e-02
1.102825e-02
1.103833e-02
1.105590e-02
1.105953e-02
1.106983e-02
1.107932e-02
1.108927e-02
1.109548e-02
1.110300e-02
1.111362e-02
1.111991e-02
1.113973e-02
1.115187e-02
1.117536e-02
1.117956e-02
1.118576e-02
1.119792e-02
1.121182e-02
1.122406e-02
1.123378e-02
1.124434e-02
1.125364e-02
1.126735e-02
1.128240e-02
1.129417e-02
1.130441e-02
1.131456e-02
1.132511e-02
1.134193e-02
1.135122e-02
1.135559e-02
1.136786e-02
1.138469e-02
1.139593e-02
1.140079e-02
1.141843e-02
1.142618e-02
1.143960e-02
1.145306e-02
1.146973e-02
1.147582e-02
1.147720e-02
1.149303e-02
1.150493e-02
1.151310e-02
1.152536e-02
1.153972e-02
1.154835e-02
1.157065e-02
1.157889e-02
1.158397e-02
1.160083e-02
1.161031e-02
1.162125e-02
1.163886e-02
1.164156e-02
1.166681e-02
1.167128e-02
1.169094e-02
1.170157e-02
1.171569e-02
1.172081e-02
1.172968e-02
1.174254e-02
1.174912e-02
1.177103e-02
1.178012e-02
1.178503e-02
1.180467e-02
1.181300e-02
1.182573e-02
1.183645e-02
1.184837e-02
1.187870e-02
1.189634e-02
1.190271e-02
1.191319e-02
1.192335e-02
1.193528e-02
1.195293e-02
1.196758e-02
1.198421e-02
1.199108e-02
1.200432e-02
1.201407e-02
1.202985e-02
1.204438e-02
1.205748e-02
1.206198e-02
1.207615e-02
1.208293e-02
1.210426e-02
1.212381e-02
1.213050e-02
1.214399e-02
1.215940e-02
1.218409e-02
1.219082e-02
1.220728e-02
1.221227e-02
1.222222e-02
1.224254e-02
1.224986e-02
1.225257e-02
1.227044e-02
1.228537e-02
1.229503e-02
1.231907e-02
1.233223e-02
1.234130e-02
1.235680e-02
1.236682e-02
1.239501e-02
1.239893e-02
1.240786e-02
1.242197e-02
1.243183e-02
1.243651e-02
1.246272e-02
1.247759e-02
1.248510e-02
1.249315e-02
1.251291e-02
1.252693e-02
1.253213e-02
1.255529e-02
1.257966e-02
1.259464e-02
1.260328e-02
1.261060e-02
1.261661e-02
1.263474e-02
1.264214e-02
1.266205e-02
1.266636e-02
1.268627e-02
1.271119e-02
1.273231e-02
1.274679e-02
1.277515e-02
1.277697e-02
1.278837e-02
1.279701e-02
1.281020e-02
1.282165e-02
1.283182e-02
1.284921e-02
1.285820e-02
1.286903e-02
1.288314e-02
1.290467e-02
1.291675e-02
1.292801e-02
1.294565e-02
1.295904e-02
1.297529e-02
1.298763e-02
1.300231e-02
1.301132e-02
1.302828e-02
1.303617e-02
1.305191e-02
1.306297e-02
1.308359e-02
1.309933e-02
1.311092e-02
1.312533e-02
1.312838e-02
1.314743e-02
1.315399e-02
1.318415e-02
1.319061e-02
1.320727e-02
1.321698e-02
1.324172e-02
1.325137e-02
1.327301e-02
1.327662e-02
1.328125e-02
1.330330e-02
1.332483e-02
1.333006e-02
1.334599e-02
1.335357e-02
1.335470e-02
1.337739e-02
1.338527e-02
1.340342e-02
1.341193e-02
1.342620e-02
1.346564e-02
1.348639e-02
1.349586e-02
1.350164e-02
1.350475e-02
1.352719e-02
1.353431e-02
1.355901e-02
1.357967e-02
1.358558e-02
1.359028e-02
1.360283e-02
1.362003e-02
1.363267e-02
1.363921e-02
1.365052e-02
1.366578e-02
1.367303e-02
1.368439e-02
1.369757e-02
1.371953e-02
1.374516e-02
1.375753e-02
1.377966e-02
1.379252e-02
1.380120e-02
1.381939e-02
1.382916e-02
1.384240e-02
1.385291e-02
1.387290e-02
1.388109e-02
1.389844e-02
1.391301e-02
1.391721e-02
1.392842e-02
1.395642e-02
1.397454e-02
1.398870e-02
1.400456e-02
1.401500e-02
1.403984e-02
1.405519e-02
1.407096e-02
1.408013e-02
1.409088e-02
1.412341e-02
1.413053e-02
1.415790e-02
1.415922e-02
1.417358e-02
1.419962e-02
1.420069e-02
1.421479e-02
1.422644e-02
1.424088e-02
1.425439e-02
1.426172e-02
1.426991e-02
1.429288e-02
1.429925e-02
1.432227e-02
1.433214e-02
1.435436e-02
1.435763e-02
1.438161e-02
1.438583e-02
1.440208e-02
1.441761e-02
1.443501e-02
1.443847e-02
1.446566e-02
1.447840e-02
1.449128e-02
1.451033e-02
1.453421e-02
1.456130e-02
1.459464e-02
1.459883e-02
1.461549e-02
1.461761e-02
1.463114e-02
1.463959e-02
1.466016e-02
1.466828e-02
1.467624e-02
1.469253e-02
1.471283e-02
1.472564e-02
1.473039e-02
1.475214e-02
1.476534e-02
1.478153e-02
1.481401e-02
1.482541e-02
1.483576e-02
1.484355e-02
1.485044e-02
1.487638e-02
1.488466e-02
1.489249e-02
1.492587e-02
1.493860e-02
1.494806e-02
1.495735e-02
1.498214e-02
1.499763e-02
1.501518e-02
1.503800e-02
1.503865e-02
1.505700e-02
1.507698e-02
1.508376e-02
1.510489e-02
1.512048e-02
1.512701e-02
1.513877e-02
1.514933e-02
1.517855e-02
1.518995e-02
1.519333e-02
1.520912e-02
1.523560e-02
1.524277e-02
1.526428e-02
1.528429e-02
1.531305e-02
1.533204e-02
1.535627e-02
1.536556e-02
1.537331e-02
1.539614e-02
1.540928e-02
1.541962e-02
1.543223e-02
1.544217e-02
1.546294e-02
1.548257e-02
1.550312e-02
1.551801e-02
1.553412e-02
1.554977e-02
1.555789e-02
1.557762e-02
1.558722e-02
1.560918e-02
1.561537e-02
1.563703e-02
1.566871e-02
1.568355e-02
1.570072e-02
1.571710e-02
1.573865e-02
1.574286e-02
1.576137e-02
1.577955e-02
1.580013e-02
1.582479e-02
1.583196e-02
1.585988e-02
1.587460e-02
1.589306e-02
1.590248e-02
1.590910e-02
1.592180e-02
1.594757e-02
1.595057e-02
1.595825e-02
1.596715e-02
1.597950e-02
1.598480e-02
1.601221e-02
1.603323e-02
1.604886e-02
1.605846e-02
1.607247e-02
1.609869e-02
1.611112e-02
1.614188e-02
1.615113e-02
1.616952e-02
1.618511e-02
1.621208e-02
1.621399e-02
1.622732e-02
1.624405e-02
1.627883e-02
1.628677e-02
1.629983e-02
1.631894e-02
1.633031e-02
1.636028e-02
1.638289e-02
1.640794e-02
1.642512e-02
1.646450e-02
1.648483e-02
1.650946e-02
1.651981e-02
1.652492e-02
1.653673e-02
1.655692e-02
1.659361e-02
1.660409e-02
1.660898e-02
1.662044e-02
1.663602e-02
1.664969e-02
1.667329e-02
1.669526e-02
1.671156e-02
1.674152e-02
1.675986e-02
1.679599e-02
1.680897e-02
1.682225e-02
1.685930e-02
1.687040e-02
1.688975e-02
1.691284e-02
1.692265e-02
1.695035e-02
1.695908e-02
1.698129e-02
1.699035e-02
1.699532e-02
1.701172e-02
1.702507e-02
1.705328e-02
1.707051e-02
1.709932e-02
1.711223e-02
1.712212e-02
1.713470e-02
1.716190e-02
1.719011e-02
1.721627e-02
1.722517e-02
1.725806e-02
1.726700e-02
1.729500e-02
1.730964e-02
1.731664e-02
1.733395e-02
1.736545e-02
1.740418e-02
1.741964e-02
1.744178e-02
1.745572e-02
1.746317e-02
1.747653e-02
1.748014e-02
1.750844e-02
1.751582e-02
1.755976e-02
1.757669e-02
1.758611e-02
1.760578e-02
1.762206e-02
1.763562e-02
1.766435e-02
1.767983e-02
1.770873e-02
1.772667e-02
1.774383e-02
1.774553e-02
1.775831e-02
1.778311e-02
1.779485e-02
1.780990e-02
1.782581e-02
1.785695e-02
1.788116e-02
1.789774e-02
1.795946e-02
1.796371e-02
1.797766e-02
1.800390e-02
1.802690e-02
1.802924e-02
1.805855e-02
1.806710e-02
1.808230e-02
1.811404e-02
1.813278e-02
1.813889e-02
1.815589e-02
1.819756e-02
1.823351e-02
1.824411e-02
1.826036e-02
1.828756e-02
1.829827e-02
1.832403e-02
1.834593e-02
1.837568e-02
1.838508e-02
1.839541e-02
1.842217e-02
1.843831e-02
1.847977e-02
1.849854e-02
1.851139e-02
1.854512e-02
1.855960e-02
1.858991e-02
1.859476e-02
1.861195e-02
1.864401e-02
1.865320e-02
1.866510e-02
1.869510e-02
1.871419e-02
1.872111e-02
1.873411e-02
1.874450e-02
1.878113e-02
1.879993e-02
1.881220e-02
1.882710e-02
1.886975e-02
1.887415e-02
1.889281e-02
1.890205e-02
1.890869e-02
1.898864e-02
1.900562e-02
1.901506e-02
1.904421e-02
1.906271e-02
1.910821e-02
1.914153e-02
1.916276e-02
1.919395e-02
1.922099e-02
1.922999e-02
1.925206e-02
1.926224e-02
1.931606e-02
1.934967e-02
1.936570e-02
1.940785e-02
1.941039e-02
1.944553e-02
1.946005e-02
1.946803e-02
1.948383e-02
1.949866e-02
1.950664e-02
1.954557e-02
1.957796e-02
1.959552e-02
1.960409e-02
1.961190e-02
1.966173e-02
1.966671e-02
1.968914e-02
1.973847e-02
1.975018e-02
1.978457e-02
1.979563e-02
1.981032e-02
1.984158e-02
1.985106e-02
1.988592e-02
1.991066e-02
1.992983e-02
1.994888e-02
1.996368e-02
1.998467e-02
2.000825e-02
2.003589e-02
2.003726e-02
2.006916e-02
2.013117e-02
2.014304e-02
2.018435e-02
2.021639e-02
2.026305e-02
2.030326e-02
2.030713e-02
2.032271e-02
2.034421e-02
2.039108e-02
2.042077e-02
2.045122e-02
2.045772e-02
2.046705e-02
2.051020e-02
2.051493e-02
2.054754e-02
2.058352e-02
2.059513e-02
2.061526e-02
2.063172e-02
2.066257e-02
2.071738e-02
2.073639e-02
2.078697e-02
2.080698e-02
2.082706e-02
2.084115e-02
2.086767e-02
2.091887e-02
2.092864e-02
2.094551e-02
2.097234e-02
2.099955e-02
2.100848e-02
2.103593e-02
2.106258e-02
2.109363e-02
2.111571e-02
2.116297e-02
2.118370e-02
2.120333e-02
2.123494e-02
2.127143e-02
2.127972e-02
2.133193e-02
2.136246e-02
2.138719e-02
2.143616e-02
2.146688e-02
2.147458e-02
2.150021e-02
2.153406e-02
2.156682e-02
2.157529e-02
2.162940e-02
2.164064e-02
2.167809e-02
2.169862e-02
2.171383e-02
2.172766e-02
2.176075e-02
2.179640e-02
2.180270e-02
2.183039e-02
2.184121e-02
2.189022e-02
2.193705e-02
2.196772e-02
2.198173e-02
2.199809e-02
2.200904e-02
2.205664e-02
2.207419e-02
2.209184e-02
2.210670e-02
2.211761e-02
2.215565e-02
2.217037e-02
2.222436e-02
2.224541e-02
2.225099e-02
2.229351e-02
2.232398e-02
2.233725e-02
2.235968e-02
2.240549e-02
2.241749e-02
2.243443e-02
2.246942e-02
2.250787e-02
2.251708e-02
2.253177e-02
2.254316e-02
2.257901e-02
2.261052e-02
2.261578e-02
2.264146e-02
2.268427e-02
2.269548e-02
2.273919e-02
2.275830e-02
2.279436e-02
2.284170e-02
2.284272e-02
2.289621e-02
2.292353e-02
2.294570e-02
2.297206e-02
2.301742e-02
2.303956e-02
2.305640e-02
2.310260e-02
2.311540e-02
2.315392e-02
2.320418e-02
2.322510e-02
2.324670e-02
2.329215e-02
2.331250e-02
2.334080e-02
2.336740e-02
2.340826e-02
2.343025e-02
2.346529e-02
2.352216e-02
2.353489e-02
2.355507e-02
2.357788e-02
2.360074e-02
2.361574e-02
2.364374e-02
2.367339e-02
2.369818e-02
2.371544e-02
2.375999e-02
2.383429e-02
2.384300e-02
2.385737e-02
2.391058e-02
2.396353e-02
2.398602e-02
2.401623e-02
2.405489e-02
2.406966e-02
2.407986e-02
2.408893e-02
2.412449e-02
2.414497e-02
2.417899e-02
2.421380e-02
2.427889e-02
2.431348e-02
2.436532e-02
2.443080e-02
2.444937e-02
2.446181e-02
2.450317e-02
2.453402e-02
2.454198e-02
2.456750e-02
2.457254e-02
2.459016e-02
2.462322e-02
2.466889e-02
2.467715e-02
2.473734e-02
2.478958e-02
2.485473e-02
2.489439e-02
2.491749e-02
2.495839e-02
2.499312e-02
2.503184e-02
2.504654e-02
2.511697e-02
2.513982e-02
2.516587e-02
2.520045e-02
2.522571e-02
2.526535e-02
2.530403e-02
2.532134e-02
2.534536e-02
2.540189e-02
2.544165e-02
2.544946e-02
2.546172e-02
2.551009e-02
2.555342e-02
2.556145e-02
2.561873e-02
2.566574e-02
2.570115e-02
2.570989e-02
2.572665e-02
2.574411e-02
2.577718e-02
2.580503e-02
2.585148e-02
2.587780e-02
2.589059e-02
2.594417e-02
2.597436e-02
2.604441e-02
2.605804e-02
2.607140e-02
2.616480e-02
2.618962e-02
2.621986e-02
2.626314e-02
2.631685e-02
2.634217e-02
2.636825e-02
2.640004e-02
2.642986e-02
2.647162e-02
2.650741e-02
2.654590e-02
2.657757e-02
2.659912e-02
2.667815e-02
2.669658e-02
2.674734e-02
2.676114e-02
2.679560e-02
2.684277e-02
2.691854e-02
2.694656e-02
2.696603e-02
2.697104e-02
2.702204e-02
2.706426e-02
2.707781e-02
2.714444e-02
2.715387e-02
2.717239e-02
2.717595e-02
2.718889e-02
2.722466e-02
2.724343e-02
2.732407e-02
2.741586e-02
2.743051e-02
2.744650e-02
2.749766e-02
2.754935e-02
2.756085e-02
2.759751e-02
2.767490e-02
2.770301e-02
2.775039e-02
2.780507e-02
2.784634e-02
2.789154e-02
2.797856e-02
2.805540e-02
2.808029e-02
2.809832e-02
2.821111e-02
2.823117e-02
2.824055e-02
2.835738e-02
2.837018e-02
2.846412e-02
2.853895e-02
2.863129e-02
2.865586e-02
2.872052e-02
2.875006e-02
2.879993e-02
2.885809e-02
2.890565e-02
2.895844e-02
2.898085e-02
2.902474e-02
2.903695e-02
2.908794e-02
2.912131e-02
2.914794e-02
2.919727e-02
2.926627e-02
2.932978e-02
2.938488e-02
2.941523e-02
2.944639e-02
2.947061e-02
2.949766e-02
2.952395e-02
2.955062e-02
2.961950e-02
2.967214e-02
2.974270e-02
2.980344e-02
2.986289e-02
3.002314e-02
3.009192e-02
3.009878e-02
3.017641e-02
3.020083e-02
3.020577e-02
3.022856e-02
3.028444e-02
3.034138e-02
3.035199e-02
3.036356e-02
3.041664e-02
3.047298e-02
3.055872e-02
3.059637e-02
3.063438e-02
3.067613e-02
3.074839e-02
3.077854e-02
3.086547e-02
3.087312e-02
3.093180e-02
3.093868e-02
3.097739e-02
3.101613e-02
3.108006e-02
3.112755e-02
3.114190e-02
3.117809e-02
3.120725e-02
3.121837e-02
3.125157e-02
3.133621e-02
3.135693e-02
3.141726e-02
3.146634e-02
3.152180e-02
3.153477e-02
3.155235e-02
3.157885e-02
3.168427e-02
3.171987e-02
3.174665e-02
3.182786e-02
3.185118e-02
3.188686e-02
3.194568e-02
3.202457e-02
3.204755e-02
3.208188e-02
3.211802e-02
3.214115e-02
3.228130e-02
3.232509e-02
3.237515e-02
3.243116e-02
3.245790e-02
3.258309e-02
3.261557e-02
3.269861e-02
3.280112e-02
3.283450e-02
3.286823e-02
3.293916e-02
3.300471e-02
3.304171e-02
3.309417e-02
3.309801e-02
3.315838e-02
3.323774e-02
3.329356e-02
3.331308e-02
3.339460e-02
3.349047e-02
3.360802e-02
3.362375e-02
3.379525e-02
3.383199e-02
3.393222e-02
3.407192e-02
3.408015e-02
3.418055e-02
3.420209e-02
3.428638e-02
3.438517e-02
3.446335e-02
3.450001e-02
3.456802e-02
3.459264e-02
3.468360e-02
3.471316e-02
3.483323e-02
3.487524e-02
3.492761e-02
3.499787e-02
3.521173e-02
3.523335e-02
3.524099e-02
3.534467e-02
3.535470e-02
3.547246e-02
3.549631e-02
3.553689e-02
3.562525e-02
3.567977e-02
3.584427e-02
3.589014e-02
3.594300e-02
3.602169e-02
3.610398e-02
3.612045e-02
3.618283e-02
3.622215e-02
3.629298e-02
3.631554e-02
3.641427e-02
3.642936e-02
3.649582e-02
3.656814e-02
3.660365e-02
3.665314e-02
3.665620e-02
3.668342e-02
3.675172e-02
3.685775e-02
3.692220e-02
3.699995e-02
3.704882e-02
3.709428e-02
3.731394e-02
3.738521e-02
3.739940e-02
3.745440e-02
3.752227e-02
3.754360e-02
3.781184e-02
3.784523e-02
3.788794e-02
3.798297e-02
3.812250e-02
3.817064e-02
3.828970e-02
3.839939e-02
3.844677e-02
3.849382e-02
3.863302e-02
3.872884e-02
3.876081e-02
3.888139e-02
3.892740e-02
3.894345e-02
3.904546e-02
3.910424e-02
3.912359e-02
3.918034e-02
3.939789e-02
3.950086e-02
3.970603e-02
3.972256e-02
3.973204e-02
3.990063e-02
3.992305e-02
3.999680e-02
4.002564e-02
4.008520e-02
4.022674e-02
4.025759e-02
4.026613e-02
4.034661e-02
4.051641e-02
4.057885e-02
4.060912e-02
4.065025e-02
4.070803e-02
4.090810e-02
4.097229e-02
4.099577e-02
4.113856e-02
4.127406e-02
4.137243e-02
4.152040e-02
4.155117e-02
4.158902e-02
4.162331e-02
4.181869e-02
4.186401e-02
4.194523e-02
4.226775e-02
4.234723e-02
4.237074e-02
4.240544e-02
4.251551e-02
4.256949e-02
4.258358e-02
4.263162e-02
4.267861e-02
4.283761e-02
4.291863e-02
4.299565e-02
4.308232e-02
4.312786e-02
4.316874e-02
4.335629e-02
4.351689e-02
4.352629e-02
4.355022e-02
4.356559e-02
4.369978e-02
4.388451e-02
4.390642e-02
4.415337e-02
4.428301e-02
4.432644e-02
4.434023e-02
4.435955e-02
4.442574e-02
4.451335e-02
4.455662e-02
4.461272e-02
4.467460e-02
4.476849e-02
4.489747e-02
4.503054e-02
4.506646e-02
4.514812e-02
4.529090e-02
4.540839e-02
4.543639e-02
4.553466e-02
4.556408e-02
4.578908e-02
4.588170e-02
4.599246e-02
4.603643e-02
4.624098e-02
4.638042e-02
4.657765e-02
4.668418e-02
4.674967e-02
4.692078e-02
4.695304e-02
4.702162e-02
4.704060e-02
4.735209e-02
4.743938e-02
4.751503e-02
4.765952e-02
4.768172e-02
4.775476e-02
4.790770e-02
4.792890e-02
4.808161e-02
4.824356e-02
4.845627e-02
4.847733e-02
4.849217e-02
4.851918e-02
4.860815e-02
4.881862e-02
4.898721e-02
4.915814e-02
4.929732e-02
4.940443e-02
4.949091e-02
4.958170e-02
4.967055e-02
4.967507e-02
4.980936e-02
4.988617e-02
4.992662e-02
5.007733e-02
5.017508e-02
5.043580e-02
5.048358e-02
5.052962e-02
5.077338e-02
5.093458e-02
5.095036e-02
5.109219e-02
5.137467e-02
5.186220e-02
5.189113e-02
5.201698e-02
5.204260e-02
5.206804e-02
5.212867e-02
5.231297e-02
5.236422e-02
5.260776e-02
5.263853e-02
5.264988e-02
5.273530e-02
5.276752e-02
5.323971e-02
5.325207e-02
5.338637e-02
5.353504e-02
5.364958e-02
5.365828e-02
5.429789e-02
5.452590e-02
5.454719e-02
5.474387e-02
5.487328e-02
5.499037e-02
5.506592e-02
5.511546e-02
5.548850e-02
5.575133e-02
5.578262e-02
5.605729e-02
5.622628e-02
5.632327e-02
5.653663e-02
5.668906e-02
5.673647e-02
5.696427e-02
5.714143e-02
5.724634e-02
5.744634e-02
5.758611e-02
5.768370e-02
5.773069e-02
5.776886e-02
5.810355e-02
5.814076e-02
5.825365e-02
5.835721e-02
5.839837e-02
5.859553e-02
5.872686e-02
5.880512e-02
5.890860e-02
5.953604e-02
5.961370e-02
5.969089e-02
5.970697e-02
6.055189e-02
6.072253e-02
6.098901e-02
6.101537e-02
6.115004e-02
6.151558e-02
6.173701e-02
6.189726e-02
6.222557e-02
6.248648e-02
6.260357e-02
6.269081e-02
6.296040e-02
6.325690e-02
6.337182e-02
6.349133e-02
6.353730e-02
6.362249e-02
6.376064e-02
6.385925e-02
6.407829e-02
6.431593e-02
6.463515e-02
6.465714e-02
6.471034e-02
6.500316e-02
6.531463e-02
6.531789e-02
6.537518e-02
6.538846e-02
6.561815e-02
6.653920e-02
6.663585e-02
6.688769e-02
6.695248e-02
6.733720e-02
6.745304e-02
6.791927e-02
6.855454e-02
6.860118e-02
6.865468e-02
6.885428e-02
6.895502e-02
6.928888e-02
6.956208e-02
7.019682e-02
7.035310e-02
7.094977e-02
7.097470e-02
7.151380e-02
7.159860e-02
7.239535e-02
7.243418e-02
7.269741e-02
7.291924e-02
7.338629e-02
7.359219e-02
7.410479e-02
7.430745e-02
7.462222e-02
7.483813e-02
7.554051e-02
7.569201e-02
7.570390e-02
7.577175e-02
7.619522e-02
7.629736e-02
7.732563e-02
7.746745e-02
7.785370e-02
7.830874e-02
7.862322e-02
7.863949e-02
7.935310e-02
7.980224e-02
7.998476e-02
8.013805e-02
8.063386e-02
8.116397e-02
8.123536e-02
8.128266e-02
8.169917e-02
8.219570e-02
8.225486e-02
8.339204e-02
8.339469e-02
8.344270e-02
8.382848e-02
8.476070e-02
8.479112e-02
8.538330e-02
8.552072e-02
8.597253e-02
8.644364e-02
8.647275e-02
8.664599e-02
8.754541e-02
8.784549e-02
8.834929e-02
8.873209e-02
8.928600e-02
8.980486e-02
9.006301e-02
9.048517e-02
9.333896e-02
9.335779e-02
9.350869e-02
9.373574e-02
9.558536e-02
9.607050e-02
9.769313e-02
9.808551e-02
1.005055e-01
1.011218e-01
1.017741e-01
1.035721e-01
1.039422e-01
1.050800e-01
1.058978e-01
1.065906e-01
1.074963e-01
1.084926e-01
1.087367e-01
1.091618e-01
1.092460e-01
1.093180e-01
1.109193e-01
1.110429e-01
1.145622e-01
1.147764e-01
1.160898e-01
1.185411e-01
1.195612e-01
1.201140e-01
1.211198e-01
1.218554e-01
1.246978e-01
1.262589e-01
1.264099e-01
1.269460e-01
1.325102e-01
1.367324e-01
1.377147e-01
1.416279e-01
1.425867e-01
1.426030e-01
1.429849e-01
1.457976e-01
1.512183e-01
1.516963e-01
1.558103e-01
1.589512e-01
1.595310e-01
1.610322e-01
1.617756e-01
1.624460e-01
1.627424e-01
1.704272e-01
1.724785e-01
1.791323e-01
1.860863e-01
1.904023e-01
2.053210e-01
2.504393e-01
2.710572e-01
3.125060e-01
3.798231e-01
4.642558e-01
7.412734e-01
1.000000e+00
