# sorted relative singular values (reduced_hessian) field=two_mode eps=0.5 N=12 n=3311
1.799821848525922979e-03
1.843408791545337894e-03
1.983232174579027153e-03
2.040614378684290145e-03
2.252274021555487719e-03
2.287833626506525879e-03
2.360992479839781749e-03
2.446691594304257686e-03
2.780580757022883560e-03
2.983390460662831926e-03
3.071738511713696228e-03
3.196462971298948564e-03
3.731992681031496336e-03
3.748695840830373015e-03
3.770459646566627805e-03
3.787629942128467077e-03
5.104581080475147775e-03
5.121115200145762679e-03
5.254999205186411046e-03
5.316017519055991902e-03
5.332553987589136631e-03
5.398309698179302139e-03
5.463215610967223426e-03
5.490530399480886281e-03
6.593204955286647607e-03
6.612083318266977379e-03
6.764252434890418927e-03
6.783792711669131906e-03
9.118429900949511988e-03
9.205828031036009801e-03
9.307854245164292467e-03
9.404065871142602145e-03
9.478426618436446016e-03
9.483592162025293246e-03
9.505375994307851267e-03
9.522337231387002082e-03
9.848326413412869171e-03
9.872992836926934579e-03
1.022559563542707779e-02
1.037819146573827102e-02
1.077000554460828471e-02
1.080179158836371521e-02
1.321168148961054598e-02
1.322301248933829658e-02
1.338588369122374611e-02
1.348930221260239391e-02
1.358613718737223044e-02
1.367792488891840692e-02
1.378940234518374018e-02
1.390708682770657421e-02
1.462413611020110110e-02
1.463869656615593949e-02
1.469274984684937162e-02
1.478772576871321617e-02
1.489067431828396473e-02
1.496999908658282891e-02
1.514683356566213189e-02
1.524293233061950123e-02
1.570683756656009872e-02
1.614586079679486419e-02
1.624047865488766063e-02
1.627641610027548077e-02
1.637354004949508751e-02
1.644165191057789591e-02
1.676972174863813891e-02
1.689021298435416235e-02
1.730594366846228277e-02
1.747607002506683382e-02
1.776302723912507112e-02
1.781884267277672809e-02
1.818488932867125263e-02
1.831992440099126929e-02
1.859256054705125255e-02
1.890074147192326651e-02
1.910620035420969656e-02
1.915955627817116091e-02
1.936871042354440520e-02
1.953013836873033690e-02
1.962469863186601729e-02
1.969809554715991340e-02
1.995692678338712583e-02
2.029037308101390089e-02
2.031789642431478665e-02
2.058599384492864823e-02
2.071908141992066452e-02
2.080804344151176641e-02
2.090408816542721135e-02
2.096498642699442042e-02
2.116577708341478223e-02
2.155630367766389263e-02
2.163061740023291754e-02
2.187627296480833955e-02
2.192923104150817579e-02
2.199577419995916647e-02
2.222589325858372739e-02
2.241496328474079647e-02
2.269787168368978675e-02
2.275461109126295303e-02
2.306583584616633820e-02
2.316305011018779392e-02
2.319592042076021668e-02
2.363250095399296521e-02
2.370881265440974786e-02
2.395278299352409518e-02
2.397295710424208331e-02
2.406327301775589012e-02
2.417831778862590889e-02
2.433189176479848281e-02
2.461177570131049819e-02
2.466320790853887904e-02
2.473607000843729489e-02
2.491344720559542092e-02
2.496318225040807665e-02
2.521522189715298679e-02
2.526249486023622245e-02
2.539602248542083621e-02
2.549629693043773890e-02
2.554504843957414867e-02
2.572840424044858451e-02
2.598924598668142863e-02
2.602248873547922600e-02
2.618634398919324896e-02
2.656546567631825478e-02
2.674180304858732662e-02
2.716027654317721210e-02
2.732032114049663327e-02
2.750085284200267169e-02
2.753988017047817941e-02
2.765508723078106967e-02
2.775512363440119090e-02
2.799140861875693692e-02
2.803337783652825460e-02
2.832461562536127062e-02
2.838450646744766770e-02
2.958095367159951569e-02
2.980089186069718662e-02
3.119199512039635622e-02
3.127282045543917227e-02
3.295904918664976230e-02
3.308182261055793438e-02
3.346344835884039470e-02
3.357593758380558735e-02
3.372217945655408416e-02
3.377609328363805757e-02
3.381266175860051654e-02
3.400053286616971926e-02
3.438365670594682039e-02
3.449500785890757121e-02
3.464604033502494129e-02
3.474635085705823218e-02
3.479882037173146619e-02
3.494158014660565803e-02
3.501391651331420274e-02
3.503758817573872364e-02
3.514050152948253181e-02
3.522648210839857130e-02
3.565203290090993710e-02
3.587564968434275858e-02
3.605420072512038193e-02
3.609484353914190619e-02
3.641128980255800562e-02
3.667640775201049669e-02
3.691884533879674635e-02
3.696018442013472571e-02
3.712660686636978791e-02
3.716609786701269985e-02
3.759728802251773722e-02
3.761966892276978613e-02
3.790023963953813302e-02
3.791624877310288688e-02
3.797188915689186928e-02
3.805164704308613977e-02
3.814248514326432776e-02
3.817082050609601346e-02
3.848397103024786547e-02
3.857099805545580185e-02
3.944714321092542691e-02
3.962985307173032268e-02
4.003779079282229758e-02
4.010623260002017798e-02
4.012412046204888449e-02
4.038352343545629358e-02
4.065315481153670280e-02
4.078988871856552290e-02
4.088014327036466194e-02
4.114751148517942908e-02
4.124036322185990061e-02
4.128670631235148436e-02
4.170825735313259119e-02
4.187885952622561608e-02
4.198872539751467153e-02
4.216343969864477792e-02
4.228790758535340422e-02
4.231123026942625043e-02
4.293080886232553822e-02
4.299477743323808221e-02
4.309424416277308351e-02
4.327992431300185100e-02
4.357582562631834300e-02
4.375689824342643419e-02
4.380737650482513512e-02
4.402750620407808180e-02
4.409089353487752327e-02
4.413163675514085449e-02
4.417335658010534266e-02
4.435470973154137520e-02
4.460562486839717011e-02
4.488666670661350250e-02
4.492320739288455100e-02
4.498330996636313445e-02
4.504934078566729533e-02
4.538111848184581826e-02
4.581939691461745651e-02
4.600526405626324117e-02
4.616451270572188847e-02
4.632287578069083089e-02
4.647470535452349200e-02
4.657301795940572281e-02
4.670242963213588894e-02
4.684314971947843576e-02
4.691967167381691506e-02
4.702778674314893326e-02
4.730969641578767343e-02
4.741840116873149297e-02
4.748286239663997155e-02
4.767847298589554528e-02
4.828454457025053992e-02
4.842874121118687092e-02
4.849408764815611034e-02
4.860131344702250944e-02
4.875427440094302206e-02
4.885067191571206696e-02
4.896381487367507807e-02
4.907485604120589290e-02
4.920269613609639520e-02
4.925483609071956009e-02
4.972376639848056362e-02
4.998938467821852777e-02
5.039798952820087607e-02
5.061806119405897614e-02
5.063601580211917613e-02
5.066080220036721371e-02
5.108376749844420472e-02
5.127127215871871146e-02
5.141842759988621281e-02
5.153731731572414737e-02
5.159830990238224030e-02
5.170600442192022778e-02
5.183638849230200185e-02
5.225654447885037107e-02
5.250989804554151430e-02
5.267687763674083062e-02
5.295571396850619339e-02
5.317955629674734480e-02
5.342954600024556189e-02
5.363959429022303882e-02
5.375119138474926395e-02
5.390901406667590601e-02
5.404579762886649319e-02
5.423681262492729277e-02
5.427422298003922729e-02
5.438084482312546819e-02
5.451178455365426889e-02
5.460427307133584873e-02
5.468007648353121614e-02
5.493384568158497794e-02
5.501833830640085604e-02
5.512781373224193149e-02
5.521512197890986878e-02
5.528062588998677862e-02
5.535052269783024420e-02
5.552418377424166857e-02
5.564621510430879658e-02
5.567082016460651872e-02
5.575548203575207695e-02
5.591440744431173254e-02
5.602514563997505748e-02
5.617154737656111091e-02
5.647769310560880884e-02
5.649280313168393575e-02
5.681949561997047538e-02
5.684124932671643510e-02
5.686858663771079958e-02
5.707112746240106116e-02
5.713380489037840626e-02
5.735676439339373184e-02
5.771628185467161942e-02
5.780870347860103675e-02
5.793796215162431290e-02
5.820299578316601857e-02
5.831908648814808360e-02
5.847106709408191744e-02
5.855772762429260758e-02
5.865181237763317235e-02
5.887512994456127469e-02
5.896659304951790831e-02
5.902284894505125529e-02
5.911661000993242987e-02
5.915655548286157667e-02
5.928300211956139681e-02
5.941670736122352942e-02
5.948456956161307652e-02
5.960331845722178362e-02
5.974144974943788183e-02
5.983498079340091730e-02
5.992649763870334934e-02
6.016883502426773750e-02
6.027683604347865154e-02
6.066108869311911261e-02
6.079614101452507358e-02
6.093459526460839187e-02
6.099861115438787867e-02
6.121928534390761595e-02
6.140614819613790520e-02
6.159809121858191017e-02
6.176136558613814359e-02
6.214463062499589463e-02
6.259922944612196505e-02
6.271295235068886920e-02
6.298282015023201619e-02
6.332708107001142062e-02
6.363741638146873381e-02
6.384603072066244445e-02
6.413014831897072277e-02
6.429090486849090014e-02
6.453867192895466898e-02
6.478162618993377198e-02
6.490234822389165381e-02
6.556352814781518656e-02
6.592620664080779680e-02
6.593826869889522768e-02
6.617870355227116475e-02
6.634787227200536486e-02
6.671548419107925509e-02
6.691634306492182105e-02
6.695004415551342181e-02
6.733956685126434027e-02
6.746514634620234818e-02
6.777126094577561044e-02
6.871456727233959949e-02
6.886803059783010161e-02
6.895196709602920138e-02
6.932099481363293569e-02
6.942812987879240505e-02
6.966272003090097364e-02
6.975935803247508560e-02
7.013465579792532711e-02
7.030331316357098237e-02
7.058155054927237049e-02
7.064051568857979135e-02
7.074560334967444630e-02
7.107929192225592718e-02
7.124549855860566605e-02
7.140669769628604779e-02
7.152125482473177531e-02
7.158771241106794136e-02
7.180422186878675228e-02
7.189247351066749281e-02
7.213808753682773856e-02
7.220606059856632397e-02
7.256312558282335123e-02
7.273714860825195028e-02
7.283701410581666646e-02
7.296344446908889503e-02
7.322982998929795928e-02
7.326057077086112201e-02
7.334404596464069725e-02
7.356107320965803165e-02
7.381255117923639364e-02
7.417921925655023008e-02
7.419516698753939044e-02
7.439662857637756310e-02
7.445679174757678653e-02
7.470611596661397291e-02
7.476178697952017005e-02
7.478013362919430640e-02
7.497604383510961257e-02
7.513324664976467337e-02
7.519339677286168699e-02
7.529014215324084103e-02
7.534658059540959296e-02
7.564867135579066149e-02
7.575580111919646975e-02
7.585534784649365647e-02
7.592778668826452582e-02
7.607829103765591239e-02
7.629350870026599396e-02
7.639633928405975549e-02
7.652947366508101867e-02
7.672717966487516139e-02
7.694758629678236095e-02
7.708649704923656309e-02
7.714891214753966109e-02
7.738209780522867232e-02
7.753031158196548034e-02
7.765714952400369631e-02
7.775385600030333688e-02
7.800205176064448076e-02
7.809908487326577831e-02
7.869171296757353218e-02
7.897798876698652881e-02
7.906928877355473562e-02
7.936169914469348718e-02
7.947701713648643029e-02
7.953403089671171045e-02
7.968837915213058953e-02
7.982287688021391658e-02
7.992655551196217734e-02
8.001878366353072647e-02
8.009034192861565205e-02
8.040391129277950355e-02
8.064465778153880049e-02
8.087483924248906053e-02
8.108802155889804908e-02
8.120661967109527035e-02
8.144804190389109966e-02
8.154392112593701614e-02
8.168480334080829852e-02
8.176534691980320846e-02
8.187207846012606316e-02
8.195065010311225473e-02
8.236772419745780338e-02
8.237579014528526034e-02
8.257583966319083368e-02
8.264899037446735153e-02
8.274423805225872286e-02
8.306799452502464098e-02
8.309054321691816680e-02
8.352834946022329177e-02
8.354495328601335702e-02
8.364988471059733866e-02
8.369509683624000440e-02
8.389540934389992655e-02
8.404456489587282253e-02
8.418936437805048245e-02
8.423646856816280337e-02
8.454664959823336712e-02
8.475786749734574854e-02
8.485481489134330535e-02
8.487645804184848486e-02
8.511461343707209248e-02
8.539259659401639280e-02
8.548783988315965254e-02
8.551317783280598661e-02
8.563043338466780341e-02
8.570397534826662556e-02
8.585941116423008446e-02
8.616106980776895574e-02
8.639838444732945988e-02
8.643135456344919199e-02
8.657318051168162720e-02
8.665205748055158919e-02
8.692143412959413284e-02
8.696384569269390019e-02
8.710736082838305139e-02
8.718024937636277560e-02
8.738267056918495868e-02
8.758217859979285091e-02
8.772222132752550972e-02
8.779532824953534265e-02
8.792356296973502516e-02
8.802037073569417280e-02
8.829563691659894631e-02
8.837442909716729245e-02
8.852960305636811689e-02
8.867200171461039893e-02
8.881467934109078810e-02
8.896461657966991954e-02
8.942295000457356480e-02
8.948183203297525867e-02
8.969626258312819733e-02
8.980290924716675949e-02
8.991532602064139512e-02
8.993762897659440814e-02
9.002597383416000021e-02
9.021041692630492326e-02
9.021623553886114200e-02
9.036739302457066914e-02
9.044416279424531691e-02
9.052244619866020581e-02
9.060342131015812484e-02
9.081273720079552358e-02
9.082960863636201088e-02
9.104235516544852136e-02
9.131751310889138495e-02
9.149966973142294180e-02
9.159788160678301872e-02
9.170502601204640059e-02
9.178140069005934210e-02
9.196643992351447028e-02
9.209449610690617627e-02
9.215339707836510408e-02
9.234108169660228127e-02
9.253158179629228375e-02
9.292375424783178017e-02
9.333045937133743752e-02
9.341063506759307578e-02
9.355035359788019256e-02
9.385335140618861205e-02
9.386739380727096571e-02
9.403025498373975000e-02
9.413263084807575731e-02
9.445235300233606468e-02
9.454737662544315802e-02
9.471199758701981386e-02
9.480682537022927514e-02
9.497182490466081484e-02
9.516057626477607279e-02
9.525943628854899314e-02
9.541668022701410568e-02
9.554927185668164735e-02
9.565902204908129092e-02
9.568464176114875597e-02
9.584860496624210413e-02
9.590091778459761129e-02
9.595262853918788692e-02
9.614816872950517068e-02
9.621065949127431682e-02
9.633597314036289327e-02
9.647821443134445285e-02
9.653336026645467638e-02
9.675571537053941074e-02
9.681581119020614412e-02
9.696550788065302906e-02
9.707026605090124383e-02
9.714858902749373692e-02
9.727744512812382116e-02
9.750846590232263578e-02
9.760732233395556789e-02
9.767193716875606502e-02
9.774830970985015632e-02
9.808576971727724081e-02
9.814706058015633394e-02
9.820214858875381259e-02
9.839289234395298678e-02
9.848737029134511933e-02
9.854337034227576841e-02
9.870570157745262030e-02
9.903177022811911201e-02
9.907740571254478046e-02
9.925220670516908539e-02
9.932558136708223573e-02
9.950642677352337928e-02
9.959251134051294585e-02
9.975991115041536739e-02
1.000990897523872242e-01
1.002023223250138456e-01
1.002815673455683398e-01
1.004056242164773211e-01
1.006254896396282655e-01
1.006540214018580570e-01
1.007850211232031168e-01
1.008130769753465550e-01
1.008629643803032189e-01
1.010178868294315940e-01
1.010916674754423761e-01
1.013766938946162321e-01
1.014906215245936216e-01
1.016829011939108934e-01
1.017199846882402836e-01
1.018503979893124328e-01
1.019362005258744597e-01
1.020487794588604696e-01
1.020998899840544483e-01
1.022038650063208515e-01
1.022778360184779939e-01
1.025903108031926969e-01
1.026845545442471169e-01
1.027063556844241415e-01
1.032367857028431424e-01
1.033056563916446846e-01
1.037241703126099007e-01
1.038511590092014714e-01
1.039455726196921309e-01
1.041029162126258650e-01
1.041375766168424338e-01
1.043228401467642258e-01
1.046415673655103629e-01
1.047149879864750360e-01
1.048146732232753120e-01
1.049200178882871703e-01
1.050872959822879149e-01
1.052844985034417091e-01
1.053090801850168068e-01
1.055633364814942549e-01
1.056767323687071297e-01
1.057282944373878347e-01
1.058348173762082012e-01
1.059063064473217131e-01
1.060240041897918400e-01
1.060950435704286071e-01
1.062547097457311324e-01
1.064839689522634053e-01
1.065806416983625382e-01
1.066502489873396298e-01
1.067710958673370319e-01
1.068595996842271328e-01
1.070064168660340015e-01
1.071117622336668213e-01
1.072106569198694459e-01
1.072498847777348524e-01
1.073293899303782439e-01
1.074734518051356641e-01
1.076091516844397966e-01
1.078050934378735060e-01
1.078674958114710786e-01
1.080532284035667090e-01
1.081037776527187383e-01
1.081698876148234484e-01
1.083146819705313041e-01
1.084157540544123388e-01
1.085488588761162332e-01
1.087287138055789831e-01
1.089667952677350338e-01
1.091752080557455012e-01
1.092547647338049377e-01
1.093815404455008716e-01
1.094777076352780737e-01
1.096930085451129216e-01
1.098049477340719837e-01
1.099251182073383432e-01
1.100248624798418062e-01
1.100781572726181184e-01
1.101679478036024645e-01
1.102372908697909631e-01
1.104633542394754114e-01
1.105635716061836998e-01
1.106362027237492995e-01
1.107547031817791294e-01
1.109123005234495807e-01
1.109801652725849602e-01
1.110823845163445567e-01
1.112526779551966105e-01
1.113016932876800674e-01
1.113780187455486875e-01
1.116390533061416279e-01
1.117047016863736281e-01
1.117479272026342119e-01
1.118393891043259203e-01
1.120364188445829023e-01
1.121663163840220384e-01
1.122057055616342280e-01
1.122963615869646131e-01
1.123850721856229917e-01
1.125212725788543588e-01
1.125707285050157325e-01
1.127214513994311135e-01
1.128552242285657120e-01
1.131675746720737230e-01
1.132576763651597374e-01
1.133732755438191381e-01
1.134789317518472701e-01
1.138392396384229899e-01
1.138913088959161851e-01
1.139293940934373028e-01
1.140701975223177012e-01
1.142499479238345689e-01
1.143132227251152239e-01
1.144306695784387540e-01
1.145061074237862242e-01
1.146325173770426503e-01
1.147895920783043588e-01
1.150045241860225137e-01
1.150976000429262958e-01
1.151361273498244797e-01
1.153097347712121884e-01
1.154368836324654590e-01
1.155613717432784210e-01
1.155846279356483736e-01
1.157883293284628079e-01
1.158905493604011488e-01
1.159662950107402529e-01
1.162223483153855125e-01
1.163300065148039769e-01
1.163510942561975514e-01
1.166109508129930805e-01
1.167662925093449211e-01
1.167918905044173367e-01
1.169400320107152474e-01
1.170354568150308444e-01
1.172069419344071162e-01
1.172598880042029640e-01
1.172974989322296269e-01
1.175736202213091275e-01
1.175756023109581633e-01
1.177267844238289035e-01
1.179249670025714486e-01
1.180434515631578335e-01
1.180907210845601601e-01
1.182211595201140136e-01
1.182818554891497537e-01
1.183589416407433426e-01
1.184429874241546277e-01
1.186208557855293888e-01
1.187434454341198820e-01
1.189206196369696072e-01
1.190098268484407751e-01
1.190483633353540682e-01
1.191356548053798814e-01
1.192122491747546892e-01
1.193341498469927126e-01
1.197369055575924768e-01
1.197822178744974153e-01
1.198223185687233433e-01
1.199129902172553774e-01
1.200064286244829498e-01
1.201721328137861505e-01
1.201769143609318219e-01
1.204175681785107227e-01
1.204917059274007857e-01
1.205806959679776441e-01
1.206840423309553517e-01
1.207984297602213153e-01
1.208860787856027436e-01
1.209715905996300300e-01
1.210287378398052366e-01
1.211865242607202547e-01
1.212281600507481294e-01
1.213631779253366710e-01
1.214976132826827288e-01
1.216251104166183178e-01
1.216609909587704902e-01
1.218111562941125159e-01
1.218547097760634412e-01
1.219809550428377631e-01
1.220228648371736169e-01
1.221830317717397668e-01
1.222775258965341921e-01
1.223891867876144846e-01
1.224398297152717863e-01
1.224999945006118723e-01
1.225677808668021729e-01
1.227782364103118390e-01
1.228722769523154235e-01
1.229472962222031701e-01
1.230513736031189076e-01
1.232197694046701930e-01
1.235071924428568224e-01
1.236360371948097975e-01
1.236724792748506996e-01
1.237579188480545656e-01
1.237781219589047244e-01
1.239890323096369540e-01
1.240829449454105282e-01
1.241260709133474027e-01
1.242663111118102043e-01
1.243919588618407901e-01
1.245330069331273271e-01
1.246078648434487540e-01
1.248116442840854212e-01
1.249075496838140953e-01
1.249698390191528313e-01
1.251619511814664187e-01
1.253775231311382854e-01
1.255435344046564872e-01
1.256780054371300637e-01
1.257444904384150408e-01
1.259674284469998184e-01
1.260498288478531514e-01
1.262390005248645586e-01
1.262866421903997005e-01
1.264273055276639579e-01
1.266806515763754526e-01
1.267571015755434849e-01
1.269286930315605133e-01
1.269819374600168749e-01
1.270974271956891999e-01
1.272777470818196588e-01
1.275425274377878782e-01
1.276097018268735617e-01
1.276403103713237841e-01
1.277801080718792837e-01
1.278792518179523163e-01
1.280964544658040605e-01
1.282413373376641574e-01
1.283349871233702422e-01
1.284535079863482199e-01
1.285049445960073922e-01
1.285744201918438689e-01
1.287769294910471041e-01
1.289119891711250354e-01
1.289473980324014890e-01
1.290976343293415984e-01
1.292258200769723919e-01
1.293165599516523934e-01
1.294351536160181504e-01
1.294931744489493664e-01
1.295978505288034321e-01
1.296984783876851399e-01
1.298730130076889422e-01
1.300798440040152049e-01
1.301275986500299575e-01
1.301482395143175597e-01
1.302838704470994091e-01
1.303197745202702429e-01
1.303852909760641610e-01
1.305946287222692348e-01
1.307540467198037015e-01
1.310088436338771867e-01
1.311388494046451803e-01
1.313032688049632912e-01
1.314450577488094074e-01
1.316565044726347444e-01
1.317053327424164977e-01
1.318340292590258478e-01
1.319092685689254862e-01
1.319651172026633790e-01
1.321844351981632804e-01
1.322518606150978882e-01
1.324626461375443820e-01
1.325398587390126670e-01
1.327060734422272070e-01
1.328202322163275773e-01
1.329211552931743867e-01
1.330045374874334885e-01
1.331392923309816234e-01
1.332818525933993081e-01
1.334034781135199910e-01
1.334677681926129400e-01
1.335438867685009579e-01
1.338530995729155237e-01
1.339477381882039631e-01
1.339926381711961934e-01
1.341037582340443846e-01
1.342111501668754592e-01
1.343165395516492944e-01
1.344091852633186590e-01
1.345362568697407446e-01
1.347154515641191819e-01
1.349220143785632986e-01
1.349938849361254911e-01
1.351311926741726177e-01
1.353014444685800843e-01
1.354243111706359970e-01
1.355021640541551331e-01
1.355948694531811660e-01
1.357771797856029694e-01
1.359251035544153663e-01
1.359849173574501635e-01
1.361064119764287261e-01
1.363838337637090503e-01
1.366223184007189784e-01
1.367178958922893039e-01
1.370220619135727458e-01
1.371284133464235333e-01
1.372562663970540719e-01
1.373677269044469573e-01
1.374077554824872094e-01
1.375950967520090384e-01
1.376565175330858870e-01
1.377661956869375981e-01
1.380246140661351983e-01
1.380636673033261153e-01
1.383496584891263925e-01
1.385119976961078636e-01
1.386241443414314711e-01
1.387027747287915558e-01
1.388081117511763274e-01
1.389720306014126938e-01
1.391070667231380509e-01
1.391890437692796800e-01
1.393498155700110819e-01
1.394869954403182566e-01
1.395943576038581879e-01
1.397355971441312517e-01
1.398545165395607415e-01
1.400690030217350834e-01
1.401081704786418802e-01
1.402364982084467471e-01
1.402994354073322236e-01
1.404132259602141330e-01
1.405958466918777738e-01
1.406871669220186305e-01
1.408587172720241476e-01
1.410761343489374542e-01
1.411200776432851856e-01
1.413035737989575269e-01
1.415253046381997337e-01
1.416141112340416619e-01
1.418407450388999014e-01
1.419263940118116463e-01
1.420335488880708485e-01
1.422178536137411187e-01
1.422818428019491377e-01
1.424114597864148679e-01
1.426528830086618294e-01
1.427844492918321773e-01
1.429083769924985869e-01
1.430215004141340285e-01
1.431944137561909358e-01
1.431964205520905864e-01
1.433114941849103763e-01
1.435187326563585053e-01
1.437021863930003085e-01
1.437661153173064588e-01
1.439803577136843371e-01
1.441122013323992423e-01
1.443902495673922703e-01
1.444866643608428980e-01
1.445607268881449747e-01
1.446896289818914716e-01
1.449240050781899769e-01
1.450709047134995655e-01
1.451915912857998647e-01
1.453086968656798206e-01
1.453928367096467555e-01
1.454987075408086528e-01
1.456589422565109926e-01
1.456756865801021317e-01
1.459623300220901920e-01
1.461523937558228681e-01
1.462614849725347721e-01
1.462829150811137680e-01
1.465464042062997463e-01
1.467736673228379474e-01
1.468305592143339666e-01
1.469979671025556656e-01
1.470976256463351617e-01
1.472119133757225640e-01
1.474231424306025329e-01
1.474768154598869174e-01
1.476842734532521351e-01
1.478375948498615311e-01
1.479675233537975088e-01
1.480500688733547010e-01
1.481328041271149643e-01
1.482354759181079007e-01
1.483848464479995410e-01
1.484369779912727283e-01
1.485324799134666585e-01
1.487740509478256146e-01
1.489461044046938853e-01
1.491764371018883262e-01
1.493502230228792860e-01
1.495243105883614920e-01
1.496103785530893682e-01
1.496489699447737798e-01
1.497320412987131477e-01
1.498208787994155800e-01
1.499035524050674195e-01
1.501560269445808560e-01
1.502150131431970459e-01
1.503702485008568401e-01
1.504367939583738101e-01
1.506258584737614203e-01
1.508077415502948049e-01
1.509792280798656905e-01
1.511407204272942895e-01
1.512014614585982519e-01
1.513116334068750901e-01
1.513186945785109927e-01
1.515016498143366697e-01
1.515810137584307216e-01
1.516565451446384161e-01
1.518517696279311213e-01
1.519173342346616384e-01
1.520298546630045045e-01
1.522792456746370204e-01
1.523211717702290247e-01
1.524846673733370739e-01
1.525923365267100040e-01
1.526911159275035901e-01
1.527949066555938651e-01
1.529018875823428547e-01
1.530264499240444331e-01
1.531887460405545187e-01
1.532213104875055909e-01
1.534946536404892536e-01
1.535266041351414923e-01
1.536086613171670223e-01
1.537480166216226574e-01
1.538664725673644373e-01
1.539469699177105355e-01
1.540523403442143890e-01
1.542175485333426854e-01
1.542972638257444074e-01
1.546309586607065856e-01
1.546651790582431740e-01
1.547715364178200714e-01
1.548755735919149779e-01
1.551093696339222172e-01
1.552303835676972776e-01
1.552407456469631075e-01
1.553809397771997725e-01
1.554784874660508909e-01
1.555721461050277865e-01
1.556941056767349452e-01
1.557204066756505412e-01
1.558706146936317816e-01
1.561601914387180934e-01
1.561766732428962745e-01
1.563793861408819541e-01
1.564729954523198241e-01
1.567032227576533876e-01
1.568572245706808810e-01
1.570111551159290575e-01
1.570656591629233934e-01
1.572045078855072997e-01
1.572730356701689536e-01
1.575475441567869561e-01
1.576203643024702561e-01
1.577517460549052730e-01
1.579302551079244665e-01
1.580712094427105530e-01
1.582807125474573751e-01
1.584366002220795877e-01
1.586045840243159866e-01
1.586686948933307695e-01
1.587347630935698750e-01
1.589550689969942976e-01
1.591559002170596093e-01
1.592553623255972550e-01
1.593565059166846820e-01
1.594959425143711029e-01
1.596751223983235157e-01
1.597569972771020197e-01
1.598651179964246105e-01
1.602644511412204265e-01
1.603790400273380212e-01
1.604857678036749891e-01
1.606031376388525611e-01
1.607179611435196054e-01
1.608607382808989461e-01
1.609423729641392131e-01
1.609826137208505425e-01
1.612158277855740562e-01
1.614171121349825544e-01
1.614473187702792079e-01
1.615548078107184315e-01
1.617072051639046881e-01
1.619300335132288216e-01
1.619514967344778400e-01
1.621465198335180768e-01
1.623537152729173927e-01
1.623770869765826241e-01
1.624407787817184756e-01
1.625623550964223063e-01
1.626246617228714331e-01
1.628529415903328115e-01
1.629872021824051165e-01
1.631063850599293874e-01
1.631923109445744813e-01
1.634292987580473200e-01
1.636121393570016680e-01
1.637437709646525075e-01
1.638037756954917046e-01
1.639178245805902046e-01
1.639436451235695980e-01
1.639708897248008390e-01
1.641984251708468179e-01
1.642174518065936950e-01
1.644498626450075496e-01
1.646271766314826024e-01
1.647833195527827199e-01
1.649081133742535121e-01
1.649976646153348825e-01
1.650929757633861628e-01
1.652952938483665257e-01
1.653837181250918387e-01
1.654430652719962869e-01
1.654993659184734733e-01
1.656311005187819652e-01
1.660676372127685430e-01
1.661449118297215477e-01
1.662492496345181203e-01
1.665094402326983969e-01
1.665806958659273307e-01
1.666598073928127755e-01
1.668414161595320189e-01
1.669097337125039215e-01
1.669730430911326446e-01
1.670389103451320190e-01
1.671121844545227497e-01
1.674693372326198915e-01
1.676770870407929548e-01
1.678409795661264803e-01
1.680233484443681702e-01
1.682116179545481149e-01
1.682365444456368209e-01
1.684837626972079117e-01
1.686188164115716981e-01
1.687826633817639532e-01
1.689026875000237682e-01
1.690383507582917111e-01
1.691830032973671016e-01
1.694261518676097866e-01
1.697400110158761855e-01
1.698408095993626521e-01
1.699391729069987533e-01
1.699858094019927046e-01
1.702171843714890276e-01
1.703694361351663078e-01
1.704405507629405958e-01
1.706471014208340298e-01
1.708133370011917229e-01
1.710732753173858089e-01
1.712008450551140981e-01
1.715140607618948210e-01
1.716449687246753009e-01
1.717421105225683808e-01
1.718438606051304052e-01
1.719456418782170648e-01
1.720306020334754216e-01
1.721199683976100125e-01
1.724934101029869382e-01
1.726058459263314082e-01
1.727017371838747706e-01
1.727924411440303343e-01
1.730219276094898395e-01
1.732412767774606233e-01
1.733272850667735010e-01
1.733963500997111884e-01
1.735580929098309577e-01
1.736431990476522969e-01
1.737060999956773766e-01
1.738504441331832906e-01
1.740018003504940625e-01
1.740843598340315879e-01
1.744201165877320714e-01
1.744418902256025528e-01
1.747184538267292087e-01
1.748512966167454219e-01
1.749431320867639861e-01
1.751270691404811786e-01
1.752575698442366547e-01
1.753385490912955091e-01
1.754955604255827306e-01
1.756539666043989978e-01
1.758924924745202956e-01
1.761321130774402000e-01
1.762226490368718479e-01
1.764170252193902333e-01
1.766282914889084343e-01
1.766894424123751361e-01
1.768655377915579474e-01
1.770129069078392181e-01
1.771777561913123467e-01
1.774022092624034652e-01
1.774291301419878564e-01
1.777442683162591408e-01
1.778155373789174487e-01
1.779077377710735208e-01
1.780700224210471916e-01
1.781264120890811153e-01
1.782918301881804279e-01
1.785004038809308857e-01
1.786904023070132463e-01
1.789148499116426372e-01
1.789559574632336447e-01
1.790941723781057926e-01
1.792231910085363977e-01
1.793719705953166488e-01
1.795152204503050464e-01
1.796185351253533347e-01
1.798611034921274721e-01
1.800269097278982822e-01
1.801073483898559813e-01
1.803286513814424397e-01
1.804991891256364500e-01
1.807403534931444344e-01
1.808621502699430672e-01
1.809613082924005079e-01
1.810495540314218665e-01
1.811310172471881363e-01
1.813293888638252416e-01
1.815003488149337652e-01
1.815660880132025645e-01
1.817111409582328752e-01
1.818486364611313633e-01
1.819773008464205810e-01
1.822559696230904303e-01
1.824756712774872891e-01
1.825572547107421340e-01
1.826255855312443332e-01
1.826937193588377140e-01
1.827754265984797288e-01
1.828572941564720888e-01
1.830396909747177281e-01
1.831577339642923019e-01
1.834513925687131508e-01
1.834852899672636817e-01
1.836994898937752141e-01
1.838267677094942987e-01
1.840846789971986031e-01
1.841799000211769288e-01
1.843030633474310731e-01
1.844826764541892261e-01
1.845235056690706366e-01
1.845705360291259312e-01
1.848150901241046029e-01
1.848789590876149802e-01
1.851404594325749831e-01
1.852682049702757128e-01
1.854073937948619855e-01
1.855148707995582791e-01
1.856320357033714175e-01
1.857823537956285465e-01
1.859014073489108632e-01
1.860279925322403938e-01
1.861620399803795567e-01
1.863243658876357900e-01
1.863955955218975502e-01
1.866017335551839740e-01
1.866489905295300178e-01
1.868008338314651184e-01
1.868525211083751636e-01
1.870017173983458958e-01
1.871356076874715613e-01
1.873173034748900623e-01
1.874435765958365752e-01
1.878088682102999896e-01
1.878637264981794508e-01
1.879139852883309758e-01
1.880066266971803235e-01
1.881661693165227744e-01
1.882550984880513589e-01
1.884740374948310482e-01
1.885926787472570199e-01
1.887829133623189770e-01
1.888644172950832145e-01
1.890415666718412158e-01
1.890899701507210429e-01
1.893330194645501674e-01
1.894886830501533170e-01
1.896034447894523189e-01
1.897985283155859959e-01
1.898198013358163017e-01
1.899114556671589737e-01
1.899560042910984070e-01
1.901477620298540894e-01
1.904807896939186562e-01
1.906368621660723683e-01
1.906684442087226150e-01
1.907484030129674990e-01
1.910617455637023954e-01
1.912136370605667102e-01
1.914292836182946989e-01
1.916715206826576090e-01
1.917866392884321480e-01
1.918501194739842541e-01
1.920375221877861915e-01
1.921047584727332003e-01
1.923014781575337340e-01
1.924069249671703508e-01
1.925487791732171106e-01
1.928295304839760249e-01
1.929396714809605284e-01
1.932393856405809907e-01
1.935589537727279152e-01
1.936625637952331669e-01
1.937793603721603419e-01
1.940540399180116227e-01
1.941805379073559823e-01
1.942369112664791564e-01
1.944782054753197709e-01
1.945705153452080005e-01
1.948851724772548977e-01
1.949495241284638081e-01
1.950653864428710527e-01
1.954083772560974708e-01
1.954212649804255852e-01
1.956529708677870460e-01
1.957947029764558755e-01
1.959540722470004825e-01
1.961133563489551868e-01
1.961612083582320032e-01
1.963917804554586033e-01
1.965019815531708902e-01
1.965870940162440794e-01
1.967930026538603494e-01
1.970395753979219955e-01
1.970825358906069802e-01
1.973143933973189879e-01
1.974846242352763515e-01
1.975849676415766809e-01
1.978702038326431156e-01
1.979066512222658614e-01
1.981146625454344445e-01
1.981557003982151455e-01
1.984152996986366935e-01
1.984538979438204842e-01
1.986262264507683561e-01
1.989081340448631829e-01
1.990429998337634732e-01
1.991386172077136696e-01
1.992591685625074438e-01
1.995387386227054360e-01
1.996086684837349579e-01
1.997266973154161462e-01
1.998958137513358047e-01
2.000036169239104988e-01
2.001604964416333621e-01
2.002854898617552892e-01
2.004573493062294931e-01
2.007373511463262372e-01
2.008327324603338404e-01
2.010026559040587468e-01
2.010767085405572030e-01
2.012351977911978063e-01
2.015320060215843034e-01
2.015699018415991195e-01
2.016960840427442225e-01
2.018322926657137029e-01
2.019310779421109592e-01
2.019840571221225567e-01
2.022727503834658436e-01
2.024969814960971282e-01
2.026056789889606191e-01
2.027238983700780095e-01
2.029627017679744572e-01
2.030272001896391287e-01
2.031920257215105718e-01
2.033494223723223970e-01
2.034934408987520704e-01
2.036411686620812900e-01
2.037042375711590192e-01
2.038423354655886088e-01
2.039494689781942982e-01
2.040366506677851466e-01
2.041444260402143773e-01
2.042546295488682495e-01
2.044534082732188673e-01
2.045329055393100282e-01
2.047162117393165615e-01
2.050308109083832098e-01
2.051479272478433369e-01
2.052049572079445439e-01
2.054271814420960962e-01
2.055303529904194404e-01
2.055522271054520400e-01
2.058501089302558762e-01
2.058961842923127950e-01
2.059772212863945906e-01
2.062058059713015312e-01
2.063963894406480870e-01
2.065299667453319166e-01
2.066686931652298165e-01
2.069240948021843773e-01
2.070416373107576147e-01
2.072118264164086732e-01
2.073785582466477206e-01
2.073864318770672899e-01
2.075756159761678876e-01
2.079121963732577516e-01
2.079456445176423030e-01
2.080809853952877986e-01
2.082748240631357717e-01
2.082914823937196680e-01
2.084535895087987478e-01
2.086113519644726966e-01
2.087626545254656629e-01
2.090556086013075909e-01
2.091792564021742462e-01
2.093223442660810396e-01
2.094350409549769199e-01
2.095806818163739593e-01
2.096744358576490275e-01
2.096955979064275832e-01
2.099748626475949065e-01
2.101867020672096575e-01
2.102154245329777571e-01
2.103770005222507788e-01
2.105016045486952925e-01
2.105285829944295861e-01
2.107975070939933082e-01
2.108710544772859352e-01
2.110198304783405809e-01
2.112153796014837048e-01
2.113860383672724885e-01
2.114546915408537786e-01
2.114932373761502504e-01
2.117184766183774769e-01
2.120525048248305122e-01
2.121280491763295473e-01
2.122513845295159740e-01
2.123455371579562601e-01
2.124892817250385590e-01
2.127619134171845616e-01
2.128131746349299913e-01
2.130018702820782595e-01
2.130939991492311614e-01
2.132738849152879534e-01
2.133779937662035331e-01
2.134554382762644531e-01
2.135873041199810307e-01
2.139403364509096239e-01
2.141518228119507761e-01
2.142213039046999001e-01
2.142909290150228907e-01
2.144779585222568175e-01
2.146675425077430033e-01
2.147785658707581646e-01
2.148896415253395697e-01
2.150018324982072015e-01
2.152270526320488875e-01
2.155183939808689719e-01
2.156606509881541511e-01
2.156804528940239052e-01
2.159246718888679084e-01
2.161366849444927574e-01
2.163262220911824074e-01
2.164468969364675976e-01
2.164765123322520135e-01
2.168004493981635639e-01
2.168402474897456744e-01
2.170627077594247112e-01
2.172616549520301477e-01
2.174473515042278371e-01
2.174855036311040268e-01
2.176883274683274472e-01
2.178673589838290570e-01
2.179633223091706484e-01
2.181616075889291906e-01
2.182842039371039045e-01
2.186036673929770136e-01
2.187535861077878063e-01
2.188252485747539389e-01
2.188389559819627350e-01
2.191081769833728432e-01
2.192374329808663425e-01
2.193000812057295246e-01
2.196782618933486864e-01
2.198733815518735257e-01
2.199962332676054233e-01
2.202036269470724339e-01
2.202767686979172079e-01
2.205038971582123919e-01
2.206028342866763470e-01
2.207829064226247973e-01
2.209640167048591286e-01
2.210790076064679255e-01
2.212256823485685975e-01
2.214051553682452878e-01
2.215654351188236781e-01
2.217542910649016319e-01
2.219727034999135207e-01
2.221879856874762471e-01
2.222803579638933935e-01
2.224391514596355257e-01
2.226061784408994992e-01
2.228804030684951309e-01
2.230709660042477505e-01
2.231039140772648477e-01
2.233480891658841672e-01
2.235045788648026277e-01
2.237343795513991873e-01
2.238096486071741165e-01
2.239017181204013551e-01
2.240087212482478607e-01
2.241599816391595112e-01
2.243122382088900968e-01
2.243535055023543057e-01
2.244627487206552474e-01
2.249693372492116150e-01
2.251639192873639006e-01
2.252471832279245856e-01
2.253643417848838759e-01
2.255971121308097682e-01
2.257824070052019683e-01
2.258641468176708356e-01
2.259467803915283513e-01
2.261475128923609024e-01
2.261823732225948513e-01
2.262334018038842931e-01
2.265025337905694769e-01
2.267579304529566964e-01
2.269033303597604301e-01
2.270005205769571599e-01
2.270513634171970885e-01
2.273038965472978234e-01
2.274562171793156617e-01
2.275512218791486130e-01
2.278715503113304119e-01
2.279303282442594891e-01
2.280265491134222666e-01
2.282672009622702392e-01
2.284171058476961724e-01
2.284412296685021937e-01
2.288790893544578875e-01
2.289288034454265985e-01
2.290637471590659113e-01
2.291423273853545051e-01
2.292606991068924516e-01
2.295617035826810759e-01
2.297824535627257803e-01
2.298753549786083927e-01
2.299470999620675804e-01
2.300124522631339652e-01
2.303283610229113765e-01
2.305702257659304755e-01
2.306391423812743924e-01
2.307780428316052179e-01
2.308684559725238394e-01
2.310216850536289668e-01
2.312134535939966151e-01
2.314341406993481176e-01
2.314695196792879162e-01
2.316033807211613227e-01
2.319686471034793918e-01
2.320647001299124546e-01
2.321489252942918469e-01
2.323438693308447489e-01
2.324345584358963879e-01
2.325122645321621162e-01
2.326138771978165376e-01
2.328459896783388883e-01
2.329153477165837316e-01
2.330672567559685937e-01
2.333007155064808769e-01
2.333314675524085502e-01
2.336051798686861747e-01
2.336181777665873871e-01
2.338505846141746281e-01
2.340529984693363319e-01
2.341691929841009656e-01
2.344600385435302303e-01
2.346911052653412322e-01
2.347414717129849282e-01
2.349364998037415386e-01
2.352148114276918778e-01
2.352497442927013738e-01
2.354785807343264814e-01
2.356405781844224945e-01
2.358852958704052150e-01
2.359995942461218521e-01
2.361570183136346701e-01
2.362228239436751642e-01
2.363937465249601189e-01
2.367814128493014592e-01
2.368014670631198859e-01
2.369488996280409709e-01
2.369878178213189746e-01
2.372601437528251422e-01
2.372987448671950994e-01
2.374343446693886195e-01
2.374704879582165973e-01
2.377073741915814720e-01
2.377952761680732774e-01
2.378859943445114644e-01
2.381425291813353551e-01
2.383279885549162980e-01
2.385705083999743736e-01
2.386842983085197267e-01
2.387291962120213773e-01
2.387497204957847730e-01
2.391424363534494224e-01
2.394165697885747568e-01
2.394746499992540245e-01
2.396926027378046553e-01
2.397474005079548998e-01
2.398836015953333956e-01
2.399517702961913856e-01
2.401658828864688122e-01
2.402362819166074803e-01
2.404046076907020990e-01
2.405875980034041517e-01
2.407692033438473544e-01
2.410505704480919997e-01
2.412146427849440611e-01
2.413616634889788060e-01
2.414432736745731889e-01
2.415097280495178966e-01
2.417686719329610046e-01
2.419509560917398605e-01
2.420587963975289192e-01
2.421454349090705616e-01
2.424975507715947665e-01
2.426576436365779632e-01
2.428193124003396042e-01
2.429342099675801669e-01
2.430405025157563736e-01
2.432189192374276387e-01
2.436094857073076436e-01
2.437336759239774886e-01
2.439135290422485558e-01
2.439614145317536564e-01
2.442169766003640385e-01
2.442651645315488673e-01
2.443413117975381244e-01
2.445819827103661581e-01
2.447044924653091480e-01
2.447881790543488256e-01
2.449450494456806016e-01
2.451585645056829632e-01
2.452493451880963793e-01
2.455321838674072443e-01
2.455748203766910664e-01
2.457820544916137495e-01
2.458621080030081174e-01
2.460853171603166190e-01
2.462647347019928934e-01
2.463526316938635385e-01
2.465239245886205466e-01
2.465833412646813716e-01
2.466676274350064479e-01
2.469074826643911647e-01
2.471659647032420359e-01
2.472726375639152097e-01
2.473072819180232862e-01
2.475397129850102629e-01
2.476006703853960156e-01
2.477365804603088306e-01
2.479399780130106257e-01
2.480887615430092397e-01
2.483223391278537584e-01
2.484668266043225104e-01
2.485965052103548678e-01
2.488037088938267749e-01
2.489248158666658439e-01
2.491422363870507972e-01
2.492116815078214420e-01
2.493473066094605839e-01
2.494713682376293873e-01
2.498139535487577112e-01
2.499746318806069512e-01
2.501809959421674723e-01
2.502869957730626260e-01
2.505073732060280611e-01
2.505999338930805509e-01
2.507920761616503347e-01
2.510323592479278831e-01
2.510983222730893694e-01
2.511991286590690153e-01
2.515394490810121675e-01
2.517329271060641527e-01
2.518470123388390491e-01
2.520182565412590336e-01
2.520850386463867610e-01
2.522567965290513081e-01
2.525391348839070016e-01
2.527048592184013565e-01
2.527793467592442389e-01
2.528385407905412441e-01
2.530436673887719312e-01
2.530613458719551123e-01
2.532407515592787761e-01
2.533965784341851157e-01
2.535399981839785988e-01
2.537989054267491551e-01
2.538787561777919310e-01
2.540352151151647475e-01
2.542294758016875877e-01
2.543486509147202534e-01
2.543737240643729192e-01
2.546057153577314103e-01
2.546803637434870149e-01
2.547545435293488980e-01
2.549661900431022810e-01
2.551178598260975816e-01
2.552743191510909448e-01
2.553973301507674876e-01
2.556397331168850373e-01
2.558856424298699972e-01
2.561543202631868521e-01
2.563362837479459255e-01
2.564359433320469450e-01
2.565268600314556391e-01
2.565852704345696900e-01
2.568048449746898609e-01
2.569531354902196418e-01
2.570609919832271273e-01
2.570975794772068501e-01
2.572091796064967517e-01
2.575076907283828653e-01
2.577260380555543295e-01
2.578251055146535409e-01
2.580520195467999045e-01
2.581059819370301045e-01
2.581300229447869854e-01
2.584603590631472936e-01
2.586107255943941308e-01
2.587806820357630988e-01
2.589653313492748521e-01
2.590035377408054784e-01
2.591588090802841027e-01
2.593978650124835750e-01
2.597736986816873705e-01
2.599200475555866752e-01
2.601065245976934559e-01
2.602791289099385397e-01
2.603826878305231518e-01
2.606090369111415672e-01
2.609037945653699953e-01
2.610238852410004529e-01
2.611153456033977749e-01
2.613373521993848647e-01
2.614190556666036724e-01
2.614411991962197201e-01
2.615416336317128998e-01
2.619705995889763939e-01
2.620921683729052765e-01
2.622047910868097187e-01
2.624457259085516414e-01
2.624812574257520681e-01
2.628177089903522279e-01
2.629439738901762635e-01
2.630462881661514429e-01
2.632048850093428594e-01
2.633415661813311437e-01
2.636633525985492832e-01
2.638513404710534638e-01
2.639013253000499493e-01
2.639599696809197260e-01
2.641801307957661882e-01
2.643223245239221808e-01
2.646906668261393425e-01
2.648116603048212836e-01
2.650170556211421946e-01
2.652318046124964579e-01
2.652714850940873781e-01
2.655093992224111799e-01
2.655430528279890123e-01
2.658710003116422915e-01
2.660385428170213284e-01
2.664023681069589422e-01
2.664533062187055545e-01
2.667121040076566030e-01
2.668610812233735419e-01
2.670126732733211772e-01
2.671058521347510206e-01
2.671978506015380006e-01
2.673041261455744722e-01
2.674731969591113701e-01
2.677511495340053616e-01
2.680198095951899506e-01
2.680691305010167724e-01
2.681803695884478755e-01
2.683506874263722475e-01
2.683719754993528217e-01
2.684961155760705043e-01
2.689157567423962614e-01
2.690702604045089874e-01
2.691620559881304775e-01
2.692216694172106517e-01
2.693701435753216300e-01
2.696021579938709389e-01
2.697675758754297104e-01
2.700080805205535839e-01
2.701446512985870574e-01
2.704672038572843440e-01
2.705185496315159477e-01
2.707796421980769863e-01
2.708862780098338363e-01
2.710703079739519850e-01
2.711205496143903604e-01
2.713294775098351042e-01
2.715429509066206726e-01
2.717350694069056161e-01
2.718495610030249310e-01
2.720355133995155938e-01
2.722318090033234994e-01
2.723513236882066368e-01
2.725309214087887066e-01
2.726237536725193422e-01
2.726809114113304400e-01
2.728733603277505027e-01
2.731095321138151677e-01
2.732832737219589303e-01
2.735879047614304116e-01
2.736427149427416161e-01
2.737683620537156859e-01
2.739093538695475671e-01
2.742401945797982021e-01
2.743063305521956097e-01
2.745230124895210455e-01
2.746689277486190628e-01
2.747928751083826282e-01
2.749334457541329213e-01
2.750961612083472341e-01
2.752301428223409840e-01
2.753236197320357292e-01
2.753647630751923092e-01
2.755226560871371078e-01
2.757037941646218737e-01
2.759883284718209207e-01
2.761723490934863690e-01
2.762895804131604294e-01
2.763898959021977575e-01
2.764085300353769648e-01
2.766669137296139946e-01
2.768413289533525057e-01
2.770566633708339555e-01
2.771651268961338177e-01
2.774509464104919498e-01
2.776042323094370379e-01
2.778038719560317338e-01
2.778671021375655470e-01
2.782166370545843814e-01
2.782718650287119844e-01
2.782984679649210813e-01
2.784011280907656150e-01
2.786755551179001533e-01
2.787812639699787653e-01
2.789194390852439143e-01
2.791023326099330570e-01
2.792286000873199781e-01
2.793274286948643770e-01
2.795566110744323596e-01
2.796010599165839050e-01
2.797750179134907977e-01
2.800199254570942542e-01
2.801142149756882804e-01
2.803187426266685600e-01
2.804346783549552247e-01
2.805475344723469266e-01
2.805969580841094491e-01
2.807351432732652086e-01
2.810144895239584106e-01
2.810696393544591110e-01
2.812871421960456142e-01
2.814447763368987387e-01
2.817803761919951966e-01
2.817821566939410771e-01
2.820236531430818094e-01
2.821421540578832321e-01
2.824195828028370769e-01
2.824472932924236290e-01
2.825848917975665731e-01
2.826771523682799492e-01
2.828030618701352084e-01
2.830099182333386532e-01
2.832327296573926012e-01
2.834368206616977859e-01
2.837443282469710448e-01
2.839468074590649760e-01
2.840305874783445317e-01
2.840949485379495321e-01
2.841571899863509221e-01
2.843008271791800934e-01
2.847846893318259354e-01
2.848824214601958782e-01
2.849358017654723407e-01
2.850563145232268836e-01
2.852291819490843650e-01
2.854138132892041768e-01
2.855798688038930777e-01
2.857500039042206175e-01
2.858656780130630626e-01
2.860281635473720385e-01
2.861675136497146554e-01
2.864120967921439109e-01
2.864450550620732949e-01
2.867904267376059080e-01
2.868904819380797000e-01
2.869874377932156162e-01
2.870661458494723761e-01
2.872437777983486429e-01
2.872689571929074592e-01
2.876037797479036318e-01
2.876518987730206645e-01
2.877214912865027063e-01
2.879494653114311742e-01
2.879629931760434580e-01
2.882629359074423969e-01
2.885053922415736216e-01
2.886457512269111070e-01
2.887065445560630383e-01
2.888923143743984401e-01
2.889793691341728255e-01
2.892945856971378960e-01
2.893521686269873716e-01
2.893854356277245077e-01
2.895134344336043331e-01
2.899543764861568507e-01
2.900345116166179738e-01
2.901547419268998840e-01
2.903914395782095093e-01
2.903925943108335850e-01
2.905503559933629298e-01
2.908434219465244053e-01
2.909469443796622312e-01
2.911257326492651121e-01
2.912662745288439048e-01
2.914105074604628753e-01
2.915183426130869004e-01
2.915688716776592138e-01
2.918321404690879528e-01
2.919973464284715270e-01
2.921683548385075047e-01
2.923528202637588058e-01
2.924470867390177586e-01
2.925177936063375062e-01
2.927914139826686690e-01
2.929925448052070891e-01
2.931856994244284587e-01
2.933189194189560478e-01
2.936246538961237995e-01
2.937611617608292813e-01
2.940259935448308326e-01
2.941303656800444699e-01
2.942424234996451893e-01
2.943320297604174463e-01
2.944327410766439113e-01
2.947940074159244306e-01
2.949212498603844268e-01
2.951349969640219006e-01
2.951595314034476947e-01
2.954146469150451537e-01
2.954922020898740342e-01
2.955515660812135237e-01
2.956450161810525445e-01
2.958608902399815777e-01
2.958898238014768256e-01
2.962714314218535816e-01
2.963508509331558849e-01
2.964257081855972142e-01
2.967649016668225115e-01
2.968601028697441802e-01
2.969905746743377040e-01
2.971708906406471118e-01
2.974154386185258736e-01
2.975236419184192904e-01
2.976996671497323388e-01
2.977282886244105309e-01
2.978952374564629579e-01
2.980186356071907183e-01
2.981704765184098327e-01
2.984909291176532364e-01
2.986277157973202812e-01
2.987104004980150607e-01
2.990117503898407914e-01
2.991392714174487266e-01
2.994227824512996627e-01
2.994653874007114358e-01
2.995516654237816434e-01
2.997892035464213567e-01
2.998194027018603047e-01
3.000207681522365499e-01
3.001108028138058104e-01
3.003576446866136895e-01
3.004932438207940648e-01
3.006646251559933480e-01
3.007194851546617920e-01
3.008469929688633582e-01
3.010741519689500989e-01
3.013783440883316400e-01
3.016618450866899170e-01
3.017122619412980211e-01
3.017731061869030063e-01
3.019405198200680318e-01
3.020239829243593910e-01
3.023167821213278428e-01
3.024116297225042937e-01
3.024714802179396811e-01
3.026123100763525309e-01
3.026991425977860750e-01
3.029643613973788119e-01
3.031146903435266715e-01
3.032115156627182562e-01
3.032429058215556639e-01
3.035456294683979150e-01
3.035951756641803168e-01
3.038587203818632343e-01
3.039375487073088244e-01
3.042392148947776209e-01
3.043220927161730538e-01
3.045625949890871653e-01
3.047424822256948884e-01
3.049228137112326986e-01
3.049999051710770570e-01
3.051278975315062092e-01
3.052097002519025826e-01
3.053278145321017822e-01
3.054130983576862635e-01
3.056148282521938819e-01
3.058752426851504835e-01
3.059273201403807096e-01
3.061622813624116923e-01
3.066220143121506925e-01
3.067916295522398196e-01
3.068790863501902333e-01
3.069520688426832788e-01
3.070685121013744245e-01
3.072458818605283137e-01
3.072982825130858298e-01
3.073580512350790883e-01
3.077273613703277455e-01
3.078110549092503145e-01
3.080390863265625723e-01
3.081106569392104699e-01
3.083279145978213842e-01
3.083872296197728846e-01
3.085634961968542478e-01
3.085993540288851644e-01
3.088465477295199157e-01
3.090269423721708208e-01
3.091537341848119014e-01
3.093802609248473834e-01
3.095012085978550154e-01
3.095423269435603753e-01
3.096913895048603038e-01
3.098773535116408073e-01
3.100439107896246771e-01
3.104573217914738947e-01
3.105249390397664122e-01
3.106477454512165393e-01
3.107792137683829670e-01
3.109142833174532439e-01
3.110003989414715231e-01
3.113231356110308656e-01
3.113640909011348712e-01
3.115296215676527924e-01
3.116501514953493035e-01
3.117590605745683696e-01
3.120360828123955876e-01
3.121172783673996087e-01
3.123351545172345367e-01
3.125230465849512806e-01
3.126052400556552646e-01
3.129078066512707701e-01
3.130899975690484283e-01
3.132338874434261733e-01
3.133939935695222445e-01
3.137114223317750139e-01
3.137974937600354064e-01
3.138909481871933749e-01
3.141353072129355328e-01
3.142458030447727313e-01
3.144034582026539737e-01
3.147520986291442169e-01
3.148681175018883671e-01
3.152256994277329305e-01
3.153567164885769936e-01
3.154407063670688904e-01
3.156014351543375285e-01
3.157574746409619881e-01
3.158488922543041810e-01
3.158857243784848334e-01
3.162190516081306857e-01
3.164054316748582951e-01
3.165639162470489931e-01
3.167405150653198609e-01
3.168514759486262267e-01
3.171404803293840780e-01
3.172874463029994319e-01
3.173535372039674174e-01
3.175741780622688970e-01
3.177294675457251194e-01
3.179803754686063577e-01
3.181618941767735964e-01
3.182635099693724712e-01
3.184412422311178048e-01
3.187054881431302666e-01
3.187828583793527182e-01
3.188838279026247058e-01
3.191647384705714741e-01
3.193520768503539942e-01
3.196500127124853319e-01
3.197584691504123389e-01
3.199449666735528774e-01
3.201197241862992482e-01
3.202978434083140202e-01
3.203426169850309702e-01
3.205931937426279577e-01
3.208233556324412428e-01
3.209184896229679285e-01
3.210219562761119083e-01
3.214020842129107214e-01
3.214625254083943728e-01
3.215497857474708954e-01
3.216901190406794009e-01
3.218106939786412046e-01
3.218742792427934929e-01
3.222405306959589821e-01
3.223159026970366381e-01
3.224378157255201049e-01
3.225989836316902615e-01
3.226611733873067100e-01
3.229215169594311652e-01
3.230536596067686839e-01
3.233828704043955615e-01
3.234083337909899880e-01
3.236647433218033387e-01
3.238748346108290543e-01
3.240598293217753501e-01
3.241783437963989822e-01
3.243012694651354333e-01
3.244766600358917064e-01
3.246931305363590647e-01
3.248194498911929351e-01
3.251215545311413879e-01
3.252601810951270545e-01
3.255029701005978104e-01
3.255734045092288365e-01
3.256608832767247108e-01
3.259557517616349376e-01
3.261055321715322641e-01
3.261235014635178731e-01
3.263094647119060276e-01
3.265453761007737210e-01
3.266235273811082251e-01
3.268114394957874480e-01
3.270948422780912690e-01
3.271569914521134659e-01
3.272919539281898271e-01
3.275184200717012883e-01
3.277225740328587045e-01
3.279618292547221703e-01
3.281023484563783676e-01
3.282469459594569150e-01
3.283088198609310226e-01
3.284071791602595769e-01
3.286876305024534761e-01
3.288695984255347593e-01
3.289215739158892760e-01
3.291753551651319665e-01
3.292797681856448055e-01
3.293613409675497650e-01
3.294493011675962979e-01
3.296750101020220480e-01
3.299136203519778543e-01
3.299773757983560096e-01
3.301189292025674682e-01
3.303299656456944455e-01
3.304552462801373935e-01
3.306871865227120622e-01
3.307902041671436644e-01
3.308914781997653876e-01
3.309689015224278608e-01
3.313175554903070030e-01
3.314783806710888125e-01
3.316639853734825172e-01
3.317912526491980651e-01
3.318940413796048206e-01
3.320113511186412181e-01
3.323612205795132835e-01
3.325265128812632809e-01
3.328315807958755479e-01
3.330493579557931572e-01
3.331115201827921091e-01
3.332776525310972016e-01
3.334485225898608518e-01
3.336255404327133633e-01
3.337287267268679858e-01
3.339829076347269887e-01
3.341254527774852323e-01
3.341653588636422367e-01
3.344242323792759874e-01
3.346151725563188961e-01
3.347187516549605113e-01
3.348682912109289256e-01
3.350828845853681681e-01
3.353041080593430756e-01
3.354730076879676171e-01
3.357725117053984021e-01
3.359294267731948169e-01
3.361400791449374315e-01
3.361892895647961566e-01
3.364223321291474056e-01
3.366055403177430350e-01
3.366458084014249952e-01
3.368679472987900492e-01
3.369688801224307584e-01
3.373470645277919511e-01
3.374618176880944120e-01
3.376809353225391774e-01
3.377598078563336936e-01
3.380783599362704450e-01
3.383476118655969200e-01
3.384133178884186077e-01
3.386421597713015763e-01
3.388621098579727708e-01
3.390535465406978588e-01
3.391461694502302948e-01
3.394046865898853182e-01
3.395417925544996773e-01
3.396126958501369253e-01
3.397853289821621825e-01
3.399168307730701666e-01
3.401407831128507309e-01
3.402638785118273779e-01
3.406944617220030169e-01
3.408768343798166955e-01
3.410271902006129507e-01
3.411313109945928179e-01
3.413876991797384908e-01
3.415513929216953959e-01
3.416293668615638657e-01
3.420007614123506401e-01
3.422173565039404175e-01
3.422248901622812478e-01
3.424074379578708194e-01
3.426073227307726010e-01
3.428979009786841115e-01
3.430526067691967440e-01
3.434157878290817201e-01
3.436369141299687735e-01
3.438390355396795384e-01
3.438792378501945857e-01
3.442893101883885421e-01
3.445458846587745594e-01
3.446209809103237265e-01
3.446898764122725556e-01
3.449748273083645400e-01
3.453659206170395790e-01
3.455904600178503761e-01
3.458072829950181726e-01
3.458839276696127896e-01
3.460342343758212591e-01
3.462995262548865805e-01
3.464259765794823198e-01
3.467119341843717395e-01
3.468376503632415453e-01
3.471707055345924497e-01
3.473459786581212239e-01
3.475212722044707658e-01
3.478461094156654609e-01
3.479370269880073252e-01
3.480682595098263388e-01
3.483647560718275416e-01
3.484776594282421036e-01
3.486057411492590186e-01
3.488179252200243607e-01
3.489843974354812084e-01
3.492591813656956146e-01
3.493755206298078120e-01
3.497602081125696927e-01
3.499530794841272940e-01
3.500587274403916815e-01
3.503849668542564633e-01
3.505816515806679523e-01
3.507562826054193006e-01
3.508788291038623663e-01
3.510474008531445089e-01
3.512395346302601973e-01
3.515827820814901861e-01
3.518934088115732162e-01
3.519509439801064010e-01
3.520658280427576003e-01
3.523673608623600351e-01
3.525885129118959127e-01
3.526752312496322928e-01
3.530876960769279149e-01
3.531388400939541872e-01
3.534540444411456983e-01
3.535383064914340845e-01
3.538014810039662450e-01
3.538235746346735100e-01
3.541283811683405558e-01
3.544025839959585866e-01
3.544739828388943081e-01
3.547338911847373599e-01
3.548474945446490336e-01
3.550793481667117724e-01
3.553351988407793538e-01
3.556162082664755530e-01
3.557426444822098244e-01
3.559247156273042667e-01
3.562060722205083740e-01
3.563898274431258062e-01
3.565847251475735558e-01
3.566890979936134798e-01
3.569450208212875952e-01
3.569798473322151056e-01
3.570536841346760304e-01
3.572436237849300755e-01
3.576391564819288438e-01
3.578375720412684258e-01
3.579989343326556717e-01
3.582611814398216632e-01
3.583483657835437319e-01
3.586086125208901021e-01
3.588317701772571477e-01
3.589991044974235046e-01
3.592580080743703053e-01
3.594248075561972677e-01
3.595518991127765740e-01
3.596136085196536269e-01
3.601086550106559758e-01
3.602597275513375052e-01
3.604609946400524900e-01
3.606417902362736849e-01
3.609805040473467730e-01
3.611199871061488431e-01
3.612490540327257249e-01
3.617385182871040716e-01
3.617905315433794233e-01
3.618523237895827083e-01
3.621372811051689067e-01
3.624892161227308840e-01
3.625506869987761283e-01
3.627020690422798621e-01
3.630615183781633615e-01
3.632418448164645985e-01
3.634263503347843760e-01
3.636883833588044346e-01
3.638620114575281117e-01
3.640328774223789976e-01
3.642398738939745528e-01
3.645432652971282717e-01
3.646736896829598229e-01
3.649136686695317877e-01
3.649446790570500254e-01
3.652449250623877597e-01
3.654452595473336451e-01
3.656705626518662045e-01
3.657744816674901034e-01
3.660294035077529817e-01
3.662391361404646051e-01
3.663916946357433924e-01
3.665356941919791223e-01
3.670129766187778531e-01
3.671693878769372033e-01
3.673661486541376364e-01
3.674551687104082309e-01
3.680051871809231212e-01
3.680695226108407492e-01
3.681907444814356278e-01
3.683279614140343994e-01
3.685889437812630565e-01
3.688522995887470457e-01
3.690483580344909309e-01
3.691108345840031779e-01
3.694088523206325858e-01
3.696114049539272473e-01
3.697725665692013775e-01
3.699290891636339840e-01
3.702255458383856834e-01
3.703261261977223717e-01
3.705345118700460461e-01
3.709130191211903460e-01
3.711281735716243646e-01
3.712818251284745186e-01
3.715590300385868683e-01
3.718917759531351064e-01
3.719825335211578987e-01
3.724723868147980510e-01
3.725514089764281334e-01
3.728021458173948477e-01
3.728505937418081229e-01
3.729418052305018549e-01
3.732219401152983007e-01
3.732571072595777806e-01
3.736724761055797428e-01
3.738056831977201733e-01
3.739928505130949432e-01
3.741642350747436119e-01
3.742452803863118294e-01
3.745104728389344051e-01
3.748529846154172174e-01
3.750277276002421112e-01
3.754548327011851816e-01
3.755604465115326973e-01
3.758356700885382429e-01
3.760775535300295846e-01
3.762047231723255059e-01
3.763647977501254904e-01
3.765404050754923571e-01
3.767323276547005495e-01
3.770051159617088254e-01
3.772460779397664443e-01
3.774990734151321137e-01
3.775354044346909688e-01
3.778723267944796294e-01
3.779534914684419267e-01
3.781577647220900618e-01
3.784226378470196828e-01
3.786788492299356657e-01
3.787744649029016197e-01
3.792745742737408943e-01
3.794889042902023224e-01
3.795877519220524077e-01
3.797491931325072123e-01
3.799489063915781339e-01
3.801886637190683982e-01
3.804402403337239225e-01
3.807223494011010012e-01
3.808983326575678396e-01
3.811086550565540021e-01
3.814293089683341575e-01
3.814998985415509747e-01
3.819932243515752890e-01
3.821443371736471528e-01
3.822933323188386079e-01
3.824355954334501262e-01
3.826346370578081468e-01
3.827811921932184891e-01
3.832867699853401144e-01
3.836020231796228308e-01
3.836951562136429739e-01
3.839761524112432767e-01
3.841960534467602217e-01
3.843664880902528114e-01
3.844587895635029895e-01
3.847952958908905097e-01
3.849684727605193202e-01
3.851231215884768910e-01
3.854256114784456178e-01
3.856334843365085696e-01
3.857572891516973246e-01
3.861510754116505573e-01
3.863057510740676714e-01
3.867272494851433651e-01
3.868695040938967544e-01
3.870449532437263973e-01
3.871520361622966533e-01
3.873488439460911481e-01
3.878991553279057536e-01
3.880232655815637477e-01
3.883766955405283383e-01
3.884873179709772972e-01
3.887360388638628206e-01
3.888441566496105839e-01
3.889356929959251752e-01
3.890632128983717575e-01
3.897985005314860696e-01
3.899683897315053827e-01
3.902410881394995923e-01
3.902893799879711412e-01
3.907489626211029798e-01
3.908265119694999679e-01
3.912565227211770580e-01
3.915371253108964611e-01
3.915675092009328617e-01
3.916781656961155766e-01
3.922539723977938042e-01
3.922645154830217140e-01
3.926870368568771141e-01
3.927105650996846054e-01
3.928763266186428016e-01
3.928942093828001747e-01
3.932512849456247239e-01
3.935966260309413656e-01
3.937470111252850402e-01
3.941645304199722366e-01
3.946977891445551667e-01
3.948263907802417871e-01
3.949851112969389733e-01
3.951101076636915344e-01
3.953599979463387482e-01
3.956646647935170291e-01
3.959517114623395395e-01
3.962253772369359606e-01
3.966086156621528858e-01
3.966788301181387033e-01
3.968500350352696660e-01
3.970369729332010045e-01
3.973471838417496071e-01
3.974769875665566943e-01
3.975777234266928417e-01
3.983110969363330978e-01
3.986959641172994617e-01
3.987577358885125989e-01
3.989225236917211537e-01
3.992044480304795528e-01
3.992591823453011113e-01
3.993976542954205122e-01
4.000602147652993490e-01
4.002895501016646151e-01
4.004061951296831734e-01
4.009215190943936080e-01
4.010718248884957426e-01
4.014625509229509115e-01
4.014983427480184885e-01
4.017251524697749709e-01
4.018674649668063648e-01
4.021834564827395098e-01
4.025693848699140598e-01
4.027882951129592159e-01
4.030965911686495429e-01
4.032834291215109390e-01
4.035632392397318635e-01
4.039455759568834070e-01
4.043996278498838692e-01
4.046473319294645599e-01
4.049547845161378112e-01
4.050437966158333403e-01
4.051149911741723786e-01
4.057626702754898451e-01
4.058034656548789032e-01
4.063522589328244505e-01
4.065165350800071242e-01
4.066949534686896128e-01
4.069529523604636378e-01
4.070340563487974128e-01
4.073607999863478879e-01
4.076556319197487954e-01
4.077382467318190762e-01
4.083883239493464878e-01
4.085162087025446809e-01
4.086916019244900000e-01
4.088428676380305160e-01
4.089596291877219958e-01
4.093351557368495319e-01
4.097587258645900565e-01
4.099717165654407913e-01
4.103385203304878437e-01
4.105188731443746852e-01
4.107360404446334656e-01
4.109014793389249021e-01
4.111100396920833178e-01
4.113087920399564612e-01
4.114138039838649008e-01
4.118455839152324605e-01
4.119380340492746484e-01
4.121500817108857961e-01
4.125795484465901164e-01
4.126705785738434273e-01
4.131517510136700766e-01
4.133839763252006305e-01
4.136649041521237025e-01
4.139501172574244769e-01
4.141867962950231963e-01
4.146007279845371762e-01
4.148025444247649962e-01
4.149202846778978215e-01
4.154344054333868885e-01
4.154626505406836534e-01
4.157629730853831806e-01
4.160419326024660802e-01
4.163443730363348694e-01
4.165215715684829623e-01
4.166950652152983658e-01
4.170309928528339594e-01
4.172555845878966885e-01
4.176134795572895020e-01
4.178291713895863624e-01
4.183419287643047602e-01
4.184182136175901845e-01
4.185942861907390733e-01
4.190848017143395388e-01
4.193117888246497560e-01
4.194912950602555646e-01
4.198972984383895768e-01
4.202298844912053521e-01
4.203195247065776297e-01
4.205807626149649647e-01
4.206707384409806294e-01
4.212479327098684334e-01
4.213523654830972909e-01
4.216867645552646038e-01
4.220684371351601238e-01
4.221809460974803030e-01
4.226858966675494655e-01
4.228750168357829908e-01
4.233796827028153964e-01
4.235305603906239225e-01
4.238686789913205244e-01
4.240671398170093309e-01
4.243276275351610116e-01
4.244966443331590900e-01
4.245827606160132439e-01
4.251529114697729095e-01
4.253227465842814858e-01
4.254286460052402186e-01
4.255908718871126983e-01
4.258340737896192385e-01
4.260613686645883247e-01
4.263019709467134044e-01
4.267651627443519446e-01
4.271526292699352467e-01
4.274428113471711588e-01
4.275833832956357772e-01
4.277454958275047070e-01
4.280588495824214079e-01
4.283998597305456180e-01
4.285303510780168468e-01
4.290825930506771968e-01
4.292573262754092456e-01
4.294571823608365757e-01
4.298090548634925789e-01
4.303147124523513667e-01
4.305613150401945699e-01
4.306442976127421995e-01
4.308390261032295498e-01
4.314310179767393283e-01
4.317252052469442991e-01
4.318894682161888432e-01
4.320250266600352829e-01
4.324786053731202173e-01
4.325919976157022728e-01
4.327922906897020972e-01
4.333253686310775676e-01
4.335812381076233901e-01
4.338921374093857586e-01
4.341122437189052219e-01
4.344846358064383129e-01
4.347114042150129198e-01
4.348687044559438331e-01
4.349215207407770012e-01
4.353804660326633380e-01
4.358411425140493733e-01
4.363176063353590428e-01
4.364319615081864168e-01
4.366809718700488396e-01
4.367906235109122459e-01
4.374254160984482054e-01
4.375881315514148495e-01
4.378357415691070953e-01
4.380539204247876905e-01
4.386244014112004042e-01
4.386763719841057507e-01
4.392438551368101352e-01
4.392918708173491615e-01
4.398034046528416230e-01
4.401024424129251211e-01
4.403327672688004957e-01
4.408085457170839438e-01
4.409160834334479584e-01
4.410978785156768889e-01
4.415206803797889212e-01
4.419561098586130554e-01
4.422139209034054441e-01
4.425909843404782773e-01
4.427407654101158108e-01
4.428177408795709868e-01
4.430593371751866405e-01
4.434605944841708558e-01
4.438351300559835733e-01
4.440488804845068027e-01
4.445254988346765690e-01
4.449922645649533326e-01
4.450975558552711653e-01
4.455896983268144984e-01
4.457508318171640171e-01
4.461449362120691875e-01
4.466292723375072105e-01
4.466686722331980053e-01
4.470305849156298028e-01
4.473153390481403036e-01
4.479299129551367331e-01
4.479745643621013129e-01
4.483822327414236919e-01
4.487228632006320939e-01
4.488068971079845482e-01
4.491798823433791887e-01
4.493266194044271966e-01
4.496765690621336575e-01
4.500229792879095747e-01
4.501138052474776274e-01
4.503997928553312713e-01
4.507834867893127373e-01
4.509799642067172099e-01
4.512193121970805576e-01
4.516335498120460645e-01
4.519049517044274045e-01
4.521267048036423652e-01
4.524863718574080318e-01
4.529394224863234064e-01
4.532165543323243284e-01
4.537619113519443803e-01
4.541709620736893438e-01
4.542934275429908464e-01
4.546772790539242437e-01
4.549414098275875173e-01
4.549835495610367042e-01
4.552086976488994297e-01
4.553030568274761269e-01
4.556530600828703759e-01
4.560565075811640057e-01
4.563911500130460319e-01
4.567686680775515651e-01
4.571281438329836688e-01
4.574827551314615270e-01
4.577386342113301532e-01
4.581793440806648521e-01
4.583557444672974879e-01
4.586703521305917075e-01
4.591385896729860416e-01
4.595531129336844489e-01
4.598354881743630385e-01
4.599672760450039255e-01
4.602534169063778324e-01
4.609267633787595408e-01
4.611278172215500515e-01
4.614054515040705851e-01
4.615813104014866997e-01
4.622410950081471959e-01
4.624266098428393423e-01
4.627888074026821896e-01
4.630210611093935613e-01
4.633974520640409267e-01
4.638278417592889280e-01
4.640071219450244699e-01
4.642360229536514615e-01
4.645178180984113059e-01
4.650290977969162021e-01
4.654204894488245814e-01
4.656199631164134045e-01
4.661130455036108233e-01
4.664644114491003357e-01
4.667673373712696860e-01
4.673793433618593229e-01
4.676097812643467688e-01
4.679989720396108277e-01
4.681126442331954296e-01
4.682833624026571662e-01
4.685417043699503514e-01
4.689639227055674153e-01
4.691846633679340739e-01
4.696409683066995466e-01
4.699284631938837054e-01
4.704678580786044173e-01
4.706773724339108345e-01
4.714038820800683371e-01
4.715452362873153169e-01
4.717490243358321012e-01
4.721556419885755695e-01
4.722586845955488166e-01
4.726954619568679017e-01
4.727648519851976316e-01
4.732716128217138163e-01
4.735613146100097204e-01
4.737931225825180448e-01
4.741931263811281494e-01
4.744840037983939496e-01
4.747372044205617203e-01
4.753426842758244897e-01
4.755103844778157951e-01
4.757973915388753472e-01
4.759139180810394998e-01
4.761428901939855907e-01
4.768579332045232433e-01
4.773482361578856303e-01
4.776000138710042586e-01
4.777527779638310323e-01
4.781964818125485905e-01
4.785373704636811110e-01
4.787062646673420074e-01
4.793062485517263216e-01
4.795501182807935248e-01
4.799273050717868805e-01
4.802058979594877042e-01
4.802815327954679248e-01
4.805923907375297954e-01
4.814018516328700259e-01
4.816218323122886114e-01
4.817017072489234164e-01
4.820958266181112895e-01
4.823161694833555946e-01
4.824194770323548265e-01
4.827942548495802177e-01
4.832097414711622463e-01
4.832426598934434492e-01
4.836865201937785019e-01
4.839062020759859473e-01
4.847497600049961997e-01
4.849044026084611825e-01
4.850489385484712535e-01
4.852248515842112475e-01
4.855159355815176769e-01
4.857945698755268271e-01
4.861285169677579954e-01
4.865392776199860547e-01
4.868835894823671517e-01
4.872180122107326872e-01
4.874801100662859432e-01
4.877804612083721514e-01
4.881740270860643882e-01
4.884238655243652305e-01
4.885755030311607627e-01
4.890510736939271963e-01
4.891618487007956539e-01
4.893734781336230300e-01
4.895835216230441933e-01
4.898623627386782808e-01
4.902351700562310177e-01
4.906874767990301311e-01
4.909110349258637984e-01
4.914913593826918392e-01
4.919152319345291846e-01
4.923235547035634818e-01
4.924048971741492586e-01
4.927679399108955138e-01
4.927953416953401167e-01
4.933606341120939653e-01
4.935556195837366156e-01
4.937906589420850145e-01
4.942857053535729683e-01
4.946715229902075572e-01
4.948187325457297225e-01
4.950964159463190906e-01
4.958859748874447915e-01
4.960206027532074735e-01
4.963672983292777285e-01
4.965477521390655458e-01
4.972125223175664632e-01
4.973442889893037733e-01
4.978414662591079121e-01
4.982520575737777735e-01
4.984011054101050164e-01
4.988590146049488583e-01
4.990622394094208492e-01
4.994967844714515159e-01
5.001552514948259809e-01
5.003319078066217340e-01
5.005329254338447553e-01
5.008801660039311487e-01
5.014149562915469760e-01
5.017595116662237897e-01
5.021483967238199453e-01
5.023294279938923523e-01
5.024347682060492648e-01
5.030500344919498490e-01
5.036003011544585295e-01
5.037215573280570124e-01
5.041771538355701576e-01
5.043493557854488163e-01
5.045757695448320757e-01
5.049977577031079523e-01
5.051802411442911644e-01
5.064279626672997248e-01
5.065559030799871021e-01
5.070849712068687953e-01
5.073608483600012820e-01
5.078140217012004909e-01
5.082706223252491107e-01
5.087497524634974067e-01
5.090856533115701854e-01
5.092410382416312498e-01
5.097916919660023805e-01
5.103078014566718723e-01
5.105373186145260034e-01
5.106693066321746910e-01
5.113698583634216366e-01
5.118474156376687789e-01
5.121023433254731083e-01
5.130572165381473981e-01
5.135492257742769739e-01
5.141651542385063944e-01
5.147190199180379233e-01
5.148494474423862544e-01
5.156083152618606835e-01
5.158489117330908869e-01
5.166962585498066085e-01
5.172040037315918104e-01
5.173171217824201751e-01
5.177982150358280133e-01
5.181883156035261839e-01
5.182137968480632351e-01
5.187877272799077399e-01
5.192156052444723002e-01
5.192682959134349296e-01
5.202226971956145363e-01
5.204182454243452272e-01
5.205780042955328035e-01
5.210626082499815181e-01
5.217513708333514355e-01
5.219986328511236895e-01
5.226172464758811476e-01
5.228357558615317480e-01
5.229798873882212096e-01
5.232634734679372235e-01
5.237739866516694098e-01
5.244769112799789745e-01
5.248464520715111492e-01
5.254288587628023199e-01
5.260481947529581648e-01
5.262794920377091845e-01
5.265038623731812528e-01
5.270492668313574436e-01
5.273621168201126919e-01
5.275968874067240577e-01
5.278096334953991109e-01
5.281005316339083544e-01
5.289590656115826794e-01
5.293801943720496395e-01
5.298604690506415471e-01
5.305669311918326247e-01
5.311486894445299756e-01
5.317730535234209688e-01
5.322297235865822707e-01
5.325647400781241547e-01
5.328433456121222100e-01
5.328803742372328900e-01
5.333098703422145537e-01
5.339663064409684301e-01
5.342278716521982052e-01
5.348960356143221961e-01
5.356175912037296483e-01
5.357029476149911540e-01
5.360942876409322544e-01
5.367350630963845237e-01
5.371329990660895781e-01
5.373906652462211442e-01
5.379093229174832791e-01
5.386614387443539043e-01
5.387248271289371004e-01
5.388663311502145392e-01
5.394069589146370802e-01
5.398909710589326894e-01
5.403373049273495488e-01
5.406023036914945346e-01
5.411817392696346429e-01
5.413861489032257834e-01
5.422022445599145035e-01
5.429619790993215345e-01
5.431785936069427612e-01
5.436617925977824672e-01
5.444351805754295004e-01
5.446379424761963461e-01
5.450218032341823671e-01
5.457204439914159488e-01
5.462604174033613980e-01
5.466067883537402139e-01
5.473962797192158947e-01
5.474962196167975081e-01
5.477980319937281184e-01
5.483193836088415818e-01
5.487918972816744345e-01
5.490106803591544571e-01
5.495104819331924073e-01
5.502626157584912248e-01
5.508105279855026737e-01
5.511868973726621324e-01
5.514232958835378895e-01
5.518776856725898794e-01
5.523290142468160191e-01
5.529198621384501244e-01
5.538766850285341548e-01
5.543746261095993111e-01
5.546416424480385965e-01
5.552571512098152251e-01
5.557674693414550449e-01
5.559608385050499590e-01
5.566695777684125268e-01
5.567933060964840308e-01
5.574620801113731039e-01
5.576632794108402624e-01
5.578213449677044133e-01
5.584628365991557430e-01
5.589751554796882349e-01
5.593785264576562888e-01
5.598434068006347131e-01
5.604732481408786215e-01
5.606870130736469893e-01
5.615340875924705877e-01
5.618969169072836056e-01
5.625552453173070511e-01
5.629186791821729763e-01
5.634498411062583978e-01
5.637827914935967799e-01
5.642558160576645054e-01
5.645710322718702212e-01
5.649844585913268435e-01
5.653674979149649893e-01
5.657708527344588179e-01
5.661312807534870650e-01
5.664186110179554312e-01
5.668212477676384253e-01
5.673252589005027824e-01
5.677276115109590737e-01
5.680789076136553151e-01
5.683266467774620301e-01
5.687455349882187816e-01
5.692824779655479839e-01
5.696924030134398187e-01
5.702548906941636853e-01
5.708113237451670763e-01
5.710539514373024206e-01
5.712483273328846645e-01
5.721713041950603484e-01
5.724210617845409965e-01
5.729847841471665815e-01
5.735181978456038721e-01
5.739412323162789153e-01
5.745648993456599074e-01
5.752020208521834155e-01
5.756016848728163771e-01
5.759451605209935376e-01
5.761232547129210291e-01
5.765597988298525323e-01
5.770222886213816071e-01
5.776301529539407120e-01
5.780345339346338873e-01
5.786647124290288380e-01
5.791630904529218027e-01
5.797532850072886212e-01
5.803125282308968513e-01
5.808307059752583212e-01
5.810136719676435302e-01
5.811568619564845273e-01
5.819957425264397077e-01
5.822278521800107187e-01
5.827532576616130111e-01
5.831099669395475305e-01
5.837588621329243832e-01
5.840503286521264714e-01
5.843929519181347843e-01
5.850434776858779440e-01
5.855931979704775969e-01
5.863417895007633218e-01
5.869398765677753538e-01
5.871144258052881648e-01
5.876109312098146686e-01
5.879649537633827583e-01
5.892471200175105617e-01
5.893684222712821663e-01
5.897971318933452611e-01
5.906706982478573398e-01
5.910456636438957689e-01
5.914626348023299673e-01
5.920147285031190920e-01
5.922023950562057548e-01
5.929028960871827181e-01
5.931251296051670563e-01
5.934778746091875501e-01
5.938269008782633973e-01
5.949681427577675485e-01
5.953739102507974446e-01
5.957666087684376777e-01
5.959298709873729338e-01
5.964834658596217531e-01
5.973964343601118054e-01
5.978292787393287844e-01
5.979423605722519186e-01
5.983167023912621119e-01
5.984965905988554047e-01
5.998523838658332830e-01
6.002180942294413901e-01
6.006922932405734938e-01
6.011324380099432041e-01
6.017744494295903523e-01
6.019627412209702655e-01
6.033964774580928836e-01
6.037042071981567615e-01
6.041519750160028179e-01
6.044753374851127292e-01
6.049400650117227052e-01
6.051183424837076608e-01
6.058182250213561826e-01
6.064747684152043128e-01
6.069726242430749652e-01
6.077700067940693396e-01
6.080521604254851553e-01
6.085703816057169702e-01
6.092010117241781764e-01
6.094510534595735107e-01
6.096993859545887240e-01
6.103083306698523502e-01
6.110208384695747785e-01
6.113273953159032992e-01
6.119597585940272921e-01
6.128237800527553958e-01
6.130971339183661772e-01
6.137735480794180853e-01
6.138078529722962307e-01
6.145623670275602857e-01
6.154789384911431016e-01
6.160299049949677919e-01
6.164347473019026191e-01
6.168576331903533605e-01
6.171879273490046280e-01
6.175719680913626108e-01
6.185966378922564957e-01
6.192667527943819250e-01
6.194310663966030583e-01
6.196923620469152461e-01
6.205717112870199337e-01
6.212297950827219140e-01
6.216173900836751143e-01
6.219025017482517903e-01
6.223871101396644123e-01
6.225665141141087933e-01
6.235554344229574664e-01
6.242378741184769764e-01
6.246231490718625601e-01
6.254952086110651122e-01
6.260321594799197475e-01
6.264387736673483476e-01
6.273095173781721989e-01
6.275891140434340931e-01
6.283429298816357589e-01
6.286165767333937726e-01
6.288473010538110364e-01
6.301055496545835410e-01
6.302978458426237163e-01
6.308891352546658338e-01
6.312022769381134824e-01
6.323079284753844176e-01
6.332294386809136366e-01
6.341933193900703980e-01
6.344769802005180148e-01
6.348059205934725169e-01
6.355784859940198928e-01
6.358877088164167635e-01
6.372454391545879782e-01
6.377242384556957022e-01
6.383318209292045964e-01
6.394457948575275053e-01
6.399423755692013049e-01
6.403476277324228194e-01
6.408231387992391337e-01
6.413095877498552477e-01
6.425522673278345476e-01
6.434954855181405087e-01
6.438820705950921708e-01
6.440663250864069322e-01
6.454239638047402083e-01
6.467276433302778793e-01
6.476214702616328589e-01
6.481066926434677633e-01
6.487387530009625092e-01
6.490329869490315540e-01
6.494491753841299397e-01
6.497396059547662084e-01
6.505205118788502938e-01
6.515465584560763412e-01
6.519422349646156745e-01
6.523657564555540578e-01
6.540946296778797908e-01
6.546118054206915282e-01
6.553421205577329989e-01
6.557796003275851993e-01
6.565974773458982394e-01
6.576747560761260214e-01
6.582591239811995676e-01
6.586191367540166208e-01
6.595113871322538790e-01
6.599281333731474852e-01
6.604503311376660468e-01
6.611972652655067062e-01
6.621871061609282405e-01
6.633761419507397950e-01
6.635762112964412873e-01
6.645647049295830833e-01
6.650124977803997250e-01
6.653019375701121341e-01
6.662503720173008626e-01
6.672639966563472802e-01
6.680833409816092638e-01
6.694469044959941995e-01
6.698404977115223202e-01
6.704902051079184577e-01
6.715655391168463550e-01
6.719375890576475552e-01
6.732788528472762879e-01
6.733550721081650314e-01
6.737755578232822451e-01
6.748379912992028551e-01
6.754097553050590896e-01
6.759483021061502006e-01
6.767702834864656181e-01
6.772599994001271551e-01
6.780625564561871821e-01
6.786119740182050553e-01
6.795413626284654285e-01
6.805260403873482078e-01
6.809827175270363186e-01
6.813451711934055410e-01
6.825898186798156075e-01
6.839283529654498484e-01
6.845431562401801395e-01
6.854648209056292130e-01
6.867673712221895599e-01
6.875303721998635709e-01
6.880179817548067733e-01
6.888989304803362357e-01
6.893597621892267879e-01
6.894714821219762868e-01
6.909990693243805993e-01
6.911330218275781867e-01
6.924332787397337041e-01
6.936486503589738284e-01
6.938946249287558654e-01
6.950193385779523947e-01
6.956672069939922043e-01
6.963889896533123069e-01
6.970701589775216700e-01
6.981648462050498161e-01
6.989285969597828219e-01
6.994480105177238727e-01
7.005107535078276548e-01
7.017312212568062035e-01
7.031911000664312628e-01
7.037832635026892714e-01
7.049709366640984909e-01
7.055940488927808785e-01
7.063522314803615254e-01
7.077476167202482182e-01
7.082014204205138164e-01
7.093843448414923758e-01
7.096950143357499963e-01
7.111040255853509073e-01
7.117603522269251304e-01
7.124145573992735070e-01
7.135496208609417579e-01
7.140378706132765041e-01
7.144653082580618708e-01
7.157511772790843274e-01
7.165060907960995040e-01
7.169380533952999235e-01
7.181802208252160424e-01
7.195858083169883734e-01
7.199295451361995557e-01
7.208799978096676053e-01
7.216220854063000179e-01
7.221543751499611696e-01
7.227637484884491537e-01
7.241032172677850376e-01
7.249075207211651550e-01
7.251394245321090004e-01
7.268176961769179378e-01
7.269944284929324985e-01
7.282157245453906302e-01
7.288443140765992201e-01
7.294424793127147755e-01
7.301211729392748095e-01
7.304678190239731750e-01
7.320115334543820795e-01
7.328968525824284264e-01
7.332488473097880100e-01
7.346906189112183405e-01
7.360247739035483683e-01
7.368551738051968281e-01
7.372584649775519861e-01
7.374520108956903464e-01
7.380767880944385517e-01
7.396110846545594919e-01
7.406894610738036233e-01
7.410922466806881825e-01
7.418791035625854624e-01
7.424777413962241335e-01
7.429764003028755948e-01
7.447111755480255724e-01
7.461438327313960617e-01
7.468061337732747607e-01
7.480642661529660620e-01
7.489040311437316078e-01
7.495675119198604852e-01
7.507692364041148592e-01
7.520729371162495625e-01
7.544643288099335265e-01
7.551965543335547038e-01
7.556662539834760883e-01
7.571456930925555273e-01
7.591727398863178378e-01
7.595840120699975939e-01
7.613813713321465615e-01
7.628071571354391178e-01
7.642559958132344455e-01
7.647534082844935632e-01
7.661707778757579357e-01
7.671314662797941164e-01
7.694247572266696977e-01
7.703963988106202754e-01
7.718587200492921241e-01
7.726798160524989134e-01
7.739783798977074580e-01
7.752722087347809765e-01
7.775984796920002440e-01
7.786511067726975543e-01
7.836796771697567277e-01
7.851933606295751211e-01
7.854403643317701134e-01
7.860015273729101803e-01
7.872905116726085506e-01
7.885737684825377958e-01
7.897481449901528894e-01
7.917558994298046215e-01
7.922576896058556306e-01
7.933542291476239905e-01
7.948353381516216620e-01
7.962602723953436934e-01
7.998308785706598201e-01
8.022331497458276006e-01
8.047766733530374861e-01
8.067582266814878889e-01
8.080702491339738502e-01
8.097408911615321392e-01
8.102866963328984040e-01
8.128048300603732956e-01
8.146065016313097651e-01
8.166820570547025371e-01
8.175572721407239341e-01
8.193964005680823837e-01
8.205434065357817275e-01
8.228586477316133241e-01
8.283091629966036207e-01
8.297817627566329568e-01
8.314030150459673640e-01
8.333240684678612231e-01
8.367265476831629023e-01
8.409001177753443468e-01
8.423085931619390676e-01
8.434182848056561710e-01
8.457175790161091111e-01
8.480162088479215043e-01
8.496484782279113412e-01
8.531798868831979021e-01
8.555834560187389748e-01
8.602729570297605877e-01
8.621176641990765388e-01
8.639430957642901809e-01
8.671929860069608198e-01
8.684342567310043837e-01
8.689497472445614212e-01
8.713586649344088331e-01
8.740830075685008804e-01
8.805147468320009274e-01
8.823199015123011080e-01
8.881856915598688174e-01
8.883897950950374600e-01
8.913666068605466952e-01
8.941823498566672246e-01
9.044845561995344951e-01
9.052448190728057398e-01
9.088943602831023316e-01
9.110488742077510471e-01
9.142002286087955731e-01
9.145879482899180735e-01
9.296787815768312591e-01
9.317438282536832928e-01
9.353698482475982789e-01
9.380773553428795042e-01
9.567887179999311487e-01
9.597972745464857791e-01
9.731088589046600346e-01
9.767751738566765596e-01
9.992626436166451853e-01
1.000000000000000000e+00
