# sorted relative singular values (reduced_hessian) field=lester_brk eps=0.25 N=12 n=3311
1.701643294513142902e-03
1.730999710981636621e-03
1.769023322483699026e-03
1.799609948244613447e-03
2.269636800310593193e-03
2.292780696576333845e-03
2.323551967700598127e-03
2.362016617619552492e-03
2.523704334569281012e-03
2.579845142868220607e-03
2.719917560151901940e-03
2.733711838823631429e-03
2.751365469229130351e-03
2.784644948533383096e-03
3.193991743812789764e-03
3.232124373889693793e-03
3.233500137705067230e-03
3.265187662337497038e-03
3.589996825466966728e-03
3.671449983789983745e-03
3.680476778606595230e-03
3.758169941416375417e-03
4.860660607051324293e-03
4.860905260369871063e-03
4.867651991332143727e-03
4.871830599901890053e-03
7.892430939407257470e-03
7.895372075460507094e-03
7.965676513733825972e-03
7.968794756973842514e-03
8.232588204447558594e-03
8.233052119584418141e-03
8.280662477753998954e-03
8.284870693938276368e-03
1.208724566055669435e-02
1.212821504263149504e-02
1.237961756889292657e-02
1.240160074982769173e-02
1.241261335018514073e-02
1.242603009965427205e-02
1.246427046973134882e-02
1.249509862874606872e-02
1.249934203931039184e-02
1.251223389797634887e-02
1.312482022055421610e-02
1.315935364459873066e-02
1.377758207166230979e-02
1.380555525734300862e-02
1.663973749109202288e-02
1.668067486555165069e-02
1.668373314079786909e-02
1.678498997247010113e-02
1.679859238403360461e-02
1.697310494188606841e-02
1.700664962395349519e-02
1.706208269790538551e-02
1.713377614725150946e-02
1.726588101850721341e-02
1.755815001302440947e-02
1.758296524320046919e-02
1.758961584193674196e-02
1.761448861723809156e-02
1.967213920454313064e-02
1.972181045598779200e-02
1.997479459456760059e-02
2.002101374585749452e-02
2.009162633637004772e-02
2.080002369853289554e-02
2.085702824134651884e-02
2.093955641458891334e-02
2.098206171042660967e-02
2.098905658276324637e-02
2.098947309450871490e-02
2.135579797846086370e-02
2.135615878169612111e-02
2.161143514766859092e-02
2.166191074103050382e-02
2.288089354650951410e-02
2.289289829238522200e-02
2.293648143253665048e-02
2.293964627636208703e-02
2.439838352601797489e-02
2.798845680631682764e-02
2.817406334368206117e-02
2.822384984245997555e-02
2.836609198221448983e-02
3.020260584326178027e-02
3.021057713183760221e-02
3.081849070838810212e-02
3.082570505066411365e-02
3.082694838540206428e-02
3.082704276908219271e-02
3.085812198654686381e-02
3.086120417536459062e-02
3.096615706855363262e-02
3.114906229939883725e-02
3.117259415874472361e-02
3.118189650875253724e-02
3.120785935315497153e-02
3.121554565247624050e-02
3.126638597875219111e-02
3.129069288229009704e-02
3.136003694525724139e-02
3.141677012894722454e-02
3.158084456411760360e-02
3.164420800160375885e-02
3.166798723311547298e-02
3.168526083278574296e-02
3.176359953869311442e-02
3.189783588160288730e-02
3.193344563274892051e-02
3.198312722039840100e-02
3.200663999295560308e-02
3.201506733349290118e-02
3.202581929108815062e-02
3.214376473362197395e-02
3.219880749188856750e-02
3.223177887884186993e-02
3.241127756741108562e-02
3.243024295286967007e-02
3.264177868889785866e-02
3.265525413354471163e-02
3.269944328367713898e-02
3.272403750398216599e-02
3.275851625457552874e-02
3.290116577482579685e-02
3.290756165652189424e-02
3.312592739172854489e-02
3.343195120643282364e-02
3.349799994127487801e-02
3.401544922331572324e-02
3.540521125252962115e-02
3.592856414876994392e-02
3.595489008169445999e-02
3.636357022708641001e-02
3.643669269871810390e-02
3.694479441865144292e-02
3.697556113928870958e-02
3.703966483860965386e-02
3.707331737561098128e-02
3.992176062276035775e-02
3.992586899348153640e-02
4.017685967249354229e-02
4.018132440321741522e-02
4.198094653386590103e-02
4.198160261167399598e-02
4.229532871435699032e-02
4.229603493162911038e-02
4.697705767526766385e-02
4.705769136432837868e-02
4.708615427369561290e-02
4.708794838298988039e-02
4.866366295899567790e-02
4.869725616466302059e-02
4.925516487846567232e-02
4.928417779293006035e-02
5.095418661121085130e-02
5.098797135174628486e-02
5.104034401568428164e-02
5.107015214570353318e-02
5.120774982163286970e-02
5.194252739280458275e-02
5.197729975949667153e-02
5.293983435685687550e-02
5.303244409138162946e-02
5.345622368826955656e-02
5.346149403200222555e-02
5.349472703545520708e-02
5.349560449903469073e-02
5.374017370925705805e-02
5.386090058555381005e-02
5.444614191528295011e-02
5.444913343060613781e-02
5.463051225514556353e-02
5.463309009574536523e-02
5.475698557147126028e-02
5.544452051413185228e-02
5.544858227752778174e-02
5.552337281513785444e-02
5.553054151443923697e-02
5.912890029913480533e-02
5.921583977282350586e-02
5.923750281304441395e-02
5.936675916309658296e-02
5.947359392415040025e-02
5.953098729079752544e-02
5.962882827279572528e-02
5.970155789232570176e-02
5.993328779054819810e-02
6.001203881661383577e-02
6.140419232128817989e-02
6.203795510991860773e-02
6.204287031854684165e-02
6.206854459563065224e-02
6.222397867402255228e-02
6.225523546647616230e-02
6.234177269372721819e-02
6.234254893042831536e-02
6.267608514138520159e-02
6.269406963995079185e-02
6.271790840559843261e-02
6.333278168684139398e-02
6.385222604953359749e-02
6.455834907618569762e-02
6.457031076617605891e-02
6.530112014623920547e-02
6.545907669937107987e-02
6.565769813618461959e-02
6.745452920200699365e-02
6.745768047764924558e-02
6.762715008383704540e-02
6.763098751967082378e-02
6.769962004646819242e-02
6.772935850022306081e-02
6.772955541935639368e-02
6.777293693163197186e-02
6.804633628310945148e-02
6.808589655413255226e-02
6.813777737275833468e-02
6.826321240722306449e-02
6.975272818487222859e-02
6.975535432739432551e-02
7.011548983236046140e-02
7.012671002969961265e-02
7.115356591717376944e-02
7.116282978871113496e-02
7.121511896826605847e-02
7.125762984107197884e-02
7.176851666961434062e-02
7.181319408766749512e-02
7.196128805812013196e-02
7.197105662924545288e-02
7.411177577612872158e-02
7.420693444067311129e-02
7.484881050370079114e-02
7.494211046879127591e-02
7.751676381804001315e-02
7.766113406773271499e-02
7.778886367162964055e-02
7.783333460213080757e-02
7.841453034124977461e-02
7.845066073916884264e-02
7.845914715917655380e-02
7.847660408370084328e-02
7.915456118172083111e-02
7.923525650215984539e-02
7.924515257444322835e-02
7.929093173823167917e-02
8.004312686825046375e-02
8.004730892480640958e-02
8.011745293574180915e-02
8.021431297773227997e-02
8.026961446835768899e-02
8.058060017475807135e-02
8.075427036308487072e-02
8.080481330870735446e-02
8.082869013176341433e-02
8.084676879855876019e-02
8.087069033642757532e-02
8.096127852449339080e-02
8.108896426132536361e-02
8.113960304295142478e-02
8.129816008972168273e-02
8.133277002539800182e-02
8.140708451666041345e-02
8.157737990519277338e-02
8.158712052950092830e-02
8.161455224514770068e-02
8.201112937640268885e-02
8.202056527382792228e-02
8.253327736909568668e-02
8.295649411157109132e-02
8.487489142635205874e-02
8.631407862385895302e-02
8.631562137551891667e-02
8.638701790078265330e-02
8.638894338279490270e-02
8.641564958401179442e-02
8.642997981747088665e-02
8.648317072555826435e-02
8.650346432170766264e-02
8.653255081578381525e-02
8.656608975152929597e-02
8.672893764672118255e-02
8.673314728654943351e-02
8.678113970570312807e-02
8.678395389365162194e-02
8.712784495493403059e-02
8.769411036642821289e-02
8.771284417463406924e-02
8.804927243027657613e-02
8.808976535559732979e-02
8.877209350782390429e-02
8.884999048639202757e-02
8.892660279453425132e-02
8.905113405472615817e-02
8.905845256802945309e-02
8.920901873054380704e-02
8.935460561172543781e-02
8.948993474197036724e-02
8.958660767065029784e-02
8.959106651565723611e-02
9.048403330929238875e-02
9.049142993684415603e-02
9.233453831771264164e-02
9.237241840307111596e-02
9.266768158370650155e-02
9.270130325710181085e-02
9.316299879612517654e-02
9.317068071058762224e-02
9.437412032804390338e-02
9.437900644748631329e-02
9.441143070038912621e-02
9.453714777448615769e-02
9.579650778604784089e-02
9.582162837371187292e-02
9.583637982786527565e-02
9.586636312371367430e-02
9.586874929547152535e-02
9.590883690693244312e-02
9.638552990303646262e-02
9.647988699257001310e-02
9.691175089162178125e-02
9.693166365803439211e-02
9.697868720633309736e-02
9.699255496425410183e-02
9.795416777903367955e-02
9.795942041304886438e-02
9.796904773247810949e-02
9.806618333176835012e-02
9.831391139926150269e-02
9.841449754054221177e-02
9.842997076306370108e-02
9.850671814106361224e-02
9.870489029528832503e-02
9.870670114071598833e-02
9.879576602653884765e-02
9.879890059473780961e-02
1.005695119209679828e-01
1.006320757242716163e-01
1.006616037194792562e-01
1.006884840625637961e-01
1.011678075123560866e-01
1.012611968823200481e-01
1.012826884891451784e-01
1.022127280176320929e-01
1.022853959904804350e-01
1.023602608788865415e-01
1.023618134965176701e-01
1.053229365550798075e-01
1.055057188771744703e-01
1.061068255753721684e-01
1.062942400213812977e-01
1.070302618631989999e-01
1.072061670969838426e-01
1.075015066406778130e-01
1.076999436618353428e-01
1.107183792720356358e-01
1.107307766860727016e-01
1.108235304727970549e-01
1.108393095308356502e-01
1.130184626596957287e-01
1.130460644348116189e-01
1.152141652986019005e-01
1.154084222590001929e-01
1.155779680226139139e-01
1.157138008118105132e-01
1.158493144518145113e-01
1.160282373912520093e-01
1.168041040872068309e-01
1.169090844568995702e-01
1.169627504652136774e-01
1.171685491974621546e-01
1.172237912052753045e-01
1.172503576970346378e-01
1.173638881335914291e-01
1.176637545567322113e-01
1.177946136195501814e-01
1.178175735369608595e-01
1.180076158253982183e-01
1.180091126501056908e-01
1.182044108344380839e-01
1.182137144452558852e-01
1.183891671633304499e-01
1.183984570263403868e-01
1.185355319095611759e-01
1.185455650613514295e-01
1.188207442817965087e-01
1.188718466531384216e-01
1.194605868757118855e-01
1.199097322755486028e-01
1.202962185701011433e-01
1.209860210750461351e-01
1.210655691594553773e-01
1.212163323153807593e-01
1.214009967253920352e-01
1.215265198462460589e-01
1.217263576198360231e-01
1.218440271623819210e-01
1.218572004102582984e-01
1.218787416133120111e-01
1.219482154863757994e-01
1.222962941066974840e-01
1.223067661229642888e-01
1.225631596713776805e-01
1.225699958405610246e-01
1.239043542645683060e-01
1.239136632047257436e-01
1.243125779897425731e-01
1.244957630645200791e-01
1.244991496598304714e-01
1.246950912033060743e-01
1.247285845947007504e-01
1.247535779301798126e-01
1.249282243008441040e-01
1.249438947689893997e-01
1.249887671489582075e-01
1.250459057134492569e-01
1.250588426019278998e-01
1.251037075151698041e-01
1.251333095165946541e-01
1.255984227264572151e-01
1.256085383317968041e-01
1.264598171356771661e-01
1.264822455484383990e-01
1.266951013284100813e-01
1.267726684168710982e-01
1.278338556963138362e-01
1.278350456629883114e-01
1.283370293716416810e-01
1.284136107158238005e-01
1.284539840778707309e-01
1.287150318193335530e-01
1.293148774602909667e-01
1.296493329421826435e-01
1.300106126631675740e-01
1.302231933928736374e-01
1.302281024409962240e-01
1.302472621645743567e-01
1.302538247015868067e-01
1.306372780617288398e-01
1.310024820533327305e-01
1.310076335361437250e-01
1.310120322160353845e-01
1.311566239352126295e-01
1.311585750843813347e-01
1.312081206182801607e-01
1.332072492331946856e-01
1.335069443701621117e-01
1.372953912768228313e-01
1.373020819349093924e-01
1.374666780176193870e-01
1.375898277671506742e-01
1.391728192822929699e-01
1.392431577650539709e-01
1.393745701479796595e-01
1.394523480661544468e-01
1.394932687101888558e-01
1.395642812424452428e-01
1.397680299131661696e-01
1.398060748732382896e-01
1.399901837264715954e-01
1.400604542256213836e-01
1.402455132007096039e-01
1.402465117126368288e-01
1.405286049552958438e-01
1.407381325721057674e-01
1.408505488188554478e-01
1.410417457578419520e-01
1.420732757820977743e-01
1.420816459244656493e-01
1.421156727841926259e-01
1.423266274423067579e-01
1.424633985189866225e-01
1.425428815245331771e-01
1.430597408524510727e-01
1.433604066919340059e-01
1.434603274777180026e-01
1.436029121845381340e-01
1.436186121465549692e-01
1.436520101773101632e-01
1.436571282968376884e-01
1.437254255932006730e-01
1.446500440548566524e-01
1.448240280067887853e-01
1.448268987245316386e-01
1.449205227531775719e-01
1.450584180635628440e-01
1.450695143974523038e-01
1.451779898352841269e-01
1.453332604320881072e-01
1.453769866993095683e-01
1.454572945746891444e-01
1.456506619384530798e-01
1.457375958068613253e-01
1.461362067254580455e-01
1.463706545426201877e-01
1.466459876822573116e-01
1.467969380228990872e-01
1.468006626422727889e-01
1.469312583853591980e-01
1.469343985205211756e-01
1.469759728977282631e-01
1.470752798466604117e-01
1.471951364209150848e-01
1.473902415559813217e-01
1.474818360412732676e-01
1.476247139504950623e-01
1.477567215554193569e-01
1.478175976747040099e-01
1.479853536517337087e-01
1.523153309683884238e-01
1.524188215400992530e-01
1.525693553363225430e-01
1.525841110540551437e-01
1.526834196782307917e-01
1.527722567715919244e-01
1.527727532193588200e-01
1.530813216606077831e-01
1.536276981156843580e-01
1.547022415009828566e-01
1.547156363826305558e-01
1.547822980755094169e-01
1.548036344934234643e-01
1.555429797855738816e-01
1.557532067240362250e-01
1.558766463638202315e-01
1.560498807799561571e-01
1.561740381752123874e-01
1.567932001350307580e-01
1.569726712012408376e-01
1.570825111637888238e-01
1.572431489018538409e-01
1.574441919692093628e-01
1.575916379549076873e-01
1.612662674754794245e-01
1.612952960097446542e-01
1.614047648086089914e-01
1.614757207799284167e-01
1.618774979794136426e-01
1.619843460194687890e-01
1.620772624330031331e-01
1.621963761603678611e-01
1.622499803097692817e-01
1.623229977923078826e-01
1.624821803511323215e-01
1.624878868219793437e-01
1.625094276289872630e-01
1.625368722386638931e-01
1.625580774260042549e-01
1.627531995464540637e-01
1.639464698778854979e-01
1.640442139819917322e-01
1.641631415118895987e-01
1.641853380071647550e-01
1.643011701499326183e-01
1.643241474255203449e-01
1.645005761959376367e-01
1.648255466907848632e-01
1.656436994956901332e-01
1.657331261266188627e-01
1.659362803453931223e-01
1.661333374992642886e-01
1.664164813129779541e-01
1.667650044301953738e-01
1.668934876889064667e-01
1.671502618262328266e-01
1.682419932474155944e-01
1.682760307475174577e-01
1.683146515089661011e-01
1.683331596578086509e-01
1.685629391248166520e-01
1.688538564033860712e-01
1.692446674060293088e-01
1.692848591718378592e-01
1.709836503716498091e-01
1.711967093034195420e-01
1.715332185523184561e-01
1.716012721829713594e-01
1.736797243218395626e-01
1.737811906411986518e-01
1.738571609073274182e-01
1.740550000102562278e-01
1.740578156551952360e-01
1.742599991355981148e-01
1.743538054728384357e-01
1.743626603621740434e-01
1.743790338478872215e-01
1.744056131019156297e-01
1.761984565964733462e-01
1.762766052349358237e-01
1.763680617313568844e-01
1.766948421514747958e-01
1.775530967055691800e-01
1.776743722760737443e-01
1.776825602236689894e-01
1.778290739259120734e-01
1.778291229190785139e-01
1.779816864322698589e-01
1.781850481465312719e-01
1.782996371081907172e-01
1.799808407940821364e-01
1.802098117788495379e-01
1.803509499235207980e-01
1.804762676736385851e-01
1.812083353397285490e-01
1.813572978007253200e-01
1.819902141223191383e-01
1.822449686529666046e-01
1.846748379077499946e-01
1.847908360853608434e-01
1.848647182078044793e-01
1.849315267009447039e-01
1.851525503515859539e-01
1.852362696332131575e-01
1.853336904418662057e-01
1.853705479425702962e-01
1.854154884935146075e-01
1.854527364343121765e-01
1.855495694682924024e-01
1.855533516878596634e-01
1.855864430648457852e-01
1.857014631455565223e-01
1.861524011818856683e-01
1.862808873475972071e-01
1.863748561398482217e-01
1.865608334611207064e-01
1.865754684112077844e-01
1.866942391582291361e-01
1.869899587225729021e-01
1.870039596540230553e-01
1.870202143574793974e-01
1.872304822709218441e-01
1.884740761571666867e-01
1.885562117736332144e-01
1.885734206893144860e-01
1.886832867126043978e-01
1.887140631710294003e-01
1.889214840677311824e-01
1.891441728126663224e-01
1.891700527889460248e-01
1.892176891738613642e-01
1.893200719908946783e-01
1.893729671238665591e-01
1.894114747480501737e-01
1.896066166384173246e-01
1.896731759590955524e-01
1.898102322335957770e-01
1.900096407105465457e-01
1.900307401663864915e-01
1.901027550986968961e-01
1.911941825866454725e-01
1.912619194697729452e-01
1.925274936183279939e-01
1.929217250181773091e-01
1.932119845583329942e-01
1.933202812282031613e-01
1.936624503352830651e-01
1.939033763282718981e-01
1.942586573255394022e-01
1.945782062501875409e-01
1.946258659026236515e-01
1.952820999454684681e-01
1.955353049936578713e-01
1.955734089864877845e-01
1.956041207976309260e-01
1.956342905574783297e-01
1.956438383624180266e-01
1.961919873719110141e-01
1.964027358854651129e-01
1.967440873644838994e-01
1.970080723246693255e-01
1.977146134483571960e-01
1.979402514686325054e-01
1.983304470329302349e-01
1.983917855904349936e-01
1.987252518966647341e-01
2.006610870507780364e-01
2.007063567902860057e-01
2.009356799660483306e-01
2.011796053142414775e-01
2.014596078295080028e-01
2.014960641795338903e-01
2.015789937508082053e-01
2.016653896646284638e-01
2.018125943332370331e-01
2.020294594631853180e-01
2.020746936113593795e-01
2.023678246269084435e-01
2.026243305599197964e-01
2.032058517200822367e-01
2.033982896865965118e-01
2.036371982728367169e-01
2.039833764235462199e-01
2.043994662012554031e-01
2.044921144743309938e-01
2.046915044072738221e-01
2.064286583605579317e-01
2.066250616345714219e-01
2.067368204330831127e-01
2.069447859074927398e-01
2.070034446151961527e-01
2.072118622689250456e-01
2.073647907238878596e-01
2.076072776635693728e-01
2.076442304971865549e-01
2.078177199208436354e-01
2.079221786813283401e-01
2.080157275564211983e-01
2.081901846083453467e-01
2.082201728120233464e-01
2.086565310054575018e-01
2.086663814165224118e-01
2.086771301337342621e-01
2.088106935943724318e-01
2.089074253872944265e-01
2.092330604308889064e-01
2.092377987201236300e-01
2.094950646600252930e-01
2.094992842042764369e-01
2.095428514659470054e-01
2.105906698145294520e-01
2.106401547350734149e-01
2.112461776486583565e-01
2.114257328947230230e-01
2.127733903678425131e-01
2.129666664882846061e-01
2.134506379700142065e-01
2.134586908826094087e-01
2.135377812879586390e-01
2.136440910138933946e-01
2.141749347395762448e-01
2.142524758816929387e-01
2.145032379671633349e-01
2.149792257699179032e-01
2.151569536081400225e-01
2.152219464205081811e-01
2.155908559539706226e-01
2.156761556615844899e-01
2.158477103022400923e-01
2.162873483190490553e-01
2.163866025251676983e-01
2.166999740174239963e-01
2.171884486437124784e-01
2.173476346670107362e-01
2.173874795126556070e-01
2.174259975119078592e-01
2.176770175221440229e-01
2.180020550252373124e-01
2.180527959649357361e-01
2.183393015648220636e-01
2.185589251624545648e-01
2.185778440477698092e-01
2.187650026986113494e-01
2.188313677821272230e-01
2.190490293992982951e-01
2.191251485098914820e-01
2.193435961536916168e-01
2.194538678047803226e-01
2.200128071455119683e-01
2.203327091112627645e-01
2.205210333983348148e-01
2.207518817281902412e-01
2.209038626824721407e-01
2.210985496508065806e-01
2.215323788796965121e-01
2.222338968922078217e-01
2.223072808702535874e-01
2.224436762951599589e-01
2.226588626874162480e-01
2.228125055730109383e-01
2.228827362253115452e-01
2.233188126773854310e-01
2.239423858260746747e-01
2.242716076252666835e-01
2.242965621485506211e-01
2.246036642335518807e-01
2.249902287356119190e-01
2.254275214883373901e-01
2.257545065871333079e-01
2.258611603752568309e-01
2.259332354804164111e-01
2.260956964301431560e-01
2.261808341008136602e-01
2.262517045999974385e-01
2.262938401302613256e-01
2.265843264146672198e-01
2.267058678040902719e-01
2.267369100055253439e-01
2.267917994460536546e-01
2.269856391819471131e-01
2.270313497409933434e-01
2.271920810307309635e-01
2.271984985939345669e-01
2.272116294356101851e-01
2.273567045380475993e-01
2.273672004534410818e-01
2.275563730309935195e-01
2.278065201819537144e-01
2.281204731537015695e-01
2.281897225396026518e-01
2.283757652237362323e-01
2.284728376800317928e-01
2.291316807405250622e-01
2.292813210412308345e-01
2.295712755757652046e-01
2.298239037139208629e-01
2.300582778561965636e-01
2.301232235848649221e-01
2.301340837649628324e-01
2.303979894314669430e-01
2.306436106599361047e-01
2.310932631877862520e-01
2.312098631117131542e-01
2.312220015925151306e-01
2.312475060912927427e-01
2.313480884936063853e-01
2.314907753167574356e-01
2.315740677958478821e-01
2.321317852427418893e-01
2.321373879382420680e-01
2.322563518565168572e-01
2.326363287219461728e-01
2.327254570806941147e-01
2.327415026222902639e-01
2.330581500384182325e-01
2.331018857953206236e-01
2.332128948001333524e-01
2.333075939430806767e-01
2.333727519767768155e-01
2.334304927270593466e-01
2.334645333885040641e-01
2.339698456285380368e-01
2.341106706166355134e-01
2.344610568841528353e-01
2.345583816808256283e-01
2.347007166234730824e-01
2.347244001067862462e-01
2.348466781016157467e-01
2.350820816072761166e-01
2.351572727451005096e-01
2.351946565396665911e-01
2.353591968828128156e-01
2.353655440559521972e-01
2.353800714806433825e-01
2.354614543166420604e-01
2.356389055957488488e-01
2.357519464684240396e-01
2.358002982993116781e-01
2.363931472205725581e-01
2.364331031743551748e-01
2.366649776808939787e-01
2.367106432872547739e-01
2.367320710430275699e-01
2.368886245183915995e-01
2.369580992802178543e-01
2.369812639289048117e-01
2.370669304195066607e-01
2.372652238810221970e-01
2.374204762137885338e-01
2.374872674083777224e-01
2.374918261107295259e-01
2.376470928678140748e-01
2.377050954616253264e-01
2.377461708823900566e-01
2.380103798878042132e-01
2.382004681885065978e-01
2.382926180725464527e-01
2.384392486733259986e-01
2.384400994135083551e-01
2.385287886960427428e-01
2.385641256744610583e-01
2.385948296607732499e-01
2.388705519342387007e-01
2.388990558629376093e-01
2.389724763114325079e-01
2.390705343001270911e-01
2.393980430011559413e-01
2.394740669654280008e-01
2.395417560296557169e-01
2.396721251031663502e-01
2.396812621778404151e-01
2.398868722487872418e-01
2.399730523718665021e-01
2.400448429880313039e-01
2.400780875699905226e-01
2.401987460327091595e-01
2.402769018566810466e-01
2.405762005071319376e-01
2.405871635083050020e-01
2.406337325697433804e-01
2.406821938447415710e-01
2.406950152188881698e-01
2.407158972855127088e-01
2.408971937083600745e-01
2.409411567580588276e-01
2.410815590211910497e-01
2.411859552164543896e-01
2.412191389317423773e-01
2.412238125563360702e-01
2.413936649419023417e-01
2.414900882997957632e-01
2.415018010901474610e-01
2.415613294717175175e-01
2.416922885166323809e-01
2.418067604409657734e-01
2.422138952186402849e-01
2.422607025257434710e-01
2.422906501028858628e-01
2.423994651948414014e-01
2.427357272827254941e-01
2.428173235102360217e-01
2.428848663856001400e-01
2.430468925163049854e-01
2.430748518553299264e-01
2.432749324149763581e-01
2.433070128990314773e-01
2.434362424930587021e-01
2.435542027258124909e-01
2.436613854030794390e-01
2.437252415629727054e-01
2.437979752780332909e-01
2.438592153873404555e-01
2.441967770765057222e-01
2.443026413343584169e-01
2.445433197120403523e-01
2.446163177344676809e-01
2.449311856432822287e-01
2.450264590350651750e-01
2.450385100586700560e-01
2.452102346659554011e-01
2.452667954918278381e-01
2.453141999784218819e-01
2.453931087800142741e-01
2.454993270410785189e-01
2.455581420254695779e-01
2.457278266251221310e-01
2.457479194277892853e-01
2.457705337648907751e-01
2.457831762973839151e-01
2.458736274499327412e-01
2.460276138595761108e-01
2.460728222021411615e-01
2.462664821180914343e-01
2.464055965596355369e-01
2.465931992836195852e-01
2.466238175131904575e-01
2.466484413775801021e-01
2.468017664460519789e-01
2.470037649125642054e-01
2.470513041658964626e-01
2.473278877605226411e-01
2.473815494664851899e-01
2.473951321588251373e-01
2.475536306113835239e-01
2.477844230362337974e-01
2.480266407105174431e-01
2.480482009324981585e-01
2.480504282876220545e-01
2.483261624418427183e-01
2.483878482022075784e-01
2.487162357170230043e-01
2.491101389942723121e-01
2.493087436938113688e-01
2.493401139949137368e-01
2.495137520130841779e-01
2.495573421734002817e-01
2.496258442621599183e-01
2.496363597284036728e-01
2.497595924149695890e-01
2.498618035162519235e-01
2.499471713698558917e-01
2.500836418187649679e-01
2.501229693116638342e-01
2.504934752058034508e-01
2.506096961267800238e-01
2.506701770672606910e-01
2.507287404030824618e-01
2.507549130634483259e-01
2.512121894015741930e-01
2.512516825776789364e-01
2.513546596208928730e-01
2.513972132995425657e-01
2.514494904954736043e-01
2.514909392972937696e-01
2.517025546825953364e-01
2.518777239915299671e-01
2.522067551457855550e-01
2.523093555051744152e-01
2.523128956407525436e-01
2.524725271170054075e-01
2.525453420879808508e-01
2.526191776603602390e-01
2.528609821322400086e-01
2.529315642908575579e-01
2.531216041511281101e-01
2.531322238090394361e-01
2.531792948803141541e-01
2.534099176925174168e-01
2.534556767771151131e-01
2.534871166490939576e-01
2.535224971368136848e-01
2.536498101895529600e-01
2.537095694419889691e-01
2.537753421466575343e-01
2.538685958705269030e-01
2.540258245477930443e-01
2.540778565005726852e-01
2.542185853468160173e-01
2.542240062182798410e-01
2.543318823454573385e-01
2.543486665088666165e-01
2.544102887371256227e-01
2.545532046296553608e-01
2.545731272455467042e-01
2.547258427729645058e-01
2.548346456946351535e-01
2.548836940884737778e-01
2.549565686669468256e-01
2.549897507054377233e-01
2.550282017669210366e-01
2.551168328385938766e-01
2.552590204009126396e-01
2.554114124477929182e-01
2.554912543279643788e-01
2.557991112063914829e-01
2.558611322741924377e-01
2.559352489179260726e-01
2.563219498344990743e-01
2.564052309478261349e-01
2.564184338110327421e-01
2.564900965088482421e-01
2.565404351111014725e-01
2.568598120947471197e-01
2.570108430693097690e-01
2.570939996687082174e-01
2.571112344272589167e-01
2.571315507092672425e-01
2.571767695222726413e-01
2.573494373040369210e-01
2.574172791857323728e-01
2.574432288103780109e-01
2.576083404234758567e-01
2.580738744567145360e-01
2.582944316964296827e-01
2.583408696361159662e-01
2.583624750462336639e-01
2.586197878853593868e-01
2.586201706238670517e-01
2.589457696748682647e-01
2.589583857625920582e-01
2.590327805834002350e-01
2.593151092408206293e-01
2.593815841429712998e-01
2.594238085582400988e-01
2.594840131763767044e-01
2.596880402883880445e-01
2.597392782192073368e-01
2.597932975596958238e-01
2.598767841860993300e-01
2.598800142859739593e-01
2.600837242936869798e-01
2.600915659611330311e-01
2.601934956680465594e-01
2.604356652376451087e-01
2.605058116498780718e-01
2.605673379329186967e-01
2.607726017943736707e-01
2.608041634280435228e-01
2.608129163490668367e-01
2.608748081822174214e-01
2.612336354461490817e-01
2.613577979199948054e-01
2.614403813702639856e-01
2.615357032720951325e-01
2.621704508259569688e-01
2.625136088740922524e-01
2.631577455525298537e-01
2.633811023884692903e-01
2.633973903392978211e-01
2.634831898098941028e-01
2.638357595714320714e-01
2.639438363269330234e-01
2.639610675628474290e-01
2.640029951861965762e-01
2.645341039317345988e-01
2.648296757969075821e-01
2.648628251701281577e-01
2.651780204651659201e-01
2.652977804884554813e-01
2.654459699473171175e-01
2.657442947732714944e-01
2.658463705826629719e-01
2.660098469631499984e-01
2.660792994912068443e-01
2.661718291584828089e-01
2.667349126085932776e-01
2.667700572351292543e-01
2.670386839529677592e-01
2.671639347753732574e-01
2.672358792662450910e-01
2.672991740927183058e-01
2.673284103961920954e-01
2.674753812869600789e-01
2.676264731979546285e-01
2.678143857804243244e-01
2.678881737610264158e-01
2.679836268932540011e-01
2.681772485476680012e-01
2.681882265231972373e-01
2.685283614142747743e-01
2.686274758315349009e-01
2.687292325105893331e-01
2.687298526037220636e-01
2.688811608894939309e-01
2.689377154051823537e-01
2.689585468799772783e-01
2.690214434478699901e-01
2.690267215416199953e-01
2.691583385890135016e-01
2.692905337009559030e-01
2.693364698062838403e-01
2.695008774560685438e-01
2.696475371712632740e-01
2.697220794097121011e-01
2.702549535637653322e-01
2.702649836444198095e-01
2.706356376761987481e-01
2.707968249731280141e-01
2.710795902123537826e-01
2.721870650574284567e-01
2.722647658201866050e-01
2.724139148321192416e-01
2.725441065299868404e-01
2.727502538278969157e-01
2.728762332937408885e-01
2.730334084803280326e-01
2.732532249198146856e-01
2.737013141603167332e-01
2.737726840683764040e-01
2.738149176721013656e-01
2.739559317528900695e-01
2.741578451189862209e-01
2.742389625238280670e-01
2.743462911829037121e-01
2.747209025289785167e-01
2.749859841276813266e-01
2.751464901572592825e-01
2.751804397767821930e-01
2.753170807914465112e-01
2.754418430973220588e-01
2.754428810879232525e-01
2.755301000966729474e-01
2.757709206457508722e-01
2.758314940004809590e-01
2.758796804096840249e-01
2.759913885159360203e-01
2.762482532320574835e-01
2.765448042813675178e-01
2.767490754851009149e-01
2.768206132049678692e-01
2.769674980149999799e-01
2.769865750856748132e-01
2.772678416149554903e-01
2.772864397644146939e-01
2.774734485632468495e-01
2.775233359830287516e-01
2.778150127343874121e-01
2.778854601038753813e-01
2.779309596196163357e-01
2.780693114006367317e-01
2.780952938345482850e-01
2.781159774259160389e-01
2.783010353700715034e-01
2.783710538422066172e-01
2.785876394717746174e-01
2.786390191586572418e-01
2.787426053789620606e-01
2.795322087326125304e-01
2.796750564960301388e-01
2.797160176035569101e-01
2.797844617469774642e-01
2.799134937929830813e-01
2.800004428119056143e-01
2.802924424996124930e-01
2.803640514470560063e-01
2.804893378378829905e-01
2.806150848571136724e-01
2.808848035398665566e-01
2.812855687502052171e-01
2.812936244751790826e-01
2.813317930568265401e-01
2.814490951529327045e-01
2.819048898340546505e-01
2.819056065999545613e-01
2.822547407509187201e-01
2.823780309544947076e-01
2.825286971420104543e-01
2.827098186232965826e-01
2.831016563197133462e-01
2.831903918768932660e-01
2.832199852839809018e-01
2.833674196276681490e-01
2.835343899051577243e-01
2.836109033095047804e-01
2.837450562043901114e-01
2.840252590053816695e-01
2.842897517275061459e-01
2.843406737239529969e-01
2.843833590072910034e-01
2.843994934596707491e-01
2.844756621459458845e-01
2.847035084635416435e-01
2.847805056296697224e-01
2.847922083686418859e-01
2.850916621624222103e-01
2.853710768990338487e-01
2.855253779458996055e-01
2.857800719623582730e-01
2.858588028631135480e-01
2.860635620762126408e-01
2.863201999734474867e-01
2.863768681640869174e-01
2.865810027428942197e-01
2.867931465063816576e-01
2.868310024500356215e-01
2.871412179316391033e-01
2.875659184541623503e-01
2.875937178678484862e-01
2.876033041797564360e-01
2.878488710605499601e-01
2.879007051997296007e-01
2.879611576309462073e-01
2.879619096419253066e-01
2.880437271300444468e-01
2.880667421886934365e-01
2.881324078304647318e-01
2.883728093650714253e-01
2.883890227163580233e-01
2.886160621602048559e-01
2.888904110834807359e-01
2.889106142061248494e-01
2.894016110804009112e-01
2.896634367117046915e-01
2.901266652509454369e-01
2.901763645499974009e-01
2.908177293121706475e-01
2.908384541505551479e-01
2.910903266968321579e-01
2.911622574567213628e-01
2.912783097223837214e-01
2.914413484318646996e-01
2.916251761123320185e-01
2.917963705726407397e-01
2.918009691229476732e-01
2.924049039115724780e-01
2.924132087991938023e-01
2.925428235434034963e-01
2.925523645298406250e-01
2.925618813338101698e-01
2.928334961824539118e-01
2.932992331069863012e-01
2.935202021175273290e-01
2.935770028559170353e-01
2.936280261392027469e-01
2.937789715325562767e-01
2.938556492292637712e-01
2.938687103720069027e-01
2.940513773063652692e-01
2.940862616553380771e-01
2.943360630371523734e-01
2.943459096405190434e-01
2.945728529192886413e-01
2.949233086570375306e-01
2.952425557683261426e-01
2.952672558272763093e-01
2.952760058022929623e-01
2.954708398965177896e-01
2.956688270924508477e-01
2.962261181435517088e-01
2.966266332170462428e-01
2.969826291023386911e-01
2.973124878950724193e-01
2.974406456676922383e-01
2.974433238810816893e-01
2.976732008661135964e-01
2.979176570383590961e-01
2.980201062700446601e-01
2.980301318054185966e-01
2.988077809071567059e-01
2.992852353911970575e-01
2.995173366321337571e-01
2.997606305349111988e-01
2.999348647770306298e-01
2.999733018706470244e-01
3.001346195573682540e-01
3.001826317765540209e-01
3.001990392736791358e-01
3.014401303502528551e-01
3.016402825707638624e-01
3.019739024540925576e-01
3.025637415658760654e-01
3.027851059543308909e-01
3.030376024037419458e-01
3.032342001638476114e-01
3.034617851884767181e-01
3.036421334964374275e-01
3.044782571337892874e-01
3.045727238414956406e-01
3.048436966518390245e-01
3.050140474350291342e-01
3.051236939672341553e-01
3.051389896326812678e-01
3.056208959930336588e-01
3.056913719343216096e-01
3.058020379011521794e-01
3.058408273758383977e-01
3.060576245458743183e-01
3.070631750910200464e-01
3.070679526604544463e-01
3.072810781908766331e-01
3.073743006020395740e-01
3.074887857209892550e-01
3.077235212319130442e-01
3.080588666386626651e-01
3.084254265076684098e-01
3.085753767177766838e-01
3.086861089360780075e-01
3.088082812300815827e-01
3.088143726513402632e-01
3.090609516843000337e-01
3.091564411115635957e-01
3.095308661122687655e-01
3.095639010834750904e-01
3.098974708950131829e-01
3.100115566883713814e-01
3.100390723667595938e-01
3.100623283175039657e-01
3.103887960713204164e-01
3.104983563155489512e-01
3.108345369241895528e-01
3.108711296617464592e-01
3.111000817362823412e-01
3.112071426587569856e-01
3.115425477707555180e-01
3.116051077579942707e-01
3.116084123860460853e-01
3.116881593748234147e-01
3.121609858750706290e-01
3.123779159156316321e-01
3.127453574919193957e-01
3.128679621496352481e-01
3.129406794572709982e-01
3.136411634943849780e-01
3.138584584233451436e-01
3.141256397398075606e-01
3.145580005403499912e-01
3.148515328624080789e-01
3.150352176590474618e-01
3.153300205353366525e-01
3.155409980887594612e-01
3.155504536381308900e-01
3.164764252495902430e-01
3.164779816256897416e-01
3.167318195658403446e-01
3.168473433920232507e-01
3.170253541306466971e-01
3.171809564658275016e-01
3.171969176191528073e-01
3.174972158739298167e-01
3.176199885662461808e-01
3.177537364092666849e-01
3.178194866643944128e-01
3.178252511349123344e-01
3.179171953560207542e-01
3.180644483023477576e-01
3.183913759867555426e-01
3.184487792658340366e-01
3.188066352388869151e-01
3.189301648585851079e-01
3.190203755876720448e-01
3.192828158112377412e-01
3.194842862820730378e-01
3.195434236300259689e-01
3.198230468483123090e-01
3.201782605078251076e-01
3.203909728682792224e-01
3.204102885466304507e-01
3.206683549656277332e-01
3.207851297591461370e-01
3.211074021003476608e-01
3.213078822167524384e-01
3.213651997859165443e-01
3.216127028086792072e-01
3.216590945134660262e-01
3.217845986198150099e-01
3.218919787983112180e-01
3.221565764443231061e-01
3.221859465241969089e-01
3.222356472692289309e-01
3.222571760697167109e-01
3.222897140506293390e-01
3.223478732484045817e-01
3.223632082669848908e-01
3.225119403363818638e-01
3.227748193174029834e-01
3.229376909049276878e-01
3.230391917624834131e-01
3.232936712586620409e-01
3.233368772563825488e-01
3.233441423100222867e-01
3.234824441272278195e-01
3.235268079275448461e-01
3.241679505739979428e-01
3.244290370945475677e-01
3.244346155100374940e-01
3.244845170027364500e-01
3.244993078238087025e-01
3.248897598167260758e-01
3.251097756758010715e-01
3.257512400698114874e-01
3.258051972217149150e-01
3.266337552098450003e-01
3.270915484889502789e-01
3.272623758162648278e-01
3.278904319209060003e-01
3.283687332644619761e-01
3.288491959688479294e-01
3.292886224462853173e-01
3.293023798120292001e-01
3.297095521803885543e-01
3.299089123071534679e-01
3.312111250828357334e-01
3.312653647017869685e-01
3.318533188052738003e-01
3.326818216218712099e-01
3.327342823929748117e-01
3.338768914682946898e-01
3.345248490171709443e-01
3.345495065133548551e-01
3.351310950143016609e-01
3.351465886002331640e-01
3.355693129021686816e-01
3.357184932457122351e-01
3.359399430045338919e-01
3.362356406280191390e-01
3.364827162021847284e-01
3.364973008974733171e-01
3.367489631321247123e-01
3.367723606483234988e-01
3.369341949325962982e-01
3.373518790342199813e-01
3.376706557086511795e-01
3.379780013132061556e-01
3.387431683425395357e-01
3.389874139477996318e-01
3.391377494673095683e-01
3.391484195997241380e-01
3.394563800588881741e-01
3.394895329717275145e-01
3.395978810414674864e-01
3.400503519715534773e-01
3.403759880340981314e-01
3.404004685911086181e-01
3.405210227450493621e-01
3.405268712741635340e-01
3.409033815156032876e-01
3.409325435949686622e-01
3.413282289824831617e-01
3.413570659960917242e-01
3.416248380715204425e-01
3.417280127075711937e-01
3.421564649467440655e-01
3.429026977524754494e-01
3.430771778635091085e-01
3.431282190849659908e-01
3.435324885314583465e-01
3.435534328302928819e-01
3.436578035665257547e-01
3.439377114187367468e-01
3.444402351973183674e-01
3.447378488697449561e-01
3.447829693756589431e-01
3.460570028541545273e-01
3.463963427818246843e-01
3.464764637090001487e-01
3.466437093192586416e-01
3.469325104891379796e-01
3.472591221720429111e-01
3.473839627547951614e-01
3.474825280490201895e-01
3.475468257912721626e-01
3.477876303073306197e-01
3.478085915248301241e-01
3.478239550943993952e-01
3.481855913569208427e-01
3.485966543576759502e-01
3.487041182540623341e-01
3.488584591682815650e-01
3.488666022134342959e-01
3.495961475648338701e-01
3.505781294882253651e-01
3.506675186773265396e-01
3.512570494424359646e-01
3.516744044002712011e-01
3.521782154397491982e-01
3.527273958833019307e-01
3.527577780416898956e-01
3.529390039565240555e-01
3.530500177033802367e-01
3.532830087267872510e-01
3.536342954703885488e-01
3.538941679753147551e-01
3.542018267439675516e-01
3.542354586724200671e-01
3.550669677661745238e-01
3.551787548547102324e-01
3.553493928107997468e-01
3.555463755340824150e-01
3.557840417334537930e-01
3.562145641567255328e-01
3.562398554396017936e-01
3.563093000752850514e-01
3.567154557467124287e-01
3.567975611021814153e-01
3.572401072771119179e-01
3.572404325695036631e-01
3.579018657048151919e-01
3.587698689561494292e-01
3.598836715383259000e-01
3.601110329751818773e-01
3.602518443036490381e-01
3.602792615400947085e-01
3.603111176670177884e-01
3.605062968650632471e-01
3.606574240723917635e-01
3.608663196858069577e-01
3.609535290767553195e-01
3.610443566005802629e-01
3.612288920997250297e-01
3.612342862801076193e-01
3.617063550336541145e-01
3.618256391301031272e-01
3.620452173900649551e-01
3.623359736534772502e-01
3.625919008789398879e-01
3.630595031225311020e-01
3.631417711662946468e-01
3.632619685878136773e-01
3.633792480254142143e-01
3.633856183435772991e-01
3.634598719681327861e-01
3.634868073653974574e-01
3.638868568286557359e-01
3.643436605252741711e-01
3.650953960210833182e-01
3.655744343045007616e-01
3.662291190090073423e-01
3.667795578952837698e-01
3.672294216126686384e-01
3.674515869149806990e-01
3.674652803646637489e-01
3.674820260816777928e-01
3.676151996883971207e-01
3.681704971217143463e-01
3.681868486023825437e-01
3.682538700636115436e-01
3.683475369170647329e-01
3.684185275359691536e-01
3.684945444405851034e-01
3.685441438970188388e-01
3.686379575997096314e-01
3.687284684171884819e-01
3.688085733163831148e-01
3.688360302071149732e-01
3.689278864879018682e-01
3.690279947019621254e-01
3.691865462665031017e-01
3.695587747756255981e-01
3.710896754051392077e-01
3.712780081031022972e-01
3.718038840883028384e-01
3.721397840179098138e-01
3.721893230062597868e-01
3.722551371038070878e-01
3.731787275942664017e-01
3.735082345110244395e-01
3.735641412378142290e-01
3.741530253121499450e-01
3.742295258873365449e-01
3.743173785649805407e-01
3.749354732046734084e-01
3.750686256402051000e-01
3.761496982632442920e-01
3.761957405816608313e-01
3.768595670463659730e-01
3.769666296699500929e-01
3.770383172007442663e-01
3.773008567795532731e-01
3.773341739368925585e-01
3.774076198883679067e-01
3.774807952115791232e-01
3.775795890625820439e-01
3.776492102926364280e-01
3.780689538326372223e-01
3.784681070409081638e-01
3.786816088357112253e-01
3.789142623258212050e-01
3.789243631035275062e-01
3.792123190092623886e-01
3.793987872139450990e-01
3.799498025651010802e-01
3.800119416851062137e-01
3.803505956093811702e-01
3.804387022516049210e-01
3.805980934330562282e-01
3.806322951888386208e-01
3.810904293148077437e-01
3.814710088373667318e-01
3.827078795824533364e-01
3.829073314418957596e-01
3.836530153368590823e-01
3.837526351333185870e-01
3.841380519754074019e-01
3.842324183640576374e-01
3.856067587731736301e-01
3.857171720308369967e-01
3.867159350559238873e-01
3.875732096991215125e-01
3.895264622641886887e-01
3.895466484433554033e-01
3.895880334198440487e-01
3.896947904009397390e-01
3.906470705689457645e-01
3.907552313003817557e-01
3.912344552164183642e-01
3.916854961014135106e-01
3.918018418890362176e-01
3.918890542723874604e-01
3.919499161595647596e-01
3.919718205098303709e-01
3.920915150563941687e-01
3.922047081880284947e-01
3.922074653952566936e-01
3.922834783223618782e-01
3.924134508116139952e-01
3.924263600982877409e-01
3.925657205042565878e-01
3.926251383806709239e-01
3.927938602207654561e-01
3.928652979931321343e-01
3.934059046662549131e-01
3.934353748656758132e-01
3.948352070299625538e-01
3.952404647292990791e-01
4.012079767776606798e-01
4.012341758937525427e-01
4.016744124502508728e-01
4.016939427768269621e-01
4.021974211106779107e-01
4.022225099663585546e-01
4.023787138798703422e-01
4.029820045072249890e-01
4.044938149383427439e-01
4.051570285334816224e-01
4.052624060088939051e-01
4.059309563530428822e-01
4.060431802240210830e-01
4.064587569865506511e-01
4.065336239637780125e-01
4.066745823604591692e-01
4.067002561792562032e-01
4.069981252054708509e-01
4.072022796525299193e-01
4.072756605997284174e-01
4.073593824383822670e-01
4.075589922684416111e-01
4.076661338444170224e-01
4.079252866629035634e-01
4.082981204683854837e-01
4.090026943847682728e-01
4.093596399474547232e-01
4.094003745455180865e-01
4.096820061534597879e-01
4.097047974114066404e-01
4.098145083462841898e-01
4.098322076890019705e-01
4.098470751597051986e-01
4.101172487480150286e-01
4.101335892260267180e-01
4.101551638797112931e-01
4.102259842962074354e-01
4.104206992087779948e-01
4.104656986627230886e-01
4.106216411519843512e-01
4.106831957875805572e-01
4.108675363838059091e-01
4.114309225933095449e-01
4.115051611218846217e-01
4.119229162681877776e-01
4.121456815931126005e-01
4.124157819668645142e-01
4.125452258023850072e-01
4.125817593060827626e-01
4.135532020272057463e-01
4.137677698490854206e-01
4.140603886014224133e-01
4.140856526569036133e-01
4.141683990618195699e-01
4.143130378248947032e-01
4.144951791559904897e-01
4.148002926694072667e-01
4.153675102373449723e-01
4.173929230824263148e-01
4.178181396283011662e-01
4.178524709179862739e-01
4.179642808455648617e-01
4.192072885324369391e-01
4.201183081570022404e-01
4.204364630712277839e-01
4.204673187305206783e-01
4.212039042317245463e-01
4.213902418004520922e-01
4.218535806282437406e-01
4.222658333529071273e-01
4.235245696822589889e-01
4.235737904828083544e-01
4.235902275144150519e-01
4.241124629205474950e-01
4.277004340404517158e-01
4.278630922507788426e-01
4.280848879461139345e-01
4.281379491112378699e-01
4.281609135648319908e-01
4.282847712001237594e-01
4.286194213486662075e-01
4.287866287028713752e-01
4.289082704675575841e-01
4.289525416963145266e-01
4.294008917213725796e-01
4.295064864601985111e-01
4.296501961305625450e-01
4.299723956668828340e-01
4.300204782898902622e-01
4.301012194954833556e-01
4.301354226125483349e-01
4.301903039580516896e-01
4.302132949305927934e-01
4.303251434071206916e-01
4.303908404844503099e-01
4.304160793928974993e-01
4.304932441322120718e-01
4.305094084675536448e-01
4.305886576633072838e-01
4.307093021263087018e-01
4.313121828107895905e-01
4.315725008827711595e-01
4.317603206508851543e-01
4.319965467912841306e-01
4.323211637748811675e-01
4.326322900154686013e-01
4.331589910136086075e-01
4.332364480168138798e-01
4.333457716879558497e-01
4.334583822314906909e-01
4.337462871881938575e-01
4.343285359067421414e-01
4.343590672023873167e-01
4.348840686053626059e-01
4.351304762669902515e-01
4.356872631354255510e-01
4.362806165362437816e-01
4.364081848377163175e-01
4.366836405145154143e-01
4.376032375603076119e-01
4.384286861287249315e-01
4.389532640221460724e-01
4.394826191823794637e-01
4.395440507534910113e-01
4.405242440182391972e-01
4.405405996522869239e-01
4.424992169750459614e-01
4.430122514588857308e-01
4.430545343817379744e-01
4.430720889896078152e-01
4.441006515536985444e-01
4.441504253408375402e-01
4.443184944602316944e-01
4.444259824496433198e-01
4.456490165417615334e-01
4.456913667670894252e-01
4.461346971191478827e-01
4.461375966250832326e-01
4.467241418046491996e-01
4.467846201607353351e-01
4.471216557688264537e-01
4.471771590189551060e-01
4.474872819786244182e-01
4.479943994732429324e-01
4.480307798712424017e-01
4.483159913288285447e-01
4.486676271939246674e-01
4.486766426510913064e-01
4.493471456245032303e-01
4.493503120022280806e-01
4.494271974446319984e-01
4.494276650848755827e-01
4.495697410991587595e-01
4.496341481442363008e-01
4.497609449549342941e-01
4.498318477839815532e-01
4.507819769395594034e-01
4.508698877048006870e-01
4.510896154311724304e-01
4.512488851568300929e-01
4.522692983971724479e-01
4.523634454540785277e-01
4.532646369539570230e-01
4.535846476252994308e-01
4.536156987244898686e-01
4.539806606240577302e-01
4.557164131237771976e-01
4.557690460807042321e-01
4.565731636654031811e-01
4.567130827408591998e-01
4.573076144750342631e-01
4.581716502933923518e-01
4.584839609693239226e-01
4.586771528928449970e-01
4.592035260558375298e-01
4.597350763344760227e-01
4.597939907058242737e-01
4.598132543125986738e-01
4.602566842007294046e-01
4.604747275216166669e-01
4.612838517082785694e-01
4.619872273377516048e-01
4.620169193309660582e-01
4.637811384339315390e-01
4.643084885861858413e-01
4.644770610379506115e-01
4.649315804498456717e-01
4.649738873574841835e-01
4.656420408020987001e-01
4.657951143426468099e-01
4.658786536265981937e-01
4.659306079045610338e-01
4.660316717135218889e-01
4.662444141089462368e-01
4.663039529417975504e-01
4.663192184257869966e-01
4.664335521985719102e-01
4.664845914609956901e-01
4.667478185758280329e-01
4.669106746064223823e-01
4.669803731237801014e-01
4.671573163588349509e-01
4.671757920875084236e-01
4.673051735405317486e-01
4.673639598623196556e-01
4.686381425244902088e-01
4.686812787690066151e-01
4.686974988634720063e-01
4.692702385938953835e-01
4.692990745309009171e-01
4.701208488297545229e-01
4.702926815763232571e-01
4.710169979233287396e-01
4.711809430340080374e-01
4.722868209023706187e-01
4.729174431507622844e-01
4.731921117576973201e-01
4.745630859946461388e-01
4.752938482236966911e-01
4.757958919899282213e-01
4.759894005582442911e-01
4.760221893174945706e-01
4.767096160917831393e-01
4.771041223530905762e-01
4.771299480727536624e-01
4.778112480081381230e-01
4.781871241473433232e-01
4.783982299756150414e-01
4.792479858454422037e-01
4.792492842647225193e-01
4.800276505409973860e-01
4.806520051591056109e-01
4.807687383133872894e-01
4.810191830263012003e-01
4.813689164786970620e-01
4.814086856678003179e-01
4.817232216692028945e-01
4.819647714607722122e-01
4.820371161378517177e-01
4.822018297734806391e-01
4.822508143920554158e-01
4.827308694254995869e-01
4.829061384544550140e-01
4.831187008920226900e-01
4.832416602443339593e-01
4.832934142174170056e-01
4.835426154759819295e-01
4.837075664582070611e-01
4.837483201540278555e-01
4.840441240715143700e-01
4.841563268430820188e-01
4.845982736639212196e-01
4.846673955055938454e-01
4.846958855332604843e-01
4.848387464279962367e-01
4.850650541747548172e-01
4.850798579501260366e-01
4.858241529898315592e-01
4.859126745886963028e-01
4.860443295746256220e-01
4.860869632081331604e-01
4.861094936794088661e-01
4.864464368615136758e-01
4.865879739215706046e-01
4.871506512614901530e-01
4.873686264896763820e-01
4.877136624154823630e-01
4.878139780209012621e-01
4.881605178227089725e-01
4.882797640255854277e-01
4.883831826792633390e-01
4.885171470797591842e-01
4.886200050017241447e-01
4.887908931218323261e-01
4.888064447671506274e-01
4.901302490854496097e-01
4.903161258423957558e-01
4.906701956557525945e-01
4.909419240732104117e-01
4.910146942988530272e-01
4.910614660719307967e-01
4.911063186682491088e-01
4.911809120990799915e-01
4.914753333637572053e-01
4.916380489660234221e-01
4.916449126174956552e-01
4.916456696709224916e-01
4.916902222554573321e-01
4.918812502948405330e-01
4.920423992641723698e-01
4.921928513951234208e-01
4.922601661816328744e-01
4.922827232054433622e-01
4.923139594342345049e-01
4.923737898762615139e-01
4.926206828690792849e-01
4.926708903458945632e-01
4.926734265875484797e-01
4.928385451153755037e-01
4.928447367451937455e-01
4.933485822449497071e-01
4.935341547291496322e-01
4.937216246515606088e-01
4.937626945023878555e-01
4.937663985043752035e-01
4.938307323635227619e-01
4.938407233025721155e-01
4.975633434547325207e-01
4.991872160561180993e-01
4.992574578834618748e-01
4.999234134675047403e-01
4.999522077453226743e-01
5.001382292494259696e-01
5.005368913028859224e-01
5.018097352009311951e-01
5.020376291962443949e-01
5.024541700659049814e-01
5.025476236700389121e-01
5.027167977004044497e-01
5.029586710925376680e-01
5.030109311325217103e-01
5.031417591025036939e-01
5.032848051260351285e-01
5.034058467170661189e-01
5.035585620283951069e-01
5.037958821351469219e-01
5.038108438104756948e-01
5.039879063591811148e-01
5.040040315552801742e-01
5.040953027121952701e-01
5.041775281496886363e-01
5.050381856548606940e-01
5.052799925209536802e-01
5.055436314180151713e-01
5.056520497441724382e-01
5.059936518134963146e-01
5.069338352557954952e-01
5.070048624039880103e-01
5.077741421527274257e-01
5.078188445348595925e-01
5.079123715355386981e-01
5.084512551333709718e-01
5.090670036580861035e-01
5.095963217341282769e-01
5.096358674815089085e-01
5.096584872072117411e-01
5.098059422553991027e-01
5.099368522976291951e-01
5.104292881263809978e-01
5.107231586829974468e-01
5.121627856864537920e-01
5.121916559465727881e-01
5.141893450118169007e-01
5.142598530406983226e-01
5.143676492934986522e-01
5.145183082930393503e-01
5.147946514948903429e-01
5.150944182546065564e-01
5.151583688737785272e-01
5.152135473677004196e-01
5.154076898947672625e-01
5.156478478603669924e-01
5.156535350944246865e-01
5.159970616561135870e-01
5.163900712113502767e-01
5.165736719811144795e-01
5.166289738697226186e-01
5.166323874441234310e-01
5.166775557666575258e-01
5.167132632728090869e-01
5.169567923951804422e-01
5.170749922308632840e-01
5.170765411492701524e-01
5.171301090774342857e-01
5.173372073202576749e-01
5.173590080393649648e-01
5.174034572603686266e-01
5.176799907203166740e-01
5.178681598921204277e-01
5.178733653337770360e-01
5.181932648912415118e-01
5.182944150930441918e-01
5.183251597116415033e-01
5.186078220281012952e-01
5.192291870879371940e-01
5.192565264617892140e-01
5.195213638065638850e-01
5.200474201644845751e-01
5.230522332363879423e-01
5.230553397279724681e-01
5.237465569640984420e-01
5.237494649956783155e-01
5.251284881039890440e-01
5.251341989577005265e-01
5.253853115636054616e-01
5.254713546837367355e-01
5.259293187569610284e-01
5.259392281489445597e-01
5.262364148011767773e-01
5.262563768105930073e-01
5.262651574120529308e-01
5.263746342834922931e-01
5.265160558244458278e-01
5.266281007441628859e-01
5.266763137602343825e-01
5.266864792999641498e-01
5.268155943068795199e-01
5.268432373182658779e-01
5.271184519641087807e-01
5.271941140590142849e-01
5.274153531028257236e-01
5.274262244258344223e-01
5.277890870588659578e-01
5.278058995847696444e-01
5.278151500929282314e-01
5.280407385303523826e-01
5.286346129855677978e-01
5.295793966547547305e-01
5.304006068745303892e-01
5.309131899807648658e-01
5.309400175220253537e-01
5.315271587501798622e-01
5.315409806111144331e-01
5.315565263188621881e-01
5.315617383630993897e-01
5.320191718931208680e-01
5.332405913907439787e-01
5.332483058312371682e-01
5.342509621008924015e-01
5.342539401663495280e-01
5.350860070397415180e-01
5.350977396158217436e-01
5.353665037853462261e-01
5.354080461350595455e-01
5.354199882927775933e-01
5.354721467793143175e-01
5.359265468829726986e-01
5.359939468612233693e-01
5.360385887862577636e-01
5.361214408615976312e-01
5.365092547961939351e-01
5.365804817266733862e-01
5.366723275998471765e-01
5.376337033718816549e-01
5.376809053119754322e-01
5.376891736046836012e-01
5.377343535478978920e-01
5.379487912887487289e-01
5.380204918541131587e-01
5.382470789734263850e-01
5.382595723971659307e-01
5.391803293091645966e-01
5.392756222263316301e-01
5.393254344725074700e-01
5.395335331577858495e-01
5.396420277311935187e-01
5.397322157876326409e-01
5.397414006844795109e-01
5.399640794570647051e-01
5.401423061247943025e-01
5.401711914067846010e-01
5.403568075374178825e-01
5.404989250002614209e-01
5.405284316643241826e-01
5.410541973151038464e-01
5.413525300130729301e-01
5.414415466423797563e-01
5.417450240529270156e-01
5.418086626648997983e-01
5.419250648040713214e-01
5.424840380369592152e-01
5.436491082446811562e-01
5.436640061536510693e-01
5.438502044997862717e-01
5.444494101879338022e-01
5.444752394232386106e-01
5.444923446042599924e-01
5.444933947620368420e-01
5.452081369701134994e-01
5.452332348462536338e-01
5.458073995781195231e-01
5.467204631297035711e-01
5.467257707545039036e-01
5.469491127309645817e-01
5.470286754691240372e-01
5.470386650138637785e-01
5.473665391239626032e-01
5.482689500453609144e-01
5.484960320299514525e-01
5.488435622957399396e-01
5.488913344746957357e-01
5.489108997161464831e-01
5.489711237892469509e-01
5.490344652251315516e-01
5.491434503131875644e-01
5.491836044149310814e-01
5.493029840338076175e-01
5.497142193082773520e-01
5.500946700172367754e-01
5.501286493089366791e-01
5.507544351297177787e-01
5.509571079314045106e-01
5.509621854929697138e-01
5.510442082344365611e-01
5.515326239653544071e-01
5.516153309459385090e-01
5.516272749742359149e-01
5.518645342008057231e-01
5.519719811953914812e-01
5.532225139773250255e-01
5.536201099344237875e-01
5.541778508205617015e-01
5.546558759077747647e-01
5.560516564491467806e-01
5.560857193772713591e-01
5.567735430321373302e-01
5.568988420789048321e-01
5.572163006134693841e-01
5.572459746492139931e-01
5.576482270068381375e-01
5.577725015715718770e-01
5.587913328983259431e-01
5.591177719821334158e-01
5.592442653647249351e-01
5.593375021581995510e-01
5.594311701701595307e-01
5.596445937805234472e-01
5.602953174076888976e-01
5.608636088075662496e-01
5.608853583862256631e-01
5.613061575532085623e-01
5.614413209319927267e-01
5.615749813631276677e-01
5.617905255473096826e-01
5.618909022004906495e-01
5.621014970873544625e-01
5.625561191662639127e-01
5.626353928388405645e-01
5.631019809104605978e-01
5.637784606892801698e-01
5.638422337023342168e-01
5.650030418829886658e-01
5.655902077170329445e-01
5.656910929100512631e-01
5.657845606076816747e-01
5.664223653164609518e-01
5.666394176605004107e-01
5.675718354084740014e-01
5.676480932459674333e-01
5.676775374798018747e-01
5.681430325406582327e-01
5.682243348134191629e-01
5.686511903860400619e-01
5.687015900766579923e-01
5.687213420945201880e-01
5.689525228772850385e-01
5.689634694902661050e-01
5.691973569722191817e-01
5.694213121739347683e-01
5.695297593474469844e-01
5.695666030643922184e-01
5.695848948624580022e-01
5.697923166675797901e-01
5.698600420182521331e-01
5.699358310874796940e-01
5.700054843503375990e-01
5.701887951880236782e-01
5.703809058353029871e-01
5.703823551264104452e-01
5.705763502656449049e-01
5.707653915659343102e-01
5.708123898776166216e-01
5.708537189098852327e-01
5.709549153124495735e-01
5.712192172033122572e-01
5.712373472514917783e-01
5.712936301978477349e-01
5.713218659678125366e-01
5.715706870263196349e-01
5.717155859420888220e-01
5.718062239584664752e-01
5.719357135927369828e-01
5.719360805731257269e-01
5.724864502766947583e-01
5.726267441851446982e-01
5.726641184661488415e-01
5.727185609806150213e-01
5.729340260579321997e-01
5.730109866361215998e-01
5.731767807195429221e-01
5.734840275508813479e-01
5.734939941120389406e-01
5.735990513961795045e-01
5.746549309851948228e-01
5.747006475736711195e-01
5.756061413467545851e-01
5.758897926948540746e-01
5.759619173789132240e-01
5.760924300991097091e-01
5.763434067257691140e-01
5.770871629328926389e-01
5.773219317844109355e-01
5.787074654603785451e-01
5.787089700572805029e-01
5.787415295027980022e-01
5.788432550019336764e-01
5.810254147725577578e-01
5.810797589609182356e-01
5.812515936752987722e-01
5.815791702792310058e-01
5.817941737083662801e-01
5.822948190796236601e-01
5.824754933254210343e-01
5.825792123596558181e-01
5.827682103412114012e-01
5.832675846769098671e-01
5.834837240224829413e-01
5.835648316043178241e-01
5.839325641766704988e-01
5.840385032300858814e-01
5.841337430462764102e-01
5.847176391307220555e-01
5.850072930242588010e-01
5.850618657058374028e-01
5.862446842580695261e-01
5.864110971045350951e-01
5.867825274413568382e-01
5.868421729703923173e-01
5.868917518961146440e-01
5.871545652130953918e-01
5.871885327689001510e-01
5.875520030879520794e-01
5.875546322633696805e-01
5.878125240506368865e-01
5.879374944187545360e-01
5.885156912889464298e-01
5.886974387564664069e-01
5.889382464607250123e-01
5.894594269540744946e-01
5.909682401356388670e-01
5.912528146116785566e-01
5.912814260746327433e-01
5.913321166049254618e-01
5.914887208427317411e-01
5.916252473381751198e-01
5.916253748259034939e-01
5.923535601361279435e-01
5.923763806475966787e-01
5.924911362820602934e-01
5.928066004586335369e-01
5.928236452790925926e-01
5.928570756021096511e-01
5.929099657876807372e-01
5.929764387598110975e-01
5.931518671878603932e-01
5.931605658102947487e-01
5.935436639124165303e-01
5.937258226808275197e-01
5.938980317433465439e-01
5.941045309393807594e-01
5.945660815238044128e-01
5.945968775142785878e-01
5.948972907941675325e-01
5.951902395231473131e-01
5.953839795139282964e-01
5.961095314713331650e-01
5.962849266214891308e-01
5.963896179693624067e-01
5.964788749784184496e-01
5.967638631130961491e-01
5.969698536275043210e-01
5.970428850229803075e-01
5.977511791980598677e-01
5.978141034389022890e-01
5.978563711942348480e-01
5.979882050150051587e-01
5.980197420794921559e-01
5.981432163855265882e-01
5.984225083506854448e-01
5.984846381824551198e-01
5.987155560882020389e-01
5.988109176161545699e-01
5.989496886746443760e-01
5.989586367443101578e-01
5.993814086875507430e-01
5.995898854380836696e-01
5.996105449988715641e-01
5.996694861523100828e-01
5.997031224156729179e-01
5.998497809704257389e-01
6.002447492630997861e-01
6.004332774036946763e-01
6.006665988991448657e-01
6.006818800183292284e-01
6.018421677031475792e-01
6.022034014482222641e-01
6.022795086224582706e-01
6.022902434210053446e-01
6.028006585863756595e-01
6.028159254956945157e-01
6.030124007281586485e-01
6.030423187119281492e-01
6.035682677252834916e-01
6.037285010105745142e-01
6.039066691983999702e-01
6.039789294345403459e-01
6.040539873840600205e-01
6.045262324466398329e-01
6.046900944083396512e-01
6.049134154888049508e-01
6.051700663885010156e-01
6.056757865613916492e-01
6.059302987474188829e-01
6.062646989847255696e-01
6.064815774332169562e-01
6.069744207517991930e-01
6.074333478624870386e-01
6.074439102029305371e-01
6.079215803620146019e-01
6.081010802075437205e-01
6.082306496821754394e-01
6.083862232017954730e-01
6.083999784694613666e-01
6.089572147186114170e-01
6.089863081637143516e-01
6.092725341329462418e-01
6.093904820650721810e-01
6.096028445046730582e-01
6.096300217397816468e-01
6.096587198259063589e-01
6.097212498336406217e-01
6.099879969479951036e-01
6.106533255662078830e-01
6.110142545092017707e-01
6.111220438865130333e-01
6.112439114552279396e-01
6.114014765026246634e-01
6.114385712626314584e-01
6.117543752209586572e-01
6.117743964211787011e-01
6.120885532397717377e-01
6.122689539388448399e-01
6.123957236584328667e-01
6.124635759726659856e-01
6.127586878047549535e-01
6.129023926646807174e-01
6.132351911235105479e-01
6.133607209379586811e-01
6.137433848185990248e-01
6.142911718817070099e-01
6.143024325842155742e-01
6.144712962039035054e-01
6.146909129965235641e-01
6.146914867514690073e-01
6.148097000457746208e-01
6.148861351764006722e-01
6.151150184943241506e-01
6.153851506034060392e-01
6.161096963862199294e-01
6.162157207006208059e-01
6.163922976992415315e-01
6.163944962868569410e-01
6.171019652181494175e-01
6.172119268391471625e-01
6.173542745568632029e-01
6.175077726924604882e-01
6.175747723978750603e-01
6.176278316371817123e-01
6.178036759259818433e-01
6.179360581992456858e-01
6.180911578857221089e-01
6.184466598343540955e-01
6.186649305460812931e-01
6.189469421986788511e-01
6.190500277700016207e-01
6.192997551860635053e-01
6.195277449330354180e-01
6.195472022517698463e-01
6.196326951474743217e-01
6.197108104949455853e-01
6.197408580197926176e-01
6.197460056886290314e-01
6.200382993802228127e-01
6.202470475839532149e-01
6.202540129861917606e-01
6.203110917056500195e-01
6.203479162728827712e-01
6.206565668833609051e-01
6.206587787525297273e-01
6.207874373998597539e-01
6.215625911994807629e-01
6.216830625924241183e-01
6.218959977876729051e-01
6.221448765305086503e-01
6.227816185098589141e-01
6.228837093758219368e-01
6.230915615201444435e-01
6.232203486641043622e-01
6.232817992931971585e-01
6.234189770743200354e-01
6.234930225571098106e-01
6.236886388863828179e-01
6.239664587091797721e-01
6.242895312490789328e-01
6.245899732728107390e-01
6.246480254860883319e-01
6.246979858437928801e-01
6.247766517426758259e-01
6.248670093168101625e-01
6.249262128561745566e-01
6.250065104200142052e-01
6.250648360707491413e-01
6.258596621572481977e-01
6.259404381054644029e-01
6.262835169141087732e-01
6.263559392850445162e-01
6.264344095295466541e-01
6.268426235370399002e-01
6.272706395335420071e-01
6.273767307799203996e-01
6.273914956195929538e-01
6.275938930317902509e-01
6.276228979480587000e-01
6.279334424744699161e-01
6.280906326595020461e-01
6.285932270958560775e-01
6.288794959444377053e-01
6.292368519047484288e-01
6.295961882939470344e-01
6.296880266208723098e-01
6.302067509464817086e-01
6.302557254521330421e-01
6.308678279354276164e-01
6.309419917636234221e-01
6.312863501850316528e-01
6.313604707701405694e-01
6.316469453160323821e-01
6.317132809095026280e-01
6.320176019942289614e-01
6.323807928473171858e-01
6.323998410126216996e-01
6.327394239694139610e-01
6.328527927419982380e-01
6.328645284042213603e-01
6.330127675698334899e-01
6.331931754751115582e-01
6.333058812112148939e-01
6.334260383687725371e-01
6.343092897964501820e-01
6.346621222945385554e-01
6.347028468530346856e-01
6.351250921615269052e-01
6.352458213200017356e-01
6.356064882284354622e-01
6.357883228378489182e-01
6.364342432188760945e-01
6.365857610519047860e-01
6.368992418441500325e-01
6.369225347110993862e-01
6.369403170696886773e-01
6.371075240857664301e-01
6.376795604375240512e-01
6.382277192607016536e-01
6.383985800438927161e-01
6.386585973750067424e-01
6.388306928627932590e-01
6.388557139788256789e-01
6.390523469822004810e-01
6.395305071384557172e-01
6.402859553261798231e-01
6.402865764071892229e-01
6.407703293156881141e-01
6.409438106609681718e-01
6.413852841841436447e-01
6.416356258136319823e-01
6.419472763651861147e-01
6.420704824446545889e-01
6.422882621221688293e-01
6.424985821136827147e-01
6.425638139321077080e-01
6.428223917808476573e-01
6.430007643893652647e-01
6.431179390820941366e-01
6.431518016789545822e-01
6.434630978594023665e-01
6.436615092471092980e-01
6.439756653532926478e-01
6.440049684288058351e-01
6.442937428759958340e-01
6.442949478568461563e-01
6.444021632744602046e-01
6.444085569044947226e-01
6.446366807224342965e-01
6.448480198471988611e-01
6.450640601324942880e-01
6.451707978904422935e-01
6.456188688012325372e-01
6.456659526270144278e-01
6.458256732925763410e-01
6.458485853658672005e-01
6.461737808262941751e-01
6.461793465594714014e-01
6.462090053926712319e-01
6.465986980868996259e-01
6.470820127498171370e-01
6.470967834214658154e-01
6.474971260670980833e-01
6.479313869535533454e-01
6.481959900061079471e-01
6.482082399883911661e-01
6.483278304363178091e-01
6.484570601078184504e-01
6.485509660322684722e-01
6.490094764251267412e-01
6.490192753488626121e-01
6.494325632778004120e-01
6.494797276034117717e-01
6.495310916311102245e-01
6.497751955390521639e-01
6.497904999407309035e-01
6.498195682492979852e-01
6.499391484048325784e-01
6.505596357243359495e-01
6.506499465291696316e-01
6.507473229292320971e-01
6.516021089817684020e-01
6.520081010633186347e-01
6.520643438292610394e-01
6.523163073533581047e-01
6.524136386977876789e-01
6.526807103541969468e-01
6.527767600192010411e-01
6.531036538308692130e-01
6.536784899991913145e-01
6.539210745315985340e-01
6.544102506185042190e-01
6.550751264290728404e-01
6.550832413880561811e-01
6.553248107049742810e-01
6.558925474385711718e-01
6.559076056537014310e-01
6.560351351823471289e-01
6.560893645690835108e-01
6.565304553265730592e-01
6.567519288649823483e-01
6.567909416460804284e-01
6.570388264865095751e-01
6.576919966179903820e-01
6.579528987391257688e-01
6.581544722835704908e-01
6.581975367357038031e-01
6.584095968041868696e-01
6.585678868008085773e-01
6.589642641056019379e-01
6.590146007437189812e-01
6.593090005787803909e-01
6.593211395671432218e-01
6.597758150318325798e-01
6.612403160916151545e-01
6.624956322963219124e-01
6.629581110256964616e-01
6.630497652574659506e-01
6.634985408695287523e-01
6.636274205506090818e-01
6.636812739370170355e-01
6.638776850483864012e-01
6.639726678086026457e-01
6.641893520622885738e-01
6.647796769833952402e-01
6.649346244257759997e-01
6.650379059254404313e-01
6.655165608769985086e-01
6.659334192674366548e-01
6.660677420637004520e-01
6.660763593860180576e-01
6.662551566703218686e-01
6.664617671043765457e-01
6.664788115979604077e-01
6.665830578260270034e-01
6.667518536451271238e-01
6.670033468346330263e-01
6.672568853298374014e-01
6.673876751289182785e-01
6.683043175649272527e-01
6.684774402848273622e-01
6.684841524982381156e-01
6.685022317347198983e-01
6.689617657045772159e-01
6.690297084492704549e-01
6.692822950282573125e-01
6.693698244014563148e-01
6.696760486776168753e-01
6.698561443118979941e-01
6.700984632252454665e-01
6.703052886007522249e-01
6.705416196607366652e-01
6.709345795074517227e-01
6.712836294757856814e-01
6.714518762311273425e-01
6.718175064669097418e-01
6.718840294984479433e-01
6.720875675913157155e-01
6.721987583311404002e-01
6.724004435318122752e-01
6.726408766881710743e-01
6.727269045900899913e-01
6.729688545533973887e-01
6.730347836317851495e-01
6.746349414171921577e-01
6.752844655045753264e-01
6.754613364051633706e-01
6.757307404816409457e-01
6.760324178173979792e-01
6.762381780768315087e-01
6.763090865997388734e-01
6.772475241445942151e-01
6.775383445128269067e-01
6.776776709638651086e-01
6.778948382974467890e-01
6.780821714372271547e-01
6.781903604509166295e-01
6.785606080059121137e-01
6.787295964571224971e-01
6.788453793961880534e-01
6.789693658485873584e-01
6.790371938337380620e-01
6.791151067787012385e-01
6.792295555122945805e-01
6.793156105972902870e-01
6.796094430444852286e-01
6.798573512669462415e-01
6.800150315518993516e-01
6.803797800172227683e-01
6.807735419049615322e-01
6.808372849753652201e-01
6.811749718294459743e-01
6.814772944547513589e-01
6.817952381920189264e-01
6.819773953147210133e-01
6.828733890137119733e-01
6.833303063117530662e-01
6.833424505840604013e-01
6.837549805702255457e-01
6.839694573220457263e-01
6.840501268537887425e-01
6.844076123741517081e-01
6.845144758121016748e-01
6.846233690723720899e-01
6.847735393848420893e-01
6.853669515775481225e-01
6.854190770821233514e-01
6.855271565015320645e-01
6.856050778783514543e-01
6.859922695839741902e-01
6.860612245779615925e-01
6.862414157238462264e-01
6.862424233562176568e-01
6.864807469280076457e-01
6.866904662730952680e-01
6.867147724447865142e-01
6.870141900566031357e-01
6.873411930206496656e-01
6.875984002015087526e-01
6.876303909810920212e-01
6.879321812187537688e-01
6.882080956777248959e-01
6.888694733664224579e-01
6.888781610643286424e-01
6.892929440243718009e-01
6.898373900176341111e-01
6.899538330616988846e-01
6.900146723633826529e-01
6.903345847072849262e-01
6.903450637135677415e-01
6.904170376900203854e-01
6.905972257509959134e-01
6.906840177642529222e-01
6.909089122317616516e-01
6.910956498284851479e-01
6.911577276125646652e-01
6.919620861224428099e-01
6.919956869292805957e-01
6.921218526185020092e-01
6.924484894359008713e-01
6.924957812534446866e-01
6.928935376378239086e-01
6.929066157117153013e-01
6.932728177053735230e-01
6.937440277399947730e-01
6.938647898441738793e-01
6.945067125176864753e-01
6.947236451103800947e-01
6.947950735021130031e-01
6.951975988766317949e-01
6.952249785164624774e-01
6.955874548922222900e-01
6.957394446769745722e-01
6.959378572060197499e-01
6.959697634279690126e-01
6.965217479191582184e-01
6.968479835090154451e-01
6.969851378653050267e-01
6.972770745563111605e-01
6.973409679711688458e-01
6.975831980033846413e-01
6.975929208134594717e-01
6.977230262538832717e-01
6.978214751994170628e-01
6.981636924844301095e-01
6.988807486399990498e-01
6.989781998270432339e-01
6.993583323634744442e-01
6.995027244598150951e-01
7.005339225096418598e-01
7.011624530272223543e-01
7.014526819438610117e-01
7.017604480483209395e-01
7.019380432908565171e-01
7.019856695078353637e-01
7.024179664420922009e-01
7.025093602857969133e-01
7.027857280549885122e-01
7.027996306531650861e-01
7.030371335515080977e-01
7.033647402823024475e-01
7.034228702108876741e-01
7.034658885240815396e-01
7.037431488775457433e-01
7.039438017160295491e-01
7.041601450781781457e-01
7.043250457163153788e-01
7.046289392407707464e-01
7.049055954056206996e-01
7.050323461704823824e-01
7.053384007437719649e-01
7.054768564967287547e-01
7.055359788465838111e-01
7.055873536382414324e-01
7.056804157397195132e-01
7.057852313324658455e-01
7.062607739285021724e-01
7.063088557358918607e-01
7.063411340052104803e-01
7.066561677107274786e-01
7.068052204565519192e-01
7.075307336937805003e-01
7.077442684453020272e-01
7.079282631648046165e-01
7.080868025371516161e-01
7.081106604729282550e-01
7.086055404152412640e-01
7.086839451717145133e-01
7.090414455713299757e-01
7.091282033496404402e-01
7.093350123493417092e-01
7.094656583339962186e-01
7.097363150269055954e-01
7.100843178208804396e-01
7.101332208723982742e-01
7.101528421814377046e-01
7.101728003973757364e-01
7.102311577171565027e-01
7.106167356138440860e-01
7.109600442590320313e-01
7.110481299352738871e-01
7.111372027877617130e-01
7.113609587690077340e-01
7.115943931903896402e-01
7.116046663635137159e-01
7.118657562723635923e-01
7.120143691191268553e-01
7.122648099128379151e-01
7.123831506564421989e-01
7.125876542623491572e-01
7.127883129644199123e-01
7.127988193379111159e-01
7.129019865795352962e-01
7.131000393005030302e-01
7.131799759679983142e-01
7.131816154613764835e-01
7.132654294191749234e-01
7.141733535058623072e-01
7.142705144693710650e-01
7.144282230528470334e-01
7.144504201637507101e-01
7.144899486024641755e-01
7.145671238449685658e-01
7.148653200924470763e-01
7.151091763671079127e-01
7.153361415903052301e-01
7.156765982315108632e-01
7.159396754279225839e-01
7.160954848510849846e-01
7.163357969562152983e-01
7.166093838696743212e-01
7.167449075979461792e-01
7.170132278597800557e-01
7.171072179961887061e-01
7.174851736984713124e-01
7.176346364638122033e-01
7.176706911653734089e-01
7.177687088228636991e-01
7.180791827616198608e-01
7.181180526704606937e-01
7.183798311491905730e-01
7.187561481569000321e-01
7.190846646716222423e-01
7.193021536405058702e-01
7.193633482622204811e-01
7.195668556172298835e-01
7.196855380740404540e-01
7.199486351164421372e-01
7.199704720896618060e-01
7.201227506432118508e-01
7.201505839100117434e-01
7.205241039421252935e-01
7.206582720221255123e-01
7.206611411911120202e-01
7.208813175545654151e-01
7.209277901741694139e-01
7.209991693706335747e-01
7.218130368842177180e-01
7.219926116013448691e-01
7.221910696909477068e-01
7.225518434000958168e-01
7.228624279232630512e-01
7.228677328923883705e-01
7.228980748718687455e-01
7.235701838691731558e-01
7.238008829491840990e-01
7.240808012358919132e-01
7.241956697845900459e-01
7.243552811025808502e-01
7.244090004461589682e-01
7.244630960893082561e-01
7.246407590529545528e-01
7.248622188014351986e-01
7.252964677842230756e-01
7.255423810216695690e-01
7.258699653196124535e-01
7.259270646310004294e-01
7.262015122834682979e-01
7.263735994884862324e-01
7.265038141497905944e-01
7.265976979481951759e-01
7.265995862912978387e-01
7.271677346763095739e-01
7.273882164618786783e-01
7.274194087501032469e-01
7.276092374019734743e-01
7.278292892489949262e-01
7.279289720261956642e-01
7.279441948772235049e-01
7.283484650077617362e-01
7.284253036312382523e-01
7.285223369386232273e-01
7.286629421067554180e-01
7.289549863346433956e-01
7.289852067979084582e-01
7.294755739479152901e-01
7.295174912053559169e-01
7.297681295019985415e-01
7.298191397276648784e-01
7.299054503291805274e-01
7.300724694499640677e-01
7.304433938369464530e-01
7.304622123538523359e-01
7.314669076399108461e-01
7.318314458196467642e-01
7.319029974724744481e-01
7.320119276390069096e-01
7.321219058303426452e-01
7.322559432048532102e-01
7.323130191926041643e-01
7.323959876126890922e-01
7.324504121166182102e-01
7.325584855594363676e-01
7.325801792335447926e-01
7.326216646791605669e-01
7.329549701955527796e-01
7.334746244584184893e-01
7.339917059489062812e-01
7.340547312480470987e-01
7.341812587144815883e-01
7.344176495155555484e-01
7.345033668151016437e-01
7.347283315459065545e-01
7.348415405056595295e-01
7.348834959993880700e-01
7.351372114851423278e-01
7.353060945732448062e-01
7.353264719851975162e-01
7.356971389545781115e-01
7.357975403062053665e-01
7.358008406450879946e-01
7.361097932998104110e-01
7.362606887256725186e-01
7.369152449565303797e-01
7.370462166454110342e-01
7.371436439509196914e-01
7.375763050974497581e-01
7.379081053978303606e-01
7.380887021871195275e-01
7.381087709594614799e-01
7.382555324527679819e-01
7.382638865139030671e-01
7.383530487263082476e-01
7.388074006248352976e-01
7.388940188417503219e-01
7.389035079402856976e-01
7.391772828368191606e-01
7.395967015037108183e-01
7.397582889983874699e-01
7.402347751326366909e-01
7.402677995314835835e-01
7.405674698802163780e-01
7.412125865560417193e-01
7.418936303353174111e-01
7.425389249455608409e-01
7.431071635843946588e-01
7.433296026514727428e-01
7.434154015202817378e-01
7.436524273427373988e-01
7.437600717796158944e-01
7.439437464275022727e-01
7.440460428572447382e-01
7.443658321953867674e-01
7.445456951270021939e-01
7.446858348533218486e-01
7.447068117163885281e-01
7.449126398797663029e-01
7.451142900616297693e-01
7.453952483028730702e-01
7.455097807791423170e-01
7.461269468090058199e-01
7.469076430834227232e-01
7.473176922055581040e-01
7.473489428942254875e-01
7.474899823930879483e-01
7.475659684515070236e-01
7.483812217625429586e-01
7.489611200773017563e-01
7.491179647723800183e-01
7.491887002921658878e-01
7.497346195654561729e-01
7.499117856422258255e-01
7.501606018835530465e-01
7.505751817133122783e-01
7.506890002934212269e-01
7.514470799676581381e-01
7.523649862299046642e-01
7.529146250517843031e-01
7.530351147058821359e-01
7.531723276411937951e-01
7.536780299247889392e-01
7.537495535920329948e-01
7.545367389349083576e-01
7.552590720148320003e-01
7.553736474834844561e-01
7.560412978017688745e-01
7.569755657896003465e-01
7.574445826403728432e-01
7.576922001395119954e-01
7.579043253221435794e-01
7.583573637708370674e-01
7.592050035470121472e-01
7.592541223201111356e-01
7.594631706982473140e-01
7.596960912182660897e-01
7.600643853201187738e-01
7.605582721718219252e-01
7.612220150760916626e-01
7.620023075303896665e-01
7.620133914666555874e-01
7.626436827407108154e-01
7.627101962266554791e-01
7.630700617985757273e-01
7.635417301394695766e-01
7.637046990857493389e-01
7.641747082869347896e-01
7.648677778672567928e-01
7.649203591399473812e-01
7.652012695716789992e-01
7.653931136559765092e-01
7.654447688953839313e-01
7.657180882433558544e-01
7.668413311457612513e-01
7.669135252620919996e-01
7.674511344093256637e-01
7.676772066343189316e-01
7.678926879525994620e-01
7.680670979151007494e-01
7.685588588645785313e-01
7.687461107091950741e-01
7.691055873029641887e-01
7.695970044507710606e-01
7.698162573003280995e-01
7.711489871291581366e-01
7.712233894076863105e-01
7.712346938463919832e-01
7.714652405864315110e-01
7.727905823531058260e-01
7.733553868885426619e-01
7.734110680103795099e-01
7.734327152656023108e-01
7.735833008767416530e-01
7.737154754314476968e-01
7.747599200276448217e-01
7.751367045774542053e-01
7.753508381932705529e-01
7.755998299041440003e-01
7.759274860261792250e-01
7.759396381636154416e-01
7.761310817404719620e-01
7.763824863608554949e-01
7.771324438269423540e-01
7.777562335447180120e-01
7.788786030877478117e-01
7.800263152470685579e-01
7.810249706924208279e-01
7.812075702582398362e-01
7.819092341320554862e-01
7.821865355314063795e-01
7.825460317338218674e-01
7.828360465906530896e-01
7.830837333333944272e-01
7.830961126080697721e-01
7.832252392534954089e-01
7.844077225208394566e-01
7.846134015997324740e-01
7.846269396845532151e-01
7.847288392217848241e-01
7.849079092637057942e-01
7.850421139866312625e-01
7.860585253591753085e-01
7.864138159136118134e-01
7.866821354640045616e-01
7.871694085278895248e-01
7.871807480275228031e-01
7.872402312030585270e-01
7.877611370172699079e-01
7.887418345443333312e-01
7.888828270437484580e-01
7.890807926522365179e-01
7.893743031109567987e-01
7.903981294244858402e-01
7.907650376036408080e-01
7.909462217042794174e-01
7.920438306048205312e-01
7.920547709480333376e-01
7.922586378025571197e-01
7.939487886625700153e-01
7.944535754980237563e-01
7.947249929761160958e-01
7.949806821176733651e-01
7.950028401966204861e-01
7.953571691176312131e-01
7.955888894303149161e-01
7.956026129289038851e-01
7.964082120145130617e-01
7.965383518797197748e-01
7.967412895563950048e-01
7.968836817490203561e-01
7.969541874191120590e-01
7.973094823592482561e-01
7.977763669991025930e-01
7.979501430145490293e-01
7.981320863864039827e-01
7.984301548352491507e-01
7.996210106899069858e-01
7.999654814359196120e-01
8.005978623583572817e-01
8.009107006310667298e-01
8.009642239384073825e-01
8.010033517281223148e-01
8.020535857973977167e-01
8.024703952760904313e-01
8.031160388362975633e-01
8.039086742872064706e-01
8.044205066107342761e-01
8.065240074273620774e-01
8.065863478109177587e-01
8.073375495700142457e-01
8.076446547499864792e-01
8.078653643454043465e-01
8.093886212523678791e-01
8.100225763615850338e-01
8.101781378236401210e-01
8.110433623223632926e-01
8.134944004015332020e-01
8.135983197915517273e-01
8.140770306796700773e-01
8.155396843085009895e-01
8.168743168631267260e-01
8.178405320941714018e-01
8.194194769850203786e-01
8.206575318158668697e-01
8.210545733830970638e-01
8.215903443214631618e-01
8.219537583196092623e-01
8.224998129109428735e-01
8.229166742477123098e-01
8.229954066719408212e-01
8.236361519432918721e-01
8.236912608258468715e-01
8.242050634529071163e-01
8.245890519144724040e-01
8.246396733137405510e-01
8.248150550537559633e-01
8.255722840772656834e-01
8.256731206937332201e-01
8.261978370746898559e-01
8.270700046057721799e-01
8.272251305379859643e-01
8.287374221778002203e-01
8.288998767689721436e-01
8.292129637300339473e-01
8.294705144363880844e-01
8.297729692269917301e-01
8.303655788836800111e-01
8.305938592054941116e-01
8.310489259884011881e-01
8.314948320903878809e-01
8.324406997911751871e-01
8.333349552497517632e-01
8.342076725536712312e-01
8.351592979396885719e-01
8.363267714321694912e-01
8.372888137231561112e-01
8.376072873924417239e-01
8.407346642506575707e-01
8.411017951106399826e-01
8.414072577778619610e-01
8.415630481456402023e-01
8.423052608413781339e-01
8.426399842853847799e-01
8.460115882810611554e-01
8.462070218854612635e-01
8.471769883421745861e-01
8.481710603922428815e-01
8.482550287680542533e-01
8.492828096007898342e-01
8.499535705499515759e-01
8.502824485976735458e-01
8.512419595954908713e-01
8.516969948440272775e-01
8.519160925443262089e-01
8.522293507576547134e-01
8.540556544003669037e-01
8.543092841470060206e-01
8.544029101911678747e-01
8.546102495288778744e-01
8.556540611239442651e-01
8.559693797878812349e-01
8.562806179417863373e-01
8.570328399719255863e-01
8.572074005465267765e-01
8.576897844204981469e-01
8.584250707377387712e-01
8.593891308106207383e-01
8.596817817909105930e-01
8.599683371929639497e-01
8.604909312907941255e-01
8.610971887205627340e-01
8.618218147733722745e-01
8.627351246854869649e-01
8.629008562060190846e-01
8.635950970907372293e-01
8.639416008951256165e-01
8.649025430816734694e-01
8.651930348736255327e-01
8.667545175156149417e-01
8.669207404495443692e-01
8.671978600851294461e-01
8.702547578109215420e-01
8.714508655969972484e-01
8.727010423122475435e-01
8.732269610513835323e-01
8.736540485655428512e-01
8.754593430351899075e-01
8.757580939075007009e-01
8.758087107715631925e-01
8.761491489270432087e-01
8.764213378483879380e-01
8.766338639104763741e-01
8.778443658697236973e-01
8.778690823887148609e-01
8.783620398144259545e-01
8.784171595902505736e-01
8.787831312818982221e-01
8.801086167149431150e-01
8.809045580890018101e-01
8.823116268964044107e-01
8.823310346636059620e-01
8.827919489644604489e-01
8.848784634525723725e-01
8.862029791906221865e-01
8.892068652553806185e-01
8.929306480846568306e-01
8.929449206546699047e-01
8.932464652902717406e-01
8.948404382684388425e-01
8.953253396560911792e-01
8.994715587554987790e-01
9.002873842099956558e-01
9.008139353047318609e-01
9.019007259838460744e-01
9.019195010274845270e-01
9.024873644657201988e-01
9.028103196562130561e-01
9.028478893443305786e-01
9.043264678627571662e-01
9.065306356230391494e-01
9.070074049743527267e-01
9.088548731018328830e-01
9.107639254041188792e-01
9.111405630059281613e-01
9.121539235768555409e-01
9.134717569911264823e-01
9.141905955426762320e-01
9.143493087096100647e-01
9.153343907943075619e-01
9.156132242641089602e-01
9.166873043790759734e-01
9.180805516434357161e-01
9.182047803947150921e-01
9.187842758456608028e-01
9.196207237423501546e-01
9.285216717797922792e-01
9.334984313344325546e-01
9.337904396809671992e-01
9.344224689380224991e-01
9.351105789316181971e-01
9.367666941401635583e-01
9.368879945828600952e-01
9.390465457621987033e-01
9.418823709716901416e-01
9.435335186846367517e-01
9.464115727751066798e-01
9.480144081766407327e-01
9.515822215139998486e-01
9.540744901231162922e-01
9.601246344995947313e-01
9.640129286093450656e-01
9.653074704176632936e-01
9.671700828226786895e-01
9.731444787431904331e-01
9.776132646308035579e-01
9.788109062962963014e-01
9.809239733112909976e-01
9.868673062906090365e-01
9.873241974637880780e-01
9.923917440019716096e-01
9.937879244342450180e-01
9.978868723098154314e-01
1.000000000000000000e+00
