# SF-29 C-i4 candidate (i) i1o4 field=generic3d eps=1 N=12: sorted relative singular values of the dense central-FD Jacobian at the final_iterate state (rows F_i=-q(L_i-S_i); outlet rows (2q/h)(vperp_in-c_perp); smax=3.083058e+04)
5.734814e-08
3.920606e-06
6.096419e-06
1.079970e-05
2.150326e-05
2.526461e-05
2.841678e-05
3.331655e-05
4.105483e-05
4.743263e-05
5.493351e-05
6.253847e-05
6.500064e-05
6.786262e-05
7.640903e-05
7.922940e-05
8.518328e-05
9.257525e-05
9.521529e-05
1.012628e-04
1.087884e-04
1.149611e-04
1.240314e-04
1.283847e-04
1.364612e-04
1.488249e-04
1.525035e-04
1.587167e-04
1.689311e-04
1.740059e-04
1.793529e-04
1.828735e-04
1.898496e-04
1.981206e-04
2.081003e-04
2.172788e-04
2.197589e-04
2.300781e-04
2.321334e-04
2.398079e-04
2.428027e-04
2.440133e-04
2.483942e-04
2.562695e-04
2.610492e-04
2.666701e-04
2.746793e-04
2.844412e-04
2.860310e-04
2.986193e-04
3.036842e-04
3.058612e-04
3.111340e-04
3.173987e-04
3.248343e-04
3.361843e-04
3.409899e-04
3.446804e-04
3.494381e-04
3.521161e-04
3.624448e-04
3.653725e-04
3.671634e-04
3.732655e-04
3.784959e-04
3.896879e-04
3.916694e-04
3.925687e-04
4.031295e-04
4.057445e-04
4.081562e-04
4.100165e-04
4.228097e-04
4.288019e-04
4.316058e-04
4.340745e-04
4.364919e-04
4.445356e-04
4.496837e-04
4.542380e-04
4.562726e-04
4.601281e-04
4.745257e-04
4.768013e-04
4.788184e-04
4.861128e-04
4.883828e-04
4.933785e-04
4.956327e-04
4.975009e-04
5.036378e-04
5.103767e-04
5.155994e-04
5.167160e-04
5.190652e-04
5.251018e-04
5.356942e-04
5.384965e-04
5.465997e-04
5.497460e-04
5.585439e-04
5.602259e-04
5.643071e-04
5.671905e-04
5.784110e-04
5.830244e-04
5.883017e-04
5.956746e-04
6.017885e-04
6.062348e-04
6.094982e-04
6.170296e-04
6.214401e-04
6.247083e-04
6.310638e-04
6.337175e-04
6.350220e-04
6.400308e-04
6.498528e-04
6.539847e-04
6.644647e-04
6.682186e-04
6.714637e-04
6.792958e-04
6.852960e-04
6.951389e-04
6.968511e-04
7.029395e-04
7.087847e-04
7.161666e-04
7.203575e-04
7.231582e-04
7.291972e-04
7.346141e-04
7.391681e-04
7.414393e-04
7.478241e-04
7.577547e-04
7.603358e-04
7.689239e-04
7.723836e-04
7.785443e-04
7.811430e-04
7.851171e-04
7.958299e-04
7.976901e-04
8.038295e-04
8.101033e-04
8.109966e-04
8.134650e-04
8.237479e-04
8.277748e-04
8.402975e-04
8.445667e-04
8.475544e-04
8.524648e-04
8.579695e-04
8.589004e-04
8.639091e-04
8.783528e-04
8.815762e-04
8.923546e-04
8.941302e-04
8.962285e-04
9.034199e-04
9.117693e-04
9.164058e-04
9.204555e-04
9.336845e-04
9.361959e-04
9.428846e-04
9.456271e-04
9.490615e-04
9.625430e-04
9.647463e-04
9.681187e-04
9.756768e-04
9.816114e-04
9.865678e-04
9.939118e-04
1.000032e-03
1.004750e-03
1.013981e-03
1.017371e-03
1.018931e-03
1.022929e-03
1.024483e-03
1.029790e-03
1.039982e-03
1.050003e-03
1.053228e-03
1.063571e-03
1.066925e-03
1.071143e-03
1.079499e-03
1.082587e-03
1.086823e-03
1.093205e-03
1.096301e-03
1.105398e-03
1.111479e-03
1.116563e-03
1.119611e-03
1.122101e-03
1.128779e-03
1.137425e-03
1.143210e-03
1.148448e-03
1.153857e-03
1.158969e-03
1.164928e-03
1.173229e-03
1.181151e-03
1.186680e-03
1.192356e-03
1.202821e-03
1.203238e-03
1.208047e-03
1.211115e-03
1.214729e-03
1.225568e-03
1.230548e-03
1.235225e-03
1.237715e-03
1.253167e-03
1.258697e-03
1.260673e-03
1.268502e-03
1.269641e-03
1.284205e-03
1.289977e-03
1.290669e-03
1.291039e-03
1.300308e-03
1.309553e-03
1.310223e-03
1.324399e-03
1.327450e-03
1.329167e-03
1.336162e-03
1.350799e-03
1.352783e-03
1.357057e-03
1.361033e-03
1.371519e-03
1.373894e-03
1.378727e-03
1.380872e-03
1.391680e-03
1.394220e-03
1.400082e-03
1.404977e-03
1.411897e-03
1.423838e-03
1.434524e-03
1.435405e-03
1.439112e-03
1.448315e-03
1.456491e-03
1.461232e-03
1.466831e-03
1.474437e-03
1.476228e-03
1.477914e-03
1.489647e-03
1.493614e-03
1.503395e-03
1.505577e-03
1.513735e-03
1.519041e-03
1.523424e-03
1.531632e-03
1.537608e-03
1.541948e-03
1.554800e-03
1.562698e-03
1.566000e-03
1.566663e-03
1.574343e-03
1.576404e-03
1.582836e-03
1.585062e-03
1.595614e-03
1.610455e-03
1.617849e-03
1.626357e-03
1.628838e-03
1.629990e-03
1.642012e-03
1.649692e-03
1.655325e-03
1.658868e-03
1.665661e-03
1.671062e-03
1.680081e-03
1.683687e-03
1.692975e-03
1.698571e-03
1.711745e-03
1.720332e-03
1.731227e-03
1.734536e-03
1.737048e-03
1.739701e-03
1.749390e-03
1.756038e-03
1.758729e-03
1.774026e-03
1.778309e-03
1.790305e-03
1.792144e-03
1.797411e-03
1.799396e-03
1.805307e-03
1.813110e-03
1.816288e-03
1.821541e-03
1.831234e-03
1.836704e-03
1.844990e-03
1.851831e-03
1.863902e-03
1.868833e-03
1.871163e-03
1.874226e-03
1.882846e-03
1.883344e-03
1.899259e-03
1.904321e-03
1.916792e-03
1.918591e-03
1.929311e-03
1.934355e-03
1.939750e-03
1.943214e-03
1.946963e-03
1.950063e-03
1.963940e-03
1.967499e-03
1.974489e-03
1.977866e-03
1.985603e-03
1.990792e-03
1.998601e-03
2.002053e-03
2.015877e-03
2.021492e-03
2.025977e-03
2.035799e-03
2.039655e-03
2.048041e-03
2.057979e-03
2.061173e-03
2.064644e-03
2.075916e-03
2.083216e-03
2.084824e-03
2.096050e-03
2.103489e-03
2.110440e-03
2.115137e-03
2.117078e-03
2.125856e-03
2.137317e-03
2.142606e-03
2.152673e-03
2.157190e-03
2.164879e-03
2.168515e-03
2.170209e-03
2.182378e-03
2.185330e-03
2.191204e-03
2.196298e-03
2.201297e-03
2.206742e-03
2.214414e-03
2.225209e-03
2.234070e-03
2.237903e-03
2.242911e-03
2.247288e-03
2.248720e-03
2.257662e-03
2.269445e-03
2.277084e-03
2.278757e-03
2.286821e-03
2.292154e-03
2.299454e-03
2.304637e-03
2.316263e-03
2.318239e-03
2.324878e-03
2.329693e-03
2.334723e-03
2.348930e-03
2.358041e-03
2.361055e-03
2.366824e-03
2.370843e-03
2.374931e-03
2.389239e-03
2.392674e-03
2.405968e-03
2.413209e-03
2.417863e-03
2.424627e-03
2.430277e-03
2.436026e-03
2.447215e-03
2.453748e-03
2.462561e-03
2.464444e-03
2.470385e-03
2.477045e-03
2.491700e-03
2.498885e-03
2.503187e-03
2.509291e-03
2.519898e-03
2.527035e-03
2.532808e-03
2.542842e-03
2.544600e-03
2.553197e-03
2.559833e-03
2.567139e-03
2.572886e-03
2.577912e-03
2.584834e-03
2.591464e-03
2.602361e-03
2.606556e-03
2.611794e-03
2.615391e-03
2.621180e-03
2.628437e-03
2.633911e-03
2.641195e-03
2.649385e-03
2.658459e-03
2.666317e-03
2.676305e-03
2.678348e-03
2.682417e-03
2.691567e-03
2.695609e-03
2.710756e-03
2.722159e-03
2.727434e-03
2.729097e-03
2.734535e-03
2.742644e-03
2.745787e-03
2.756243e-03
2.757075e-03
2.773594e-03
2.780844e-03
2.787911e-03
2.793241e-03
2.804412e-03
2.809452e-03
2.813559e-03
2.816663e-03
2.836000e-03
2.838921e-03
2.845978e-03
2.848741e-03
2.855708e-03
2.863302e-03
2.870448e-03
2.875824e-03
2.891649e-03
2.896631e-03
2.899797e-03
2.915602e-03
2.924256e-03
2.935610e-03
2.942759e-03
2.945837e-03
2.951026e-03
2.956068e-03
2.968182e-03
2.975430e-03
2.978929e-03
2.988044e-03
2.993681e-03
2.999782e-03
3.008793e-03
3.017069e-03
3.028668e-03
3.032897e-03
3.047165e-03
3.051353e-03
3.059582e-03
3.064976e-03
3.077808e-03
3.084975e-03
3.088260e-03
3.096874e-03
3.101114e-03
3.105240e-03
3.109392e-03
3.121475e-03
3.127627e-03
3.133483e-03
3.143866e-03
3.152915e-03
3.159639e-03
3.164271e-03
3.168448e-03
3.173675e-03
3.185893e-03
3.191544e-03
3.199420e-03
3.208719e-03
3.213616e-03
3.227281e-03
3.234519e-03
3.235645e-03
3.253783e-03
3.254935e-03
3.267362e-03
3.269402e-03
3.280207e-03
3.287501e-03
3.305169e-03
3.309296e-03
3.312712e-03
3.320156e-03
3.327643e-03
3.330998e-03
3.345051e-03
3.349434e-03
3.355553e-03
3.363122e-03
3.373080e-03
3.376524e-03
3.384201e-03
3.389927e-03
3.399125e-03
3.403453e-03
3.412674e-03
3.426168e-03
3.428810e-03
3.435047e-03
3.443388e-03
3.455779e-03
3.462739e-03
3.463875e-03
3.471279e-03
3.486079e-03
3.489022e-03
3.497664e-03
3.503794e-03
3.516862e-03
3.525697e-03
3.527323e-03
3.540410e-03
3.542508e-03
3.554318e-03
3.565149e-03
3.569310e-03
3.583794e-03
3.587911e-03
3.591801e-03
3.603697e-03
3.608624e-03
3.614707e-03
3.619686e-03
3.623325e-03
3.636552e-03
3.654782e-03
3.658903e-03
3.662282e-03
3.669047e-03
3.677348e-03
3.684068e-03
3.689359e-03
3.707039e-03
3.711592e-03
3.715969e-03
3.732059e-03
3.739315e-03
3.748535e-03
3.749763e-03
3.755189e-03
3.776915e-03
3.780440e-03
3.793453e-03
3.799730e-03
3.806660e-03
3.808115e-03
3.814968e-03
3.815685e-03
3.838892e-03
3.841342e-03
3.849229e-03
3.860285e-03
3.863413e-03
3.868914e-03
3.875800e-03
3.879277e-03
3.898178e-03
3.903017e-03
3.912119e-03
3.917885e-03
3.923613e-03
3.932288e-03
3.938815e-03
3.946801e-03
3.958084e-03
3.965742e-03
3.977442e-03
3.986489e-03
3.998691e-03
4.003357e-03
4.010218e-03
4.021716e-03
4.024353e-03
4.029408e-03
4.032567e-03
4.042754e-03
4.054363e-03
4.061722e-03
4.066797e-03
4.076614e-03
4.083338e-03
4.088178e-03
4.100274e-03
4.110793e-03
4.122496e-03
4.128634e-03
4.131248e-03
4.139450e-03
4.150127e-03
4.158568e-03
4.165422e-03
4.172582e-03
4.182061e-03
4.196348e-03
4.203413e-03
4.207408e-03
4.220192e-03
4.228887e-03
4.239707e-03
4.244075e-03
4.255162e-03
4.263801e-03
4.271053e-03
4.278032e-03
4.282748e-03
4.292658e-03
4.296929e-03
4.307460e-03
4.319567e-03
4.327465e-03
4.332290e-03
4.345172e-03
4.353418e-03
4.357845e-03
4.361572e-03
4.367855e-03
4.374868e-03
4.378962e-03
4.381964e-03
4.398788e-03
4.410004e-03
4.417927e-03
4.425215e-03
4.437097e-03
4.445256e-03
4.450304e-03
4.460547e-03
4.463641e-03
4.476084e-03
4.489344e-03
4.496369e-03
4.505131e-03
4.508674e-03
4.518254e-03
4.523653e-03
4.536735e-03
4.546497e-03
4.548181e-03
4.557305e-03
4.565463e-03
4.573835e-03
4.585943e-03
4.595091e-03
4.609084e-03
4.615754e-03
4.621264e-03
4.628435e-03
4.632634e-03
4.643027e-03
4.644807e-03
4.653788e-03
4.670286e-03
4.676804e-03
4.677762e-03
4.690775e-03
4.713242e-03
4.714752e-03
4.718022e-03
4.722920e-03
4.734937e-03
4.741188e-03
4.746661e-03
4.761379e-03
4.766318e-03
4.785545e-03
4.789912e-03
4.795804e-03
4.800813e-03
4.813148e-03
4.818076e-03
4.827435e-03
4.839799e-03
4.846258e-03
4.848798e-03
4.861816e-03
4.873374e-03
4.876816e-03
4.889351e-03
4.890016e-03
4.898707e-03
4.912556e-03
4.927986e-03
4.932322e-03
4.937235e-03
4.948789e-03
4.959085e-03
4.972663e-03
4.981871e-03
4.988583e-03
4.994699e-03
4.998171e-03
5.012887e-03
5.020101e-03
5.033645e-03
5.043069e-03
5.053221e-03
5.059846e-03
5.072518e-03
5.082475e-03
5.091738e-03
5.095623e-03
5.109459e-03
5.112462e-03
5.121062e-03
5.124133e-03
5.138637e-03
5.151711e-03
5.152164e-03
5.153401e-03
5.163563e-03
5.175227e-03
5.185997e-03
5.198943e-03
5.210969e-03
5.217938e-03
5.232293e-03
5.233303e-03
5.237971e-03
5.247608e-03
5.254686e-03
5.266737e-03
5.272747e-03
5.282960e-03
5.286546e-03
5.293024e-03
5.298394e-03
5.308134e-03
5.312161e-03
5.327571e-03
5.351986e-03
5.362133e-03
5.371315e-03
5.375176e-03
5.382042e-03
5.388408e-03
5.399902e-03
5.420228e-03
5.428128e-03
5.430326e-03
5.432650e-03
5.453563e-03
5.459556e-03
5.468137e-03
5.472935e-03
5.479305e-03
5.488741e-03
5.498166e-03
5.507228e-03
5.516938e-03
5.524765e-03
5.528682e-03
5.545828e-03
5.549395e-03
5.550979e-03
5.568437e-03
5.581852e-03
5.588584e-03
5.591134e-03
5.600660e-03
5.611725e-03
5.619407e-03
5.638237e-03
5.644153e-03
5.645645e-03
5.664070e-03
5.668950e-03
5.670721e-03
5.678786e-03
5.686216e-03
5.691877e-03
5.702626e-03
5.716858e-03
5.733090e-03
5.742158e-03
5.746033e-03
5.750362e-03
5.765804e-03
5.783677e-03
5.789034e-03
5.795758e-03
5.803328e-03
5.810568e-03
5.819316e-03
5.835167e-03
5.846752e-03
5.858875e-03
5.865117e-03
5.876250e-03
5.885958e-03
5.897930e-03
5.901362e-03
5.911497e-03
5.912189e-03
5.935180e-03
5.936873e-03
5.946043e-03
5.955459e-03
5.958167e-03
5.974878e-03
5.976897e-03
5.982421e-03
5.985914e-03
6.002685e-03
6.011085e-03
6.018619e-03
6.032016e-03
6.046894e-03
6.051228e-03
6.065525e-03
6.072982e-03
6.081972e-03
6.085914e-03
6.092841e-03
6.102189e-03
6.115540e-03
6.119549e-03
6.130562e-03
6.137518e-03
6.152207e-03
6.165765e-03
6.170713e-03
6.179571e-03
6.192122e-03
6.198269e-03
6.212418e-03
6.224596e-03
6.225586e-03
6.239351e-03
6.244329e-03
6.254041e-03
6.269193e-03
6.279260e-03
6.282849e-03
6.296702e-03
6.302264e-03
6.311160e-03
6.326988e-03
6.340075e-03
6.353349e-03
6.353778e-03
6.365938e-03
6.374536e-03
6.387835e-03
6.396511e-03
6.401267e-03
6.417389e-03
6.421929e-03
6.427631e-03
6.441432e-03
6.445782e-03
6.452755e-03
6.468337e-03
6.469034e-03
6.481057e-03
6.499446e-03
6.510067e-03
6.513042e-03
6.522770e-03
6.537232e-03
6.540875e-03
6.547541e-03
6.553076e-03
6.568450e-03
6.573164e-03
6.582785e-03
6.600737e-03
6.613795e-03
6.616405e-03
6.620769e-03
6.630324e-03
6.646491e-03
6.662466e-03
6.669767e-03
6.683550e-03
6.690128e-03
6.705126e-03
6.712907e-03
6.721772e-03
6.731970e-03
6.741838e-03
6.751037e-03
6.760530e-03
6.767904e-03
6.774271e-03
6.784236e-03
6.791599e-03
6.797049e-03
6.799795e-03
6.807148e-03
6.816272e-03
6.845168e-03
6.848201e-03
6.862063e-03
6.871953e-03
6.884961e-03
6.897949e-03
6.912821e-03
6.921894e-03
6.924280e-03
6.944305e-03
6.946541e-03
6.957244e-03
6.970352e-03
6.981587e-03
6.999373e-03
7.004655e-03
7.015743e-03
7.026159e-03
7.029548e-03
7.051127e-03
7.057948e-03
7.071397e-03
7.075687e-03
7.089645e-03
7.093182e-03
7.100070e-03
7.111602e-03
7.117684e-03
7.134370e-03
7.143215e-03
7.154586e-03
7.165107e-03
7.175703e-03
7.184817e-03
7.192857e-03
7.203581e-03
7.210117e-03
7.221819e-03
7.234910e-03
7.251017e-03
7.264546e-03
7.274255e-03
7.276162e-03
7.298218e-03
7.302655e-03
7.304122e-03
7.315463e-03
7.332704e-03
7.345428e-03
7.354959e-03
7.370523e-03
7.380914e-03
7.382843e-03
7.399058e-03
7.409465e-03
7.413035e-03
7.431691e-03
7.439557e-03
7.445999e-03
7.450912e-03
7.466769e-03
7.474817e-03
7.484100e-03
7.493827e-03
7.502874e-03
7.512756e-03
7.520955e-03
7.535091e-03
7.544235e-03
7.559139e-03
7.566259e-03
7.581757e-03
7.586465e-03
7.598198e-03
7.605909e-03
7.632364e-03
7.639578e-03
7.652232e-03
7.665100e-03
7.677366e-03
7.696614e-03
7.713825e-03
7.720865e-03
7.725123e-03
7.735192e-03
7.744741e-03
7.756952e-03
7.775370e-03
7.778768e-03
7.783388e-03
7.794695e-03
7.798317e-03
7.807514e-03
7.824715e-03
7.829262e-03
7.851831e-03
7.859124e-03
7.876373e-03
7.883872e-03
7.904682e-03
7.911281e-03
7.913802e-03
7.927755e-03
7.933345e-03
7.941245e-03
7.964605e-03
7.973260e-03
7.980948e-03
7.987407e-03
7.992701e-03
8.007959e-03
8.024019e-03
8.033523e-03
8.051291e-03
8.058563e-03
8.076167e-03
8.080035e-03
8.095918e-03
8.102583e-03
8.114383e-03
8.121009e-03
8.138286e-03
8.140525e-03
8.142302e-03
8.162601e-03
8.170914e-03
8.179246e-03
8.197559e-03
8.201759e-03
8.209470e-03
8.230956e-03
8.253480e-03
8.262656e-03
8.281116e-03
8.284704e-03
8.295804e-03
8.303315e-03
8.312618e-03
8.316373e-03
8.323285e-03
8.330652e-03
8.348241e-03
8.352807e-03
8.367388e-03
8.376374e-03
8.388869e-03
8.395579e-03
8.414825e-03
8.424111e-03
8.429549e-03
8.438574e-03
8.454997e-03
8.469833e-03
8.481188e-03
8.489284e-03
8.496103e-03
8.514414e-03
8.529938e-03
8.541935e-03
8.550409e-03
8.554367e-03
8.564336e-03
8.572544e-03
8.588635e-03
8.599106e-03
8.612309e-03
8.626511e-03
8.634126e-03
8.642266e-03
8.643741e-03
8.662760e-03
8.664798e-03
8.685236e-03
8.702711e-03
8.706101e-03
8.722639e-03
8.734955e-03
8.748240e-03
8.758821e-03
8.768234e-03
8.772768e-03
8.778184e-03
8.800687e-03
8.833320e-03
8.842167e-03
8.849591e-03
8.866502e-03
8.872617e-03
8.889264e-03
8.901248e-03
8.902607e-03
8.913433e-03
8.927936e-03
8.934779e-03
8.954311e-03
8.970739e-03
8.981667e-03
8.988559e-03
9.003446e-03
9.016706e-03
9.026753e-03
9.029168e-03
9.047497e-03
9.057266e-03
9.074595e-03
9.080550e-03
9.093680e-03
9.098461e-03
9.118802e-03
9.119199e-03
9.128771e-03
9.159360e-03
9.165274e-03
9.172780e-03
9.184658e-03
9.203624e-03
9.216311e-03
9.218095e-03
9.239190e-03
9.239718e-03
9.259076e-03
9.284530e-03
9.294440e-03
9.305015e-03
9.322196e-03
9.335353e-03
9.345402e-03
9.355183e-03
9.359519e-03
9.374082e-03
9.377899e-03
9.405696e-03
9.412640e-03
9.413297e-03
9.424723e-03
9.432209e-03
9.451941e-03
9.474583e-03
9.486189e-03
9.511329e-03
9.519091e-03
9.527874e-03
9.538720e-03
9.549244e-03
9.562690e-03
9.581444e-03
9.586523e-03
9.598088e-03
9.605443e-03
9.621684e-03
9.630871e-03
9.634181e-03
9.649083e-03
9.657237e-03
9.667700e-03
9.678316e-03
9.687790e-03
9.713234e-03
9.729993e-03
9.737569e-03
9.750336e-03
9.755340e-03
9.780324e-03
9.791737e-03
9.794921e-03
9.804327e-03
9.821133e-03
9.840210e-03
9.843527e-03
9.857517e-03
9.866711e-03
9.879217e-03
9.885385e-03
9.899762e-03
9.915428e-03
9.924249e-03
9.931731e-03
9.936822e-03
9.949592e-03
9.951248e-03
9.970770e-03
9.985414e-03
9.988707e-03
1.001632e-02
1.002473e-02
1.003480e-02
1.005189e-02
1.006188e-02
1.009175e-02
1.010384e-02
1.010484e-02
1.012827e-02
1.013325e-02
1.014775e-02
1.015327e-02
1.016966e-02
1.017615e-02
1.018916e-02
1.019933e-02
1.020441e-02
1.021292e-02
1.023217e-02
1.023922e-02
1.025805e-02
1.026913e-02
1.027757e-02
1.029199e-02
1.030501e-02
1.031365e-02
1.032743e-02
1.034295e-02
1.035509e-02
1.036818e-02
1.037430e-02
1.040231e-02
1.041004e-02
1.042469e-02
1.043119e-02
1.045039e-02
1.046014e-02
1.047166e-02
1.048919e-02
1.050145e-02
1.051063e-02
1.053305e-02
1.054532e-02
1.055159e-02
1.056066e-02
1.057109e-02
1.057269e-02
1.058748e-02
1.059239e-02
1.062017e-02
1.062578e-02
1.064784e-02
1.066442e-02
1.067908e-02
1.069161e-02
1.071138e-02
1.071798e-02
1.072677e-02
1.074400e-02
1.075348e-02
1.077804e-02
1.078066e-02
1.080190e-02
1.080562e-02
1.082045e-02
1.083612e-02
1.084860e-02
1.085665e-02
1.086552e-02
1.087805e-02
1.088905e-02
1.090492e-02
1.092317e-02
1.094971e-02
1.096134e-02
1.096934e-02
1.097724e-02
1.099445e-02
1.099916e-02
1.100651e-02
1.102212e-02
1.103769e-02
1.106338e-02
1.108036e-02
1.108986e-02
1.109501e-02
1.110661e-02
1.111586e-02
1.112994e-02
1.114118e-02
1.115463e-02
1.117679e-02
1.117909e-02
1.120146e-02
1.120825e-02
1.122678e-02
1.124130e-02
1.125910e-02
1.127736e-02
1.128502e-02
1.129877e-02
1.131394e-02
1.132777e-02
1.133355e-02
1.136119e-02
1.136447e-02
1.138490e-02
1.139543e-02
1.141261e-02
1.143638e-02
1.143923e-02
1.145471e-02
1.146433e-02
1.147382e-02
1.149188e-02
1.150121e-02
1.153460e-02
1.154520e-02
1.156185e-02
1.157011e-02
1.157923e-02
1.159770e-02
1.160803e-02
1.161458e-02
1.162383e-02
1.164908e-02
1.165691e-02
1.167036e-02
1.169325e-02
1.171472e-02
1.172164e-02
1.174235e-02
1.174505e-02
1.175395e-02
1.176937e-02
1.178260e-02
1.180569e-02
1.181972e-02
1.182925e-02
1.185631e-02
1.186696e-02
1.187730e-02
1.188914e-02
1.190105e-02
1.191076e-02
1.192911e-02
1.193959e-02
1.195193e-02
1.196754e-02
1.198886e-02
1.201341e-02
1.201666e-02
1.203597e-02
1.204184e-02
1.204451e-02
1.206813e-02
1.207566e-02
1.209703e-02
1.210504e-02
1.213634e-02
1.214768e-02
1.216343e-02
1.217917e-02
1.218501e-02
1.220586e-02
1.221635e-02
1.223620e-02
1.224254e-02
1.226967e-02
1.227914e-02
1.229738e-02
1.230829e-02
1.232687e-02
1.234457e-02
1.235897e-02
1.237295e-02
1.238776e-02
1.239403e-02
1.240989e-02
1.243668e-02
1.244762e-02
1.245032e-02
1.245272e-02
1.248904e-02
1.249518e-02
1.251349e-02
1.252966e-02
1.253465e-02
1.256138e-02
1.257291e-02
1.258189e-02
1.260146e-02
1.260693e-02
1.261141e-02
1.263233e-02
1.265410e-02
1.265916e-02
1.267566e-02
1.268424e-02
1.270836e-02
1.271751e-02
1.274272e-02
1.274954e-02
1.276637e-02
1.277896e-02
1.279521e-02
1.281139e-02
1.281702e-02
1.286460e-02
1.287347e-02
1.288104e-02
1.288805e-02
1.290031e-02
1.292221e-02
1.292676e-02
1.293768e-02
1.294720e-02
1.298389e-02
1.299388e-02
1.300048e-02
1.302618e-02
1.303581e-02
1.306447e-02
1.307037e-02
1.310037e-02
1.310985e-02
1.312436e-02
1.313260e-02
1.314385e-02
1.317864e-02
1.318424e-02
1.319546e-02
1.320777e-02
1.322152e-02
1.323489e-02
1.324199e-02
1.326226e-02
1.327216e-02
1.329099e-02
1.330092e-02
1.330879e-02
1.332617e-02
1.335892e-02
1.337216e-02
1.338537e-02
1.340158e-02
1.341998e-02
1.343455e-02
1.345037e-02
1.346160e-02
1.348341e-02
1.349178e-02
1.351259e-02
1.352437e-02
1.353681e-02
1.355900e-02
1.358171e-02
1.359398e-02
1.361685e-02
1.363371e-02
1.364953e-02
1.365350e-02
1.367415e-02
1.368304e-02
1.369574e-02
1.372751e-02
1.374529e-02
1.376994e-02
1.377344e-02
1.378410e-02
1.379916e-02
1.381139e-02
1.384184e-02
1.386460e-02
1.387572e-02
1.389391e-02
1.391559e-02
1.393016e-02
1.393546e-02
1.394504e-02
1.395560e-02
1.396080e-02
1.397586e-02
1.402401e-02
1.403419e-02
1.406138e-02
1.406531e-02
1.407755e-02
1.408533e-02
1.411927e-02
1.413242e-02
1.414122e-02
1.414893e-02
1.416033e-02
1.418598e-02
1.418974e-02
1.420788e-02
1.422151e-02
1.423933e-02
1.425323e-02
1.426960e-02
1.427715e-02
1.427828e-02
1.432646e-02
1.433737e-02
1.436152e-02
1.439187e-02
1.440239e-02
1.441212e-02
1.444346e-02
1.445056e-02
1.446178e-02
1.448217e-02
1.450465e-02
1.450722e-02
1.453777e-02
1.455059e-02
1.456113e-02
1.458370e-02
1.460411e-02
1.463825e-02
1.464018e-02
1.464737e-02
1.468008e-02
1.468348e-02
1.470248e-02
1.471251e-02
1.472716e-02
1.473369e-02
1.476442e-02
1.477447e-02
1.479074e-02
1.481090e-02
1.483047e-02
1.483693e-02
1.486048e-02
1.487289e-02
1.489463e-02
1.490281e-02
1.491708e-02
1.493985e-02
1.495976e-02
1.498383e-02
1.499078e-02
1.500449e-02
1.502450e-02
1.504972e-02
1.506589e-02
1.509368e-02
1.510472e-02
1.513371e-02
1.513703e-02
1.515886e-02
1.517085e-02
1.518019e-02
1.520502e-02
1.521855e-02
1.522467e-02
1.525723e-02
1.526391e-02
1.526662e-02
1.529259e-02
1.531930e-02
1.534056e-02
1.535409e-02
1.535536e-02
1.537543e-02
1.539909e-02
1.542665e-02
1.544174e-02
1.546184e-02
1.547772e-02
1.549836e-02
1.553409e-02
1.554465e-02
1.555090e-02
1.557704e-02
1.558776e-02
1.559955e-02
1.560817e-02
1.563753e-02
1.564590e-02
1.565450e-02
1.568606e-02
1.569880e-02
1.573235e-02
1.573832e-02
1.578481e-02
1.579434e-02
1.580719e-02
1.582701e-02
1.585058e-02
1.587888e-02
1.589533e-02
1.591285e-02
1.593018e-02
1.593542e-02
1.595778e-02
1.597484e-02
1.599159e-02
1.601238e-02
1.602351e-02
1.604696e-02
1.606045e-02
1.608306e-02
1.610986e-02
1.612799e-02
1.614625e-02
1.617123e-02
1.617824e-02
1.619064e-02
1.620470e-02
1.622999e-02
1.625869e-02
1.627774e-02
1.628884e-02
1.632994e-02
1.634663e-02
1.638152e-02
1.639677e-02
1.641839e-02
1.643464e-02
1.644946e-02
1.647127e-02
1.648888e-02
1.651042e-02
1.653096e-02
1.654797e-02
1.658664e-02
1.659870e-02
1.660080e-02
1.662305e-02
1.664324e-02
1.665602e-02
1.667958e-02
1.671391e-02
1.673955e-02
1.674457e-02
1.676134e-02
1.678251e-02
1.683323e-02
1.686137e-02
1.686498e-02
1.687469e-02
1.688981e-02
1.690224e-02
1.694729e-02
1.694827e-02
1.697408e-02
1.697852e-02
1.700128e-02
1.702289e-02
1.705237e-02
1.706505e-02
1.707498e-02
1.710594e-02
1.712207e-02
1.714465e-02
1.716578e-02
1.719819e-02
1.721128e-02
1.723348e-02
1.723858e-02
1.727334e-02
1.728784e-02
1.729615e-02
1.733271e-02
1.734043e-02
1.736081e-02
1.738250e-02
1.740482e-02
1.742586e-02
1.744374e-02
1.746867e-02
1.750556e-02
1.752050e-02
1.756120e-02
1.756908e-02
1.758954e-02
1.761074e-02
1.762093e-02
1.764107e-02
1.764888e-02
1.768140e-02
1.769308e-02
1.771988e-02
1.773002e-02
1.775513e-02
1.776618e-02
1.781185e-02
1.781587e-02
1.782975e-02
1.784815e-02
1.787383e-02
1.790673e-02
1.791332e-02
1.792811e-02
1.795962e-02
1.798580e-02
1.799838e-02
1.802969e-02
1.806654e-02
1.807666e-02
1.809980e-02
1.813175e-02
1.813375e-02
1.815323e-02
1.817219e-02
1.821837e-02
1.823735e-02
1.826321e-02
1.828199e-02
1.831729e-02
1.832890e-02
1.835609e-02
1.838332e-02
1.838634e-02
1.841729e-02
1.846692e-02
1.847608e-02
1.849260e-02
1.850433e-02
1.852911e-02
1.855009e-02
1.858837e-02
1.859963e-02
1.862594e-02
1.866179e-02
1.868809e-02
1.870188e-02
1.872389e-02
1.872845e-02
1.874679e-02
1.877756e-02
1.879391e-02
1.881608e-02
1.885268e-02
1.888954e-02
1.890622e-02
1.891968e-02
1.896451e-02
1.897808e-02
1.900819e-02
1.903932e-02
1.905281e-02
1.906703e-02
1.909849e-02
1.913966e-02
1.914727e-02
1.916240e-02
1.917190e-02
1.920140e-02
1.921527e-02
1.924592e-02
1.926380e-02
1.929429e-02
1.932721e-02
1.933593e-02
1.936459e-02
1.938594e-02
1.939803e-02
1.941774e-02
1.944254e-02
1.946676e-02
1.946973e-02
1.948874e-02
1.950718e-02
1.954551e-02
1.958868e-02
1.961118e-02
1.963733e-02
1.965062e-02
1.967118e-02
1.970547e-02
1.972214e-02
1.972783e-02
1.974091e-02
1.977930e-02
1.979843e-02
1.981290e-02
1.984929e-02
1.985859e-02
1.987548e-02
1.990995e-02
1.995016e-02
1.995886e-02
1.999259e-02
2.000324e-02
2.001543e-02
2.006100e-02
2.008841e-02
2.009859e-02
2.014784e-02
2.018374e-02
2.020621e-02
2.022894e-02
2.024389e-02
2.029667e-02
2.030733e-02
2.034623e-02
2.036075e-02
2.038534e-02
2.040818e-02
2.044146e-02
2.046549e-02
2.048096e-02
2.051673e-02
2.055526e-02
2.056058e-02
2.060945e-02
2.063436e-02
2.064322e-02
2.068249e-02
2.069631e-02
2.073729e-02
2.074283e-02
2.078113e-02
2.081110e-02
2.081945e-02
2.085893e-02
2.088037e-02
2.088960e-02
2.094089e-02
2.096550e-02
2.097208e-02
2.098240e-02
2.100857e-02
2.103783e-02
2.105843e-02
2.108474e-02
2.108818e-02
2.109702e-02
2.113892e-02
2.115141e-02
2.117885e-02
2.121601e-02
2.124133e-02
2.126064e-02
2.129950e-02
2.132622e-02
2.136019e-02
2.138459e-02
2.142066e-02
2.145184e-02
2.145508e-02
2.147102e-02
2.148912e-02
2.152112e-02
2.155057e-02
2.159408e-02
2.162038e-02
2.166411e-02
2.169218e-02
2.173237e-02
2.173891e-02
2.177265e-02
2.182074e-02
2.184132e-02
2.189726e-02
2.191357e-02
2.192308e-02
2.193255e-02
2.195965e-02
2.198521e-02
2.203002e-02
2.204186e-02
2.206341e-02
2.207906e-02
2.209856e-02
2.210176e-02
2.218364e-02
2.219690e-02
2.221634e-02
2.226374e-02
2.229460e-02
2.233199e-02
2.234672e-02
2.237257e-02
2.239677e-02
2.244086e-02
2.245740e-02
2.246183e-02
2.248805e-02
2.252007e-02
2.254964e-02
2.258206e-02
2.258586e-02
2.261536e-02
2.263228e-02
2.267235e-02
2.269039e-02
2.273740e-02
2.274517e-02
2.276459e-02
2.278313e-02
2.281886e-02
2.282365e-02
2.290533e-02
2.292515e-02
2.295766e-02
2.297736e-02
2.300060e-02
2.302513e-02
2.308290e-02
2.310303e-02
2.314566e-02
2.315279e-02
2.316286e-02
2.320948e-02
2.324657e-02
2.327120e-02
2.328730e-02
2.331231e-02
2.337826e-02
2.339198e-02
2.341952e-02
2.344746e-02
2.346775e-02
2.349297e-02
2.353185e-02
2.354396e-02
2.357108e-02
2.359897e-02
2.362912e-02
2.363840e-02
2.365615e-02
2.367041e-02
2.371061e-02
2.375503e-02
2.380409e-02
2.382612e-02
2.384129e-02
2.386895e-02
2.391241e-02
2.395245e-02
2.398357e-02
2.399603e-02
2.402180e-02
2.403843e-02
2.407654e-02
2.408719e-02
2.412688e-02
2.415922e-02
2.420957e-02
2.422277e-02
2.425996e-02
2.427478e-02
2.432583e-02
2.436192e-02
2.436609e-02
2.440273e-02
2.441525e-02
2.443331e-02
2.445118e-02
2.448983e-02
2.453416e-02
2.457821e-02
2.459931e-02
2.462029e-02
2.464201e-02
2.467856e-02
2.470821e-02
2.473631e-02
2.476704e-02
2.480115e-02
2.481493e-02
2.482169e-02
2.487150e-02
2.489214e-02
2.493886e-02
2.496201e-02
2.498036e-02
2.499397e-02
2.504495e-02
2.506454e-02
2.508901e-02
2.511002e-02
2.515483e-02
2.519384e-02
2.524503e-02
2.528449e-02
2.532433e-02
2.534678e-02
2.538155e-02
2.541161e-02
2.543072e-02
2.547811e-02
2.549405e-02
2.552569e-02
2.556463e-02
2.557632e-02
2.559154e-02
2.561954e-02
2.562814e-02
2.568180e-02
2.569694e-02
2.570817e-02
2.571430e-02
2.579463e-02
2.581435e-02
2.584171e-02
2.588262e-02
2.590440e-02
2.593087e-02
2.597005e-02
2.601068e-02
2.604106e-02
2.607115e-02
2.611557e-02
2.613379e-02
2.615919e-02
2.621532e-02
2.623822e-02
2.627413e-02
2.636469e-02
2.637947e-02
2.640119e-02
2.641409e-02
2.645507e-02
2.648237e-02
2.650085e-02
2.654919e-02
2.658809e-02
2.661504e-02
2.663989e-02
2.671139e-02
2.672591e-02
2.674757e-02
2.676314e-02
2.680421e-02
2.686435e-02
2.687324e-02
2.691352e-02
2.694561e-02
2.696021e-02
2.697519e-02
2.701198e-02
2.705560e-02
2.707012e-02
2.711328e-02
2.714312e-02
2.715483e-02
2.722089e-02
2.725222e-02
2.729754e-02
2.730255e-02
2.733895e-02
2.734820e-02
2.738479e-02
2.741462e-02
2.745631e-02
2.749430e-02
2.750656e-02
2.755287e-02
2.758015e-02
2.762008e-02
2.762584e-02
2.768395e-02
2.769664e-02
2.771923e-02
2.773465e-02
2.775128e-02
2.777221e-02
2.783403e-02
2.788612e-02
2.796777e-02
2.798058e-02
2.800259e-02
2.802511e-02
2.804870e-02
2.807982e-02
2.813629e-02
2.817829e-02
2.818713e-02
2.820606e-02
2.829206e-02
2.831306e-02
2.833770e-02
2.835299e-02
2.838939e-02
2.843778e-02
2.849423e-02
2.851176e-02
2.854023e-02
2.858718e-02
2.860381e-02
2.863302e-02
2.867537e-02
2.872535e-02
2.875680e-02
2.877797e-02
2.881875e-02
2.882675e-02
2.887507e-02
2.891337e-02
2.897306e-02
2.897907e-02
2.901867e-02
2.903517e-02
2.910309e-02
2.911827e-02
2.915354e-02
2.918075e-02
2.922683e-02
2.929022e-02
2.934247e-02
2.935242e-02
2.940254e-02
2.947100e-02
2.950955e-02
2.954635e-02
2.958108e-02
2.960019e-02
2.961560e-02
2.967681e-02
2.971466e-02
2.973201e-02
2.976608e-02
2.981851e-02
2.984920e-02
2.990556e-02
2.993691e-02
2.996550e-02
3.001404e-02
3.003359e-02
3.004688e-02
3.008678e-02
3.014144e-02
3.016331e-02
3.018295e-02
3.020995e-02
3.029740e-02
3.032631e-02
3.034173e-02
3.040761e-02
3.042152e-02
3.048385e-02
3.049200e-02
3.055175e-02
3.058542e-02
3.061123e-02
3.072686e-02
3.073540e-02
3.076442e-02
3.083639e-02
3.089265e-02
3.090973e-02
3.093434e-02
3.094889e-02
3.098913e-02
3.103782e-02
3.106535e-02
3.110591e-02
3.113848e-02
3.115451e-02
3.120294e-02
3.123625e-02
3.125131e-02
3.135329e-02
3.136293e-02
3.142136e-02
3.145464e-02
3.149704e-02
3.153290e-02
3.155773e-02
3.159481e-02
3.163336e-02
3.166936e-02
3.168888e-02
3.171846e-02
3.176158e-02
3.178102e-02
3.180893e-02
3.183699e-02
3.194004e-02
3.197878e-02
3.201890e-02
3.205891e-02
3.208839e-02
3.215869e-02
3.219904e-02
3.221901e-02
3.227076e-02
3.233189e-02
3.235153e-02
3.240496e-02
3.242512e-02
3.247182e-02
3.249584e-02
3.252537e-02
3.256595e-02
3.260417e-02
3.265698e-02
3.268035e-02
3.269411e-02
3.274928e-02
3.278216e-02
3.279881e-02
3.281596e-02
3.287296e-02
3.291042e-02
3.296386e-02
3.301648e-02
3.305224e-02
3.308415e-02
3.313909e-02
3.322094e-02
3.329158e-02
3.331487e-02
3.335707e-02
3.338453e-02
3.339433e-02
3.341315e-02
3.348956e-02
3.353805e-02
3.354801e-02
3.358357e-02
3.363332e-02
3.368568e-02
3.375236e-02
3.379360e-02
3.386402e-02
3.387032e-02
3.390392e-02
3.395211e-02
3.396792e-02
3.409024e-02
3.411097e-02
3.416996e-02
3.418980e-02
3.420485e-02
3.424127e-02
3.425272e-02
3.430247e-02
3.436748e-02
3.440767e-02
3.446382e-02
3.448569e-02
3.451567e-02
3.459782e-02
3.462796e-02
3.468830e-02
3.478753e-02
3.479616e-02
3.482958e-02
3.486809e-02
3.489581e-02
3.491349e-02
3.496736e-02
3.504449e-02
3.506902e-02
3.512517e-02
3.516439e-02
3.518694e-02
3.528070e-02
3.535214e-02
3.536403e-02
3.538074e-02
3.541548e-02
3.546291e-02
3.552685e-02
3.556417e-02
3.561937e-02
3.564896e-02
3.568487e-02
3.575324e-02
3.582788e-02
3.586928e-02
3.587776e-02
3.592534e-02
3.600547e-02
3.604564e-02
3.605355e-02
3.614997e-02
3.620084e-02
3.624343e-02
3.629310e-02
3.631405e-02
3.638883e-02
3.642029e-02
3.648238e-02
3.653338e-02
3.654794e-02
3.659462e-02
3.662773e-02
3.666692e-02
3.673679e-02
3.682158e-02
3.688432e-02
3.691013e-02
3.695393e-02
3.700775e-02
3.705672e-02
3.709026e-02
3.711839e-02
3.718025e-02
3.722699e-02
3.727899e-02
3.732165e-02
3.741566e-02
3.746955e-02
3.748008e-02
3.750525e-02
3.752673e-02
3.759800e-02
3.767342e-02
3.769844e-02
3.774940e-02
3.779545e-02
3.782767e-02
3.787744e-02
3.790708e-02
3.795621e-02
3.802204e-02
3.806894e-02
3.810395e-02
3.814051e-02
3.820587e-02
3.827343e-02
3.830664e-02
3.831761e-02
3.840993e-02
3.845001e-02
3.846827e-02
3.852357e-02
3.860381e-02
3.867099e-02
3.870757e-02
3.874767e-02
3.878747e-02
3.890197e-02
3.894513e-02
3.897640e-02
3.902444e-02
3.910237e-02
3.911667e-02
3.919742e-02
3.927136e-02
3.932946e-02
3.939150e-02
3.941505e-02
3.945824e-02
3.954450e-02
3.956599e-02
3.958690e-02
3.965018e-02
3.970996e-02
3.972582e-02
3.984172e-02
3.985926e-02
3.989008e-02
4.000644e-02
4.003339e-02
4.006627e-02
4.011406e-02
4.020552e-02
4.023753e-02
4.027722e-02
4.032676e-02
4.036754e-02
4.043247e-02
4.046717e-02
4.053619e-02
4.059114e-02
4.066306e-02
4.073816e-02
4.075822e-02
4.079051e-02
4.088438e-02
4.092631e-02
4.100770e-02
4.103575e-02
4.106790e-02
4.112514e-02
4.115061e-02
4.121502e-02
4.124926e-02
4.136181e-02
4.138677e-02
4.142404e-02
4.145269e-02
4.149738e-02
4.153436e-02
4.157180e-02
4.167052e-02
4.176195e-02
4.178298e-02
4.180339e-02
4.190715e-02
4.192310e-02
4.199891e-02
4.209397e-02
4.212863e-02
4.219200e-02
4.226251e-02
4.232369e-02
4.237704e-02
4.241218e-02
4.248725e-02
4.251853e-02
4.254281e-02
4.260008e-02
4.273338e-02
4.278169e-02
4.280922e-02
4.283178e-02
4.287258e-02
4.294366e-02
4.295896e-02
4.307354e-02
4.309652e-02
4.315433e-02
4.321288e-02
4.326964e-02
4.333989e-02
4.339744e-02
4.344608e-02
4.352842e-02
4.356931e-02
4.359310e-02
4.367696e-02
4.372461e-02
4.377349e-02
4.382747e-02
4.388845e-02
4.393218e-02
4.395391e-02
4.404739e-02
4.409738e-02
4.412047e-02
4.415687e-02
4.433442e-02
4.439445e-02
4.442377e-02
4.448867e-02
4.455538e-02
4.458191e-02
4.461771e-02
4.470255e-02
4.477754e-02
4.481061e-02
4.486353e-02
4.496961e-02
4.498930e-02
4.503169e-02
4.505245e-02
4.515019e-02
4.519595e-02
4.524805e-02
4.527470e-02
4.535879e-02
4.541644e-02
4.547630e-02
4.559187e-02
4.564581e-02
4.573657e-02
4.580380e-02
4.583797e-02
4.588636e-02
4.592837e-02
4.596718e-02
4.599442e-02
4.607547e-02
4.613500e-02
4.618346e-02
4.623003e-02
4.630357e-02
4.632395e-02
4.646339e-02
4.649552e-02
4.657177e-02
4.658033e-02
4.661968e-02
4.675225e-02
4.682981e-02
4.686781e-02
4.692336e-02
4.699668e-02
4.706707e-02
4.707915e-02
4.715835e-02
4.718717e-02
4.721591e-02
4.727749e-02
4.744852e-02
4.747310e-02
4.753461e-02
4.759997e-02
4.767612e-02
4.770252e-02
4.775445e-02
4.778069e-02
4.783826e-02
4.792821e-02
4.797755e-02
4.803444e-02
4.807210e-02
4.810629e-02
4.821770e-02
4.825524e-02
4.837735e-02
4.844396e-02
4.846757e-02
4.849604e-02
4.852573e-02
4.856856e-02
4.860797e-02
4.865321e-02
4.875483e-02
4.881190e-02
4.898608e-02
4.906618e-02
4.910953e-02
4.913097e-02
4.917130e-02
4.925377e-02
4.934785e-02
4.937156e-02
4.943303e-02
4.951050e-02
4.953217e-02
4.953449e-02
4.970470e-02
4.984291e-02
4.989486e-02
4.992527e-02
5.000589e-02
5.006852e-02
5.018891e-02
5.026616e-02
5.032671e-02
5.043981e-02
5.045927e-02
5.058996e-02
5.063568e-02
5.068101e-02
5.072962e-02
5.080487e-02
5.082563e-02
5.087166e-02
5.098889e-02
5.104025e-02
5.116236e-02
5.118385e-02
5.125004e-02
5.128435e-02
5.136127e-02
5.148308e-02
5.150960e-02
5.157441e-02
5.167056e-02
5.175467e-02
5.181476e-02
5.187617e-02
5.202141e-02
5.206190e-02
5.217628e-02
5.222741e-02
5.231324e-02
5.239913e-02
5.245830e-02
5.257092e-02
5.261419e-02
5.268334e-02
5.278436e-02
5.285863e-02
5.292141e-02
5.300279e-02
5.301980e-02
5.313201e-02
5.325216e-02
5.331472e-02
5.340481e-02
5.341955e-02
5.352224e-02
5.365875e-02
5.376412e-02
5.383744e-02
5.390969e-02
5.395119e-02
5.402886e-02
5.410727e-02
5.415469e-02
5.418787e-02
5.433119e-02
5.444681e-02
5.448134e-02
5.456555e-02
5.463809e-02
5.471010e-02
5.476426e-02
5.492655e-02
5.500886e-02
5.502696e-02
5.509587e-02
5.515870e-02
5.531159e-02
5.539350e-02
5.544666e-02
5.559010e-02
5.570560e-02
5.571349e-02
5.581754e-02
5.586841e-02
5.593221e-02
5.601988e-02
5.606228e-02
5.612068e-02
5.630481e-02
5.645459e-02
5.653023e-02
5.665724e-02
5.673762e-02
5.677942e-02
5.683991e-02
5.690082e-02
5.696029e-02
5.702999e-02
5.714844e-02
5.724026e-02
5.731148e-02
5.739720e-02
5.742146e-02
5.758545e-02
5.761944e-02
5.763954e-02
5.773258e-02
5.780827e-02
5.786134e-02
5.793336e-02
5.805786e-02
5.812165e-02
5.817306e-02
5.820672e-02
5.836770e-02
5.844054e-02
5.847198e-02
5.860154e-02
5.862613e-02
5.868061e-02
5.875198e-02
5.883564e-02
5.888638e-02
5.902091e-02
5.907208e-02
5.915259e-02
5.922609e-02
5.928556e-02
5.948431e-02
5.952583e-02
5.960512e-02
5.972058e-02
5.972560e-02
5.981291e-02
5.989389e-02
6.000526e-02
6.018421e-02
6.026822e-02
6.032863e-02
6.039684e-02
6.050602e-02
6.061891e-02
6.066816e-02
6.069883e-02
6.077342e-02
6.086101e-02
6.090665e-02
6.107540e-02
6.111196e-02
6.127542e-02
6.132747e-02
6.144331e-02
6.152352e-02
6.158778e-02
6.170174e-02
6.174108e-02
6.187368e-02
6.201698e-02
6.213953e-02
6.221849e-02
6.241139e-02
6.247506e-02
6.251107e-02
6.257619e-02
6.268807e-02
6.275729e-02
6.282478e-02
6.289175e-02
6.296410e-02
6.306193e-02
6.322540e-02
6.326511e-02
6.344401e-02
6.351129e-02
6.356545e-02
6.362966e-02
6.382166e-02
6.389612e-02
6.402864e-02
6.408233e-02
6.414149e-02
6.420700e-02
6.436220e-02
6.446540e-02
6.451708e-02
6.471026e-02
6.479822e-02
6.482653e-02
6.505472e-02
6.511657e-02
6.512973e-02
6.540262e-02
6.544097e-02
6.556718e-02
6.572602e-02
6.577074e-02
6.584506e-02
6.600854e-02
6.608750e-02
6.610922e-02
6.626992e-02
6.630844e-02
6.641350e-02
6.654001e-02
6.663338e-02
6.675349e-02
6.685468e-02
6.689624e-02
6.697584e-02
6.706833e-02
6.726570e-02
6.733824e-02
6.736268e-02
6.738565e-02
6.741520e-02
6.750204e-02
6.762040e-02
6.764886e-02
6.776274e-02
6.798056e-02
6.810948e-02
6.819048e-02
6.830186e-02
6.836830e-02
6.846415e-02
6.847943e-02
6.862573e-02
6.875279e-02
6.891821e-02
6.894025e-02
6.902580e-02
6.909192e-02
6.919325e-02
6.936249e-02
6.942053e-02
6.965674e-02
6.976990e-02
6.981356e-02
6.989472e-02
7.001052e-02
7.028478e-02
7.046889e-02
7.057351e-02
7.061139e-02
7.067748e-02
7.084542e-02
7.105093e-02
7.120224e-02
7.128797e-02
7.135782e-02
7.140690e-02
7.164647e-02
7.172672e-02
7.180409e-02
7.190205e-02
7.198864e-02
7.213315e-02
7.223664e-02
7.238511e-02
7.258280e-02
7.266915e-02
7.280059e-02
7.287949e-02
7.305834e-02
7.324231e-02
7.328548e-02
7.344434e-02
7.353493e-02
7.365173e-02
7.372600e-02
7.374223e-02
7.398231e-02
7.402925e-02
7.418858e-02
7.432592e-02
7.451855e-02
7.461720e-02
7.473951e-02
7.478662e-02
7.501992e-02
7.520350e-02
7.560255e-02
7.571083e-02
7.577092e-02
7.593274e-02
7.612480e-02
7.616953e-02
7.626556e-02
7.636018e-02
7.656495e-02
7.665046e-02
7.672106e-02
7.692160e-02
7.700539e-02
7.707403e-02
7.717964e-02
7.736217e-02
7.750693e-02
7.761850e-02
7.778441e-02
7.783868e-02
7.800765e-02
7.811363e-02
7.821706e-02
7.831597e-02
7.844343e-02
7.858793e-02
7.869568e-02
7.872149e-02
7.881687e-02
7.900206e-02
7.919838e-02
7.928028e-02
7.944132e-02
7.948694e-02
7.982850e-02
7.996361e-02
8.007179e-02
8.013035e-02
8.024305e-02
8.032853e-02
8.048782e-02
8.070321e-02
8.082072e-02
8.106674e-02
8.108807e-02
8.139085e-02
8.156078e-02
8.165519e-02
8.190341e-02
8.191281e-02
8.203064e-02
8.208730e-02
8.231850e-02
8.257367e-02
8.275033e-02
8.288981e-02
8.296130e-02
8.312410e-02
8.334006e-02
8.344994e-02
8.373986e-02
8.396748e-02
8.405532e-02
8.408598e-02
8.439356e-02
8.458382e-02
8.472429e-02
8.484625e-02
8.486689e-02
8.505773e-02
8.513791e-02
8.546386e-02
8.565034e-02
8.572066e-02
8.583839e-02
8.595836e-02
8.606055e-02
8.637442e-02
8.654663e-02
8.672614e-02
8.683111e-02
8.711233e-02
8.731033e-02
8.741518e-02
8.756504e-02
8.774199e-02
8.785014e-02
8.797799e-02
8.828952e-02
8.845634e-02
8.850066e-02
8.880242e-02
8.898978e-02
8.911566e-02
8.939840e-02
8.956087e-02
8.961678e-02
8.967125e-02
8.996577e-02
9.016857e-02
9.035966e-02
9.057571e-02
9.071073e-02
9.081994e-02
9.097903e-02
9.127817e-02
9.158105e-02
9.172670e-02
9.195103e-02
9.208999e-02
9.227090e-02
9.248450e-02
9.254559e-02
9.287176e-02
9.301313e-02
9.308112e-02
9.317370e-02
9.341120e-02
9.355426e-02
9.382297e-02
9.408892e-02
9.416669e-02
9.440517e-02
9.467289e-02
9.483644e-02
9.494121e-02
9.523788e-02
9.560387e-02
9.582537e-02
9.599800e-02
9.643074e-02
9.680711e-02
9.707905e-02
9.715870e-02
9.722612e-02
9.741551e-02
9.748852e-02
9.761786e-02
9.796995e-02
9.824065e-02
9.832332e-02
9.837970e-02
9.849676e-02
9.868356e-02
9.881048e-02
9.912863e-02
9.933935e-02
9.952432e-02
9.966963e-02
9.982879e-02
1.005452e-01
1.005641e-01
1.006806e-01
1.008735e-01
1.009250e-01
1.012980e-01
1.013247e-01
1.014751e-01
1.017922e-01
1.018061e-01
1.020086e-01
1.022427e-01
1.026100e-01
1.027043e-01
1.031827e-01
1.032515e-01
1.037190e-01
1.039048e-01
1.040557e-01
1.041899e-01
1.046589e-01
1.048898e-01
1.049916e-01
1.051258e-01
1.054755e-01
1.057645e-01
1.061689e-01
1.062912e-01
1.064563e-01
1.067997e-01
1.069673e-01
1.070922e-01
1.076523e-01
1.079328e-01
1.080682e-01
1.083091e-01
1.084266e-01
1.086028e-01
1.086163e-01
1.089910e-01
1.091761e-01
1.095463e-01
1.096900e-01
1.098674e-01
1.102464e-01
1.105969e-01
1.108437e-01
1.109948e-01
1.115289e-01
1.117004e-01
1.118860e-01
1.120906e-01
1.123454e-01
1.124831e-01
1.129171e-01
1.131009e-01
1.133470e-01
1.136315e-01
1.137726e-01
1.138983e-01
1.143577e-01
1.144892e-01
1.146293e-01
1.147544e-01
1.152391e-01
1.156069e-01
1.156799e-01
1.160353e-01
1.164994e-01
1.168323e-01
1.171887e-01
1.174458e-01
1.177102e-01
1.179430e-01
1.182595e-01
1.184297e-01
1.187781e-01
1.189416e-01
1.190443e-01
1.194101e-01
1.198191e-01
1.199718e-01
1.203307e-01
1.205025e-01
1.206213e-01
1.213262e-01
1.214376e-01
1.216571e-01
1.219868e-01
1.220943e-01
1.221328e-01
1.225720e-01
1.231215e-01
1.234004e-01
1.239269e-01
1.241395e-01
1.245593e-01
1.249179e-01
1.253089e-01
1.255581e-01
1.256423e-01
1.258946e-01
1.260080e-01
1.263720e-01
1.265137e-01
1.269355e-01
1.271037e-01
1.274962e-01
1.280047e-01
1.282696e-01
1.287244e-01
1.288231e-01
1.291393e-01
1.293516e-01
1.296607e-01
1.300865e-01
1.304981e-01
1.305619e-01
1.307481e-01
1.308238e-01
1.309394e-01
1.313424e-01
1.316780e-01
1.317182e-01
1.319726e-01
1.321064e-01
1.325216e-01
1.329208e-01
1.333590e-01
1.336005e-01
1.339241e-01
1.340659e-01
1.346455e-01
1.348117e-01
1.349526e-01
1.351155e-01
1.356295e-01
1.356879e-01
1.363657e-01
1.365285e-01
1.366853e-01
1.368343e-01
1.371169e-01
1.383912e-01
1.386308e-01
1.391926e-01
1.395428e-01
1.396217e-01
1.402430e-01
1.404041e-01
1.405256e-01
1.409606e-01
1.411812e-01
1.412945e-01
1.416892e-01
1.421999e-01
1.425321e-01
1.427942e-01
1.428928e-01
1.434533e-01
1.441587e-01
1.443470e-01
1.447566e-01
1.448696e-01
1.453386e-01
1.459971e-01
1.463066e-01
1.468434e-01
1.470565e-01
1.479862e-01
1.481882e-01
1.492377e-01
1.492808e-01
1.502753e-01
1.503280e-01
1.504818e-01
1.507329e-01
1.510445e-01
1.515794e-01
1.519933e-01
1.523419e-01
1.525444e-01
1.525842e-01
1.530755e-01
1.532867e-01
1.539510e-01
1.542342e-01
1.550285e-01
1.553348e-01
1.555544e-01
1.559472e-01
1.562337e-01
1.568247e-01
1.572358e-01
1.574549e-01
1.577500e-01
1.578369e-01
1.581979e-01
1.591065e-01
1.598979e-01
1.602026e-01
1.606481e-01
1.608772e-01
1.612297e-01
1.619517e-01
1.622689e-01
1.624931e-01
1.633464e-01
1.636443e-01
1.643570e-01
1.651148e-01
1.655007e-01
1.657994e-01
1.663756e-01
1.665851e-01
1.668823e-01
1.671614e-01
1.677553e-01
1.681271e-01
1.686205e-01
1.695042e-01
1.695679e-01
1.702959e-01
1.707942e-01
1.712166e-01
1.715168e-01
1.718254e-01
1.720395e-01
1.724132e-01
1.728205e-01
1.734303e-01
1.741554e-01
1.745490e-01
1.746712e-01
1.747697e-01
1.749738e-01
1.755294e-01
1.756759e-01
1.763790e-01
1.771584e-01
1.775820e-01
1.779873e-01
1.790185e-01
1.790639e-01
1.793175e-01
1.794409e-01
1.798380e-01
1.801113e-01
1.804625e-01
1.806712e-01
1.811341e-01
1.813125e-01
1.813406e-01
1.815942e-01
1.835846e-01
1.839820e-01
1.853891e-01
1.856429e-01
1.862311e-01
1.870537e-01
1.872415e-01
1.875247e-01
1.880745e-01
1.895224e-01
1.902697e-01
1.904958e-01
1.911280e-01
1.912865e-01
1.915476e-01
1.919359e-01
1.935018e-01
1.936286e-01
1.946990e-01
1.964866e-01
1.980110e-01
1.983253e-01
1.996068e-01
2.010144e-01
2.016185e-01
2.031604e-01
2.035114e-01
2.037879e-01
2.042390e-01
2.048482e-01
2.057645e-01
2.066030e-01
2.075762e-01
2.082662e-01
2.087762e-01
2.099918e-01
2.107109e-01
2.121739e-01
2.133824e-01
2.137708e-01
2.146617e-01
2.156333e-01
2.158061e-01
2.167713e-01
2.170718e-01
2.174245e-01
2.181714e-01
2.186107e-01
2.187298e-01
2.189778e-01
2.193789e-01
2.214899e-01
2.227804e-01
2.231638e-01
2.239580e-01
2.247968e-01
2.249551e-01
2.278817e-01
2.292676e-01
2.296760e-01
2.304445e-01
2.306007e-01
2.309526e-01
2.317947e-01
2.329930e-01
2.334769e-01
2.337446e-01
2.352438e-01
2.365900e-01
2.377388e-01
2.382192e-01
2.385988e-01
2.393099e-01
2.404351e-01
2.414239e-01
2.430110e-01
2.446249e-01
2.459724e-01
2.462375e-01
2.475713e-01
2.494435e-01
2.497699e-01
2.512876e-01
2.523358e-01
2.547778e-01
2.550582e-01
2.555047e-01
2.558012e-01
2.558908e-01
2.564549e-01
2.582647e-01
2.585771e-01
2.588164e-01
2.602053e-01
2.619235e-01
2.622804e-01
2.642655e-01
2.647696e-01
2.669403e-01
2.684930e-01
2.688857e-01
2.702183e-01
2.714980e-01
2.719491e-01
2.728009e-01
2.735291e-01
2.750311e-01
2.774994e-01
2.783414e-01
2.799343e-01
2.802882e-01
2.819299e-01
2.820949e-01
2.825172e-01
2.840465e-01
2.854804e-01
2.856713e-01
2.890081e-01
2.898901e-01
2.901936e-01
2.917563e-01
2.959133e-01
2.977871e-01
2.984290e-01
2.997586e-01
3.015444e-01
3.034039e-01
3.057725e-01
3.098637e-01
3.101989e-01
3.130142e-01
3.138818e-01
3.139856e-01
3.146273e-01
3.200407e-01
3.205536e-01
3.215210e-01
3.225833e-01
3.255699e-01
3.309731e-01
3.317154e-01
3.365866e-01
3.401246e-01
3.413332e-01
3.461797e-01
3.477991e-01
3.484378e-01
3.511808e-01
3.512663e-01
3.534846e-01
3.557169e-01
3.571105e-01
3.574307e-01
3.619257e-01
3.699517e-01
3.771434e-01
3.807241e-01
3.834990e-01
3.881963e-01
3.942736e-01
3.972377e-01
4.004669e-01
4.057240e-01
4.080877e-01
4.096860e-01
4.130908e-01
4.147049e-01
4.202775e-01
4.315352e-01
4.318180e-01
4.358033e-01
4.369292e-01
4.395509e-01
4.440284e-01
4.447090e-01
4.491890e-01
4.516318e-01
4.520115e-01
4.539005e-01
4.567123e-01
4.589897e-01
4.648117e-01
4.658497e-01
4.680862e-01
4.691104e-01
4.771712e-01
4.833839e-01
4.875811e-01
4.897166e-01
4.922756e-01
5.003770e-01
5.076169e-01
5.111102e-01
5.123985e-01
5.154811e-01
5.187722e-01
5.221199e-01
5.255076e-01
5.369025e-01
5.404548e-01
5.462809e-01
5.633934e-01
5.672571e-01
5.697838e-01
5.804099e-01
5.916006e-01
6.016163e-01
6.064382e-01
6.198308e-01
6.285688e-01
6.488222e-01
6.506932e-01
6.573017e-01
6.601992e-01
6.913882e-01
6.965585e-01
6.978082e-01
7.384378e-01
7.393758e-01
7.562214e-01
7.636958e-01
7.735167e-01
7.813897e-01
8.146220e-01
8.247023e-01
8.288782e-01
8.914104e-01
9.516103e-01
9.949388e-01
1.000000e+00
