# SF-29 C-i4 candidate (i) i1o4 field=control2d eps=0.5 N=12: sorted relative singular values of the dense central-FD Jacobian at the converged state (rows F_i=-q(L_i-S_i); outlet rows (2q/h)(vperp_in-c_perp); smax=4.319547e+03)
2.146887e-04
2.309140e-04
2.484473e-04
2.484473e-04
2.693132e-04
2.693132e-04
2.757741e-04
2.757741e-04
2.772794e-04
2.772794e-04
2.854645e-04
2.854645e-04
2.894266e-04
2.894266e-04
2.963069e-04
3.037126e-04
3.037126e-04
3.150971e-04
3.150971e-04
3.478063e-04
5.012142e-04
5.015697e-04
5.015697e-04
5.124522e-04
5.124522e-04
5.369583e-04
5.369583e-04
6.073279e-04
6.073279e-04
8.183756e-04
1.119821e-03
1.291522e-03
1.291522e-03
1.310272e-03
1.310272e-03
1.317477e-03
1.317477e-03
1.421343e-03
1.421343e-03
1.551395e-03
1.590125e-03
1.590125e-03
1.848070e-03
1.848070e-03
2.189833e-03
2.464694e-03
2.464694e-03
2.477210e-03
2.477210e-03
2.539662e-03
2.539662e-03
2.755918e-03
2.869180e-03
2.877502e-03
2.877502e-03
3.062619e-03
3.062619e-03
3.123939e-03
3.123939e-03
3.153663e-03
3.179544e-03
3.179544e-03
3.206323e-03
3.206323e-03
3.370786e-03
3.370786e-03
3.481711e-03
3.481711e-03
3.511373e-03
3.679330e-03
3.679330e-03
3.693563e-03
3.693563e-03
3.707620e-03
3.707620e-03
3.734334e-03
3.830581e-03
3.830581e-03
3.860721e-03
3.863067e-03
3.863067e-03
3.910079e-03
4.161545e-03
4.161545e-03
4.166595e-03
4.166595e-03
4.248616e-03
4.248616e-03
4.458995e-03
4.458995e-03
4.469834e-03
4.726580e-03
4.726580e-03
4.808406e-03
4.808406e-03
4.889835e-03
4.889835e-03
4.964718e-03
5.124614e-03
5.124614e-03
5.234305e-03
5.234305e-03
5.346486e-03
5.346486e-03
5.496725e-03
5.662485e-03
5.662485e-03
5.716934e-03
5.716934e-03
5.721911e-03
5.721911e-03
6.025324e-03
6.025324e-03
6.253203e-03
6.253203e-03
6.364897e-03
6.397334e-03
6.397334e-03
7.064258e-03
7.064258e-03
7.354929e-03
7.546818e-03
7.546818e-03
7.634659e-03
7.634659e-03
7.714286e-03
7.714286e-03
7.779342e-03
8.066364e-03
8.066364e-03
8.257806e-03
8.257806e-03
8.439552e-03
8.439552e-03
8.577721e-03
8.577721e-03
8.761036e-03
8.761036e-03
8.921445e-03
9.061774e-03
9.061774e-03
9.127356e-03
9.127356e-03
9.136430e-03
9.256790e-03
9.256790e-03
9.306543e-03
9.306543e-03
9.463886e-03
9.518140e-03
9.518140e-03
9.787922e-03
9.787922e-03
9.929013e-03
9.929013e-03
9.953136e-03
9.953136e-03
1.004434e-02
1.004434e-02
1.014955e-02
1.018175e-02
1.018175e-02
1.022750e-02
1.022750e-02
1.041556e-02
1.041556e-02
1.051566e-02
1.051566e-02
1.052710e-02
1.052710e-02
1.076805e-02
1.077688e-02
1.077688e-02
1.083345e-02
1.083345e-02
1.097989e-02
1.097989e-02
1.102433e-02
1.102433e-02
1.117912e-02
1.117912e-02
1.151861e-02
1.165387e-02
1.165387e-02
1.181301e-02
1.181301e-02
1.191308e-02
1.191308e-02
1.206379e-02
1.206379e-02
1.230006e-02
1.230006e-02
1.233508e-02
1.233508e-02
1.235150e-02
1.262331e-02
1.262331e-02
1.271809e-02
1.278861e-02
1.278861e-02
1.280915e-02
1.280915e-02
1.284867e-02
1.284867e-02
1.323682e-02
1.323682e-02
1.335112e-02
1.335112e-02
1.340240e-02
1.340240e-02
1.352638e-02
1.353067e-02
1.353067e-02
1.355061e-02
1.355061e-02
1.359542e-02
1.359542e-02
1.414847e-02
1.414847e-02
1.436303e-02
1.452964e-02
1.452964e-02
1.461108e-02
1.461108e-02
1.467517e-02
1.467517e-02
1.485813e-02
1.485813e-02
1.493935e-02
1.493935e-02
1.508934e-02
1.508934e-02
1.514754e-02
1.514754e-02
1.522334e-02
1.522334e-02
1.551131e-02
1.562576e-02
1.562576e-02
1.589644e-02
1.589644e-02
1.590158e-02
1.590158e-02
1.595553e-02
1.595553e-02
1.611324e-02
1.611324e-02
1.617024e-02
1.635988e-02
1.635988e-02
1.658113e-02
1.676229e-02
1.676229e-02
1.708386e-02
1.708386e-02
1.709142e-02
1.709142e-02
1.714381e-02
1.714381e-02
1.715464e-02
1.715464e-02
1.738152e-02
1.752050e-02
1.752050e-02
1.763161e-02
1.763161e-02
1.764558e-02
1.764558e-02
1.789155e-02
1.789155e-02
1.789287e-02
1.789287e-02
1.797510e-02
1.797510e-02
1.814347e-02
1.814347e-02
1.827078e-02
1.836315e-02
1.836315e-02
1.839342e-02
1.839342e-02
1.855936e-02
1.855936e-02
1.862361e-02
1.862361e-02
1.865111e-02
1.865111e-02
1.886144e-02
1.905592e-02
1.905592e-02
1.930573e-02
1.960817e-02
1.960817e-02
1.972197e-02
1.972197e-02
1.983408e-02
1.983408e-02
2.008107e-02
2.008107e-02
2.010239e-02
2.010239e-02
2.039920e-02
2.039920e-02
2.040447e-02
2.041658e-02
2.041658e-02
2.050496e-02
2.050496e-02
2.081156e-02
2.081156e-02
2.086163e-02
2.086163e-02
2.107871e-02
2.107871e-02
2.110779e-02
2.110779e-02
2.123577e-02
2.123577e-02
2.152902e-02
2.169677e-02
2.169677e-02
2.178349e-02
2.178349e-02
2.185672e-02
2.185672e-02
2.220016e-02
2.220016e-02
2.248273e-02
2.248273e-02
2.269178e-02
2.269178e-02
2.285089e-02
2.302895e-02
2.302895e-02
2.314921e-02
2.314921e-02
2.344899e-02
2.344899e-02
2.353934e-02
2.353934e-02
2.355392e-02
2.355392e-02
2.365046e-02
2.365046e-02
2.388511e-02
2.388511e-02
2.391047e-02
2.422042e-02
2.422042e-02
2.431987e-02
2.431987e-02
2.441661e-02
2.441661e-02
2.468105e-02
2.468105e-02
2.474860e-02
2.474860e-02
2.479885e-02
2.479885e-02
2.517364e-02
2.517364e-02
2.523849e-02
2.524416e-02
2.524416e-02
2.543792e-02
2.544424e-02
2.544424e-02
2.546136e-02
2.546136e-02
2.546777e-02
2.546777e-02
2.559938e-02
2.559938e-02
2.621267e-02
2.621267e-02
2.628023e-02
2.628023e-02
2.633096e-02
2.633096e-02
2.658423e-02
2.658423e-02
2.659552e-02
2.659552e-02
2.662816e-02
2.664290e-02
2.664290e-02
2.666327e-02
2.666327e-02
2.678906e-02
2.678906e-02
2.693853e-02
2.693853e-02
2.695494e-02
2.695494e-02
2.712080e-02
2.712080e-02
2.713908e-02
2.713908e-02
2.732494e-02
2.744126e-02
2.744126e-02
2.746315e-02
2.746315e-02
2.748598e-02
2.748598e-02
2.767097e-02
2.767592e-02
2.767592e-02
2.781864e-02
2.781864e-02
2.811694e-02
2.811694e-02
2.814494e-02
2.814494e-02
2.836254e-02
2.836254e-02
2.866080e-02
2.866080e-02
2.894139e-02
2.894139e-02
2.919883e-02
2.919883e-02
2.937770e-02
2.937770e-02
2.958413e-02
2.958413e-02
2.961164e-02
2.963838e-02
2.963838e-02
2.967947e-02
2.967947e-02
3.029486e-02
3.050210e-02
3.050210e-02
3.067015e-02
3.067015e-02
3.079718e-02
3.079718e-02
3.093674e-02
3.093674e-02
3.104913e-02
3.104913e-02
3.126095e-02
3.126095e-02
3.151343e-02
3.151343e-02
3.181968e-02
3.181968e-02
3.251151e-02
3.251151e-02
3.254042e-02
3.254042e-02
3.256933e-02
3.256933e-02
3.257374e-02
3.266863e-02
3.266863e-02
3.271538e-02
3.271538e-02
3.272842e-02
3.272842e-02
3.301307e-02
3.301307e-02
3.302632e-02
3.302632e-02
3.309117e-02
3.310404e-02
3.310404e-02
3.310872e-02
3.310872e-02
3.323750e-02
3.323750e-02
3.374362e-02
3.374362e-02
3.385075e-02
3.385075e-02
3.406444e-02
3.406444e-02
3.408004e-02
3.408004e-02
3.413251e-02
3.413251e-02
3.441531e-02
3.441531e-02
3.454185e-02
3.487966e-02
3.487966e-02
3.504724e-02
3.504724e-02
3.508521e-02
3.508521e-02
3.509523e-02
3.509523e-02
3.541158e-02
3.541158e-02
3.547213e-02
3.547213e-02
3.590679e-02
3.590679e-02
3.597011e-02
3.597011e-02
3.613089e-02
3.613089e-02
3.628093e-02
3.628093e-02
3.629591e-02
3.629591e-02
3.640530e-02
3.640530e-02
3.689288e-02
3.689288e-02
3.705317e-02
3.705317e-02
3.719624e-02
3.719624e-02
3.744032e-02
3.744032e-02
3.771790e-02
3.771790e-02
3.785110e-02
3.785110e-02
3.786670e-02
3.809073e-02
3.809073e-02
3.811676e-02
3.811676e-02
3.813992e-02
3.813992e-02
3.814455e-02
3.814455e-02
3.818866e-02
3.818866e-02
3.843001e-02
3.843001e-02
3.848782e-02
3.850492e-02
3.850492e-02
3.894100e-02
3.894100e-02
3.897120e-02
3.897120e-02
3.898965e-02
3.898965e-02
3.905303e-02
3.905303e-02
3.909603e-02
3.909603e-02
3.920001e-02
3.924487e-02
3.924487e-02
3.952575e-02
3.952575e-02
3.958122e-02
3.958122e-02
3.964501e-02
3.964501e-02
4.000316e-02
4.000316e-02
4.019053e-02
4.019053e-02
4.021856e-02
4.021856e-02
4.038778e-02
4.038778e-02
4.068183e-02
4.068183e-02
4.079503e-02
4.079503e-02
4.079936e-02
4.090403e-02
4.090403e-02
4.096673e-02
4.096673e-02
4.096748e-02
4.096748e-02
4.123001e-02
4.123001e-02
4.129276e-02
4.130460e-02
4.130460e-02
4.136286e-02
4.136286e-02
4.186875e-02
4.186875e-02
4.205885e-02
4.205885e-02
4.211906e-02
4.211906e-02
4.213237e-02
4.213237e-02
4.221711e-02
4.221711e-02
4.235268e-02
4.235268e-02
4.242815e-02
4.242815e-02
4.254528e-02
4.254528e-02
4.258962e-02
4.258962e-02
4.278599e-02
4.278599e-02
4.293135e-02
4.293135e-02
4.314074e-02
4.319113e-02
4.319113e-02
4.331622e-02
4.331622e-02
4.333027e-02
4.333027e-02
4.343150e-02
4.343150e-02
4.345701e-02
4.345701e-02
4.359852e-02
4.359852e-02
4.385326e-02
4.385326e-02
4.411820e-02
4.411820e-02
4.422599e-02
4.422599e-02
4.443170e-02
4.452423e-02
4.452423e-02
4.458485e-02
4.463047e-02
4.463047e-02
4.467201e-02
4.467201e-02
4.502515e-02
4.502515e-02
4.508911e-02
4.508911e-02
4.521854e-02
4.521854e-02
4.522708e-02
4.522708e-02
4.525865e-02
4.525865e-02
4.528694e-02
4.528894e-02
4.538683e-02
4.538683e-02
4.549923e-02
4.549923e-02
4.554203e-02
4.554203e-02
4.579996e-02
4.579996e-02
4.596296e-02
4.596296e-02
4.615925e-02
4.615925e-02
4.626796e-02
4.626796e-02
4.639894e-02
4.639894e-02
4.689954e-02
4.689954e-02
4.690043e-02
4.690043e-02
4.694156e-02
4.694156e-02
4.698642e-02
4.698642e-02
4.701543e-02
4.711822e-02
4.711822e-02
4.732660e-02
4.732660e-02
4.733675e-02
4.733675e-02
4.741503e-02
4.762323e-02
4.801701e-02
4.806178e-02
4.806178e-02
4.810205e-02
4.810205e-02
4.815944e-02
4.815944e-02
4.828666e-02
4.828666e-02
4.837157e-02
4.837157e-02
4.864366e-02
4.876982e-02
4.885644e-02
4.885644e-02
4.905229e-02
4.905229e-02
4.920308e-02
4.920308e-02
4.934187e-02
4.934187e-02
4.941630e-02
4.941630e-02
4.944705e-02
4.944705e-02
4.976925e-02
4.976925e-02
4.988100e-02
5.035115e-02
5.035115e-02
5.039217e-02
5.039217e-02
5.050318e-02
5.050318e-02
5.096278e-02
5.097133e-02
5.097133e-02
5.101775e-02
5.101775e-02
5.132066e-02
5.132066e-02
5.139851e-02
5.139851e-02
5.154813e-02
5.154813e-02
5.203295e-02
5.203295e-02
5.210972e-02
5.210972e-02
5.222809e-02
5.222809e-02
5.251993e-02
5.265514e-02
5.265514e-02
5.273548e-02
5.273548e-02
5.284579e-02
5.284579e-02
5.306907e-02
5.306907e-02
5.328805e-02
5.328805e-02
5.340341e-02
5.340341e-02
5.342705e-02
5.342705e-02
5.377268e-02
5.377268e-02
5.402995e-02
5.402995e-02
5.416749e-02
5.416749e-02
5.469651e-02
5.469651e-02
5.485372e-02
5.485372e-02
5.503811e-02
5.503811e-02
5.508425e-02
5.508425e-02
5.518029e-02
5.518029e-02
5.536985e-02
5.536985e-02
5.615692e-02
5.615692e-02
5.636967e-02
5.647729e-02
5.647729e-02
5.668436e-02
5.668436e-02
5.672560e-02
5.672560e-02
5.684152e-02
5.684152e-02
5.690998e-02
5.690998e-02
5.697420e-02
5.697420e-02
5.703364e-02
5.703364e-02
5.722924e-02
5.722924e-02
5.738771e-02
5.738771e-02
5.744878e-02
5.744878e-02
5.751329e-02
5.773463e-02
5.773463e-02
5.776058e-02
5.776058e-02
5.797493e-02
5.797493e-02
5.841414e-02
5.841414e-02
5.846972e-02
5.846972e-02
5.873228e-02
5.887244e-02
5.887244e-02
5.936583e-02
5.936583e-02
5.938847e-02
5.938847e-02
5.984318e-02
5.984318e-02
6.003922e-02
6.003922e-02
6.007840e-02
6.012234e-02
6.012234e-02
6.014167e-02
6.021123e-02
6.021123e-02
6.068029e-02
6.068029e-02
6.083173e-02
6.083173e-02
6.087232e-02
6.087232e-02
6.094381e-02
6.094381e-02
6.101294e-02
6.101294e-02
6.142995e-02
6.142995e-02
6.173511e-02
6.174033e-02
6.174033e-02
6.197089e-02
6.197089e-02
6.230042e-02
6.230042e-02
6.249817e-02
6.249817e-02
6.253171e-02
6.253171e-02
6.259830e-02
6.259830e-02
6.264109e-02
6.264109e-02
6.275391e-02
6.275391e-02
6.286672e-02
6.286672e-02
6.306607e-02
6.306607e-02
6.316922e-02
6.316922e-02
6.331739e-02
6.331739e-02
6.344277e-02
6.364734e-02
6.364734e-02
6.373156e-02
6.373156e-02
6.440052e-02
6.440052e-02
6.449958e-02
6.470908e-02
6.470908e-02
6.518114e-02
6.518114e-02
6.522248e-02
6.524724e-02
6.524724e-02
6.526122e-02
6.526122e-02
6.531718e-02
6.531718e-02
6.535819e-02
6.535819e-02
6.558691e-02
6.558691e-02
6.579733e-02
6.579733e-02
6.590794e-02
6.590794e-02
6.594506e-02
6.643427e-02
6.643427e-02
6.674687e-02
6.674687e-02
6.677741e-02
6.677741e-02
6.686605e-02
6.686605e-02
6.688258e-02
6.688258e-02
6.711071e-02
6.711071e-02
6.749129e-02
6.766808e-02
6.766808e-02
6.777683e-02
6.777683e-02
6.815998e-02
6.815998e-02
6.849637e-02
6.849637e-02
6.877849e-02
6.877849e-02
6.888204e-02
6.888204e-02
6.911509e-02
6.911509e-02
6.925503e-02
6.925503e-02
6.928001e-02
6.928001e-02
6.962258e-02
6.962258e-02
6.991664e-02
6.991664e-02
6.998241e-02
6.998241e-02
7.004561e-02
7.004561e-02
7.038011e-02
7.038011e-02
7.065277e-02
7.065277e-02
7.073271e-02
7.073271e-02
7.101929e-02
7.112234e-02
7.112234e-02
7.115312e-02
7.115312e-02
7.116356e-02
7.116356e-02
7.120058e-02
7.120058e-02
7.156484e-02
7.156484e-02
7.166602e-02
7.166602e-02
7.187608e-02
7.187608e-02
7.192414e-02
7.192414e-02
7.201978e-02
7.201978e-02
7.259584e-02
7.266719e-02
7.266719e-02
7.277773e-02
7.277773e-02
7.309921e-02
7.309921e-02
7.322775e-02
7.322775e-02
7.328759e-02
7.328759e-02
7.348754e-02
7.348754e-02
7.354744e-02
7.354744e-02
7.362632e-02
7.391088e-02
7.391088e-02
7.416183e-02
7.416183e-02
7.422846e-02
7.432683e-02
7.432683e-02
7.436927e-02
7.436927e-02
7.454317e-02
7.454317e-02
7.454950e-02
7.454950e-02
7.457924e-02
7.457924e-02
7.475221e-02
7.475221e-02
7.475694e-02
7.475694e-02
7.520497e-02
7.538599e-02
7.538599e-02
7.557700e-02
7.557700e-02
7.559288e-02
7.559288e-02
7.589635e-02
7.589635e-02
7.601700e-02
7.601700e-02
7.601768e-02
7.601768e-02
7.610635e-02
7.681485e-02
7.681485e-02
7.687379e-02
7.687379e-02
7.702211e-02
7.702211e-02
7.725700e-02
7.746125e-02
7.746125e-02
7.753667e-02
7.753667e-02
7.764211e-02
7.764211e-02
7.772713e-02
7.772713e-02
7.777064e-02
7.777064e-02
7.795538e-02
7.795538e-02
7.820154e-02
7.820154e-02
7.835244e-02
7.853772e-02
7.853772e-02
7.886235e-02
7.886235e-02
7.896709e-02
7.896709e-02
7.899238e-02
7.899238e-02
7.953113e-02
7.953113e-02
7.967040e-02
7.967040e-02
7.985614e-02
7.985614e-02
7.997393e-02
8.008170e-02
8.008170e-02
8.010464e-02
8.032797e-02
8.032797e-02
8.052360e-02
8.052360e-02
8.071270e-02
8.071270e-02
8.075230e-02
8.075230e-02
8.080153e-02
8.080153e-02
8.104882e-02
8.104882e-02
8.109361e-02
8.109361e-02
8.139356e-02
8.139356e-02
8.169784e-02
8.169784e-02
8.180529e-02
8.180529e-02
8.205892e-02
8.205892e-02
8.216397e-02
8.234383e-02
8.234383e-02
8.245054e-02
8.245054e-02
8.277971e-02
8.277971e-02
8.342904e-02
8.342904e-02
8.346055e-02
8.346055e-02
8.349163e-02
8.349163e-02
8.369753e-02
8.369753e-02
8.396480e-02
8.396480e-02
8.398294e-02
8.398294e-02
8.403181e-02
8.403181e-02
8.448669e-02
8.448669e-02
8.456655e-02
8.456655e-02
8.466859e-02
8.466859e-02
8.476194e-02
8.476194e-02
8.524881e-02
8.527072e-02
8.527072e-02
8.530473e-02
8.530473e-02
8.578428e-02
8.578428e-02
8.586204e-02
8.586204e-02
8.618157e-02
8.618157e-02
8.637744e-02
8.637744e-02
8.648880e-02
8.648880e-02
8.664909e-02
8.664909e-02
8.666541e-02
8.666541e-02
8.713490e-02
8.713490e-02
8.749483e-02
8.749483e-02
8.750507e-02
8.750507e-02
8.765537e-02
8.765537e-02
8.790907e-02
8.798480e-02
8.798480e-02
8.801349e-02
8.801349e-02
8.816023e-02
8.816023e-02
8.830134e-02
8.835314e-02
8.835314e-02
8.852702e-02
8.852702e-02
8.907991e-02
8.907991e-02
8.913281e-02
8.913281e-02
8.914276e-02
8.914276e-02
8.919941e-02
8.924951e-02
8.924951e-02
8.940011e-02
8.940011e-02
8.978528e-02
8.978528e-02
8.982910e-02
8.982910e-02
8.998132e-02
8.998132e-02
9.013268e-02
9.013268e-02
9.056003e-02
9.056003e-02
9.068884e-02
9.068884e-02
9.077296e-02
9.083365e-02
9.083365e-02
9.108872e-02
9.108872e-02
9.127430e-02
9.127430e-02
9.181522e-02
9.181522e-02
9.189048e-02
9.189048e-02
9.191625e-02
9.191625e-02
9.193697e-02
9.193697e-02
9.266312e-02
9.274125e-02
9.274125e-02
9.304675e-02
9.304675e-02
9.311310e-02
9.311310e-02
9.331427e-02
9.331427e-02
9.346002e-02
9.371466e-02
9.371466e-02
9.372054e-02
9.372054e-02
9.388318e-02
9.388318e-02
9.393332e-02
9.393332e-02
9.401867e-02
9.401867e-02
9.421580e-02
9.423881e-02
9.423881e-02
9.428659e-02
9.428659e-02
9.444908e-02
9.444908e-02
9.445715e-02
9.445715e-02
9.471287e-02
9.471287e-02
9.479448e-02
9.479448e-02
9.532617e-02
9.534860e-02
9.534860e-02
9.584378e-02
9.584378e-02
9.588277e-02
9.588277e-02
9.598744e-02
9.598744e-02
9.610392e-02
9.610392e-02
9.613450e-02
9.613450e-02
9.663827e-02
9.663827e-02
9.680755e-02
9.686901e-02
9.686901e-02
9.761107e-02
9.761107e-02
9.770489e-02
9.770489e-02
9.776836e-02
9.776836e-02
9.777705e-02
9.777705e-02
9.778996e-02
9.793869e-02
9.813930e-02
9.813930e-02
9.864974e-02
9.864974e-02
9.875793e-02
9.875793e-02
9.886784e-02
9.886784e-02
9.897361e-02
9.897361e-02
9.899175e-02
9.909991e-02
9.909991e-02
9.938377e-02
9.938377e-02
9.949233e-02
9.949233e-02
9.974825e-02
9.974825e-02
9.981743e-02
9.981743e-02
1.002363e-01
1.002363e-01
1.003149e-01
1.003149e-01
1.005767e-01
1.005767e-01
1.006828e-01
1.006828e-01
1.007941e-01
1.007941e-01
1.009879e-01
1.009879e-01
1.013710e-01
1.013710e-01
1.013836e-01
1.013836e-01
1.013871e-01
1.013905e-01
1.013905e-01
1.014640e-01
1.014640e-01
1.016613e-01
1.016613e-01
1.019076e-01
1.019076e-01
1.022194e-01
1.022194e-01
1.023328e-01
1.027275e-01
1.027275e-01
1.028507e-01
1.028507e-01
1.028936e-01
1.028936e-01
1.035441e-01
1.035441e-01
1.036198e-01
1.036198e-01
1.038392e-01
1.038392e-01
1.039317e-01
1.039944e-01
1.039944e-01
1.040211e-01
1.040211e-01
1.047047e-01
1.047047e-01
1.048906e-01
1.048906e-01
1.050470e-01
1.050470e-01
1.050661e-01
1.050661e-01
1.050829e-01
1.050829e-01
1.054173e-01
1.054173e-01
1.055450e-01
1.055450e-01
1.057087e-01
1.057087e-01
1.058228e-01
1.058228e-01
1.060564e-01
1.060564e-01
1.061474e-01
1.061474e-01
1.062359e-01
1.062359e-01
1.063174e-01
1.063174e-01
1.069245e-01
1.069245e-01
1.070992e-01
1.070992e-01
1.071088e-01
1.072038e-01
1.072038e-01
1.072111e-01
1.072111e-01
1.073277e-01
1.073277e-01
1.074938e-01
1.074938e-01
1.075394e-01
1.075394e-01
1.075913e-01
1.075913e-01
1.080946e-01
1.080946e-01
1.081134e-01
1.081134e-01
1.082458e-01
1.082458e-01
1.083876e-01
1.083876e-01
1.085329e-01
1.085329e-01
1.087391e-01
1.087391e-01
1.087904e-01
1.088758e-01
1.088758e-01
1.090836e-01
1.090836e-01
1.096456e-01
1.096456e-01
1.096878e-01
1.096878e-01
1.098928e-01
1.098928e-01
1.100190e-01
1.100190e-01
1.103277e-01
1.104290e-01
1.104290e-01
1.104610e-01
1.107401e-01
1.107401e-01
1.110663e-01
1.110914e-01
1.110914e-01
1.112939e-01
1.112939e-01
1.113472e-01
1.113472e-01
1.113493e-01
1.113493e-01
1.116112e-01
1.116112e-01
1.117616e-01
1.117616e-01
1.128272e-01
1.128272e-01
1.129386e-01
1.129386e-01
1.129390e-01
1.131020e-01
1.131020e-01
1.133328e-01
1.133328e-01
1.133693e-01
1.133693e-01
1.135553e-01
1.135613e-01
1.135613e-01
1.139367e-01
1.139367e-01
1.142952e-01
1.142952e-01
1.145132e-01
1.145132e-01
1.149861e-01
1.149861e-01
1.151567e-01
1.151567e-01
1.153153e-01
1.153153e-01
1.154278e-01
1.154278e-01
1.154755e-01
1.154755e-01
1.159168e-01
1.159168e-01
1.162391e-01
1.162391e-01
1.162728e-01
1.162728e-01
1.164951e-01
1.164951e-01
1.167026e-01
1.167026e-01
1.169312e-01
1.169312e-01
1.169841e-01
1.169841e-01
1.171774e-01
1.175078e-01
1.175078e-01
1.178859e-01
1.178859e-01
1.180637e-01
1.180637e-01
1.180640e-01
1.180640e-01
1.183322e-01
1.183322e-01
1.187515e-01
1.187515e-01
1.188367e-01
1.188367e-01
1.188520e-01
1.188527e-01
1.188527e-01
1.191304e-01
1.194025e-01
1.194025e-01
1.194704e-01
1.194704e-01
1.194711e-01
1.194711e-01
1.196569e-01
1.196569e-01
1.198308e-01
1.198308e-01
1.202874e-01
1.202874e-01
1.206439e-01
1.206439e-01
1.207814e-01
1.208055e-01
1.208055e-01
1.209274e-01
1.209274e-01
1.210236e-01
1.210236e-01
1.214480e-01
1.214480e-01
1.216393e-01
1.216393e-01
1.217391e-01
1.217391e-01
1.222511e-01
1.223150e-01
1.223150e-01
1.223489e-01
1.223489e-01
1.225876e-01
1.225876e-01
1.227815e-01
1.227815e-01
1.230062e-01
1.230062e-01
1.230344e-01
1.230400e-01
1.230400e-01
1.234975e-01
1.235349e-01
1.235349e-01
1.236329e-01
1.236329e-01
1.236679e-01
1.236679e-01
1.238888e-01
1.239404e-01
1.239404e-01
1.240301e-01
1.240301e-01
1.242552e-01
1.242552e-01
1.243465e-01
1.243465e-01
1.246405e-01
1.246405e-01
1.246557e-01
1.246557e-01
1.249269e-01
1.249269e-01
1.249797e-01
1.249797e-01
1.254293e-01
1.254293e-01
1.256567e-01
1.256567e-01
1.256772e-01
1.256772e-01
1.256984e-01
1.256984e-01
1.265243e-01
1.265243e-01
1.265727e-01
1.265727e-01
1.268268e-01
1.268268e-01
1.271175e-01
1.271175e-01
1.272348e-01
1.273783e-01
1.273783e-01
1.273981e-01
1.273981e-01
1.274761e-01
1.274761e-01
1.281595e-01
1.281595e-01
1.282336e-01
1.282336e-01
1.287033e-01
1.287033e-01
1.287285e-01
1.287285e-01
1.288412e-01
1.288412e-01
1.289695e-01
1.289695e-01
1.291265e-01
1.291265e-01
1.296380e-01
1.296380e-01
1.297113e-01
1.297113e-01
1.304619e-01
1.304619e-01
1.310125e-01
1.310125e-01
1.312090e-01
1.312090e-01
1.312371e-01
1.312371e-01
1.313062e-01
1.313062e-01
1.317328e-01
1.317328e-01
1.318123e-01
1.318123e-01
1.320073e-01
1.320073e-01
1.321110e-01
1.323413e-01
1.323413e-01
1.323495e-01
1.323495e-01
1.323912e-01
1.323912e-01
1.325409e-01
1.327774e-01
1.327774e-01
1.329198e-01
1.329198e-01
1.330655e-01
1.330655e-01
1.333827e-01
1.333827e-01
1.334186e-01
1.334186e-01
1.334648e-01
1.334648e-01
1.334886e-01
1.334886e-01
1.338698e-01
1.338698e-01
1.347124e-01
1.347124e-01
1.347792e-01
1.347792e-01
1.348406e-01
1.348406e-01
1.349798e-01
1.349798e-01
1.353702e-01
1.353702e-01
1.355434e-01
1.355434e-01
1.359483e-01
1.359483e-01
1.360597e-01
1.360597e-01
1.363919e-01
1.363919e-01
1.367289e-01
1.367289e-01
1.370441e-01
1.370441e-01
1.370760e-01
1.370921e-01
1.370921e-01
1.373137e-01
1.376124e-01
1.376124e-01
1.376527e-01
1.376804e-01
1.376804e-01
1.382216e-01
1.382216e-01
1.382670e-01
1.383267e-01
1.383267e-01
1.383622e-01
1.383622e-01
1.384039e-01
1.384039e-01
1.386108e-01
1.386108e-01
1.388333e-01
1.388333e-01
1.390048e-01
1.396992e-01
1.396992e-01
1.397358e-01
1.397358e-01
1.397751e-01
1.397751e-01
1.399512e-01
1.399512e-01
1.401377e-01
1.401377e-01
1.405362e-01
1.405362e-01
1.407449e-01
1.407449e-01
1.408697e-01
1.408697e-01
1.409259e-01
1.409259e-01
1.414945e-01
1.414945e-01
1.415113e-01
1.415113e-01
1.417964e-01
1.417964e-01
1.418631e-01
1.418631e-01
1.424922e-01
1.424922e-01
1.426001e-01
1.426001e-01
1.427299e-01
1.427299e-01
1.428015e-01
1.428015e-01
1.431495e-01
1.431495e-01
1.433765e-01
1.434013e-01
1.434013e-01
1.434303e-01
1.434303e-01
1.437320e-01
1.437320e-01
1.438210e-01
1.438210e-01
1.438516e-01
1.438516e-01
1.443059e-01
1.443059e-01
1.443348e-01
1.443348e-01
1.445479e-01
1.445479e-01
1.448138e-01
1.448138e-01
1.448414e-01
1.450296e-01
1.450296e-01
1.451725e-01
1.451725e-01
1.456777e-01
1.456777e-01
1.457077e-01
1.457077e-01
1.461454e-01
1.461454e-01
1.463969e-01
1.464303e-01
1.464303e-01
1.468235e-01
1.468235e-01
1.468336e-01
1.468336e-01
1.468395e-01
1.468395e-01
1.469455e-01
1.469455e-01
1.474521e-01
1.474521e-01
1.477450e-01
1.477450e-01
1.479088e-01
1.479088e-01
1.480142e-01
1.480142e-01
1.484199e-01
1.489095e-01
1.489095e-01
1.489748e-01
1.490428e-01
1.490428e-01
1.491676e-01
1.491676e-01
1.492045e-01
1.492987e-01
1.492987e-01
1.493102e-01
1.493102e-01
1.494900e-01
1.494900e-01
1.495014e-01
1.495014e-01
1.496097e-01
1.496097e-01
1.500296e-01
1.500296e-01
1.500473e-01
1.500473e-01
1.502474e-01
1.502474e-01
1.503243e-01
1.503243e-01
1.508243e-01
1.508243e-01
1.510265e-01
1.511024e-01
1.511024e-01
1.513045e-01
1.513045e-01
1.517871e-01
1.517871e-01
1.518630e-01
1.521585e-01
1.521585e-01
1.521787e-01
1.521787e-01
1.521876e-01
1.521876e-01
1.522558e-01
1.522558e-01
1.526997e-01
1.526997e-01
1.528990e-01
1.528990e-01
1.531155e-01
1.531155e-01
1.534770e-01
1.535204e-01
1.535204e-01
1.535468e-01
1.535468e-01
1.537294e-01
1.537294e-01
1.540600e-01
1.540600e-01
1.542438e-01
1.543713e-01
1.543713e-01
1.544815e-01
1.546432e-01
1.548394e-01
1.548394e-01
1.548660e-01
1.548660e-01
1.551664e-01
1.551664e-01
1.556673e-01
1.556673e-01
1.558146e-01
1.558146e-01
1.559080e-01
1.559080e-01
1.561643e-01
1.561643e-01
1.561828e-01
1.561828e-01
1.562782e-01
1.562782e-01
1.566059e-01
1.566161e-01
1.566161e-01
1.572197e-01
1.572197e-01
1.575801e-01
1.575801e-01
1.576075e-01
1.576075e-01
1.577284e-01
1.577284e-01
1.579875e-01
1.579875e-01
1.580124e-01
1.580124e-01
1.582771e-01
1.585871e-01
1.585871e-01
1.587422e-01
1.587422e-01
1.588905e-01
1.589480e-01
1.589480e-01
1.590499e-01
1.590499e-01
1.593017e-01
1.593017e-01
1.598319e-01
1.598319e-01
1.600090e-01
1.600090e-01
1.602473e-01
1.602473e-01
1.604277e-01
1.609511e-01
1.609511e-01
1.609790e-01
1.609790e-01
1.611698e-01
1.611698e-01
1.614130e-01
1.614239e-01
1.614239e-01
1.617283e-01
1.617283e-01
1.617903e-01
1.618074e-01
1.618074e-01
1.621732e-01
1.621732e-01
1.623626e-01
1.623626e-01
1.627690e-01
1.627690e-01
1.630349e-01
1.630349e-01
1.631118e-01
1.631118e-01
1.632061e-01
1.632061e-01
1.637801e-01
1.638049e-01
1.638049e-01
1.640445e-01
1.640445e-01
1.640710e-01
1.640710e-01
1.641412e-01
1.641412e-01
1.644563e-01
1.644563e-01
1.649279e-01
1.649279e-01
1.651076e-01
1.651076e-01
1.653891e-01
1.655901e-01
1.655901e-01
1.657482e-01
1.657482e-01
1.658088e-01
1.658088e-01
1.660127e-01
1.660127e-01
1.661631e-01
1.661631e-01
1.663677e-01
1.663677e-01
1.663811e-01
1.664071e-01
1.664071e-01
1.664163e-01
1.664163e-01
1.665546e-01
1.665546e-01
1.669395e-01
1.669395e-01
1.673434e-01
1.673434e-01
1.674624e-01
1.674624e-01
1.676875e-01
1.676875e-01
1.677571e-01
1.677571e-01
1.677698e-01
1.677698e-01
1.678639e-01
1.681292e-01
1.681292e-01
1.687872e-01
1.687872e-01
1.692091e-01
1.692091e-01
1.693219e-01
1.693219e-01
1.699641e-01
1.699641e-01
1.702582e-01
1.702582e-01
1.702744e-01
1.702744e-01
1.703628e-01
1.703628e-01
1.705773e-01
1.705773e-01
1.705887e-01
1.705887e-01
1.707887e-01
1.707887e-01
1.709196e-01
1.709196e-01
1.710428e-01
1.710428e-01
1.711207e-01
1.711207e-01
1.715340e-01
1.715340e-01
1.715450e-01
1.715450e-01
1.716379e-01
1.716379e-01
1.719134e-01
1.724846e-01
1.724846e-01
1.725661e-01
1.725661e-01
1.725803e-01
1.725803e-01
1.729174e-01
1.729174e-01
1.729903e-01
1.732533e-01
1.732533e-01
1.732765e-01
1.732765e-01
1.733120e-01
1.733120e-01
1.740688e-01
1.740688e-01
1.740963e-01
1.740963e-01
1.742803e-01
1.742803e-01
1.743619e-01
1.743619e-01
1.745780e-01
1.745780e-01
1.748492e-01
1.748492e-01
1.749754e-01
1.749754e-01
1.750040e-01
1.750040e-01
1.755137e-01
1.755137e-01
1.756389e-01
1.756389e-01
1.758881e-01
1.759760e-01
1.759760e-01
1.762592e-01
1.762592e-01
1.764520e-01
1.764520e-01
1.766337e-01
1.766337e-01
1.768490e-01
1.768490e-01
1.769497e-01
1.769497e-01
1.774064e-01
1.774064e-01
1.777576e-01
1.777576e-01
1.779809e-01
1.779809e-01
1.781827e-01
1.781827e-01
1.787582e-01
1.787582e-01
1.790244e-01
1.790244e-01
1.790717e-01
1.790717e-01
1.791617e-01
1.791617e-01
1.792621e-01
1.792900e-01
1.799339e-01
1.799339e-01
1.800534e-01
1.800534e-01
1.801494e-01
1.801494e-01
1.804797e-01
1.804797e-01
1.804896e-01
1.804896e-01
1.805334e-01
1.805334e-01
1.809235e-01
1.809235e-01
1.809235e-01
1.809303e-01
1.809303e-01
1.810696e-01
1.810696e-01
1.816754e-01
1.816754e-01
1.817249e-01
1.817249e-01
1.819544e-01
1.819544e-01
1.822066e-01
1.823073e-01
1.823073e-01
1.825678e-01
1.825678e-01
1.825939e-01
1.827048e-01
1.827048e-01
1.827581e-01
1.827581e-01
1.834967e-01
1.834967e-01
1.840092e-01
1.840092e-01
1.840811e-01
1.843002e-01
1.843002e-01
1.843488e-01
1.843488e-01
1.847495e-01
1.847495e-01
1.849062e-01
1.849062e-01
1.850605e-01
1.850605e-01
1.852505e-01
1.852505e-01
1.854960e-01
1.854960e-01
1.855281e-01
1.856859e-01
1.856859e-01
1.859426e-01
1.859426e-01
1.870120e-01
1.870120e-01
1.874045e-01
1.874045e-01
1.874267e-01
1.874267e-01
1.877559e-01
1.877559e-01
1.878374e-01
1.878374e-01
1.882732e-01
1.882732e-01
1.883825e-01
1.883825e-01
1.887596e-01
1.887596e-01
1.888190e-01
1.888190e-01
1.888526e-01
1.891105e-01
1.891105e-01
1.892844e-01
1.892844e-01
1.893268e-01
1.894800e-01
1.894800e-01
1.897986e-01
1.897986e-01
1.898323e-01
1.898323e-01
1.900633e-01
1.900633e-01
1.901030e-01
1.901030e-01
1.901885e-01
1.901885e-01
1.901945e-01
1.904066e-01
1.904066e-01
1.908966e-01
1.908966e-01
1.910294e-01
1.911549e-01
1.911549e-01
1.916657e-01
1.916657e-01
1.917884e-01
1.917884e-01
1.921865e-01
1.921865e-01
1.923241e-01
1.923241e-01
1.928483e-01
1.928483e-01
1.931328e-01
1.931328e-01
1.932956e-01
1.932956e-01
1.937181e-01
1.937181e-01
1.938547e-01
1.938547e-01
1.939354e-01
1.939354e-01
1.942821e-01
1.942821e-01
1.943412e-01
1.943412e-01
1.947605e-01
1.947605e-01
1.948208e-01
1.952910e-01
1.952910e-01
1.954509e-01
1.954509e-01
1.954800e-01
1.954800e-01
1.955450e-01
1.955450e-01
1.964650e-01
1.964650e-01
1.965225e-01
1.965225e-01
1.966357e-01
1.969462e-01
1.969462e-01
1.970919e-01
1.976606e-01
1.976606e-01
1.979956e-01
1.979956e-01
1.981896e-01
1.981896e-01
1.982806e-01
1.982806e-01
1.987071e-01
1.987071e-01
1.988457e-01
1.988457e-01
1.989811e-01
1.989811e-01
1.991770e-01
1.991770e-01
1.992646e-01
1.992646e-01
1.998795e-01
1.998795e-01
1.998857e-01
1.998857e-01
2.002283e-01
2.002283e-01
2.002377e-01
2.002377e-01
2.002410e-01
2.004572e-01
2.004572e-01
2.006101e-01
2.006973e-01
2.006973e-01
2.011492e-01
2.011492e-01
2.013376e-01
2.013376e-01
2.022876e-01
2.024636e-01
2.024636e-01
2.025255e-01
2.028414e-01
2.028414e-01
2.028969e-01
2.028969e-01
2.030232e-01
2.030232e-01
2.030736e-01
2.030736e-01
2.040521e-01
2.040521e-01
2.041761e-01
2.041761e-01
2.050891e-01
2.050891e-01
2.056964e-01
2.056964e-01
2.057606e-01
2.065113e-01
2.065113e-01
2.065476e-01
2.065476e-01
2.068431e-01
2.068431e-01
2.069357e-01
2.069357e-01
2.071687e-01
2.071687e-01
2.073411e-01
2.073411e-01
2.074090e-01
2.074090e-01
2.075262e-01
2.075605e-01
2.075605e-01
2.076266e-01
2.076266e-01
2.077748e-01
2.077748e-01
2.081582e-01
2.081582e-01
2.085596e-01
2.085596e-01
2.086024e-01
2.086024e-01
2.087968e-01
2.087968e-01
2.091601e-01
2.091601e-01
2.092526e-01
2.092526e-01
2.102811e-01
2.102811e-01
2.105933e-01
2.105933e-01
2.107510e-01
2.107510e-01
2.108038e-01
2.114080e-01
2.114080e-01
2.115945e-01
2.115945e-01
2.117241e-01
2.117241e-01
2.117684e-01
2.117684e-01
2.121369e-01
2.121369e-01
2.123605e-01
2.123605e-01
2.123607e-01
2.123607e-01
2.125143e-01
2.131113e-01
2.131113e-01
2.132894e-01
2.132894e-01
2.134379e-01
2.134379e-01
2.136481e-01
2.138039e-01
2.138039e-01
2.139348e-01
2.139348e-01
2.142090e-01
2.142090e-01
2.142187e-01
2.142187e-01
2.143621e-01
2.143621e-01
2.149605e-01
2.149605e-01
2.152675e-01
2.155506e-01
2.155506e-01
2.156834e-01
2.156834e-01
2.157772e-01
2.157772e-01
2.161865e-01
2.161865e-01
2.162208e-01
2.162208e-01
2.163181e-01
2.163181e-01
2.169499e-01
2.170228e-01
2.170228e-01
2.175968e-01
2.175968e-01
2.179032e-01
2.179032e-01
2.179278e-01
2.179278e-01
2.180588e-01
2.180588e-01
2.182736e-01
2.182736e-01
2.184299e-01
2.184299e-01
2.190662e-01
2.195681e-01
2.197429e-01
2.197429e-01
2.198288e-01
2.198288e-01
2.198986e-01
2.198986e-01
2.199365e-01
2.201237e-01
2.201237e-01
2.201812e-01
2.201812e-01
2.202972e-01
2.202972e-01
2.207329e-01
2.207461e-01
2.207461e-01
2.218406e-01
2.218406e-01
2.220724e-01
2.220724e-01
2.228253e-01
2.228253e-01
2.232497e-01
2.232497e-01
2.234837e-01
2.234837e-01
2.237072e-01
2.237072e-01
2.240012e-01
2.247160e-01
2.247160e-01
2.248073e-01
2.248073e-01
2.248618e-01
2.248661e-01
2.248661e-01
2.249179e-01
2.249179e-01
2.249490e-01
2.249490e-01
2.253775e-01
2.253775e-01
2.257443e-01
2.258415e-01
2.265322e-01
2.265322e-01
2.269039e-01
2.269039e-01
2.270361e-01
2.270361e-01
2.272564e-01
2.272564e-01
2.279909e-01
2.279909e-01
2.289490e-01
2.289490e-01
2.292150e-01
2.292150e-01
2.296237e-01
2.296237e-01
2.296668e-01
2.296668e-01
2.302539e-01
2.302539e-01
2.303946e-01
2.303946e-01
2.306355e-01
2.306355e-01
2.311217e-01
2.311217e-01
2.315487e-01
2.315487e-01
2.317935e-01
2.317935e-01
2.322508e-01
2.322508e-01
2.322899e-01
2.322899e-01
2.327274e-01
2.327274e-01
2.327436e-01
2.327800e-01
2.327800e-01
2.329619e-01
2.329619e-01
2.336807e-01
2.336807e-01
2.337104e-01
2.337104e-01
2.343450e-01
2.343450e-01
2.346386e-01
2.347460e-01
2.347460e-01
2.352358e-01
2.352358e-01
2.352490e-01
2.352490e-01
2.356908e-01
2.356908e-01
2.358670e-01
2.358670e-01
2.360307e-01
2.360307e-01
2.363314e-01
2.363314e-01
2.364934e-01
2.368509e-01
2.368509e-01
2.370075e-01
2.370075e-01
2.378694e-01
2.378694e-01
2.382295e-01
2.382295e-01
2.383263e-01
2.383263e-01
2.385113e-01
2.385113e-01
2.386731e-01
2.386731e-01
2.391068e-01
2.391068e-01
2.399852e-01
2.399852e-01
2.404198e-01
2.404198e-01
2.405124e-01
2.405124e-01
2.412043e-01
2.412043e-01
2.413125e-01
2.413125e-01
2.413159e-01
2.413159e-01
2.424097e-01
2.424097e-01
2.424533e-01
2.424533e-01
2.426538e-01
2.426538e-01
2.431021e-01
2.431021e-01
2.439733e-01
2.439733e-01
2.439752e-01
2.439752e-01
2.447478e-01
2.447478e-01
2.450871e-01
2.450871e-01
2.452933e-01
2.452933e-01
2.457105e-01
2.457105e-01
2.460893e-01
2.460893e-01
2.462715e-01
2.462715e-01
2.466089e-01
2.466739e-01
2.466739e-01
2.468821e-01
2.468821e-01
2.470637e-01
2.471246e-01
2.471246e-01
2.474809e-01
2.474809e-01
2.477274e-01
2.480609e-01
2.480609e-01
2.482163e-01
2.482163e-01
2.487129e-01
2.487129e-01
2.488131e-01
2.488131e-01
2.489643e-01
2.489643e-01
2.490346e-01
2.490346e-01
2.494421e-01
2.494421e-01
2.496199e-01
2.497484e-01
2.498613e-01
2.498613e-01
2.503630e-01
2.503630e-01
2.504190e-01
2.504190e-01
2.507833e-01
2.508816e-01
2.508816e-01
2.512051e-01
2.512051e-01
2.520396e-01
2.520396e-01
2.520567e-01
2.520567e-01
2.531340e-01
2.531340e-01
2.535826e-01
2.535826e-01
2.542047e-01
2.542047e-01
2.547748e-01
2.547748e-01
2.547781e-01
2.548422e-01
2.548422e-01
2.560220e-01
2.560220e-01
2.562132e-01
2.562132e-01
2.562483e-01
2.562483e-01
2.563097e-01
2.563097e-01
2.568489e-01
2.568489e-01
2.569938e-01
2.569938e-01
2.570368e-01
2.570368e-01
2.571431e-01
2.571431e-01
2.577747e-01
2.577747e-01
2.577800e-01
2.577800e-01
2.579181e-01
2.583032e-01
2.583032e-01
2.585183e-01
2.585183e-01
2.589982e-01
2.591925e-01
2.591925e-01
2.593090e-01
2.593090e-01
2.596543e-01
2.601479e-01
2.601479e-01
2.602182e-01
2.609305e-01
2.609305e-01
2.612199e-01
2.612199e-01
2.613667e-01
2.615586e-01
2.615586e-01
2.615879e-01
2.615879e-01
2.616492e-01
2.616492e-01
2.620373e-01
2.620373e-01
2.622590e-01
2.622590e-01
2.622708e-01
2.624502e-01
2.624502e-01
2.626913e-01
2.626913e-01
2.628920e-01
2.630634e-01
2.630634e-01
2.636267e-01
2.636267e-01
2.646242e-01
2.646242e-01
2.653511e-01
2.653511e-01
2.655153e-01
2.655153e-01
2.655773e-01
2.655773e-01
2.664102e-01
2.664102e-01
2.667167e-01
2.667167e-01
2.667802e-01
2.667802e-01
2.667960e-01
2.667960e-01
2.669053e-01
2.669053e-01
2.671445e-01
2.674725e-01
2.674725e-01
2.674813e-01
2.674813e-01
2.677010e-01
2.677010e-01
2.686408e-01
2.686408e-01
2.687159e-01
2.687159e-01
2.689166e-01
2.693764e-01
2.693764e-01
2.697473e-01
2.697473e-01
2.704288e-01
2.704288e-01
2.705583e-01
2.705583e-01
2.710214e-01
2.710214e-01
2.711092e-01
2.711092e-01
2.713050e-01
2.716623e-01
2.716623e-01
2.719215e-01
2.719215e-01
2.723481e-01
2.723481e-01
2.725184e-01
2.725184e-01
2.726680e-01
2.726680e-01
2.728997e-01
2.731427e-01
2.731427e-01
2.733147e-01
2.740987e-01
2.740987e-01
2.747739e-01
2.747739e-01
2.751574e-01
2.751574e-01
2.759375e-01
2.759375e-01
2.759894e-01
2.759894e-01
2.760835e-01
2.760835e-01
2.768103e-01
2.768103e-01
2.775128e-01
2.775128e-01
2.777781e-01
2.779706e-01
2.779706e-01
2.780835e-01
2.780835e-01
2.788379e-01
2.788379e-01
2.794707e-01
2.794707e-01
2.794812e-01
2.794812e-01
2.800266e-01
2.800266e-01
2.801935e-01
2.801935e-01
2.803852e-01
2.803852e-01
2.805615e-01
2.805615e-01
2.806554e-01
2.806554e-01
2.807788e-01
2.807788e-01
2.813866e-01
2.813866e-01
2.829687e-01
2.833841e-01
2.833841e-01
2.834918e-01
2.834918e-01
2.836132e-01
2.836132e-01
2.836217e-01
2.836217e-01
2.841327e-01
2.848274e-01
2.848274e-01
2.854413e-01
2.854413e-01
2.856194e-01
2.856194e-01
2.857806e-01
2.857806e-01
2.861417e-01
2.861417e-01
2.862208e-01
2.862208e-01
2.863242e-01
2.863601e-01
2.865254e-01
2.865254e-01
2.873029e-01
2.873029e-01
2.881739e-01
2.881739e-01
2.886719e-01
2.886719e-01
2.892856e-01
2.892856e-01
2.896140e-01
2.898657e-01
2.898657e-01
2.902199e-01
2.902910e-01
2.902910e-01
2.907406e-01
2.907406e-01
2.911797e-01
2.911797e-01
2.914179e-01
2.914789e-01
2.914789e-01
2.920626e-01
2.920626e-01
2.923236e-01
2.931323e-01
2.931323e-01
2.938255e-01
2.938255e-01
2.944881e-01
2.944881e-01
2.947341e-01
2.947341e-01
2.947823e-01
2.947823e-01
2.954162e-01
2.954162e-01
2.957289e-01
2.957289e-01
2.962565e-01
2.962565e-01
2.963761e-01
2.967665e-01
2.967665e-01
2.973438e-01
2.973438e-01
2.975613e-01
2.975613e-01
2.980804e-01
2.980804e-01
2.986029e-01
2.986029e-01
2.987764e-01
2.987764e-01
2.988724e-01
2.988724e-01
2.988954e-01
2.988954e-01
2.996244e-01
2.996244e-01
2.998467e-01
2.998467e-01
2.999917e-01
3.008622e-01
3.008622e-01
3.011453e-01
3.011453e-01
3.014444e-01
3.014444e-01
3.022383e-01
3.022383e-01
3.027963e-01
3.027963e-01
3.036484e-01
3.036484e-01
3.039330e-01
3.039330e-01
3.041226e-01
3.041226e-01
3.054223e-01
3.054223e-01
3.054274e-01
3.054274e-01
3.058572e-01
3.058572e-01
3.061623e-01
3.061623e-01
3.068255e-01
3.068255e-01
3.075766e-01
3.077148e-01
3.081149e-01
3.081149e-01
3.083509e-01
3.083509e-01
3.094582e-01
3.094582e-01
3.096229e-01
3.096229e-01
3.097171e-01
3.097171e-01
3.105314e-01
3.105448e-01
3.105448e-01
3.108640e-01
3.108640e-01
3.112044e-01
3.115340e-01
3.115340e-01
3.116349e-01
3.116349e-01
3.117607e-01
3.117607e-01
3.123795e-01
3.123795e-01
3.132763e-01
3.132763e-01
3.136755e-01
3.136755e-01
3.141409e-01
3.141409e-01
3.151539e-01
3.151539e-01
3.152298e-01
3.153517e-01
3.166032e-01
3.166032e-01
3.169294e-01
3.169294e-01
3.174108e-01
3.174108e-01
3.175325e-01
3.178654e-01
3.178654e-01
3.184477e-01
3.184477e-01
3.186874e-01
3.186874e-01
3.190103e-01
3.190103e-01
3.192053e-01
3.193774e-01
3.193774e-01
3.196037e-01
3.196037e-01
3.201933e-01
3.201933e-01
3.212097e-01
3.212097e-01
3.214778e-01
3.214778e-01
3.219303e-01
3.219303e-01
3.223507e-01
3.223507e-01
3.230115e-01
3.230115e-01
3.233800e-01
3.233800e-01
3.234888e-01
3.234888e-01
3.248029e-01
3.248029e-01
3.250646e-01
3.250646e-01
3.251984e-01
3.251984e-01
3.252212e-01
3.258776e-01
3.258776e-01
3.263540e-01
3.263540e-01
3.270025e-01
3.270025e-01
3.273725e-01
3.273725e-01
3.282027e-01
3.282027e-01
3.283072e-01
3.283072e-01
3.289173e-01
3.289173e-01
3.290283e-01
3.290283e-01
3.310488e-01
3.310488e-01
3.310924e-01
3.310924e-01
3.326397e-01
3.327376e-01
3.327376e-01
3.332027e-01
3.332027e-01
3.333990e-01
3.336458e-01
3.336458e-01
3.341421e-01
3.341421e-01
3.348301e-01
3.352198e-01
3.352198e-01
3.355577e-01
3.355577e-01
3.357623e-01
3.357623e-01
3.365660e-01
3.365660e-01
3.376316e-01
3.376316e-01
3.376846e-01
3.376846e-01
3.378557e-01
3.378557e-01
3.385266e-01
3.385266e-01
3.388747e-01
3.388747e-01
3.397838e-01
3.397838e-01
3.407418e-01
3.407418e-01
3.410171e-01
3.410171e-01
3.420320e-01
3.436643e-01
3.443237e-01
3.443237e-01
3.450702e-01
3.453140e-01
3.453140e-01
3.459884e-01
3.459884e-01
3.471817e-01
3.471817e-01
3.473206e-01
3.475850e-01
3.475850e-01
3.476714e-01
3.476714e-01
3.482883e-01
3.482883e-01
3.485046e-01
3.485046e-01
3.488782e-01
3.488782e-01
3.499427e-01
3.499427e-01
3.502746e-01
3.502746e-01
3.515321e-01
3.515321e-01
3.517345e-01
3.517345e-01
3.518629e-01
3.518629e-01
3.535561e-01
3.535561e-01
3.537544e-01
3.537544e-01
3.540966e-01
3.540966e-01
3.546395e-01
3.546395e-01
3.550476e-01
3.550476e-01
3.555091e-01
3.561605e-01
3.562091e-01
3.562091e-01
3.567922e-01
3.570055e-01
3.570055e-01
3.573594e-01
3.573594e-01
3.584418e-01
3.585356e-01
3.585356e-01
3.609453e-01
3.609453e-01
3.616388e-01
3.616388e-01
3.630479e-01
3.630479e-01
3.631762e-01
3.631762e-01
3.650619e-01
3.656949e-01
3.656949e-01
3.658404e-01
3.658404e-01
3.687496e-01
3.687496e-01
3.692632e-01
3.692632e-01
3.704631e-01
3.704631e-01
3.723139e-01
3.728067e-01
3.728067e-01
3.734262e-01
3.734262e-01
3.743432e-01
3.743432e-01
3.743503e-01
3.743503e-01
3.753604e-01
3.753604e-01
3.768730e-01
3.768730e-01
3.771506e-01
3.776795e-01
3.776795e-01
3.781412e-01
3.781412e-01
3.794627e-01
3.794627e-01
3.812342e-01
3.812342e-01
3.820493e-01
3.820493e-01
3.826161e-01
3.826161e-01
3.830623e-01
3.830623e-01
3.834543e-01
3.834543e-01
3.835353e-01
3.835353e-01
3.852922e-01
3.852922e-01
3.856955e-01
3.856955e-01
3.876886e-01
3.876886e-01
3.879184e-01
3.879184e-01
3.890889e-01
3.890889e-01
3.892624e-01
3.898136e-01
3.898136e-01
3.904543e-01
3.904543e-01
3.905709e-01
3.905709e-01
3.908847e-01
3.908847e-01
3.914795e-01
3.914795e-01
3.921370e-01
3.921370e-01
3.930335e-01
3.930335e-01
3.949505e-01
3.949505e-01
3.975220e-01
3.975220e-01
3.976065e-01
3.976065e-01
3.979200e-01
3.979824e-01
3.979824e-01
4.012343e-01
4.019330e-01
4.019330e-01
4.022441e-01
4.022441e-01
4.028335e-01
4.028335e-01
4.044313e-01
4.044313e-01
4.069582e-01
4.069582e-01
4.069628e-01
4.069628e-01
4.079453e-01
4.079453e-01
4.085665e-01
4.085665e-01
4.091605e-01
4.091605e-01
4.102531e-01
4.102531e-01
4.120278e-01
4.120278e-01
4.120541e-01
4.120541e-01
4.127395e-01
4.127395e-01
4.134291e-01
4.134702e-01
4.134702e-01
4.135404e-01
4.135404e-01
4.138936e-01
4.138936e-01
4.141189e-01
4.141189e-01
4.145960e-01
4.145960e-01
4.152175e-01
4.171546e-01
4.189672e-01
4.189672e-01
4.210927e-01
4.210927e-01
4.213918e-01
4.213918e-01
4.217227e-01
4.217227e-01
4.224240e-01
4.224240e-01
4.239778e-01
4.239778e-01
4.244018e-01
4.253710e-01
4.254716e-01
4.254716e-01
4.260947e-01
4.260947e-01
4.262072e-01
4.277709e-01
4.277709e-01
4.279897e-01
4.279897e-01
4.286028e-01
4.286028e-01
4.295627e-01
4.295627e-01
4.306336e-01
4.335945e-01
4.335945e-01
4.336966e-01
4.336966e-01
4.344259e-01
4.344259e-01
4.359812e-01
4.359812e-01
4.369595e-01
4.369595e-01
4.370890e-01
4.394577e-01
4.394577e-01
4.410653e-01
4.410653e-01
4.415302e-01
4.415302e-01
4.424146e-01
4.424146e-01
4.464355e-01
4.464355e-01
4.468706e-01
4.468706e-01
4.488349e-01
4.489807e-01
4.505104e-01
4.505104e-01
4.507625e-01
4.516648e-01
4.516648e-01
4.517147e-01
4.517147e-01
4.524621e-01
4.524621e-01
4.537226e-01
4.537974e-01
4.537974e-01
4.566352e-01
4.566352e-01
4.568522e-01
4.568522e-01
4.588148e-01
4.588148e-01
4.591931e-01
4.594942e-01
4.595750e-01
4.595750e-01
4.604601e-01
4.604601e-01
4.619582e-01
4.619582e-01
4.636964e-01
4.636964e-01
4.640659e-01
4.640659e-01
4.689367e-01
4.689367e-01
4.690971e-01
4.690971e-01
4.703627e-01
4.703627e-01
4.708062e-01
4.708062e-01
4.720179e-01
4.720179e-01
4.721375e-01
4.732707e-01
4.732707e-01
4.738257e-01
4.753854e-01
4.753854e-01
4.761177e-01
4.761177e-01
4.765292e-01
4.766184e-01
4.766184e-01
4.770732e-01
4.770732e-01
4.776756e-01
4.776756e-01
4.803041e-01
4.803041e-01
4.807994e-01
4.807994e-01
4.817619e-01
4.817619e-01
4.818026e-01
4.818026e-01
4.819033e-01
4.819033e-01
4.834740e-01
4.857669e-01
4.857669e-01
4.881686e-01
4.881686e-01
4.908082e-01
4.908082e-01
4.908266e-01
4.908266e-01
4.914831e-01
4.914831e-01
4.916832e-01
4.916832e-01
4.919466e-01
4.919466e-01
4.921625e-01
4.921625e-01
4.942742e-01
4.942742e-01
4.951560e-01
4.961740e-01
4.996822e-01
4.996822e-01
5.039717e-01
5.039717e-01
5.065107e-01
5.065107e-01
5.076223e-01
5.076223e-01
5.082785e-01
5.082785e-01
5.099348e-01
5.099348e-01
5.102721e-01
5.102721e-01
5.115741e-01
5.115741e-01
5.125488e-01
5.125488e-01
5.133197e-01
5.133197e-01
5.133253e-01
5.133253e-01
5.144996e-01
5.144996e-01
5.146121e-01
5.146121e-01
5.163774e-01
5.163774e-01
5.166887e-01
5.166887e-01
5.178288e-01
5.181682e-01
5.183636e-01
5.183636e-01
5.198269e-01
5.198269e-01
5.203751e-01
5.203751e-01
5.217404e-01
5.222347e-01
5.222347e-01
5.258397e-01
5.278999e-01
5.278999e-01
5.284974e-01
5.284974e-01
5.291868e-01
5.291868e-01
5.296389e-01
5.296389e-01
5.302961e-01
5.317502e-01
5.317502e-01
5.398399e-01
5.398399e-01
5.398751e-01
5.405706e-01
5.405706e-01
5.414780e-01
5.414780e-01
5.436596e-01
5.436596e-01
5.446171e-01
5.446171e-01
5.474190e-01
5.474190e-01
5.474399e-01
5.474399e-01
5.511377e-01
5.511377e-01
5.520093e-01
5.520093e-01
5.521146e-01
5.526286e-01
5.526286e-01
5.530181e-01
5.530181e-01
5.541876e-01
5.541876e-01
5.546970e-01
5.546970e-01
5.550431e-01
5.557586e-01
5.557586e-01
5.563938e-01
5.563938e-01
5.564203e-01
5.564203e-01
5.568033e-01
5.579926e-01
5.579926e-01
5.596779e-01
5.596779e-01
5.613404e-01
5.613404e-01
5.644239e-01
5.644239e-01
5.646674e-01
5.646674e-01
5.654568e-01
5.654568e-01
5.661218e-01
5.686961e-01
5.686961e-01
5.758277e-01
5.758277e-01
5.857805e-01
5.857805e-01
5.862020e-01
5.862582e-01
5.862582e-01
5.890632e-01
5.890632e-01
5.898673e-01
5.898673e-01
5.912795e-01
5.912795e-01
5.923662e-01
5.923662e-01
5.997302e-01
5.997302e-01
6.005311e-01
6.005311e-01
6.039677e-01
6.039677e-01
6.097914e-01
6.097914e-01
6.117131e-01
6.120992e-01
6.180227e-01
6.198999e-01
6.198999e-01
6.256548e-01
6.256548e-01
6.303879e-01
6.303879e-01
6.485124e-01
6.485124e-01
6.575003e-01
6.575003e-01
6.586874e-01
6.586874e-01
6.663456e-01
6.663873e-01
6.663873e-01
6.669714e-01
6.669714e-01
6.696063e-01
6.696063e-01
6.739191e-01
6.762530e-01
6.762530e-01
6.784750e-01
6.784750e-01
6.938246e-01
6.938246e-01
7.090551e-01
7.090551e-01
7.143024e-01
7.143024e-01
7.162818e-01
7.176796e-01
7.176796e-01
7.355136e-01
7.355136e-01
7.365708e-01
7.365708e-01
7.390929e-01
7.397622e-01
7.397622e-01
7.441682e-01
7.441682e-01
7.445871e-01
7.445871e-01
7.468079e-01
7.468079e-01
8.178057e-01
8.178057e-01
8.181901e-01
8.181901e-01
8.189463e-01
8.189463e-01
8.192690e-01
8.192690e-01
8.204590e-01
8.204590e-01
8.205063e-01
8.205063e-01
9.442191e-01
9.442191e-01
9.451021e-01
9.451021e-01
9.467069e-01
9.467069e-01
9.475874e-01
9.475874e-01
9.502981e-01
9.502981e-01
9.503046e-01
9.503046e-01
9.971074e-01
9.971074e-01
9.975290e-01
9.975290e-01
9.982693e-01
9.982693e-01
9.987142e-01
9.987142e-01
9.999748e-01
9.999748e-01
1.000000e+00
1.000000e+00
