# SF-29 C-i4 candidate (i) i1o4 field=gauss_ch eps=0.25 N=12: sorted relative singular values of the dense central-FD Jacobian at the converged state (rows F_i=-q(L_i-S_i); outlet rows (2q/h)(vperp_in-c_perp); smax=3.231613e+03)
4.298071e-04
4.451402e-04
4.685374e-04
4.723054e-04
4.824986e-04
4.929847e-04
4.989610e-04
5.091735e-04
5.144617e-04
5.213990e-04
5.343002e-04
5.411726e-04
5.549683e-04
5.685750e-04
5.795406e-04
6.091506e-04
6.146984e-04
6.254166e-04
6.467257e-04
6.928536e-04
7.180301e-04
7.481876e-04
8.081849e-04
8.167809e-04
8.672053e-04
8.857692e-04
9.043150e-04
9.123247e-04
9.249350e-04
9.640296e-04
9.709704e-04
9.848422e-04
1.021553e-03
1.052316e-03
1.077352e-03
1.373340e-03
2.047749e-03
2.082459e-03
2.094192e-03
2.125065e-03
2.194866e-03
2.265111e-03
2.307419e-03
2.354706e-03
2.410917e-03
2.420332e-03
2.503713e-03
2.507360e-03
4.058309e-03
4.087159e-03
4.180786e-03
4.223412e-03
4.298985e-03
4.311752e-03
4.388026e-03
4.473606e-03
4.494703e-03
4.552379e-03
4.563320e-03
4.586839e-03
4.628227e-03
4.711350e-03
4.746834e-03
4.811728e-03
4.902013e-03
4.929363e-03
4.987454e-03
5.046666e-03
5.071397e-03
5.152696e-03
5.169872e-03
5.234119e-03
5.303997e-03
5.377990e-03
5.411316e-03
5.455518e-03
5.502438e-03
5.518808e-03
5.551399e-03
5.611561e-03
5.639538e-03
5.672969e-03
5.702699e-03
5.713275e-03
5.787804e-03
5.831414e-03
5.894280e-03
5.948638e-03
6.017566e-03
6.036190e-03
6.083235e-03
6.131380e-03
6.147077e-03
6.197483e-03
6.226503e-03
6.305073e-03
6.345235e-03
6.473743e-03
6.507458e-03
6.580400e-03
6.608294e-03
6.716240e-03
6.751183e-03
6.794294e-03
6.838630e-03
6.864314e-03
6.988809e-03
7.018476e-03
7.072970e-03
7.173409e-03
7.271261e-03
7.353692e-03
7.387206e-03
7.444368e-03
7.478205e-03
7.654754e-03
7.751660e-03
7.813334e-03
7.869873e-03
7.894864e-03
7.932559e-03
8.032832e-03
8.123762e-03
8.260610e-03
8.316431e-03
8.342678e-03
8.559791e-03
8.782159e-03
1.027101e-02
1.050619e-02
1.063971e-02
1.092644e-02
1.113674e-02
1.144868e-02
1.150168e-02
1.153649e-02
1.168159e-02
1.182882e-02
1.190763e-02
1.219024e-02
1.234736e-02
1.237497e-02
1.246877e-02
1.276098e-02
1.285554e-02
1.288874e-02
1.299961e-02
1.310880e-02
1.323487e-02
1.331210e-02
1.336970e-02
1.343569e-02
1.351659e-02
1.354156e-02
1.366089e-02
1.367060e-02
1.377116e-02
1.379020e-02
1.392002e-02
1.400060e-02
1.406195e-02
1.414179e-02
1.420511e-02
1.425119e-02
1.429120e-02
1.441103e-02
1.446856e-02
1.450633e-02
1.457010e-02
1.458680e-02
1.463701e-02
1.473754e-02
1.482176e-02
1.482783e-02
1.492283e-02
1.494718e-02
1.503651e-02
1.506930e-02
1.511757e-02
1.518360e-02
1.531657e-02
1.539912e-02
1.545033e-02
1.558114e-02
1.564758e-02
1.567932e-02
1.569797e-02
1.580800e-02
1.585728e-02
1.593169e-02
1.598976e-02
1.613145e-02
1.618325e-02
1.628352e-02
1.640295e-02
1.643791e-02
1.649929e-02
1.654721e-02
1.658915e-02
1.664526e-02
1.678917e-02
1.692757e-02
1.699246e-02
1.704561e-02
1.711172e-02
1.712903e-02
1.727852e-02
1.736376e-02
1.741322e-02
1.752732e-02
1.756423e-02
1.782043e-02
1.788986e-02
1.799344e-02
1.801044e-02
1.807858e-02
1.828570e-02
1.837858e-02
1.845581e-02
1.848309e-02
1.856582e-02
1.874242e-02
1.881838e-02
1.884783e-02
1.896054e-02
1.916945e-02
1.924329e-02
1.933550e-02
1.973622e-02
1.998412e-02
2.013441e-02
2.016495e-02
2.038871e-02
2.091412e-02
2.116775e-02
2.129194e-02
2.152682e-02
2.169288e-02
2.203949e-02
2.221851e-02
2.224110e-02
2.251313e-02
2.293554e-02
2.302590e-02
2.332940e-02
2.335560e-02
2.345341e-02
2.354829e-02
2.361566e-02
2.364717e-02
2.385253e-02
2.387925e-02
2.413072e-02
2.426153e-02
2.430254e-02
2.470108e-02
2.476643e-02
2.479763e-02
2.483787e-02
2.492586e-02
2.496204e-02
2.503589e-02
2.513048e-02
2.515944e-02
2.538764e-02
2.545246e-02
2.554935e-02
2.559384e-02
2.573348e-02
2.581809e-02
2.584367e-02
2.588508e-02
2.597920e-02
2.604336e-02
2.612767e-02
2.619388e-02
2.622488e-02
2.627480e-02
2.652635e-02
2.654676e-02
2.664800e-02
2.669474e-02
2.682882e-02
2.701417e-02
2.710556e-02
2.713522e-02
2.717738e-02
2.732167e-02
2.741569e-02
2.751312e-02
2.755819e-02
2.764384e-02
2.776048e-02
2.779630e-02
2.801171e-02
2.815142e-02
2.817445e-02
2.820241e-02
2.827101e-02
2.831122e-02
2.848413e-02
2.853234e-02
2.861847e-02
2.876228e-02
2.882050e-02
2.887023e-02
2.889546e-02
2.916649e-02
2.917859e-02
2.921100e-02
2.934604e-02
2.947923e-02
2.963292e-02
2.975643e-02
2.985606e-02
3.006768e-02
3.008916e-02
3.034267e-02
3.043307e-02
3.058989e-02
3.082473e-02
3.111633e-02
3.121885e-02
3.148092e-02
3.158912e-02
3.171864e-02
3.184744e-02
3.188277e-02
3.196012e-02
3.209144e-02
3.213668e-02
3.221990e-02
3.244901e-02
3.257380e-02
3.268759e-02
3.279702e-02
3.282900e-02
3.295765e-02
3.312025e-02
3.314179e-02
3.324749e-02
3.331339e-02
3.350583e-02
3.362682e-02
3.389870e-02
3.420422e-02
3.432037e-02
3.477086e-02
3.510614e-02
3.528634e-02
3.535729e-02
3.541092e-02
3.549840e-02
3.564864e-02
3.581330e-02
3.592879e-02
3.608075e-02
3.617990e-02
3.631075e-02
3.645001e-02
3.648161e-02
3.669226e-02
3.675460e-02
3.681889e-02
3.688479e-02
3.706692e-02
3.711356e-02
3.724690e-02
3.740152e-02
3.754581e-02
3.762621e-02
3.774207e-02
3.788131e-02
3.790506e-02
3.812680e-02
3.814896e-02
3.829200e-02
3.851598e-02
3.872222e-02
3.894539e-02
3.905015e-02
3.915196e-02
3.920735e-02
3.943560e-02
3.949677e-02
3.951919e-02
3.967805e-02
3.983763e-02
3.990604e-02
4.001110e-02
4.012810e-02
4.015313e-02
4.028144e-02
4.028665e-02
4.033638e-02
4.053691e-02
4.066050e-02
4.077759e-02
4.088198e-02
4.099838e-02
4.119913e-02
4.127230e-02
4.138002e-02
4.150058e-02
4.169707e-02
4.180429e-02
4.186187e-02
4.194380e-02
4.220656e-02
4.227370e-02
4.229239e-02
4.237000e-02
4.256783e-02
4.261319e-02
4.279257e-02
4.291783e-02
4.305676e-02
4.311723e-02
4.322822e-02
4.331736e-02
4.338387e-02
4.352684e-02
4.381506e-02
4.399537e-02
4.413720e-02
4.426034e-02
4.434289e-02
4.448334e-02
4.453210e-02
4.461423e-02
4.465221e-02
4.472426e-02
4.482377e-02
4.530826e-02
4.537328e-02
4.542745e-02
4.559341e-02
4.587405e-02
4.593364e-02
4.618375e-02
4.624581e-02
4.635960e-02
4.657264e-02
4.662212e-02
4.673463e-02
4.687167e-02
4.712051e-02
4.727569e-02
4.744573e-02
4.774709e-02
4.794463e-02
4.804537e-02
4.807166e-02
4.816700e-02
4.829156e-02
4.834774e-02
4.848879e-02
4.855369e-02
4.871338e-02
4.883264e-02
4.933977e-02
4.954248e-02
4.983512e-02
4.999721e-02
5.000174e-02
5.008371e-02
5.015643e-02
5.027745e-02
5.056077e-02
5.068668e-02
5.076409e-02
5.083165e-02
5.106406e-02
5.113377e-02
5.123577e-02
5.131751e-02
5.142858e-02
5.149547e-02
5.154924e-02
5.164652e-02
5.173947e-02
5.184991e-02
5.198381e-02
5.208200e-02
5.213786e-02
5.227040e-02
5.232950e-02
5.246501e-02
5.252559e-02
5.258506e-02
5.270526e-02
5.273821e-02
5.282080e-02
5.293006e-02
5.300505e-02
5.304807e-02
5.321150e-02
5.325788e-02
5.339835e-02
5.348059e-02
5.352749e-02
5.366570e-02
5.370807e-02
5.381872e-02
5.385723e-02
5.406892e-02
5.416570e-02
5.424923e-02
5.429294e-02
5.436070e-02
5.444945e-02
5.457623e-02
5.463868e-02
5.481797e-02
5.493490e-02
5.503813e-02
5.512784e-02
5.516549e-02
5.525491e-02
5.534237e-02
5.551802e-02
5.560991e-02
5.564858e-02
5.590533e-02
5.600223e-02
5.608937e-02
5.613506e-02
5.621225e-02
5.643028e-02
5.648481e-02
5.655982e-02
5.670154e-02
5.674174e-02
5.683720e-02
5.699295e-02
5.707093e-02
5.715527e-02
5.724587e-02
5.744171e-02
5.750880e-02
5.757415e-02
5.768609e-02
5.780410e-02
5.787725e-02
5.801462e-02
5.809268e-02
5.835838e-02
5.842995e-02
5.861572e-02
5.868811e-02
5.876067e-02
5.884384e-02
5.893769e-02
5.897116e-02
5.921980e-02
5.936851e-02
5.939116e-02
5.962169e-02
5.967640e-02
5.981649e-02
5.989709e-02
6.013244e-02
6.018989e-02
6.033077e-02
6.044999e-02
6.047092e-02
6.067590e-02
6.081035e-02
6.099469e-02
6.108471e-02
6.120424e-02
6.129526e-02
6.138952e-02
6.159363e-02
6.165224e-02
6.174056e-02
6.186680e-02
6.194772e-02
6.215558e-02
6.223503e-02
6.237868e-02
6.243851e-02
6.252291e-02
6.257265e-02
6.269852e-02
6.298113e-02
6.303577e-02
6.309706e-02
6.338635e-02
6.356740e-02
6.362222e-02
6.368436e-02
6.374143e-02
6.394317e-02
6.406221e-02
6.423730e-02
6.437548e-02
6.446940e-02
6.452485e-02
6.473405e-02
6.486884e-02
6.494605e-02
6.519436e-02
6.525719e-02
6.538506e-02
6.546321e-02
6.566808e-02
6.573218e-02
6.577374e-02
6.596906e-02
6.608232e-02
6.629013e-02
6.641324e-02
6.646406e-02
6.672349e-02
6.680976e-02
6.701679e-02
6.716890e-02
6.723784e-02
6.730937e-02
6.760175e-02
6.763440e-02
6.790555e-02
6.796455e-02
6.812405e-02
6.827855e-02
6.837375e-02
6.844505e-02
6.854943e-02
6.873440e-02
6.882251e-02
6.884141e-02
6.895383e-02
6.906900e-02
6.914837e-02
6.920611e-02
6.927726e-02
6.941846e-02
6.957001e-02
6.963984e-02
6.973014e-02
6.991985e-02
7.016797e-02
7.020670e-02
7.027689e-02
7.048442e-02
7.062495e-02
7.078642e-02
7.083645e-02
7.093892e-02
7.102668e-02
7.132006e-02
7.159419e-02
7.165002e-02
7.180180e-02
7.193973e-02
7.209588e-02
7.216588e-02
7.219630e-02
7.225104e-02
7.235340e-02
7.243760e-02
7.259617e-02
7.273492e-02
7.283135e-02
7.284746e-02
7.296808e-02
7.321507e-02
7.337138e-02
7.348369e-02
7.371111e-02
7.384548e-02
7.399690e-02
7.410616e-02
7.413238e-02
7.424738e-02
7.424915e-02
7.451579e-02
7.468362e-02
7.475194e-02
7.484278e-02
7.494798e-02
7.503155e-02
7.515717e-02
7.524769e-02
7.535400e-02
7.552901e-02
7.566082e-02
7.582801e-02
7.598051e-02
7.600159e-02
7.612615e-02
7.629136e-02
7.634429e-02
7.645418e-02
7.655836e-02
7.662682e-02
7.673922e-02
7.682823e-02
7.697076e-02
7.706582e-02
7.720127e-02
7.726834e-02
7.737692e-02
7.747028e-02
7.754284e-02
7.770588e-02
7.790642e-02
7.793704e-02
7.816428e-02
7.821285e-02
7.832514e-02
7.843219e-02
7.850842e-02
7.868497e-02
7.880803e-02
7.886366e-02
7.897501e-02
7.904668e-02
7.917862e-02
7.924825e-02
7.926288e-02
7.942119e-02
7.953326e-02
7.968702e-02
7.995128e-02
8.002466e-02
8.020756e-02
8.024328e-02
8.033419e-02
8.045224e-02
8.072610e-02
8.075358e-02
8.080287e-02
8.101820e-02
8.108294e-02
8.123221e-02
8.127860e-02
8.143533e-02
8.154592e-02
8.165663e-02
8.172966e-02
8.179148e-02
8.196631e-02
8.198722e-02
8.207508e-02
8.219182e-02
8.220828e-02
8.233000e-02
8.248522e-02
8.261794e-02
8.271872e-02
8.291805e-02
8.306186e-02
8.314530e-02
8.326832e-02
8.335458e-02
8.339603e-02
8.347106e-02
8.364440e-02
8.369624e-02
8.389636e-02
8.415098e-02
8.419168e-02
8.433705e-02
8.442679e-02
8.451102e-02
8.464995e-02
8.475240e-02
8.486305e-02
8.491044e-02
8.496794e-02
8.527512e-02
8.532041e-02
8.544114e-02
8.545096e-02
8.561683e-02
8.581016e-02
8.588480e-02
8.595670e-02
8.611881e-02
8.626092e-02
8.641788e-02
8.656008e-02
8.660749e-02
8.677880e-02
8.695954e-02
8.704782e-02
8.715439e-02
8.732199e-02
8.734339e-02
8.738945e-02
8.766080e-02
8.768487e-02
8.795723e-02
8.811410e-02
8.817846e-02
8.826793e-02
8.858010e-02
8.878488e-02
8.887360e-02
8.905098e-02
8.927278e-02
8.932761e-02
8.943771e-02
8.953530e-02
8.968830e-02
8.971217e-02
8.986914e-02
8.997284e-02
9.006780e-02
9.013806e-02
9.030933e-02
9.047014e-02
9.057160e-02
9.071290e-02
9.077303e-02
9.089473e-02
9.101772e-02
9.139001e-02
9.143645e-02
9.161560e-02
9.167514e-02
9.176483e-02
9.182950e-02
9.200481e-02
9.206007e-02
9.216025e-02
9.228457e-02
9.232381e-02
9.254619e-02
9.269880e-02
9.271553e-02
9.293979e-02
9.307288e-02
9.316550e-02
9.330267e-02
9.345139e-02
9.354597e-02
9.371361e-02
9.383183e-02
9.401741e-02
9.430499e-02
9.436950e-02
9.455946e-02
9.461997e-02
9.472685e-02
9.482676e-02
9.488077e-02
9.490503e-02
9.504036e-02
9.528075e-02
9.543660e-02
9.550901e-02
9.556786e-02
9.576635e-02
9.589574e-02
9.598895e-02
9.605747e-02
9.614652e-02
9.633291e-02
9.650099e-02
9.659911e-02
9.665457e-02
9.673095e-02
9.689447e-02
9.700766e-02
9.704557e-02
9.728212e-02
9.732370e-02
9.740144e-02
9.760028e-02
9.772114e-02
9.792586e-02
9.794333e-02
9.803992e-02
9.830236e-02
9.845227e-02
9.849010e-02
9.859057e-02
9.877442e-02
9.892622e-02
9.908590e-02
9.931599e-02
9.946375e-02
9.955235e-02
9.962188e-02
9.975873e-02
9.983016e-02
9.991276e-02
1.000335e-01
1.001747e-01
1.002278e-01
1.003671e-01
1.005419e-01
1.005838e-01
1.007248e-01
1.007682e-01
1.008842e-01
1.009313e-01
1.010471e-01
1.011985e-01
1.013563e-01
1.014115e-01
1.016746e-01
1.017907e-01
1.019029e-01
1.020463e-01
1.022467e-01
1.023802e-01
1.024590e-01
1.025760e-01
1.027355e-01
1.028197e-01
1.029598e-01
1.030983e-01
1.032066e-01
1.033129e-01
1.034196e-01
1.037006e-01
1.038270e-01
1.038645e-01
1.040297e-01
1.041127e-01
1.042114e-01
1.043524e-01
1.044258e-01
1.045397e-01
1.046320e-01
1.048170e-01
1.049363e-01
1.050165e-01
1.051330e-01
1.052229e-01
1.052500e-01
1.053055e-01
1.054853e-01
1.056449e-01
1.057923e-01
1.058764e-01
1.059194e-01
1.060878e-01
1.061449e-01
1.062149e-01
1.064494e-01
1.065151e-01
1.066042e-01
1.067290e-01
1.067467e-01
1.068799e-01
1.069805e-01
1.071256e-01
1.072473e-01
1.073243e-01
1.075212e-01
1.076215e-01
1.078690e-01
1.079265e-01
1.080493e-01
1.081922e-01
1.082953e-01
1.083661e-01
1.086118e-01
1.086585e-01
1.088441e-01
1.088736e-01
1.089963e-01
1.090947e-01
1.093119e-01
1.094887e-01
1.096403e-01
1.097891e-01
1.100091e-01
1.101375e-01
1.101647e-01
1.102731e-01
1.103680e-01
1.105583e-01
1.106946e-01
1.107744e-01
1.109170e-01
1.110423e-01
1.111597e-01
1.111981e-01
1.113043e-01
1.114233e-01
1.115044e-01
1.115676e-01
1.117002e-01
1.117366e-01
1.119484e-01
1.122064e-01
1.123000e-01
1.123298e-01
1.126192e-01
1.127031e-01
1.128185e-01
1.129139e-01
1.132649e-01
1.133146e-01
1.134106e-01
1.136268e-01
1.136866e-01
1.138618e-01
1.140063e-01
1.142789e-01
1.144051e-01
1.146632e-01
1.146694e-01
1.147123e-01
1.150322e-01
1.151785e-01
1.153258e-01
1.154250e-01
1.154897e-01
1.156423e-01
1.158232e-01
1.158957e-01
1.159782e-01
1.163250e-01
1.164316e-01
1.165542e-01
1.167119e-01
1.168554e-01
1.170958e-01
1.171999e-01
1.174279e-01
1.174786e-01
1.176475e-01
1.178228e-01
1.179657e-01
1.180476e-01
1.181042e-01
1.184029e-01
1.186099e-01
1.186433e-01
1.188936e-01
1.190007e-01
1.190532e-01
1.191508e-01
1.192943e-01
1.195561e-01
1.198653e-01
1.199261e-01
1.200009e-01
1.201208e-01
1.201510e-01
1.203183e-01
1.204053e-01
1.204427e-01
1.207203e-01
1.208134e-01
1.210013e-01
1.210410e-01
1.211769e-01
1.212204e-01
1.214025e-01
1.216542e-01
1.217631e-01
1.219717e-01
1.220947e-01
1.222097e-01
1.223744e-01
1.226420e-01
1.227092e-01
1.228932e-01
1.229591e-01
1.232249e-01
1.233049e-01
1.233836e-01
1.235404e-01
1.236368e-01
1.237342e-01
1.239098e-01
1.240322e-01
1.240763e-01
1.243542e-01
1.244722e-01
1.246206e-01
1.247664e-01
1.248373e-01
1.249476e-01
1.251777e-01
1.252811e-01
1.254214e-01
1.256133e-01
1.257040e-01
1.258438e-01
1.259223e-01
1.260674e-01
1.261403e-01
1.263932e-01
1.265662e-01
1.266094e-01
1.268752e-01
1.269675e-01
1.270874e-01
1.273377e-01
1.274897e-01
1.275256e-01
1.276596e-01
1.278861e-01
1.280068e-01
1.281044e-01
1.282516e-01
1.285363e-01
1.287154e-01
1.288803e-01
1.290048e-01
1.292013e-01
1.293534e-01
1.294068e-01
1.295053e-01
1.296105e-01
1.296907e-01
1.299950e-01
1.301044e-01
1.301394e-01
1.303227e-01
1.304856e-01
1.305875e-01
1.306908e-01
1.308014e-01
1.309998e-01
1.310686e-01
1.312213e-01
1.313429e-01
1.314465e-01
1.317655e-01
1.318334e-01
1.320388e-01
1.321057e-01
1.323110e-01
1.324456e-01
1.326260e-01
1.326826e-01
1.327771e-01
1.330394e-01
1.333989e-01
1.334856e-01
1.335778e-01
1.336883e-01
1.337572e-01
1.340775e-01
1.342749e-01
1.343785e-01
1.344595e-01
1.345729e-01
1.346298e-01
1.347770e-01
1.348585e-01
1.349726e-01
1.350819e-01
1.354165e-01
1.355109e-01
1.355836e-01
1.356600e-01
1.357224e-01
1.360093e-01
1.362282e-01
1.363265e-01
1.365164e-01
1.366290e-01
1.367202e-01
1.369802e-01
1.370859e-01
1.372859e-01
1.374131e-01
1.374520e-01
1.376223e-01
1.377296e-01
1.379336e-01
1.380833e-01
1.383548e-01
1.383732e-01
1.384905e-01
1.387052e-01
1.388863e-01
1.390474e-01
1.390972e-01
1.392556e-01
1.393268e-01
1.395624e-01
1.397040e-01
1.398715e-01
1.400230e-01
1.401606e-01
1.403300e-01
1.404750e-01
1.405494e-01
1.406571e-01
1.408259e-01
1.410133e-01
1.411235e-01
1.413400e-01
1.413938e-01
1.416185e-01
1.417194e-01
1.419128e-01
1.420017e-01
1.420980e-01
1.423258e-01
1.424576e-01
1.425692e-01
1.428959e-01
1.429139e-01
1.431168e-01
1.432066e-01
1.433730e-01
1.436109e-01
1.436373e-01
1.437720e-01
1.441370e-01
1.441811e-01
1.442432e-01
1.443991e-01
1.445643e-01
1.446199e-01
1.446735e-01
1.448158e-01
1.449092e-01
1.453178e-01
1.455271e-01
1.456120e-01
1.457846e-01
1.459396e-01
1.462420e-01
1.463336e-01
1.464794e-01
1.465826e-01
1.467084e-01
1.468808e-01
1.469055e-01
1.470725e-01
1.472744e-01
1.474891e-01
1.476534e-01
1.478608e-01
1.480942e-01
1.481932e-01
1.483546e-01
1.484118e-01
1.486630e-01
1.487613e-01
1.487868e-01
1.489228e-01
1.491437e-01
1.492023e-01
1.492842e-01
1.494553e-01
1.496011e-01
1.497750e-01
1.498630e-01
1.502036e-01
1.502234e-01
1.503906e-01
1.504408e-01
1.505685e-01
1.508917e-01
1.509897e-01
1.510634e-01
1.512232e-01
1.513443e-01
1.514406e-01
1.516087e-01
1.516800e-01
1.517990e-01
1.519547e-01
1.520322e-01
1.522465e-01
1.523098e-01
1.524003e-01
1.525294e-01
1.527099e-01
1.530295e-01
1.531390e-01
1.532176e-01
1.535157e-01
1.536412e-01
1.537028e-01
1.538702e-01
1.541126e-01
1.541944e-01
1.544344e-01
1.544672e-01
1.545495e-01
1.546243e-01
1.547188e-01
1.548490e-01
1.548805e-01
1.551097e-01
1.552677e-01
1.554115e-01
1.555228e-01
1.557619e-01
1.559394e-01
1.560137e-01
1.562304e-01
1.562519e-01
1.564428e-01
1.565695e-01
1.567326e-01
1.568266e-01
1.571000e-01
1.571529e-01
1.572196e-01
1.573309e-01
1.575818e-01
1.578436e-01
1.579149e-01
1.580029e-01
1.581692e-01
1.582324e-01
1.584229e-01
1.585327e-01
1.586947e-01
1.588370e-01
1.589513e-01
1.590266e-01
1.593106e-01
1.594263e-01
1.596551e-01
1.597345e-01
1.599659e-01
1.600436e-01
1.601239e-01
1.603023e-01
1.603941e-01
1.604844e-01
1.605190e-01
1.608259e-01
1.608842e-01
1.610205e-01
1.611290e-01
1.612393e-01
1.614105e-01
1.615595e-01
1.617093e-01
1.619351e-01
1.620855e-01
1.621187e-01
1.623390e-01
1.624569e-01
1.625112e-01
1.627211e-01
1.627740e-01
1.628716e-01
1.629840e-01
1.632416e-01
1.632915e-01
1.633863e-01
1.635769e-01
1.637256e-01
1.638075e-01
1.639700e-01
1.641236e-01
1.642656e-01
1.643860e-01
1.645537e-01
1.645840e-01
1.648068e-01
1.648727e-01
1.649341e-01
1.650633e-01
1.651343e-01
1.655533e-01
1.656052e-01
1.656827e-01
1.657606e-01
1.658312e-01
1.659383e-01
1.660888e-01
1.661072e-01
1.664240e-01
1.665490e-01
1.666450e-01
1.667377e-01
1.669584e-01
1.670061e-01
1.673330e-01
1.674133e-01
1.675385e-01
1.677318e-01
1.678401e-01
1.679678e-01
1.681365e-01
1.682390e-01
1.684200e-01
1.685665e-01
1.686288e-01
1.688505e-01
1.689596e-01
1.689813e-01
1.691277e-01
1.692370e-01
1.693930e-01
1.693972e-01
1.696426e-01
1.698280e-01
1.699059e-01
1.700076e-01
1.702226e-01
1.702857e-01
1.704358e-01
1.705509e-01
1.707509e-01
1.708171e-01
1.709384e-01
1.711105e-01
1.713209e-01
1.714442e-01
1.715122e-01
1.717013e-01
1.719241e-01
1.719704e-01
1.720672e-01
1.721970e-01
1.724008e-01
1.725015e-01
1.726076e-01
1.727068e-01
1.729123e-01
1.729285e-01
1.730649e-01
1.731558e-01
1.731993e-01
1.734988e-01
1.737043e-01
1.737501e-01
1.739548e-01
1.742260e-01
1.742474e-01
1.743102e-01
1.743987e-01
1.745139e-01
1.745849e-01
1.747972e-01
1.750078e-01
1.751169e-01
1.752755e-01
1.753199e-01
1.755026e-01
1.756544e-01
1.758135e-01
1.758939e-01
1.760087e-01
1.761301e-01
1.763381e-01
1.764396e-01
1.765870e-01
1.766696e-01
1.769071e-01
1.770579e-01
1.771456e-01
1.773738e-01
1.774458e-01
1.775363e-01
1.776218e-01
1.777111e-01
1.778955e-01
1.779743e-01
1.779925e-01
1.781474e-01
1.781945e-01
1.783504e-01
1.784575e-01
1.786446e-01
1.789750e-01
1.789930e-01
1.790557e-01
1.792255e-01
1.793813e-01
1.795410e-01
1.796663e-01
1.797681e-01
1.798434e-01
1.799586e-01
1.801863e-01
1.802473e-01
1.803915e-01
1.805283e-01
1.806184e-01
1.808226e-01
1.809314e-01
1.810489e-01
1.811673e-01
1.813205e-01
1.814635e-01
1.815249e-01
1.817728e-01
1.819200e-01
1.819449e-01
1.820343e-01
1.820671e-01
1.821665e-01
1.822569e-01
1.823048e-01
1.826192e-01
1.827065e-01
1.827938e-01
1.829358e-01
1.830497e-01
1.833431e-01
1.834320e-01
1.834810e-01
1.836387e-01
1.838399e-01
1.839556e-01
1.840502e-01
1.841287e-01
1.842194e-01
1.843991e-01
1.845696e-01
1.846050e-01
1.847816e-01
1.848803e-01
1.850046e-01
1.850784e-01
1.852409e-01
1.853625e-01
1.855030e-01
1.855960e-01
1.856699e-01
1.858710e-01
1.859345e-01
1.860749e-01
1.861274e-01
1.863336e-01
1.864958e-01
1.865822e-01
1.867759e-01
1.868532e-01
1.869382e-01
1.872023e-01
1.872344e-01
1.874561e-01
1.875859e-01
1.876922e-01
1.877744e-01
1.878065e-01
1.879081e-01
1.881999e-01
1.882522e-01
1.884129e-01
1.885709e-01
1.886354e-01
1.888109e-01
1.888625e-01
1.889303e-01
1.891340e-01
1.892436e-01
1.894055e-01
1.895163e-01
1.896215e-01
1.897480e-01
1.897870e-01
1.898846e-01
1.901005e-01
1.901373e-01
1.902895e-01
1.903880e-01
1.905997e-01
1.906943e-01
1.908187e-01
1.908769e-01
1.908947e-01
1.911509e-01
1.912465e-01
1.913089e-01
1.914161e-01
1.915073e-01
1.916089e-01
1.919014e-01
1.920455e-01
1.920551e-01
1.921724e-01
1.923777e-01
1.925372e-01
1.925395e-01
1.927972e-01
1.928693e-01
1.929200e-01
1.930827e-01
1.933455e-01
1.933989e-01
1.935185e-01
1.937079e-01
1.937837e-01
1.938429e-01
1.941270e-01
1.942381e-01
1.944300e-01
1.944506e-01
1.945768e-01
1.948002e-01
1.949103e-01
1.950062e-01
1.951036e-01
1.951337e-01
1.953242e-01
1.955104e-01
1.956493e-01
1.957839e-01
1.959452e-01
1.960122e-01
1.961307e-01
1.963426e-01
1.964109e-01
1.965085e-01
1.966352e-01
1.966858e-01
1.968888e-01
1.970859e-01
1.971423e-01
1.972362e-01
1.974742e-01
1.976080e-01
1.977039e-01
1.977318e-01
1.977731e-01
1.980190e-01
1.981341e-01
1.983476e-01
1.985223e-01
1.986344e-01
1.987446e-01
1.989224e-01
1.990283e-01
1.991565e-01
1.992333e-01
1.992666e-01
1.994733e-01
1.995207e-01
1.996950e-01
1.999057e-01
2.000028e-01
2.000583e-01
2.002395e-01
2.004911e-01
2.006064e-01
2.006305e-01
2.007506e-01
2.008948e-01
2.009809e-01
2.011855e-01
2.012333e-01
2.015325e-01
2.016481e-01
2.017929e-01
2.018277e-01
2.018781e-01
2.022851e-01
2.024023e-01
2.024938e-01
2.025524e-01
2.026459e-01
2.027252e-01
2.028360e-01
2.030436e-01
2.032003e-01
2.032765e-01
2.034268e-01
2.034910e-01
2.035172e-01
2.037004e-01
2.038683e-01
2.039472e-01
2.040280e-01
2.041460e-01
2.042333e-01
2.043711e-01
2.045210e-01
2.046487e-01
2.047069e-01
2.048543e-01
2.049315e-01
2.050603e-01
2.052815e-01
2.053239e-01
2.054529e-01
2.055249e-01
2.055770e-01
2.057499e-01
2.057647e-01
2.059951e-01
2.061911e-01
2.062985e-01
2.063652e-01
2.065262e-01
2.065792e-01
2.066660e-01
2.069128e-01
2.069624e-01
2.071239e-01
2.072421e-01
2.074553e-01
2.075116e-01
2.075770e-01
2.076991e-01
2.078127e-01
2.079023e-01
2.080563e-01
2.082513e-01
2.083027e-01
2.084319e-01
2.085368e-01
2.086374e-01
2.088498e-01
2.090040e-01
2.090859e-01
2.092205e-01
2.092752e-01
2.094403e-01
2.095182e-01
2.095681e-01
2.097413e-01
2.098755e-01
2.099872e-01
2.102022e-01
2.102545e-01
2.104984e-01
2.105799e-01
2.106402e-01
2.106848e-01
2.108086e-01
2.109862e-01
2.110091e-01
2.111526e-01
2.112988e-01
2.113955e-01
2.116536e-01
2.118095e-01
2.118867e-01
2.119950e-01
2.120746e-01
2.122235e-01
2.124131e-01
2.125712e-01
2.126166e-01
2.126858e-01
2.128488e-01
2.129916e-01
2.130442e-01
2.132634e-01
2.133301e-01
2.133307e-01
2.136494e-01
2.137134e-01
2.137433e-01
2.138919e-01
2.141039e-01
2.142252e-01
2.142988e-01
2.146076e-01
2.146629e-01
2.148011e-01
2.148084e-01
2.148966e-01
2.149657e-01
2.151366e-01
2.152320e-01
2.152459e-01
2.155146e-01
2.155887e-01
2.157189e-01
2.158321e-01
2.159767e-01
2.160710e-01
2.161190e-01
2.161954e-01
2.163260e-01
2.165519e-01
2.167189e-01
2.168291e-01
2.168944e-01
2.170100e-01
2.172198e-01
2.172843e-01
2.174285e-01
2.175181e-01
2.177756e-01
2.178258e-01
2.178638e-01
2.180583e-01
2.181116e-01
2.183323e-01
2.184485e-01
2.185557e-01
2.186311e-01
2.187361e-01
2.189759e-01
2.191071e-01
2.191952e-01
2.192704e-01
2.193341e-01
2.194419e-01
2.198003e-01
2.199044e-01
2.200523e-01
2.200894e-01
2.202382e-01
2.203126e-01
2.204637e-01
2.205616e-01
2.206542e-01
2.208553e-01
2.209415e-01
2.211524e-01
2.212368e-01
2.213524e-01
2.215838e-01
2.217725e-01
2.218666e-01
2.219570e-01
2.220242e-01
2.221373e-01
2.222654e-01
2.223665e-01
2.225848e-01
2.227529e-01
2.227955e-01
2.229041e-01
2.229488e-01
2.230542e-01
2.231628e-01
2.233964e-01
2.235789e-01
2.236440e-01
2.237536e-01
2.239057e-01
2.241332e-01
2.242270e-01
2.242678e-01
2.243780e-01
2.245697e-01
2.246476e-01
2.249157e-01
2.249722e-01
2.251462e-01
2.252652e-01
2.253821e-01
2.253936e-01
2.254770e-01
2.256441e-01
2.258006e-01
2.259255e-01
2.259963e-01
2.263086e-01
2.263701e-01
2.265586e-01
2.266226e-01
2.266995e-01
2.268263e-01
2.269932e-01
2.270566e-01
2.272582e-01
2.274260e-01
2.274793e-01
2.276292e-01
2.276568e-01
2.277488e-01
2.279711e-01
2.280287e-01
2.282681e-01
2.283548e-01
2.285589e-01
2.286649e-01
2.287360e-01
2.289359e-01
2.292150e-01
2.292626e-01
2.293907e-01
2.294576e-01
2.296385e-01
2.297144e-01
2.298244e-01
2.301180e-01
2.303243e-01
2.303424e-01
2.305071e-01
2.305792e-01
2.306838e-01
2.308338e-01
2.309289e-01
2.310042e-01
2.312012e-01
2.313123e-01
2.316352e-01
2.317542e-01
2.318507e-01
2.320930e-01
2.322775e-01
2.322952e-01
2.323989e-01
2.326205e-01
2.326813e-01
2.327526e-01
2.330231e-01
2.331440e-01
2.331753e-01
2.333379e-01
2.335079e-01
2.335711e-01
2.336914e-01
2.337774e-01
2.339038e-01
2.340529e-01
2.341466e-01
2.344697e-01
2.344995e-01
2.345695e-01
2.348417e-01
2.349012e-01
2.350565e-01
2.350814e-01
2.352700e-01
2.353334e-01
2.354574e-01
2.356414e-01
2.357881e-01
2.359049e-01
2.361077e-01
2.362146e-01
2.363216e-01
2.364222e-01
2.366784e-01
2.367289e-01
2.368002e-01
2.369141e-01
2.371110e-01
2.372869e-01
2.373385e-01
2.374746e-01
2.375994e-01
2.376691e-01
2.378278e-01
2.379822e-01
2.381573e-01
2.382618e-01
2.384166e-01
2.385013e-01
2.386570e-01
2.388636e-01
2.389714e-01
2.390971e-01
2.391517e-01
2.392570e-01
2.394399e-01
2.395960e-01
2.397668e-01
2.398078e-01
2.401088e-01
2.401522e-01
2.402178e-01
2.403370e-01
2.405204e-01
2.406515e-01
2.407882e-01
2.408627e-01
2.410710e-01
2.411823e-01
2.413568e-01
2.414968e-01
2.416355e-01
2.417464e-01
2.417841e-01
2.420641e-01
2.422414e-01
2.423619e-01
2.424352e-01
2.426363e-01
2.427597e-01
2.428560e-01
2.428625e-01
2.431293e-01
2.432141e-01
2.432422e-01
2.433451e-01
2.435755e-01
2.438437e-01
2.440342e-01
2.441045e-01
2.442084e-01
2.442734e-01
2.444264e-01
2.444735e-01
2.447208e-01
2.447770e-01
2.449676e-01
2.450712e-01
2.451271e-01
2.452332e-01
2.454184e-01
2.454639e-01
2.456614e-01
2.458391e-01
2.460451e-01
2.462123e-01
2.462375e-01
2.465349e-01
2.465899e-01
2.467560e-01
2.468465e-01
2.470198e-01
2.471517e-01
2.471902e-01
2.472566e-01
2.474789e-01
2.475969e-01
2.478836e-01
2.479668e-01
2.480779e-01
2.482340e-01
2.483098e-01
2.483694e-01
2.486957e-01
2.488334e-01
2.488470e-01
2.489862e-01
2.490771e-01
2.491686e-01
2.492639e-01
2.495091e-01
2.496405e-01
2.497750e-01
2.499932e-01
2.500643e-01
2.503227e-01
2.504594e-01
2.504697e-01
2.506639e-01
2.508062e-01
2.509048e-01
2.511816e-01
2.513027e-01
2.514178e-01
2.515227e-01
2.515748e-01
2.517483e-01
2.518276e-01
2.519709e-01
2.520667e-01
2.521376e-01
2.522859e-01
2.523651e-01
2.526098e-01
2.526552e-01
2.527351e-01
2.529557e-01
2.530569e-01
2.532981e-01
2.533858e-01
2.535751e-01
2.536719e-01
2.537784e-01
2.538675e-01
2.539642e-01
2.540019e-01
2.542643e-01
2.543712e-01
2.544316e-01
2.546163e-01
2.546837e-01
2.548710e-01
2.551081e-01
2.551919e-01
2.553412e-01
2.554804e-01
2.556710e-01
2.558201e-01
2.559125e-01
2.560468e-01
2.561607e-01
2.562501e-01
2.564637e-01
2.564774e-01
2.566150e-01
2.567847e-01
2.569927e-01
2.571746e-01
2.573364e-01
2.575272e-01
2.575694e-01
2.576574e-01
2.577625e-01
2.579128e-01
2.580828e-01
2.581586e-01
2.582570e-01
2.584110e-01
2.586424e-01
2.587344e-01
2.588871e-01
2.590467e-01
2.591656e-01
2.592200e-01
2.594036e-01
2.594793e-01
2.597484e-01
2.598937e-01
2.599956e-01
2.601545e-01
2.602520e-01
2.603650e-01
2.606382e-01
2.607645e-01
2.608406e-01
2.610741e-01
2.611570e-01
2.612379e-01
2.613353e-01
2.614062e-01
2.615393e-01
2.616334e-01
2.618848e-01
2.620240e-01
2.620946e-01
2.622266e-01
2.622310e-01
2.624019e-01
2.626040e-01
2.626676e-01
2.627706e-01
2.629537e-01
2.631640e-01
2.632619e-01
2.633566e-01
2.634057e-01
2.636510e-01
2.637315e-01
2.638441e-01
2.641120e-01
2.641282e-01
2.643699e-01
2.644283e-01
2.646804e-01
2.648571e-01
2.649472e-01
2.650581e-01
2.651402e-01
2.652245e-01
2.654220e-01
2.654681e-01
2.655232e-01
2.659907e-01
2.660685e-01
2.662368e-01
2.662741e-01
2.663498e-01
2.664157e-01
2.665048e-01
2.667506e-01
2.669429e-01
2.670606e-01
2.671185e-01
2.673270e-01
2.674848e-01
2.676425e-01
2.677457e-01
2.679474e-01
2.680101e-01
2.681713e-01
2.683723e-01
2.684663e-01
2.686261e-01
2.686780e-01
2.688866e-01
2.690197e-01
2.692479e-01
2.693075e-01
2.694238e-01
2.695554e-01
2.696310e-01
2.698133e-01
2.699432e-01
2.700377e-01
2.702345e-01
2.703485e-01
2.704275e-01
2.707137e-01
2.707736e-01
2.708915e-01
2.710082e-01
2.711854e-01
2.712854e-01
2.715205e-01
2.716923e-01
2.717955e-01
2.719572e-01
2.721457e-01
2.721820e-01
2.723861e-01
2.724458e-01
2.725802e-01
2.726481e-01
2.729152e-01
2.730401e-01
2.733083e-01
2.735171e-01
2.735815e-01
2.736727e-01
2.737298e-01
2.741107e-01
2.741507e-01
2.743004e-01
2.743665e-01
2.745138e-01
2.747157e-01
2.748280e-01
2.748969e-01
2.750168e-01
2.753221e-01
2.754110e-01
2.755868e-01
2.756620e-01
2.759011e-01
2.760336e-01
2.760579e-01
2.763238e-01
2.764955e-01
2.766214e-01
2.767952e-01
2.768756e-01
2.769988e-01
2.771985e-01
2.773051e-01
2.775089e-01
2.775887e-01
2.777129e-01
2.778099e-01
2.780405e-01
2.781498e-01
2.782261e-01
2.784201e-01
2.784313e-01
2.786513e-01
2.787229e-01
2.789000e-01
2.791329e-01
2.792478e-01
2.793138e-01
2.795890e-01
2.796964e-01
2.798632e-01
2.800283e-01
2.801511e-01
2.803975e-01
2.805090e-01
2.806824e-01
2.807334e-01
2.810965e-01
2.811886e-01
2.813045e-01
2.813660e-01
2.815740e-01
2.816030e-01
2.818212e-01
2.819615e-01
2.819836e-01
2.822668e-01
2.822974e-01
2.823579e-01
2.824978e-01
2.827161e-01
2.828979e-01
2.830967e-01
2.831527e-01
2.833404e-01
2.834995e-01
2.835984e-01
2.838919e-01
2.840215e-01
2.841140e-01
2.842309e-01
2.844810e-01
2.847581e-01
2.848154e-01
2.850140e-01
2.852370e-01
2.853684e-01
2.854967e-01
2.857289e-01
2.857476e-01
2.858833e-01
2.862153e-01
2.864108e-01
2.864678e-01
2.866616e-01
2.867686e-01
2.869635e-01
2.870153e-01
2.870372e-01
2.873469e-01
2.874571e-01
2.874826e-01
2.877022e-01
2.878367e-01
2.879241e-01
2.881758e-01
2.883387e-01
2.883876e-01
2.885340e-01
2.886811e-01
2.890096e-01
2.891594e-01
2.891996e-01
2.893505e-01
2.894653e-01
2.896052e-01
2.896335e-01
2.898186e-01
2.899216e-01
2.900479e-01
2.902854e-01
2.904514e-01
2.905774e-01
2.906478e-01
2.910601e-01
2.911985e-01
2.912873e-01
2.915796e-01
2.916553e-01
2.916703e-01
2.919567e-01
2.920959e-01
2.922641e-01
2.924111e-01
2.925145e-01
2.925649e-01
2.927208e-01
2.928548e-01
2.929983e-01
2.931416e-01
2.934232e-01
2.935494e-01
2.937495e-01
2.937948e-01
2.939028e-01
2.939576e-01
2.942178e-01
2.944882e-01
2.945766e-01
2.948241e-01
2.950033e-01
2.950987e-01
2.952653e-01
2.954920e-01
2.955473e-01
2.957297e-01
2.958948e-01
2.961182e-01
2.962370e-01
2.962946e-01
2.963971e-01
2.967066e-01
2.967788e-01
2.969716e-01
2.971344e-01
2.972062e-01
2.972884e-01
2.975635e-01
2.978019e-01
2.981204e-01
2.982837e-01
2.984141e-01
2.985022e-01
2.985712e-01
2.988156e-01
2.989667e-01
2.989768e-01
2.991825e-01
2.993059e-01
2.996128e-01
2.997467e-01
2.997528e-01
3.000743e-01
3.002524e-01
3.005203e-01
3.005786e-01
3.008400e-01
3.009726e-01
3.011895e-01
3.015014e-01
3.016345e-01
3.017870e-01
3.018437e-01
3.021014e-01
3.022131e-01
3.024110e-01
3.026698e-01
3.027217e-01
3.028600e-01
3.030522e-01
3.033355e-01
3.034169e-01
3.035511e-01
3.036796e-01
3.038606e-01
3.039924e-01
3.041433e-01
3.044854e-01
3.047501e-01
3.048195e-01
3.050647e-01
3.054171e-01
3.055325e-01
3.056356e-01
3.058684e-01
3.060021e-01
3.060431e-01
3.062010e-01
3.063728e-01
3.065412e-01
3.067374e-01
3.068264e-01
3.069264e-01
3.072376e-01
3.074158e-01
3.075615e-01
3.077052e-01
3.078021e-01
3.081150e-01
3.082080e-01
3.083357e-01
3.085663e-01
3.087874e-01
3.088774e-01
3.090977e-01
3.092283e-01
3.094131e-01
3.096474e-01
3.098417e-01
3.099119e-01
3.099815e-01
3.101765e-01
3.104174e-01
3.105120e-01
3.108436e-01
3.111471e-01
3.113251e-01
3.114454e-01
3.115963e-01
3.117237e-01
3.120557e-01
3.121040e-01
3.123031e-01
3.125783e-01
3.126696e-01
3.129000e-01
3.132828e-01
3.134489e-01
3.135090e-01
3.136678e-01
3.138596e-01
3.140108e-01
3.140692e-01
3.141821e-01
3.146161e-01
3.147359e-01
3.148792e-01
3.151367e-01
3.153167e-01
3.154617e-01
3.155125e-01
3.158828e-01
3.160160e-01
3.161110e-01
3.163205e-01
3.165116e-01
3.165981e-01
3.169393e-01
3.169907e-01
3.170864e-01
3.174303e-01
3.175415e-01
3.178513e-01
3.179313e-01
3.181665e-01
3.182342e-01
3.184509e-01
3.184886e-01
3.189206e-01
3.189520e-01
3.191129e-01
3.192701e-01
3.193418e-01
3.196512e-01
3.197864e-01
3.202698e-01
3.203445e-01
3.206460e-01
3.207735e-01
3.209415e-01
3.210916e-01
3.212381e-01
3.213026e-01
3.217100e-01
3.218034e-01
3.220318e-01
3.221496e-01
3.223666e-01
3.225241e-01
3.226213e-01
3.228767e-01
3.230950e-01
3.233298e-01
3.235134e-01
3.237254e-01
3.238153e-01
3.241125e-01
3.242649e-01
3.244409e-01
3.247007e-01
3.248199e-01
3.249680e-01
3.250476e-01
3.251897e-01
3.253306e-01
3.256220e-01
3.257405e-01
3.258421e-01
3.262651e-01
3.264607e-01
3.266218e-01
3.266741e-01
3.269191e-01
3.270520e-01
3.271645e-01
3.273431e-01
3.276984e-01
3.278039e-01
3.279020e-01
3.279747e-01
3.284716e-01
3.287302e-01
3.287915e-01
3.290960e-01
3.293252e-01
3.296451e-01
3.299064e-01
3.300004e-01
3.301251e-01
3.304812e-01
3.306061e-01
3.306898e-01
3.308226e-01
3.311264e-01
3.313522e-01
3.317673e-01
3.318701e-01
3.319751e-01
3.322602e-01
3.323417e-01
3.325455e-01
3.327743e-01
3.329363e-01
3.330147e-01
3.333555e-01
3.335086e-01
3.337187e-01
3.337685e-01
3.339566e-01
3.340627e-01
3.342051e-01
3.345747e-01
3.349356e-01
3.350708e-01
3.352368e-01
3.355888e-01
3.356234e-01
3.358444e-01
3.361276e-01
3.362490e-01
3.364946e-01
3.365442e-01
3.367574e-01
3.371676e-01
3.375277e-01
3.376224e-01
3.376737e-01
3.379167e-01
3.380805e-01
3.383588e-01
3.385408e-01
3.386028e-01
3.388752e-01
3.391949e-01
3.392756e-01
3.398569e-01
3.398864e-01
3.400463e-01
3.402662e-01
3.403836e-01
3.404625e-01
3.408802e-01
3.410181e-01
3.410748e-01
3.413185e-01
3.416107e-01
3.420192e-01
3.421989e-01
3.424415e-01
3.425826e-01
3.426686e-01
3.429067e-01
3.432709e-01
3.434102e-01
3.437386e-01
3.438065e-01
3.442194e-01
3.444527e-01
3.445530e-01
3.446850e-01
3.448354e-01
3.451259e-01
3.452799e-01
3.454459e-01
3.458334e-01
3.458581e-01
3.460110e-01
3.464126e-01
3.465712e-01
3.469022e-01
3.471707e-01
3.472644e-01
3.474414e-01
3.476961e-01
3.479915e-01
3.482737e-01
3.484032e-01
3.484233e-01
3.486116e-01
3.488227e-01
3.491148e-01
3.493042e-01
3.495618e-01
3.498390e-01
3.499674e-01
3.502081e-01
3.504677e-01
3.507349e-01
3.508216e-01
3.511778e-01
3.513997e-01
3.515783e-01
3.516813e-01
3.520733e-01
3.521730e-01
3.523500e-01
3.527872e-01
3.529680e-01
3.531147e-01
3.534554e-01
3.535907e-01
3.538093e-01
3.539645e-01
3.540958e-01
3.542716e-01
3.544854e-01
3.547635e-01
3.550223e-01
3.551459e-01
3.554278e-01
3.555196e-01
3.557511e-01
3.560637e-01
3.561608e-01
3.565236e-01
3.565992e-01
3.568834e-01
3.572295e-01
3.575738e-01
3.577093e-01
3.579083e-01
3.579738e-01
3.585854e-01
3.587000e-01
3.588343e-01
3.593645e-01
3.594362e-01
3.597065e-01
3.600208e-01
3.601184e-01
3.603462e-01
3.606900e-01
3.608634e-01
3.612553e-01
3.613827e-01
3.616192e-01
3.618777e-01
3.619556e-01
3.622213e-01
3.624057e-01
3.627905e-01
3.629103e-01
3.632744e-01
3.633083e-01
3.635638e-01
3.637853e-01
3.638504e-01
3.642267e-01
3.643647e-01
3.645152e-01
3.647620e-01
3.649893e-01
3.654794e-01
3.658142e-01
3.658543e-01
3.659334e-01
3.661460e-01
3.662966e-01
3.666890e-01
3.668957e-01
3.673110e-01
3.676985e-01
3.677919e-01
3.678979e-01
3.680926e-01
3.685401e-01
3.687046e-01
3.688047e-01
3.691287e-01
3.694964e-01
3.695741e-01
3.697621e-01
3.701414e-01
3.703947e-01
3.705236e-01
3.707074e-01
3.708669e-01
3.711748e-01
3.716237e-01
3.717045e-01
3.719397e-01
3.721983e-01
3.724096e-01
3.729051e-01
3.729606e-01
3.731060e-01
3.735032e-01
3.737693e-01
3.738979e-01
3.740823e-01
3.744060e-01
3.746210e-01
3.748087e-01
3.752454e-01
3.754221e-01
3.756752e-01
3.759346e-01
3.763712e-01
3.764690e-01
3.768680e-01
3.769159e-01
3.773258e-01
3.774251e-01
3.778469e-01
3.779689e-01
3.781631e-01
3.786503e-01
3.786893e-01
3.789641e-01
3.793485e-01
3.798165e-01
3.799643e-01
3.801136e-01
3.803254e-01
3.808280e-01
3.810850e-01
3.813139e-01
3.814151e-01
3.816268e-01
3.818519e-01
3.820870e-01
3.824444e-01
3.825656e-01
3.829143e-01
3.829396e-01
3.834649e-01
3.837914e-01
3.839293e-01
3.840410e-01
3.842107e-01
3.846391e-01
3.849039e-01
3.850371e-01
3.852690e-01
3.853985e-01
3.858239e-01
3.858998e-01
3.862781e-01
3.866188e-01
3.869925e-01
3.871417e-01
3.876644e-01
3.877037e-01
3.879283e-01
3.882735e-01
3.886071e-01
3.888237e-01
3.890009e-01
3.894721e-01
3.895818e-01
3.898035e-01
3.903267e-01
3.907702e-01
3.908823e-01
3.911885e-01
3.914032e-01
3.920985e-01
3.921892e-01
3.923424e-01
3.925410e-01
3.927748e-01
3.929430e-01
3.931842e-01
3.934221e-01
3.935597e-01
3.937120e-01
3.941871e-01
3.944733e-01
3.945086e-01
3.948538e-01
3.952913e-01
3.956010e-01
3.961872e-01
3.962794e-01
3.965620e-01
3.967955e-01
3.974853e-01
3.977042e-01
3.979457e-01
3.980172e-01
3.982103e-01
3.986040e-01
3.989506e-01
3.994658e-01
3.995917e-01
4.001368e-01
4.003313e-01
4.007312e-01
4.010271e-01
4.011249e-01
4.013234e-01
4.016374e-01
4.020886e-01
4.023895e-01
4.024533e-01
4.029710e-01
4.030730e-01
4.033900e-01
4.036358e-01
4.039792e-01
4.044147e-01
4.047061e-01
4.047392e-01
4.049197e-01
4.051591e-01
4.052684e-01
4.061156e-01
4.062339e-01
4.066978e-01
4.069193e-01
4.070372e-01
4.078139e-01
4.079712e-01
4.083395e-01
4.084171e-01
4.086868e-01
4.088746e-01
4.089508e-01
4.097452e-01
4.098981e-01
4.101587e-01
4.103461e-01
4.106838e-01
4.110033e-01
4.112411e-01
4.115643e-01
4.120287e-01
4.122024e-01
4.125231e-01
4.126923e-01
4.130716e-01
4.136425e-01
4.139738e-01
4.140319e-01
4.141112e-01
4.145175e-01
4.146640e-01
4.150705e-01
4.156143e-01
4.159378e-01
4.162351e-01
4.163133e-01
4.169912e-01
4.173027e-01
4.178283e-01
4.181006e-01
4.183744e-01
4.185464e-01
4.191337e-01
4.194525e-01
4.196937e-01
4.199474e-01
4.200045e-01
4.205675e-01
4.206925e-01
4.212138e-01
4.213208e-01
4.217464e-01
4.223354e-01
4.226146e-01
4.231799e-01
4.234573e-01
4.237872e-01
4.240290e-01
4.241799e-01
4.245492e-01
4.250195e-01
4.253669e-01
4.259964e-01
4.263111e-01
4.264086e-01
4.266109e-01
4.268356e-01
4.270344e-01
4.273687e-01
4.279057e-01
4.284976e-01
4.287065e-01
4.287934e-01
4.296569e-01
4.299537e-01
4.304169e-01
4.304774e-01
4.308608e-01
4.313183e-01
4.315434e-01
4.318589e-01
4.321144e-01
4.322542e-01
4.326653e-01
4.332204e-01
4.335162e-01
4.337676e-01
4.340188e-01
4.341869e-01
4.348773e-01
4.353637e-01
4.354583e-01
4.357481e-01
4.359879e-01
4.367211e-01
4.370277e-01
4.373085e-01
4.375744e-01
4.377246e-01
4.380603e-01
4.383807e-01
4.386468e-01
4.390885e-01
4.392884e-01
4.394363e-01
4.397592e-01
4.402014e-01
4.402569e-01
4.408157e-01
4.410983e-01
4.417865e-01
4.421637e-01
4.422061e-01
4.428343e-01
4.429571e-01
4.433801e-01
4.440180e-01
4.443587e-01
4.444648e-01
4.447760e-01
4.452943e-01
4.456297e-01
4.457686e-01
4.459501e-01
4.466014e-01
4.471245e-01
4.473948e-01
4.479891e-01
4.484175e-01
4.486435e-01
4.491690e-01
4.496914e-01
4.498985e-01
4.501280e-01
4.503655e-01
4.506047e-01
4.512661e-01
4.515292e-01
4.517609e-01
4.519927e-01
4.520753e-01
4.525773e-01
4.533084e-01
4.535838e-01
4.539891e-01
4.541843e-01
4.548143e-01
4.549078e-01
4.551897e-01
4.552577e-01
4.556650e-01
4.559464e-01
4.561472e-01
4.567405e-01
4.570222e-01
4.572499e-01
4.576378e-01
4.579778e-01
4.581838e-01
4.583651e-01
4.586629e-01
4.591168e-01
4.592268e-01
4.596348e-01
4.597801e-01
4.605777e-01
4.609780e-01
4.614821e-01
4.620043e-01
4.623978e-01
4.625029e-01
4.627923e-01
4.632810e-01
4.634347e-01
4.642688e-01
4.649035e-01
4.652077e-01
4.653564e-01
4.658406e-01
4.666727e-01
4.669006e-01
4.675861e-01
4.677578e-01
4.682509e-01
4.683148e-01
4.685324e-01
4.696412e-01
4.699741e-01
4.703490e-01
4.706749e-01
4.711566e-01
4.717246e-01
4.718764e-01
4.727767e-01
4.728439e-01
4.732088e-01
4.735566e-01
4.739445e-01
4.747189e-01
4.752299e-01
4.755648e-01
4.759299e-01
4.764987e-01
4.770032e-01
4.773299e-01
4.781322e-01
4.781500e-01
4.787837e-01
4.791504e-01
4.795533e-01
4.797677e-01
4.801228e-01
4.803439e-01
4.808445e-01
4.813665e-01
4.815854e-01
4.816847e-01
4.824900e-01
4.831476e-01
4.835596e-01
4.845673e-01
4.848713e-01
4.855110e-01
4.857386e-01
4.862002e-01
4.871024e-01
4.874885e-01
4.876624e-01
4.881855e-01
4.890170e-01
4.891517e-01
4.895332e-01
4.900215e-01
4.909211e-01
4.912167e-01
4.914926e-01
4.928837e-01
4.936619e-01
4.937497e-01
4.941632e-01
4.944454e-01
4.948336e-01
4.950627e-01
4.956617e-01
4.959426e-01
4.961462e-01
4.965525e-01
4.968242e-01
4.969554e-01
4.975483e-01
4.978883e-01
4.979624e-01
4.989950e-01
4.991351e-01
4.998902e-01
5.006489e-01
5.012443e-01
5.021252e-01
5.026162e-01
5.026746e-01
5.027676e-01
5.030428e-01
5.036959e-01
5.041207e-01
5.044860e-01
5.050685e-01
5.057966e-01
5.062860e-01
5.068372e-01
5.071439e-01
5.075798e-01
5.084851e-01
5.089563e-01
5.096060e-01
5.100154e-01
5.102464e-01
5.112282e-01
5.117775e-01
5.122816e-01
5.128553e-01
5.136417e-01
5.142427e-01
5.144073e-01
5.150574e-01
5.151363e-01
5.152241e-01
5.158483e-01
5.164890e-01
5.169701e-01
5.174416e-01
5.178220e-01
5.184096e-01
5.185791e-01
5.197263e-01
5.204036e-01
5.210646e-01
5.220471e-01
5.223374e-01
5.227696e-01
5.230768e-01
5.235153e-01
5.238425e-01
5.246695e-01
5.248327e-01
5.256940e-01
5.260658e-01
5.266151e-01
5.268311e-01
5.274729e-01
5.284921e-01
5.296250e-01
5.306477e-01
5.316922e-01
5.320447e-01
5.323719e-01
5.332324e-01
5.333388e-01
5.335478e-01
5.346673e-01
5.348450e-01
5.351369e-01
5.356720e-01
5.360019e-01
5.362055e-01
5.374123e-01
5.378090e-01
5.381111e-01
5.387385e-01
5.388632e-01
5.397020e-01
5.402686e-01
5.404306e-01
5.409372e-01
5.422442e-01
5.425625e-01
5.429782e-01
5.440554e-01
5.442892e-01
5.449217e-01
5.454670e-01
5.468864e-01
5.477723e-01
5.486838e-01
5.490588e-01
5.493454e-01
5.496165e-01
5.499194e-01
5.507733e-01
5.511215e-01
5.516092e-01
5.526422e-01
5.532973e-01
5.538850e-01
5.552276e-01
5.554020e-01
5.554997e-01
5.558794e-01
5.565702e-01
5.582899e-01
5.587907e-01
5.598969e-01
5.604185e-01
5.605534e-01
5.619181e-01
5.625342e-01
5.628676e-01
5.641792e-01
5.644673e-01
5.655182e-01
5.663085e-01
5.677519e-01
5.680821e-01
5.682297e-01
5.690688e-01
5.698811e-01
5.703723e-01
5.708149e-01
5.713316e-01
5.727024e-01
5.730064e-01
5.739245e-01
5.742437e-01
5.750569e-01
5.751263e-01
5.756958e-01
5.762276e-01
5.767715e-01
5.776881e-01
5.779314e-01
5.783563e-01
5.794475e-01
5.799888e-01
5.806299e-01
5.807124e-01
5.815816e-01
5.826682e-01
5.839582e-01
5.859981e-01
5.869651e-01
5.891288e-01
5.894749e-01
5.903319e-01
5.906623e-01
5.909986e-01
5.913951e-01
5.927802e-01
5.935399e-01
5.938984e-01
5.961699e-01
5.977957e-01
5.985998e-01
5.987110e-01
5.995307e-01
5.998873e-01
6.007746e-01
6.010153e-01
6.021192e-01
6.029467e-01
6.031166e-01
6.036851e-01
6.043810e-01
6.049861e-01
6.057624e-01
6.060203e-01
6.065304e-01
6.068520e-01
6.070367e-01
6.071926e-01
6.074222e-01
6.076603e-01
6.086230e-01
6.097598e-01
6.111672e-01
6.130396e-01
6.134907e-01
6.146726e-01
6.162217e-01
6.165265e-01
6.167269e-01
6.186791e-01
6.189762e-01
6.191513e-01
6.195778e-01
6.196962e-01
6.200231e-01
6.211905e-01
6.215786e-01
6.218716e-01
6.237175e-01
6.252760e-01
6.260889e-01
6.268580e-01
6.276267e-01
6.280873e-01
6.297952e-01
6.305423e-01
6.312666e-01
6.341100e-01
6.349593e-01
6.373447e-01
6.377679e-01
6.392131e-01
6.395594e-01
6.400514e-01
6.411949e-01
6.422308e-01
6.436815e-01
6.439019e-01
6.452311e-01
6.462607e-01
6.485916e-01
6.488257e-01
6.493644e-01
6.496187e-01
6.519057e-01
6.534530e-01
6.539819e-01
6.556822e-01
6.562066e-01
6.570379e-01
6.584713e-01
6.611444e-01
6.623323e-01
6.639801e-01
6.646234e-01
6.683204e-01
6.702042e-01
6.718385e-01
6.727858e-01
6.739302e-01
6.743284e-01
6.760049e-01
6.771555e-01
6.785050e-01
6.794339e-01
6.800219e-01
6.810910e-01
6.812476e-01
6.819595e-01
6.831168e-01
6.844444e-01
6.861959e-01
6.863931e-01
6.877127e-01
6.891006e-01
6.893688e-01
6.905561e-01
6.917643e-01
6.926136e-01
6.932960e-01
6.948061e-01
6.949012e-01
6.971817e-01
6.977767e-01
6.985198e-01
7.008404e-01
7.024185e-01
7.036072e-01
7.037453e-01
7.042297e-01
7.076915e-01
7.079948e-01
7.093275e-01
7.104982e-01
7.133620e-01
7.151727e-01
7.159379e-01
7.187844e-01
7.207227e-01
7.223284e-01
7.243218e-01
7.285306e-01
7.304359e-01
7.313121e-01
7.322672e-01
7.325228e-01
7.327829e-01
7.352867e-01
7.385009e-01
7.399604e-01
7.412336e-01
7.418052e-01
7.418411e-01
7.433771e-01
7.454902e-01
7.472299e-01
7.489761e-01
7.519308e-01
7.549247e-01
7.594346e-01
7.618793e-01
7.647709e-01
7.689621e-01
7.705145e-01
7.706049e-01
7.720453e-01
7.759521e-01
7.768566e-01
7.784831e-01
7.816149e-01
7.832668e-01
7.850630e-01
7.881230e-01
7.918135e-01
7.953188e-01
8.023662e-01
8.026957e-01
8.047076e-01
8.073064e-01
8.088943e-01
8.114116e-01
8.140093e-01
8.159094e-01
8.202979e-01
8.241220e-01
8.285328e-01
8.325370e-01
8.397694e-01
8.407953e-01
8.416840e-01
8.445200e-01
8.462878e-01
8.465860e-01
8.527437e-01
8.733633e-01
8.755701e-01
8.798319e-01
8.897747e-01
8.985403e-01
9.109057e-01
9.268015e-01
9.450831e-01
9.483876e-01
9.925390e-01
9.967408e-01
9.968752e-01
1.000000e+00
