# SF-29 C-i4 candidate (i) i1o4 field=gauss eps=1 N=12: sorted relative singular values of the dense central-FD Jacobian at the final_iterate state (rows F_i=-q(L_i-S_i); outlet rows (2q/h)(vperp_in-c_perp); smax=2.558397e+04)
2.875373e-06
6.334514e-06
1.198241e-05
1.404848e-05
2.641994e-05
2.937324e-05
3.401624e-05
3.785309e-05
4.312273e-05
4.736336e-05
6.027723e-05
6.589220e-05
7.682250e-05
8.444026e-05
8.765946e-05
1.028425e-04
1.136428e-04
1.165642e-04
1.263484e-04
1.299782e-04
1.399134e-04
1.501339e-04
1.566644e-04
1.579226e-04
1.738101e-04
1.794234e-04
1.862407e-04
1.908052e-04
2.013656e-04
2.071449e-04
2.117300e-04
2.214983e-04
2.279336e-04
2.374143e-04
2.401665e-04
2.499675e-04
2.526764e-04
2.579923e-04
2.628945e-04
2.679749e-04
2.885815e-04
2.969261e-04
2.996370e-04
3.078246e-04
3.127081e-04
3.204076e-04
3.288741e-04
3.336711e-04
3.384843e-04
3.399235e-04
3.549882e-04
3.602849e-04
3.680833e-04
3.783417e-04
3.861844e-04
3.935456e-04
4.016480e-04
4.065331e-04
4.097886e-04
4.181685e-04
4.362655e-04
4.408529e-04
4.467248e-04
4.583338e-04
4.628689e-04
4.680189e-04
4.739634e-04
4.843488e-04
4.884095e-04
4.955431e-04
5.138137e-04
5.173340e-04
5.217382e-04
5.245178e-04
5.379508e-04
5.490867e-04
5.567370e-04
5.635781e-04
5.715543e-04
5.742648e-04
5.788902e-04
5.906981e-04
6.050027e-04
6.144152e-04
6.164808e-04
6.279724e-04
6.318444e-04
6.381837e-04
6.465356e-04
6.542792e-04
6.569854e-04
6.620826e-04
6.842465e-04
6.989862e-04
7.038722e-04
7.101692e-04
7.141639e-04
7.322079e-04
7.354566e-04
7.382805e-04
7.471120e-04
7.581937e-04
7.602290e-04
7.705156e-04
7.756224e-04
7.917979e-04
8.009229e-04
8.073013e-04
8.167963e-04
8.187517e-04
8.239617e-04
8.355975e-04
8.377817e-04
8.484122e-04
8.565601e-04
8.657737e-04
8.717882e-04
8.769816e-04
8.857362e-04
8.965487e-04
8.983833e-04
9.045661e-04
9.157528e-04
9.265942e-04
9.288475e-04
9.371854e-04
9.518223e-04
9.606150e-04
9.671298e-04
9.772352e-04
9.819771e-04
9.906986e-04
9.951871e-04
1.004397e-03
1.014945e-03
1.020939e-03
1.026862e-03
1.034170e-03
1.047357e-03
1.051609e-03
1.057354e-03
1.069180e-03
1.070449e-03
1.082587e-03
1.090308e-03
1.093209e-03
1.104744e-03
1.109220e-03
1.116955e-03
1.129449e-03
1.141538e-03
1.144386e-03
1.154146e-03
1.159620e-03
1.167705e-03
1.174268e-03
1.180414e-03
1.197097e-03
1.201082e-03
1.214604e-03
1.219301e-03
1.231695e-03
1.237118e-03
1.241486e-03
1.252599e-03
1.257303e-03
1.262881e-03
1.264544e-03
1.283928e-03
1.292358e-03
1.307254e-03
1.310726e-03
1.314052e-03
1.319525e-03
1.337544e-03
1.343371e-03
1.355219e-03
1.362601e-03
1.364636e-03
1.380050e-03
1.384870e-03
1.394654e-03
1.395981e-03
1.405725e-03
1.414658e-03
1.421092e-03
1.431884e-03
1.436018e-03
1.442673e-03
1.447026e-03
1.461371e-03
1.468238e-03
1.480753e-03
1.487821e-03
1.491116e-03
1.505413e-03
1.509791e-03
1.512659e-03
1.519358e-03
1.525026e-03
1.538639e-03
1.545917e-03
1.560286e-03
1.561694e-03
1.566523e-03
1.573383e-03
1.581836e-03
1.593320e-03
1.606579e-03
1.608030e-03
1.617597e-03
1.627203e-03
1.642629e-03
1.646947e-03
1.664065e-03
1.665396e-03
1.670921e-03
1.682096e-03
1.695926e-03
1.697629e-03
1.700037e-03
1.705427e-03
1.710599e-03
1.725373e-03
1.732279e-03
1.741555e-03
1.750182e-03
1.756234e-03
1.763870e-03
1.769628e-03
1.779258e-03
1.788349e-03
1.793568e-03
1.812675e-03
1.823986e-03
1.831962e-03
1.845764e-03
1.850881e-03
1.856747e-03
1.866336e-03
1.878351e-03
1.882410e-03
1.895651e-03
1.902481e-03
1.906686e-03
1.920390e-03
1.922422e-03
1.929573e-03
1.943785e-03
1.948019e-03
1.959714e-03
1.966302e-03
1.968540e-03
1.980888e-03
1.988797e-03
1.996230e-03
1.998914e-03
2.016227e-03
2.020765e-03
2.028420e-03
2.035301e-03
2.051663e-03
2.053394e-03
2.068629e-03
2.074090e-03
2.076724e-03
2.085511e-03
2.090924e-03
2.111652e-03
2.116007e-03
2.125286e-03
2.138878e-03
2.141574e-03
2.160196e-03
2.163154e-03
2.172579e-03
2.179126e-03
2.184903e-03
2.193497e-03
2.202966e-03
2.207898e-03
2.217056e-03
2.227995e-03
2.232661e-03
2.235675e-03
2.254577e-03
2.257919e-03
2.270099e-03
2.271604e-03
2.286377e-03
2.291071e-03
2.303966e-03
2.311767e-03
2.321098e-03
2.324163e-03
2.342434e-03
2.344720e-03
2.353667e-03
2.358464e-03
2.374569e-03
2.379135e-03
2.381376e-03
2.397245e-03
2.408713e-03
2.413991e-03
2.422070e-03
2.427541e-03
2.438661e-03
2.444750e-03
2.453828e-03
2.455832e-03
2.464116e-03
2.467059e-03
2.483534e-03
2.489001e-03
2.495325e-03
2.501929e-03
2.512443e-03
2.521400e-03
2.536463e-03
2.541506e-03
2.543470e-03
2.562748e-03
2.571203e-03
2.583334e-03
2.593992e-03
2.596376e-03
2.603878e-03
2.615636e-03
2.626279e-03
2.632167e-03
2.635445e-03
2.647461e-03
2.653019e-03
2.667663e-03
2.671812e-03
2.675124e-03
2.678377e-03
2.689641e-03
2.691810e-03
2.707186e-03
2.714955e-03
2.733231e-03
2.737288e-03
2.748275e-03
2.759755e-03
2.767126e-03
2.776842e-03
2.780242e-03
2.787169e-03
2.805183e-03
2.813102e-03
2.816039e-03
2.825814e-03
2.831814e-03
2.840299e-03
2.850689e-03
2.859123e-03
2.864851e-03
2.867202e-03
2.894322e-03
2.896897e-03
2.910825e-03
2.919619e-03
2.925011e-03
2.927510e-03
2.934336e-03
2.946982e-03
2.960051e-03
2.961449e-03
2.965746e-03
2.969240e-03
2.987378e-03
2.998063e-03
3.000776e-03
3.011984e-03
3.014037e-03
3.023948e-03
3.038242e-03
3.050185e-03
3.055070e-03
3.069326e-03
3.074924e-03
3.084807e-03
3.093696e-03
3.097626e-03
3.121816e-03
3.129682e-03
3.136018e-03
3.141799e-03
3.148775e-03
3.161854e-03
3.166610e-03
3.178796e-03
3.192496e-03
3.200487e-03
3.203073e-03
3.212609e-03
3.216672e-03
3.223988e-03
3.236840e-03
3.241543e-03
3.251828e-03
3.255311e-03
3.268241e-03
3.274205e-03
3.282731e-03
3.300806e-03
3.302471e-03
3.312441e-03
3.314666e-03
3.326890e-03
3.336815e-03
3.345168e-03
3.355344e-03
3.366638e-03
3.370641e-03
3.387791e-03
3.402291e-03
3.404946e-03
3.410788e-03
3.431827e-03
3.437531e-03
3.443224e-03
3.454744e-03
3.460430e-03
3.478964e-03
3.480293e-03
3.485551e-03
3.506410e-03
3.512911e-03
3.519584e-03
3.532754e-03
3.542673e-03
3.551051e-03
3.557439e-03
3.573011e-03
3.578007e-03
3.584953e-03
3.593295e-03
3.602354e-03
3.616317e-03
3.620384e-03
3.625975e-03
3.636111e-03
3.642945e-03
3.650885e-03
3.656970e-03
3.668402e-03
3.681401e-03
3.690780e-03
3.692884e-03
3.708656e-03
3.711409e-03
3.723968e-03
3.732906e-03
3.737703e-03
3.744419e-03
3.760490e-03
3.761513e-03
3.780985e-03
3.784305e-03
3.788819e-03
3.802282e-03
3.810327e-03
3.822994e-03
3.827171e-03
3.842281e-03
3.849718e-03
3.854914e-03
3.879060e-03
3.884064e-03
3.885977e-03
3.890912e-03
3.906520e-03
3.914012e-03
3.925104e-03
3.931267e-03
3.939570e-03
3.942184e-03
3.956493e-03
3.966937e-03
3.981916e-03
3.994244e-03
4.003716e-03
4.016148e-03
4.024550e-03
4.028121e-03
4.033042e-03
4.055782e-03
4.062214e-03
4.071379e-03
4.080675e-03
4.090477e-03
4.097598e-03
4.107951e-03
4.117027e-03
4.125637e-03
4.144188e-03
4.147581e-03
4.152968e-03
4.166523e-03
4.177630e-03
4.186210e-03
4.199471e-03
4.205170e-03
4.213011e-03
4.219113e-03
4.226727e-03
4.242062e-03
4.247201e-03
4.254360e-03
4.271456e-03
4.274470e-03
4.287567e-03
4.298284e-03
4.309151e-03
4.317675e-03
4.328407e-03
4.330651e-03
4.340328e-03
4.349247e-03
4.354578e-03
4.367267e-03
4.376408e-03
4.386211e-03
4.390946e-03
4.395717e-03
4.402775e-03
4.409128e-03
4.418252e-03
4.436758e-03
4.445736e-03
4.452386e-03
4.463157e-03
4.483675e-03
4.488065e-03
4.495404e-03
4.506127e-03
4.507652e-03
4.534984e-03
4.545495e-03
4.549222e-03
4.556829e-03
4.566793e-03
4.585053e-03
4.590965e-03
4.596842e-03
4.605198e-03
4.615040e-03
4.620817e-03
4.629662e-03
4.647728e-03
4.657315e-03
4.665087e-03
4.677875e-03
4.684974e-03
4.702397e-03
4.708135e-03
4.718812e-03
4.721778e-03
4.734699e-03
4.736937e-03
4.748864e-03
4.760952e-03
4.764375e-03
4.769660e-03
4.788639e-03
4.795112e-03
4.818037e-03
4.827769e-03
4.840618e-03
4.842236e-03
4.847265e-03
4.853517e-03
4.868117e-03
4.879799e-03
4.884823e-03
4.895392e-03
4.898069e-03
4.899801e-03
4.921204e-03
4.934553e-03
4.935375e-03
4.955656e-03
4.958640e-03
4.974851e-03
4.982060e-03
4.988789e-03
5.008002e-03
5.016731e-03
5.027270e-03
5.032012e-03
5.044010e-03
5.048180e-03
5.051254e-03
5.061010e-03
5.073181e-03
5.081965e-03
5.084873e-03
5.099006e-03
5.109618e-03
5.119754e-03
5.130519e-03
5.133818e-03
5.141292e-03
5.146558e-03
5.162734e-03
5.176742e-03
5.188829e-03
5.196163e-03
5.203548e-03
5.207440e-03
5.223408e-03
5.242841e-03
5.256638e-03
5.256746e-03
5.273114e-03
5.274252e-03
5.291154e-03
5.293036e-03
5.300881e-03
5.307155e-03
5.314849e-03
5.331989e-03
5.334973e-03
5.343339e-03
5.353596e-03
5.361400e-03
5.367837e-03
5.374196e-03
5.387149e-03
5.391435e-03
5.406153e-03
5.421532e-03
5.432822e-03
5.440664e-03
5.451449e-03
5.466298e-03
5.470663e-03
5.490050e-03
5.493579e-03
5.509371e-03
5.519136e-03
5.525509e-03
5.532241e-03
5.543564e-03
5.555801e-03
5.560115e-03
5.562410e-03
5.569272e-03
5.589688e-03
5.595714e-03
5.606337e-03
5.615785e-03
5.631422e-03
5.635079e-03
5.664070e-03
5.670152e-03
5.686651e-03
5.692067e-03
5.698312e-03
5.713990e-03
5.724689e-03
5.728883e-03
5.753767e-03
5.758339e-03
5.772636e-03
5.783250e-03
5.797016e-03
5.802370e-03
5.806525e-03
5.814486e-03
5.833402e-03
5.844357e-03
5.848159e-03
5.857794e-03
5.861647e-03
5.876654e-03
5.880588e-03
5.909633e-03
5.921022e-03
5.932278e-03
5.944256e-03
5.946280e-03
5.961764e-03
5.968579e-03
5.976095e-03
5.990494e-03
5.993861e-03
6.014863e-03
6.018986e-03
6.038227e-03
6.042902e-03
6.047511e-03
6.052819e-03
6.073474e-03
6.074367e-03
6.091055e-03
6.100171e-03
6.108508e-03
6.120543e-03
6.124010e-03
6.132937e-03
6.155922e-03
6.170396e-03
6.198989e-03
6.205705e-03
6.209262e-03
6.221396e-03
6.235636e-03
6.240375e-03
6.249917e-03
6.261077e-03
6.269002e-03
6.274824e-03
6.289509e-03
6.301404e-03
6.306974e-03
6.333834e-03
6.340956e-03
6.356023e-03
6.358447e-03
6.375701e-03
6.384714e-03
6.404061e-03
6.418676e-03
6.432775e-03
6.440258e-03
6.451907e-03
6.456493e-03
6.466037e-03
6.473044e-03
6.485345e-03
6.496318e-03
6.506476e-03
6.514829e-03
6.518537e-03
6.539667e-03
6.558286e-03
6.563503e-03
6.575195e-03
6.583991e-03
6.606588e-03
6.607447e-03
6.625376e-03
6.630759e-03
6.644363e-03
6.650590e-03
6.668775e-03
6.679770e-03
6.693625e-03
6.697573e-03
6.709915e-03
6.715316e-03
6.724168e-03
6.744297e-03
6.757968e-03
6.768357e-03
6.779655e-03
6.789732e-03
6.791018e-03
6.794421e-03
6.818177e-03
6.835032e-03
6.849670e-03
6.854930e-03
6.860141e-03
6.874667e-03
6.878709e-03
6.889472e-03
6.905079e-03
6.916664e-03
6.942364e-03
6.946500e-03
6.951522e-03
6.968812e-03
6.980101e-03
6.981396e-03
7.004893e-03
7.011773e-03
7.029607e-03
7.038322e-03
7.049311e-03
7.057782e-03
7.074233e-03
7.078972e-03
7.100143e-03
7.107366e-03
7.115930e-03
7.144093e-03
7.156475e-03
7.163119e-03
7.166777e-03
7.181725e-03
7.188928e-03
7.199214e-03
7.207035e-03
7.208755e-03
7.222970e-03
7.241639e-03
7.253316e-03
7.256012e-03
7.268139e-03
7.278436e-03
7.282381e-03
7.310736e-03
7.316479e-03
7.336717e-03
7.351212e-03
7.357978e-03
7.365526e-03
7.374743e-03
7.398145e-03
7.410252e-03
7.418052e-03
7.431328e-03
7.436991e-03
7.450985e-03
7.463413e-03
7.479504e-03
7.493194e-03
7.504741e-03
7.510004e-03
7.513868e-03
7.531988e-03
7.551078e-03
7.555432e-03
7.556881e-03
7.571895e-03
7.580808e-03
7.606601e-03
7.609297e-03
7.618662e-03
7.628084e-03
7.649264e-03
7.655593e-03
7.664688e-03
7.676012e-03
7.680429e-03
7.690771e-03
7.703264e-03
7.723319e-03
7.733373e-03
7.742614e-03
7.756521e-03
7.768874e-03
7.783949e-03
7.798754e-03
7.819961e-03
7.822764e-03
7.837705e-03
7.845914e-03
7.857955e-03
7.859439e-03
7.867276e-03
7.885952e-03
7.892751e-03
7.907751e-03
7.924850e-03
7.933395e-03
7.955516e-03
7.958299e-03
7.986956e-03
7.992856e-03
7.999470e-03
8.014978e-03
8.024812e-03
8.038592e-03
8.044402e-03
8.071429e-03
8.072356e-03
8.088203e-03
8.106409e-03
8.114936e-03
8.121397e-03
8.133698e-03
8.147342e-03
8.160586e-03
8.169635e-03
8.181533e-03
8.192231e-03
8.205000e-03
8.213340e-03
8.231816e-03
8.255667e-03
8.260446e-03
8.274537e-03
8.279299e-03
8.283111e-03
8.301241e-03
8.324089e-03
8.332426e-03
8.342511e-03
8.350970e-03
8.364145e-03
8.379409e-03
8.386649e-03
8.395268e-03
8.404927e-03
8.425795e-03
8.437980e-03
8.442229e-03
8.451981e-03
8.462494e-03
8.474587e-03
8.482451e-03
8.503121e-03
8.512288e-03
8.521628e-03
8.543768e-03
8.551436e-03
8.567120e-03
8.582212e-03
8.594751e-03
8.601837e-03
8.619757e-03
8.627689e-03
8.634441e-03
8.640214e-03
8.658702e-03
8.662862e-03
8.690947e-03
8.701821e-03
8.718685e-03
8.724183e-03
8.740916e-03
8.742044e-03
8.756555e-03
8.760906e-03
8.781568e-03
8.791329e-03
8.815059e-03
8.831123e-03
8.844066e-03
8.860512e-03
8.866505e-03
8.880852e-03
8.883215e-03
8.893212e-03
8.901567e-03
8.905450e-03
8.945080e-03
8.965069e-03
8.973652e-03
8.983563e-03
8.992729e-03
8.995491e-03
9.014624e-03
9.018771e-03
9.023704e-03
9.045046e-03
9.068160e-03
9.082408e-03
9.091809e-03
9.102180e-03
9.110614e-03
9.125036e-03
9.142709e-03
9.150783e-03
9.153788e-03
9.175023e-03
9.185710e-03
9.204610e-03
9.215327e-03
9.233806e-03
9.239800e-03
9.259398e-03
9.262437e-03
9.271059e-03
9.302482e-03
9.309739e-03
9.320786e-03
9.330084e-03
9.339471e-03
9.355850e-03
9.365439e-03
9.376151e-03
9.389965e-03
9.399273e-03
9.411924e-03
9.431390e-03
9.449502e-03
9.470884e-03
9.483626e-03
9.486304e-03
9.512808e-03
9.525977e-03
9.546207e-03
9.560466e-03
9.563449e-03
9.580480e-03
9.594093e-03
9.611052e-03
9.621527e-03
9.639644e-03
9.643437e-03
9.658831e-03
9.673706e-03
9.681254e-03
9.692784e-03
9.700351e-03
9.722008e-03
9.730553e-03
9.738535e-03
9.759313e-03
9.762789e-03
9.773445e-03
9.789541e-03
9.793171e-03
9.817026e-03
9.838013e-03
9.853656e-03
9.862709e-03
9.886394e-03
9.893978e-03
9.899727e-03
9.918935e-03
9.931465e-03
9.943506e-03
9.950329e-03
9.962953e-03
9.988678e-03
9.996266e-03
1.001470e-02
1.002850e-02
1.003594e-02
1.006843e-02
1.007106e-02
1.007371e-02
1.009385e-02
1.009710e-02
1.011480e-02
1.012195e-02
1.014868e-02
1.016099e-02
1.017190e-02
1.018560e-02
1.019202e-02
1.021329e-02
1.022614e-02
1.023043e-02
1.023535e-02
1.025648e-02
1.027285e-02
1.028037e-02
1.029006e-02
1.029739e-02
1.034000e-02
1.035349e-02
1.035620e-02
1.037771e-02
1.039097e-02
1.041156e-02
1.041380e-02
1.043191e-02
1.043610e-02
1.044912e-02
1.046962e-02
1.047494e-02
1.048945e-02
1.050342e-02
1.051644e-02
1.052702e-02
1.054629e-02
1.055831e-02
1.057571e-02
1.058197e-02
1.058878e-02
1.061509e-02
1.062478e-02
1.064110e-02
1.066357e-02
1.068120e-02
1.068925e-02
1.069392e-02
1.071207e-02
1.072091e-02
1.074484e-02
1.076132e-02
1.078429e-02
1.079745e-02
1.080414e-02
1.081775e-02
1.082611e-02
1.084671e-02
1.086078e-02
1.087794e-02
1.089146e-02
1.090798e-02
1.093236e-02
1.093501e-02
1.095521e-02
1.095954e-02
1.098380e-02
1.098455e-02
1.099736e-02
1.102183e-02
1.102954e-02
1.103922e-02
1.105696e-02
1.107882e-02
1.109049e-02
1.109677e-02
1.111684e-02
1.112102e-02
1.112992e-02
1.114737e-02
1.118060e-02
1.119254e-02
1.121035e-02
1.122167e-02
1.123369e-02
1.124412e-02
1.124733e-02
1.125867e-02
1.127296e-02
1.129093e-02
1.130136e-02
1.132261e-02
1.133328e-02
1.134851e-02
1.135372e-02
1.136628e-02
1.138462e-02
1.141384e-02
1.142771e-02
1.143965e-02
1.145005e-02
1.147462e-02
1.149429e-02
1.149728e-02
1.151197e-02
1.153355e-02
1.154055e-02
1.155860e-02
1.157627e-02
1.157816e-02
1.159891e-02
1.160900e-02
1.162959e-02
1.165653e-02
1.166098e-02
1.169109e-02
1.170106e-02
1.171364e-02
1.173633e-02
1.174581e-02
1.174766e-02
1.176547e-02
1.178178e-02
1.179247e-02
1.181155e-02
1.183546e-02
1.183969e-02
1.187241e-02
1.188225e-02
1.189388e-02
1.189886e-02
1.192468e-02
1.193451e-02
1.195880e-02
1.196059e-02
1.198074e-02
1.199396e-02
1.201227e-02
1.201929e-02
1.203985e-02
1.204855e-02
1.207146e-02
1.209023e-02
1.210864e-02
1.212023e-02
1.213390e-02
1.214691e-02
1.215663e-02
1.218205e-02
1.219343e-02
1.219838e-02
1.222031e-02
1.222510e-02
1.224485e-02
1.227085e-02
1.227537e-02
1.227686e-02
1.229913e-02
1.232214e-02
1.234027e-02
1.235685e-02
1.236229e-02
1.236901e-02
1.239763e-02
1.239970e-02
1.240623e-02
1.242054e-02
1.244324e-02
1.245575e-02
1.247113e-02
1.249717e-02
1.250979e-02
1.253919e-02
1.254640e-02
1.255487e-02
1.257771e-02
1.258290e-02
1.260334e-02
1.261582e-02
1.264099e-02
1.264814e-02
1.266995e-02
1.269705e-02
1.271620e-02
1.272720e-02
1.272967e-02
1.274725e-02
1.275777e-02
1.276957e-02
1.279501e-02
1.281193e-02
1.283995e-02
1.284635e-02
1.286393e-02
1.287961e-02
1.290494e-02
1.291583e-02
1.292263e-02
1.295293e-02
1.296605e-02
1.297537e-02
1.299094e-02
1.299480e-02
1.302461e-02
1.305058e-02
1.306813e-02
1.308634e-02
1.310147e-02
1.311626e-02
1.313096e-02
1.315068e-02
1.317164e-02
1.317714e-02
1.319479e-02
1.320972e-02
1.322827e-02
1.323615e-02
1.325147e-02
1.325595e-02
1.328220e-02
1.328533e-02
1.331253e-02
1.331949e-02
1.336337e-02
1.338732e-02
1.340001e-02
1.341095e-02
1.343176e-02
1.343881e-02
1.345536e-02
1.347041e-02
1.349066e-02
1.350805e-02
1.351624e-02
1.355067e-02
1.356741e-02
1.357708e-02
1.358958e-02
1.359963e-02
1.361751e-02
1.364510e-02
1.366032e-02
1.366705e-02
1.368641e-02
1.370879e-02
1.370960e-02
1.373021e-02
1.374537e-02
1.375916e-02
1.378454e-02
1.382179e-02
1.384033e-02
1.385359e-02
1.387266e-02
1.388760e-02
1.389553e-02
1.392255e-02
1.394163e-02
1.395832e-02
1.396704e-02
1.398359e-02
1.398958e-02
1.401717e-02
1.403701e-02
1.405192e-02
1.406430e-02
1.408802e-02
1.409809e-02
1.412102e-02
1.413173e-02
1.414269e-02
1.415529e-02
1.416454e-02
1.418458e-02
1.421341e-02
1.422192e-02
1.423367e-02
1.427028e-02
1.428654e-02
1.429164e-02
1.430904e-02
1.431890e-02
1.435126e-02
1.435803e-02
1.439367e-02
1.440354e-02
1.441317e-02
1.441738e-02
1.444021e-02
1.445956e-02
1.447391e-02
1.449268e-02
1.449477e-02
1.450719e-02
1.453478e-02
1.453799e-02
1.455765e-02
1.458650e-02
1.460555e-02
1.464604e-02
1.465300e-02
1.465846e-02
1.468043e-02
1.470214e-02
1.471333e-02
1.473811e-02
1.474324e-02
1.477150e-02
1.480312e-02
1.480983e-02
1.482209e-02
1.484976e-02
1.486769e-02
1.489167e-02
1.490427e-02
1.493027e-02
1.494150e-02
1.494918e-02
1.496272e-02
1.499149e-02
1.500809e-02
1.501493e-02
1.504122e-02
1.506439e-02
1.507734e-02
1.511463e-02
1.513260e-02
1.514499e-02
1.516582e-02
1.518797e-02
1.519299e-02
1.522375e-02
1.523286e-02
1.525441e-02
1.526667e-02
1.528542e-02
1.530031e-02
1.533479e-02
1.534345e-02
1.537703e-02
1.538791e-02
1.540362e-02
1.541060e-02
1.543081e-02
1.544341e-02
1.546744e-02
1.547150e-02
1.548639e-02
1.550653e-02
1.554433e-02
1.556763e-02
1.558118e-02
1.559463e-02
1.562499e-02
1.562754e-02
1.565264e-02
1.567097e-02
1.568848e-02
1.570250e-02
1.571827e-02
1.573995e-02
1.576617e-02
1.578144e-02
1.580610e-02
1.580926e-02
1.583303e-02
1.585310e-02
1.586861e-02
1.588168e-02
1.590270e-02
1.590743e-02
1.593091e-02
1.594710e-02
1.596787e-02
1.598168e-02
1.600800e-02
1.602476e-02
1.605635e-02
1.607011e-02
1.608672e-02
1.609729e-02
1.613509e-02
1.615844e-02
1.617845e-02
1.621469e-02
1.623999e-02
1.624090e-02
1.626840e-02
1.629153e-02
1.630219e-02
1.631354e-02
1.633275e-02
1.636094e-02
1.636727e-02
1.637744e-02
1.640499e-02
1.644020e-02
1.644461e-02
1.646024e-02
1.646585e-02
1.648217e-02
1.653016e-02
1.654062e-02
1.656366e-02
1.659256e-02
1.660255e-02
1.660348e-02
1.663259e-02
1.665265e-02
1.666754e-02
1.668649e-02
1.669530e-02
1.672640e-02
1.676739e-02
1.679872e-02
1.680671e-02
1.683216e-02
1.683983e-02
1.685176e-02
1.687372e-02
1.689453e-02
1.692221e-02
1.694416e-02
1.696020e-02
1.696989e-02
1.698447e-02
1.701156e-02
1.702425e-02
1.705382e-02
1.706713e-02
1.708391e-02
1.711721e-02
1.713751e-02
1.715782e-02
1.718391e-02
1.719493e-02
1.722116e-02
1.723907e-02
1.724651e-02
1.728172e-02
1.729674e-02
1.732243e-02
1.733630e-02
1.735412e-02
1.738688e-02
1.741722e-02
1.742391e-02
1.745029e-02
1.747319e-02
1.747838e-02
1.750301e-02
1.751446e-02
1.753731e-02
1.756206e-02
1.758339e-02
1.759057e-02
1.762785e-02
1.764120e-02
1.764826e-02
1.767654e-02
1.769989e-02
1.771731e-02
1.772615e-02
1.777480e-02
1.779398e-02
1.780271e-02
1.781206e-02
1.785505e-02
1.787384e-02
1.788911e-02
1.790157e-02
1.791873e-02
1.793359e-02
1.796448e-02
1.799416e-02
1.803320e-02
1.804492e-02
1.808216e-02
1.809999e-02
1.810767e-02
1.811041e-02
1.813777e-02
1.817728e-02
1.819058e-02
1.820345e-02
1.824832e-02
1.826387e-02
1.827706e-02
1.828988e-02
1.830246e-02
1.833506e-02
1.835885e-02
1.836955e-02
1.840629e-02
1.842424e-02
1.844061e-02
1.846520e-02
1.848315e-02
1.850087e-02
1.851919e-02
1.854276e-02
1.856036e-02
1.856334e-02
1.859230e-02
1.861338e-02
1.865885e-02
1.867910e-02
1.868883e-02
1.871631e-02
1.872429e-02
1.874807e-02
1.877873e-02
1.878257e-02
1.880785e-02
1.882555e-02
1.884795e-02
1.888090e-02
1.889594e-02
1.890943e-02
1.892481e-02
1.895742e-02
1.896848e-02
1.898764e-02
1.901453e-02
1.903035e-02
1.903835e-02
1.906837e-02
1.909299e-02
1.910122e-02
1.912984e-02
1.913985e-02
1.915453e-02
1.918095e-02
1.918973e-02
1.920688e-02
1.925378e-02
1.927864e-02
1.928926e-02
1.932690e-02
1.936273e-02
1.936725e-02
1.939065e-02
1.940962e-02
1.943276e-02
1.944787e-02
1.947176e-02
1.949282e-02
1.951722e-02
1.953419e-02
1.955238e-02
1.957727e-02
1.959894e-02
1.965332e-02
1.966399e-02
1.967785e-02
1.969896e-02
1.973361e-02
1.976865e-02
1.979136e-02
1.980805e-02
1.983429e-02
1.985779e-02
1.986379e-02
1.990584e-02
1.993013e-02
1.993960e-02
1.998724e-02
1.999488e-02
2.001733e-02
2.005125e-02
2.007347e-02
2.008860e-02
2.009516e-02
2.011954e-02
2.015276e-02
2.018182e-02
2.019668e-02
2.020851e-02
2.025843e-02
2.026071e-02
2.028034e-02
2.028521e-02
2.032780e-02
2.034704e-02
2.037929e-02
2.039468e-02
2.042910e-02
2.045111e-02
2.047855e-02
2.050347e-02
2.050998e-02
2.055134e-02
2.056710e-02
2.058558e-02
2.060446e-02
2.061184e-02
2.066413e-02
2.068925e-02
2.070265e-02
2.072498e-02
2.077317e-02
2.078268e-02
2.080155e-02
2.082818e-02
2.084544e-02
2.087005e-02
2.088938e-02
2.092136e-02
2.092374e-02
2.094801e-02
2.096995e-02
2.099285e-02
2.101442e-02
2.101782e-02
2.103708e-02
2.107255e-02
2.108231e-02
2.110796e-02
2.112949e-02
2.115079e-02
2.117939e-02
2.119601e-02
2.123012e-02
2.124008e-02
2.128052e-02
2.130728e-02
2.132676e-02
2.133161e-02
2.136561e-02
2.138893e-02
2.140641e-02
2.142353e-02
2.146519e-02
2.148039e-02
2.150543e-02
2.152649e-02
2.155504e-02
2.157211e-02
2.160516e-02
2.164625e-02
2.165792e-02
2.166550e-02
2.167694e-02
2.172270e-02
2.176018e-02
2.177625e-02
2.180044e-02
2.183929e-02
2.184438e-02
2.188083e-02
2.189942e-02
2.191978e-02
2.193589e-02
2.195148e-02
2.199041e-02
2.201131e-02
2.202650e-02
2.206430e-02
2.210653e-02
2.212332e-02
2.217749e-02
2.219598e-02
2.222879e-02
2.223006e-02
2.227450e-02
2.227950e-02
2.229615e-02
2.237331e-02
2.238314e-02
2.240831e-02
2.243256e-02
2.246539e-02
2.248233e-02
2.251608e-02
2.256658e-02
2.257272e-02
2.260005e-02
2.264350e-02
2.265718e-02
2.266300e-02
2.270247e-02
2.272151e-02
2.272641e-02
2.280294e-02
2.281354e-02
2.283018e-02
2.284728e-02
2.288334e-02
2.291205e-02
2.293920e-02
2.295651e-02
2.299075e-02
2.300032e-02
2.303922e-02
2.306708e-02
2.308138e-02
2.311128e-02
2.316860e-02
2.318117e-02
2.319325e-02
2.320852e-02
2.320984e-02
2.323395e-02
2.327261e-02
2.329333e-02
2.337231e-02
2.338179e-02
2.341005e-02
2.342274e-02
2.344445e-02
2.348975e-02
2.349798e-02
2.351670e-02
2.354031e-02
2.354314e-02
2.356421e-02
2.361988e-02
2.363496e-02
2.365836e-02
2.369279e-02
2.369884e-02
2.372513e-02
2.378732e-02
2.381613e-02
2.383795e-02
2.385159e-02
2.392051e-02
2.393482e-02
2.395519e-02
2.397243e-02
2.398739e-02
2.401903e-02
2.406779e-02
2.407625e-02
2.411404e-02
2.413122e-02
2.415240e-02
2.418965e-02
2.420179e-02
2.423706e-02
2.428148e-02
2.430702e-02
2.433128e-02
2.437130e-02
2.440552e-02
2.440864e-02
2.443000e-02
2.446129e-02
2.448394e-02
2.450781e-02
2.453094e-02
2.455176e-02
2.456975e-02
2.462468e-02
2.465370e-02
2.468207e-02
2.469024e-02
2.470536e-02
2.473137e-02
2.478231e-02
2.478900e-02
2.479499e-02
2.484598e-02
2.488731e-02
2.489482e-02
2.492102e-02
2.494308e-02
2.495233e-02
2.499009e-02
2.502161e-02
2.502788e-02
2.505250e-02
2.509297e-02
2.509897e-02
2.512873e-02
2.516251e-02
2.521286e-02
2.522323e-02
2.525302e-02
2.528091e-02
2.532646e-02
2.535490e-02
2.538899e-02
2.539619e-02
2.543764e-02
2.545276e-02
2.548714e-02
2.550466e-02
2.553503e-02
2.556912e-02
2.559598e-02
2.561822e-02
2.563326e-02
2.564572e-02
2.570247e-02
2.572231e-02
2.576543e-02
2.578338e-02
2.581480e-02
2.586660e-02
2.589112e-02
2.589646e-02
2.593074e-02
2.593900e-02
2.598137e-02
2.599484e-02
2.601289e-02
2.606342e-02
2.608315e-02
2.611075e-02
2.616867e-02
2.618701e-02
2.621071e-02
2.622775e-02
2.627076e-02
2.629579e-02
2.632166e-02
2.634489e-02
2.638078e-02
2.641986e-02
2.646406e-02
2.647654e-02
2.650717e-02
2.652282e-02
2.655543e-02
2.656827e-02
2.658823e-02
2.662155e-02
2.666958e-02
2.669364e-02
2.671937e-02
2.674324e-02
2.678038e-02
2.682526e-02
2.683199e-02
2.686368e-02
2.689222e-02
2.690689e-02
2.693443e-02
2.696119e-02
2.700006e-02
2.700345e-02
2.705743e-02
2.707385e-02
2.710113e-02
2.712429e-02
2.715884e-02
2.719790e-02
2.721402e-02
2.727204e-02
2.730153e-02
2.730362e-02
2.735234e-02
2.736670e-02
2.738803e-02
2.743144e-02
2.744077e-02
2.745611e-02
2.751376e-02
2.752204e-02
2.757088e-02
2.759714e-02
2.759918e-02
2.763958e-02
2.766386e-02
2.769438e-02
2.770125e-02
2.774827e-02
2.775697e-02
2.779572e-02
2.780764e-02
2.783026e-02
2.786183e-02
2.789744e-02
2.792547e-02
2.794219e-02
2.798364e-02
2.802462e-02
2.805141e-02
2.807899e-02
2.811359e-02
2.813146e-02
2.814938e-02
2.817583e-02
2.823574e-02
2.824438e-02
2.826179e-02
2.831529e-02
2.834013e-02
2.835683e-02
2.840173e-02
2.840991e-02
2.844942e-02
2.845452e-02
2.849555e-02
2.853003e-02
2.860444e-02
2.863527e-02
2.865323e-02
2.870075e-02
2.871797e-02
2.875026e-02
2.878929e-02
2.881747e-02
2.884466e-02
2.885486e-02
2.888734e-02
2.894847e-02
2.901605e-02
2.904634e-02
2.906066e-02
2.907421e-02
2.912820e-02
2.919911e-02
2.921719e-02
2.924842e-02
2.929401e-02
2.932117e-02
2.933145e-02
2.936818e-02
2.938624e-02
2.942009e-02
2.943353e-02
2.950105e-02
2.950713e-02
2.957861e-02
2.958536e-02
2.962148e-02
2.964040e-02
2.967481e-02
2.972900e-02
2.977354e-02
2.978388e-02
2.979203e-02
2.983323e-02
2.986486e-02
2.988631e-02
2.990977e-02
2.993291e-02
2.995505e-02
3.004025e-02
3.008102e-02
3.010510e-02
3.011150e-02
3.014594e-02
3.019431e-02
3.026767e-02
3.032981e-02
3.034945e-02
3.038095e-02
3.044716e-02
3.047223e-02
3.050520e-02
3.052879e-02
3.053987e-02
3.058145e-02
3.062145e-02
3.067543e-02
3.070400e-02
3.074811e-02
3.076232e-02
3.080898e-02
3.083602e-02
3.085242e-02
3.090768e-02
3.094892e-02
3.096085e-02
3.099295e-02
3.103821e-02
3.104850e-02
3.112040e-02
3.115915e-02
3.116982e-02
3.119233e-02
3.120690e-02
3.123485e-02
3.125936e-02
3.128982e-02
3.134002e-02
3.137851e-02
3.141033e-02
3.144762e-02
3.148830e-02
3.150087e-02
3.158945e-02
3.162484e-02
3.167320e-02
3.170196e-02
3.171012e-02
3.172721e-02
3.176695e-02
3.179316e-02
3.181921e-02
3.185379e-02
3.187240e-02
3.192377e-02
3.200265e-02
3.202581e-02
3.204480e-02
3.208027e-02
3.210691e-02
3.213737e-02
3.216510e-02
3.219118e-02
3.223799e-02
3.226457e-02
3.227879e-02
3.230330e-02
3.235018e-02
3.243311e-02
3.245313e-02
3.248254e-02
3.251905e-02
3.253222e-02
3.255986e-02
3.263597e-02
3.265325e-02
3.269819e-02
3.273988e-02
3.276553e-02
3.279172e-02
3.282544e-02
3.283691e-02
3.286485e-02
3.289819e-02
3.295176e-02
3.299680e-02
3.304066e-02
3.304874e-02
3.308138e-02
3.311637e-02
3.315067e-02
3.325005e-02
3.326133e-02
3.329565e-02
3.332262e-02
3.333659e-02
3.341357e-02
3.344283e-02
3.345714e-02
3.351226e-02
3.359420e-02
3.364044e-02
3.365327e-02
3.369083e-02
3.373621e-02
3.376303e-02
3.378280e-02
3.382502e-02
3.384287e-02
3.389786e-02
3.393450e-02
3.395924e-02
3.398954e-02
3.404285e-02
3.409392e-02
3.412624e-02
3.416966e-02
3.418288e-02
3.420579e-02
3.424926e-02
3.429345e-02
3.434254e-02
3.436368e-02
3.438015e-02
3.442261e-02
3.446023e-02
3.451797e-02
3.452926e-02
3.456330e-02
3.460895e-02
3.467312e-02
3.469771e-02
3.472246e-02
3.474709e-02
3.479163e-02
3.481931e-02
3.484542e-02
3.488569e-02
3.491084e-02
3.495865e-02
3.499226e-02
3.505422e-02
3.506371e-02
3.513653e-02
3.514837e-02
3.517569e-02
3.524320e-02
3.526503e-02
3.528545e-02
3.536209e-02
3.540409e-02
3.540845e-02
3.546125e-02
3.548429e-02
3.554386e-02
3.561455e-02
3.564234e-02
3.570917e-02
3.572399e-02
3.580251e-02
3.582808e-02
3.585503e-02
3.587962e-02
3.593590e-02
3.601638e-02
3.604667e-02
3.611371e-02
3.615359e-02
3.619162e-02
3.623404e-02
3.626845e-02
3.632628e-02
3.639906e-02
3.642158e-02
3.648835e-02
3.650339e-02
3.651270e-02
3.658023e-02
3.661422e-02
3.664534e-02
3.667528e-02
3.675195e-02
3.681568e-02
3.685928e-02
3.688616e-02
3.691943e-02
3.697645e-02
3.700054e-02
3.706469e-02
3.709867e-02
3.715175e-02
3.717962e-02
3.727241e-02
3.730029e-02
3.735420e-02
3.740467e-02
3.744875e-02
3.747599e-02
3.750519e-02
3.754518e-02
3.760651e-02
3.767558e-02
3.770755e-02
3.774346e-02
3.779674e-02
3.783078e-02
3.791141e-02
3.794705e-02
3.794982e-02
3.798885e-02
3.802214e-02
3.804874e-02
3.808124e-02
3.814401e-02
3.815541e-02
3.820946e-02
3.827625e-02
3.838484e-02
3.839822e-02
3.844134e-02
3.846215e-02
3.853954e-02
3.857062e-02
3.867387e-02
3.871319e-02
3.872109e-02
3.878238e-02
3.883600e-02
3.886767e-02
3.890274e-02
3.893298e-02
3.902600e-02
3.903950e-02
3.908005e-02
3.914693e-02
3.922095e-02
3.923642e-02
3.925890e-02
3.932511e-02
3.937723e-02
3.939062e-02
3.943086e-02
3.948896e-02
3.955757e-02
3.956421e-02
3.962143e-02
3.971533e-02
3.974296e-02
3.974793e-02
3.977750e-02
3.979681e-02
3.987841e-02
3.989946e-02
3.993060e-02
3.999390e-02
4.003465e-02
4.006160e-02
4.009499e-02
4.014200e-02
4.016976e-02
4.021943e-02
4.028159e-02
4.031165e-02
4.037071e-02
4.039657e-02
4.047041e-02
4.053368e-02
4.057301e-02
4.060238e-02
4.063490e-02
4.072589e-02
4.076898e-02
4.078181e-02
4.080772e-02
4.085269e-02
4.092408e-02
4.095154e-02
4.102034e-02
4.105244e-02
4.111471e-02
4.116723e-02
4.121600e-02
4.124499e-02
4.128502e-02
4.133848e-02
4.136941e-02
4.141379e-02
4.143297e-02
4.145997e-02
4.149388e-02
4.156842e-02
4.157202e-02
4.160656e-02
4.172570e-02
4.178593e-02
4.180601e-02
4.184398e-02
4.193675e-02
4.196100e-02
4.197547e-02
4.200461e-02
4.204318e-02
4.212682e-02
4.221213e-02
4.222527e-02
4.224713e-02
4.230712e-02
4.235365e-02
4.242103e-02
4.245826e-02
4.251865e-02
4.259284e-02
4.262365e-02
4.264843e-02
4.271566e-02
4.273745e-02
4.275576e-02
4.284378e-02
4.292328e-02
4.295008e-02
4.301512e-02
4.303537e-02
4.315116e-02
4.321156e-02
4.325408e-02
4.329736e-02
4.332968e-02
4.338489e-02
4.342426e-02
4.346055e-02
4.349735e-02
4.355837e-02
4.360852e-02
4.366660e-02
4.370467e-02
4.374069e-02
4.382629e-02
4.386002e-02
4.389609e-02
4.393656e-02
4.399309e-02
4.403942e-02
4.409862e-02
4.413192e-02
4.417379e-02
4.419749e-02
4.425161e-02
4.433278e-02
4.437336e-02
4.439653e-02
4.445384e-02
4.451282e-02
4.457378e-02
4.461691e-02
4.466803e-02
4.470286e-02
4.473007e-02
4.478399e-02
4.481593e-02
4.485291e-02
4.490131e-02
4.492138e-02
4.493937e-02
4.507348e-02
4.512439e-02
4.514283e-02
4.519963e-02
4.525136e-02
4.536453e-02
4.540166e-02
4.546168e-02
4.556599e-02
4.557956e-02
4.559505e-02
4.565185e-02
4.566526e-02
4.579643e-02
4.581048e-02
4.584509e-02
4.590149e-02
4.594151e-02
4.600464e-02
4.604796e-02
4.605628e-02
4.612031e-02
4.617518e-02
4.624506e-02
4.634466e-02
4.638564e-02
4.641990e-02
4.644947e-02
4.654434e-02
4.658014e-02
4.662754e-02
4.666292e-02
4.666390e-02
4.671896e-02
4.675935e-02
4.677283e-02
4.684944e-02
4.694738e-02
4.695825e-02
4.704624e-02
4.705382e-02
4.709095e-02
4.718624e-02
4.722692e-02
4.726517e-02
4.734112e-02
4.740067e-02
4.751625e-02
4.756551e-02
4.760524e-02
4.762739e-02
4.770434e-02
4.774324e-02
4.785079e-02
4.787194e-02
4.795346e-02
4.796742e-02
4.802102e-02
4.806803e-02
4.809144e-02
4.815663e-02
4.819195e-02
4.820408e-02
4.832284e-02
4.832871e-02
4.838327e-02
4.843988e-02
4.846167e-02
4.852716e-02
4.854776e-02
4.858647e-02
4.862387e-02
4.874138e-02
4.878394e-02
4.885830e-02
4.888241e-02
4.892019e-02
4.897131e-02
4.901922e-02
4.907654e-02
4.911401e-02
4.917590e-02
4.929302e-02
4.933626e-02
4.941299e-02
4.943029e-02
4.948335e-02
4.951892e-02
4.964770e-02
4.965324e-02
4.976645e-02
4.978404e-02
4.988034e-02
4.993972e-02
4.996560e-02
4.999030e-02
5.002204e-02
5.012429e-02
5.019580e-02
5.026485e-02
5.030074e-02
5.039738e-02
5.040973e-02
5.043997e-02
5.045093e-02
5.056378e-02
5.061637e-02
5.063434e-02
5.070541e-02
5.071849e-02
5.077608e-02
5.087420e-02
5.088865e-02
5.092671e-02
5.098333e-02
5.102643e-02
5.113056e-02
5.117100e-02
5.124229e-02
5.130314e-02
5.135844e-02
5.138864e-02
5.151623e-02
5.154244e-02
5.154867e-02
5.162746e-02
5.169705e-02
5.174329e-02
5.180068e-02
5.182288e-02
5.186752e-02
5.193766e-02
5.197290e-02
5.205421e-02
5.210621e-02
5.219577e-02
5.225233e-02
5.233476e-02
5.239428e-02
5.242207e-02
5.247878e-02
5.251070e-02
5.257111e-02
5.264892e-02
5.276712e-02
5.292396e-02
5.299091e-02
5.304402e-02
5.306647e-02
5.317836e-02
5.323053e-02
5.328162e-02
5.333284e-02
5.336237e-02
5.339453e-02
5.346323e-02
5.349924e-02
5.360983e-02
5.362901e-02
5.376464e-02
5.378504e-02
5.382729e-02
5.393492e-02
5.395172e-02
5.403104e-02
5.410526e-02
5.419947e-02
5.429779e-02
5.431328e-02
5.438748e-02
5.441770e-02
5.450889e-02
5.453792e-02
5.461475e-02
5.468568e-02
5.469333e-02
5.487041e-02
5.489042e-02
5.495732e-02
5.506632e-02
5.509127e-02
5.510426e-02
5.517791e-02
5.522354e-02
5.525943e-02
5.531405e-02
5.541134e-02
5.545957e-02
5.549535e-02
5.551602e-02
5.558377e-02
5.559742e-02
5.573222e-02
5.575585e-02
5.586493e-02
5.590731e-02
5.593822e-02
5.598328e-02
5.606996e-02
5.610697e-02
5.616516e-02
5.624440e-02
5.633070e-02
5.635887e-02
5.638291e-02
5.647075e-02
5.657447e-02
5.663130e-02
5.665251e-02
5.667975e-02
5.682111e-02
5.687786e-02
5.692506e-02
5.698728e-02
5.699779e-02
5.707725e-02
5.719182e-02
5.723275e-02
5.737255e-02
5.744019e-02
5.747083e-02
5.754764e-02
5.768491e-02
5.772483e-02
5.783845e-02
5.785042e-02
5.791354e-02
5.795007e-02
5.800898e-02
5.802435e-02
5.811672e-02
5.816556e-02
5.821841e-02
5.825678e-02
5.829825e-02
5.840837e-02
5.846773e-02
5.852945e-02
5.857091e-02
5.859705e-02
5.867677e-02
5.871213e-02
5.884483e-02
5.888074e-02
5.894907e-02
5.905169e-02
5.910637e-02
5.918169e-02
5.923089e-02
5.936566e-02
5.940540e-02
5.946674e-02
5.957876e-02
5.963663e-02
5.965241e-02
5.977788e-02
5.990177e-02
5.994634e-02
6.003636e-02
6.007717e-02
6.015931e-02
6.025154e-02
6.026271e-02
6.040970e-02
6.050665e-02
6.055864e-02
6.057862e-02
6.067481e-02
6.074860e-02
6.077400e-02
6.092612e-02
6.095928e-02
6.100170e-02
6.109009e-02
6.114528e-02
6.119143e-02
6.128060e-02
6.144711e-02
6.146223e-02
6.153934e-02
6.157161e-02
6.163126e-02
6.166501e-02
6.173504e-02
6.182662e-02
6.191615e-02
6.195407e-02
6.202609e-02
6.211368e-02
6.217514e-02
6.222874e-02
6.223224e-02
6.236217e-02
6.243187e-02
6.246166e-02
6.252312e-02
6.260683e-02
6.267742e-02
6.275017e-02
6.278745e-02
6.287627e-02
6.301365e-02
6.305139e-02
6.318508e-02
6.327473e-02
6.336525e-02
6.346571e-02
6.349141e-02
6.351596e-02
6.359749e-02
6.367558e-02
6.372293e-02
6.381729e-02
6.393655e-02
6.403320e-02
6.410924e-02
6.420982e-02
6.424568e-02
6.429694e-02
6.439017e-02
6.445079e-02
6.454699e-02
6.467346e-02
6.473605e-02
6.480538e-02
6.486295e-02
6.496059e-02
6.503759e-02
6.513618e-02
6.516294e-02
6.520542e-02
6.533520e-02
6.535672e-02
6.539579e-02
6.548259e-02
6.553519e-02
6.561049e-02
6.563607e-02
6.578950e-02
6.583364e-02
6.585165e-02
6.599796e-02
6.607264e-02
6.618476e-02
6.623327e-02
6.631505e-02
6.635485e-02
6.640922e-02
6.647019e-02
6.655000e-02
6.657951e-02
6.665415e-02
6.676213e-02
6.687077e-02
6.698196e-02
6.708408e-02
6.716185e-02
6.735239e-02
6.741442e-02
6.748201e-02
6.750548e-02
6.759267e-02
6.764023e-02
6.768067e-02
6.776985e-02
6.780201e-02
6.791743e-02
6.798917e-02
6.800341e-02
6.811702e-02
6.814891e-02
6.820613e-02
6.832201e-02
6.838763e-02
6.847926e-02
6.858737e-02
6.872585e-02
6.880219e-02
6.888055e-02
6.898131e-02
6.906438e-02
6.909645e-02
6.921682e-02
6.926063e-02
6.934915e-02
6.937139e-02
6.948241e-02
6.958063e-02
6.970102e-02
6.972060e-02
6.974684e-02
6.990177e-02
6.993029e-02
7.002394e-02
7.017859e-02
7.024213e-02
7.037017e-02
7.041771e-02
7.050286e-02
7.057369e-02
7.062720e-02
7.073763e-02
7.086753e-02
7.096031e-02
7.097296e-02
7.101740e-02
7.109293e-02
7.121099e-02
7.133561e-02
7.138913e-02
7.148724e-02
7.152511e-02
7.166514e-02
7.174798e-02
7.176797e-02
7.189151e-02
7.206434e-02
7.208897e-02
7.216245e-02
7.218323e-02
7.224597e-02
7.244279e-02
7.254250e-02
7.272643e-02
7.287889e-02
7.299043e-02
7.307748e-02
7.310040e-02
7.315582e-02
7.327721e-02
7.341965e-02
7.353759e-02
7.375480e-02
7.381351e-02
7.394426e-02
7.409394e-02
7.417836e-02
7.424295e-02
7.436550e-02
7.455673e-02
7.461464e-02
7.482164e-02
7.495752e-02
7.497444e-02
7.503961e-02
7.508736e-02
7.530309e-02
7.541862e-02
7.551453e-02
7.558690e-02
7.578980e-02
7.582076e-02
7.600591e-02
7.604248e-02
7.613961e-02
7.618874e-02
7.637210e-02
7.648961e-02
7.653465e-02
7.659080e-02
7.668516e-02
7.681714e-02
7.688042e-02
7.701261e-02
7.718394e-02
7.721998e-02
7.732052e-02
7.744512e-02
7.756960e-02
7.771025e-02
7.784505e-02
7.792284e-02
7.809030e-02
7.820602e-02
7.829424e-02
7.843374e-02
7.867254e-02
7.876469e-02
7.885505e-02
7.903324e-02
7.908681e-02
7.912153e-02
7.924814e-02
7.937657e-02
7.948511e-02
7.956126e-02
7.961578e-02
7.971437e-02
7.979763e-02
7.989162e-02
8.001633e-02
8.005504e-02
8.020645e-02
8.027836e-02
8.031598e-02
8.060628e-02
8.066191e-02
8.072796e-02
8.096930e-02
8.107501e-02
8.110045e-02
8.120604e-02
8.125980e-02
8.140940e-02
8.147209e-02
8.150320e-02
8.177874e-02
8.192327e-02
8.198015e-02
8.200981e-02
8.218160e-02
8.237620e-02
8.240968e-02
8.253280e-02
8.265922e-02
8.273446e-02
8.283788e-02
8.298100e-02
8.306492e-02
8.330192e-02
8.343927e-02
8.355891e-02
8.361159e-02
8.370469e-02
8.391747e-02
8.417501e-02
8.421067e-02
8.430992e-02
8.452023e-02
8.458137e-02
8.460131e-02
8.471548e-02
8.484733e-02
8.496799e-02
8.502415e-02
8.530209e-02
8.542739e-02
8.574777e-02
8.588500e-02
8.591611e-02
8.611082e-02
8.612818e-02
8.626489e-02
8.636929e-02
8.657789e-02
8.671853e-02
8.675706e-02
8.686712e-02
8.708043e-02
8.715276e-02
8.719196e-02
8.740273e-02
8.765884e-02
8.780135e-02
8.787671e-02
8.799338e-02
8.809580e-02
8.818123e-02
8.834076e-02
8.855657e-02
8.859672e-02
8.881440e-02
8.901899e-02
8.911467e-02
8.928440e-02
8.952034e-02
8.963079e-02
8.984750e-02
9.005362e-02
9.017061e-02
9.033545e-02
9.052423e-02
9.072169e-02
9.078270e-02
9.087611e-02
9.106201e-02
9.123043e-02
9.126937e-02
9.143050e-02
9.163220e-02
9.175033e-02
9.196038e-02
9.201841e-02
9.227220e-02
9.235255e-02
9.243201e-02
9.258829e-02
9.273072e-02
9.276919e-02
9.292977e-02
9.321902e-02
9.326870e-02
9.338234e-02
9.341585e-02
9.359292e-02
9.373398e-02
9.381346e-02
9.409214e-02
9.425631e-02
9.439261e-02
9.451335e-02
9.469010e-02
9.475490e-02
9.480054e-02
9.490286e-02
9.507095e-02
9.514096e-02
9.544319e-02
9.546058e-02
9.573497e-02
9.588842e-02
9.602839e-02
9.611363e-02
9.627554e-02
9.636028e-02
9.641712e-02
9.657712e-02
9.670113e-02
9.675468e-02
9.725357e-02
9.728179e-02
9.742614e-02
9.778182e-02
9.785983e-02
9.796978e-02
9.802264e-02
9.811462e-02
9.829696e-02
9.857443e-02
9.884839e-02
9.891773e-02
9.904676e-02
9.918276e-02
9.928975e-02
9.937285e-02
9.961612e-02
9.964328e-02
9.971679e-02
9.991185e-02
1.000646e-01
1.001119e-01
1.003531e-01
1.006526e-01
1.009297e-01
1.012143e-01
1.014166e-01
1.016040e-01
1.017412e-01
1.018076e-01
1.020859e-01
1.023863e-01
1.026450e-01
1.026948e-01
1.030118e-01
1.031292e-01
1.031987e-01
1.033011e-01
1.033579e-01
1.033820e-01
1.036278e-01
1.037040e-01
1.037481e-01
1.038223e-01
1.039842e-01
1.042329e-01
1.043298e-01
1.043940e-01
1.047402e-01
1.048991e-01
1.049585e-01
1.051191e-01
1.053725e-01
1.056627e-01
1.058144e-01
1.060883e-01
1.061975e-01
1.062333e-01
1.064904e-01
1.065083e-01
1.066857e-01
1.070298e-01
1.071401e-01
1.073968e-01
1.076136e-01
1.077787e-01
1.080613e-01
1.080635e-01
1.083107e-01
1.085439e-01
1.085643e-01
1.088183e-01
1.090149e-01
1.093014e-01
1.094210e-01
1.095843e-01
1.096611e-01
1.098080e-01
1.099816e-01
1.101545e-01
1.104170e-01
1.105887e-01
1.107247e-01
1.108891e-01
1.110231e-01
1.114004e-01
1.118767e-01
1.119738e-01
1.120433e-01
1.122836e-01
1.123869e-01
1.125641e-01
1.126816e-01
1.128395e-01
1.130885e-01
1.131338e-01
1.133222e-01
1.134936e-01
1.135358e-01
1.137144e-01
1.139354e-01
1.140019e-01
1.143130e-01
1.145142e-01
1.146792e-01
1.150512e-01
1.150772e-01
1.151470e-01
1.152656e-01
1.154774e-01
1.156450e-01
1.160511e-01
1.161557e-01
1.163701e-01
1.166514e-01
1.167987e-01
1.170405e-01
1.170831e-01
1.171738e-01
1.172609e-01
1.175630e-01
1.181472e-01
1.184579e-01
1.184625e-01
1.185228e-01
1.187890e-01
1.191830e-01
1.193149e-01
1.194578e-01
1.198844e-01
1.202534e-01
1.204540e-01
1.206604e-01
1.207136e-01
1.209681e-01
1.212091e-01
1.215087e-01
1.216585e-01
1.217255e-01
1.218643e-01
1.220013e-01
1.221542e-01
1.226579e-01
1.227830e-01
1.230845e-01
1.231323e-01
1.232883e-01
1.237542e-01
1.240215e-01
1.241593e-01
1.246500e-01
1.246747e-01
1.248902e-01
1.250589e-01
1.254445e-01
1.256617e-01
1.260433e-01
1.261588e-01
1.262760e-01
1.264131e-01
1.266556e-01
1.270160e-01
1.273714e-01
1.274129e-01
1.276137e-01
1.279035e-01
1.279657e-01
1.282532e-01
1.286230e-01
1.288156e-01
1.296387e-01
1.298796e-01
1.305489e-01
1.311325e-01
1.312648e-01
1.316140e-01
1.316575e-01
1.318126e-01
1.321120e-01
1.324457e-01
1.326667e-01
1.329778e-01
1.331736e-01
1.332593e-01
1.339696e-01
1.343395e-01
1.346983e-01
1.349816e-01
1.352642e-01
1.354251e-01
1.356762e-01
1.357859e-01
1.363507e-01
1.363828e-01
1.365046e-01
1.365111e-01
1.366098e-01
1.367274e-01
1.368660e-01
1.374641e-01
1.375786e-01
1.375876e-01
1.381480e-01
1.385825e-01
1.388590e-01
1.392378e-01
1.393127e-01
1.395270e-01
1.396679e-01
1.405282e-01
1.406386e-01
1.414201e-01
1.415284e-01
1.415461e-01
1.417396e-01
1.420196e-01
1.423155e-01
1.430904e-01
1.436422e-01
1.441921e-01
1.444690e-01
1.451868e-01
1.452282e-01
1.454712e-01
1.456120e-01
1.459951e-01
1.461254e-01
1.465181e-01
1.473964e-01
1.476339e-01
1.482063e-01
1.484230e-01
1.488996e-01
1.493626e-01
1.500149e-01
1.501352e-01
1.501721e-01
1.507374e-01
1.508118e-01
1.511430e-01
1.515310e-01
1.528428e-01
1.529325e-01
1.530878e-01
1.531259e-01
1.533224e-01
1.534365e-01
1.541955e-01
1.549341e-01
1.549441e-01
1.557937e-01
1.560506e-01
1.562613e-01
1.564047e-01
1.565762e-01
1.577054e-01
1.583793e-01
1.587940e-01
1.590434e-01
1.592805e-01
1.593362e-01
1.596437e-01
1.602147e-01
1.609613e-01
1.615854e-01
1.618343e-01
1.622026e-01
1.627491e-01
1.629787e-01
1.630976e-01
1.633760e-01
1.639872e-01
1.642736e-01
1.644769e-01
1.655896e-01
1.657730e-01
1.661513e-01
1.663839e-01
1.665557e-01
1.675385e-01
1.676441e-01
1.682395e-01
1.686807e-01
1.693607e-01
1.703518e-01
1.705722e-01
1.718323e-01
1.721463e-01
1.726632e-01
1.727420e-01
1.732929e-01
1.736107e-01
1.742397e-01
1.742954e-01
1.745104e-01
1.747005e-01
1.749355e-01
1.754670e-01
1.755891e-01
1.760108e-01
1.774131e-01
1.775275e-01
1.779004e-01
1.782716e-01
1.791985e-01
1.795323e-01
1.799136e-01
1.808721e-01
1.814497e-01
1.822913e-01
1.831639e-01
1.832777e-01
1.840027e-01
1.846229e-01
1.850694e-01
1.854234e-01
1.855027e-01
1.855546e-01
1.856602e-01
1.861308e-01
1.862091e-01
1.872933e-01
1.875247e-01
1.889802e-01
1.891046e-01
1.893436e-01
1.898227e-01
1.899581e-01
1.900988e-01
1.919309e-01
1.921058e-01
1.925269e-01
1.929700e-01
1.940305e-01
1.945366e-01
1.947256e-01
1.975162e-01
1.984856e-01
1.988239e-01
1.990650e-01
1.992117e-01
2.000149e-01
2.004146e-01
2.009475e-01
2.013399e-01
2.021530e-01
2.026264e-01
2.036758e-01
2.039739e-01
2.043320e-01
2.047383e-01
2.072388e-01
2.074606e-01
2.079259e-01
2.082078e-01
2.082879e-01
2.087576e-01
2.089707e-01
2.106376e-01
2.108070e-01
2.111648e-01
2.115241e-01
2.125175e-01
2.135205e-01
2.139226e-01
2.140899e-01
2.149752e-01
2.161356e-01
2.163313e-01
2.165622e-01
2.168354e-01
2.170890e-01
2.174408e-01
2.182821e-01
2.185772e-01
2.189578e-01
2.193823e-01
2.200390e-01
2.204453e-01
2.211902e-01
2.237570e-01
2.239440e-01
2.244864e-01
2.251201e-01
2.257988e-01
2.268563e-01
2.269123e-01
2.276752e-01
2.278700e-01
2.282461e-01
2.286143e-01
2.289932e-01
2.299655e-01
2.319308e-01
2.331680e-01
2.339459e-01
2.348052e-01
2.356989e-01
2.359657e-01
2.362624e-01
2.376538e-01
2.378033e-01
2.394089e-01
2.395295e-01
2.397882e-01
2.419478e-01
2.423687e-01
2.437974e-01
2.441554e-01
2.454572e-01
2.464242e-01
2.467233e-01
2.480104e-01
2.482858e-01
2.503547e-01
2.507983e-01
2.509206e-01
2.519714e-01
2.529880e-01
2.535503e-01
2.538065e-01
2.590055e-01
2.595071e-01
2.614992e-01
2.623764e-01
2.636019e-01
2.645915e-01
2.664759e-01
2.678982e-01
2.682533e-01
2.714030e-01
2.722014e-01
2.730309e-01
2.741638e-01
2.742270e-01
2.750934e-01
2.771377e-01
2.780748e-01
2.835028e-01
2.844118e-01
2.859399e-01
2.877817e-01
2.879725e-01
2.909347e-01
2.932119e-01
2.934278e-01
2.999283e-01
3.004123e-01
3.007725e-01
3.022271e-01
3.067899e-01
3.088190e-01
3.093432e-01
3.100026e-01
3.161302e-01
3.165040e-01
3.167309e-01
3.168367e-01
3.191068e-01
3.216200e-01
3.223447e-01
3.237278e-01
3.274331e-01
3.311927e-01
3.323687e-01
3.395734e-01
3.459356e-01
3.491471e-01
3.525706e-01
3.564250e-01
3.569274e-01
3.623523e-01
3.642662e-01
3.691984e-01
3.700631e-01
3.854988e-01
3.913596e-01
3.929736e-01
3.963120e-01
3.977194e-01
3.983665e-01
4.000207e-01
4.068814e-01
4.306127e-01
4.318814e-01
4.364186e-01
4.466837e-01
4.880887e-01
4.966621e-01
5.019168e-01
5.043586e-01
5.065656e-01
5.121328e-01
5.136277e-01
5.194498e-01
5.351261e-01
5.426312e-01
5.546838e-01
5.774114e-01
5.921356e-01
6.374521e-01
6.525372e-01
8.859132e-01
9.133006e-01
1.000000e+00
