# SF-29 C-i4 candidate (i) i1o4 field=control2d eps=0.25 N=12: sorted relative singular values of the dense central-FD Jacobian at the converged state (rows F_i=-q(L_i-S_i); outlet rows (2q/h)(vperp_in-c_perp); smax=2.776547e+03)
4.928461e-04
5.280654e-04
5.280654e-04
5.359050e-04
5.396673e-04
5.396673e-04
5.413494e-04
5.413494e-04
5.438171e-04
5.488593e-04
5.488593e-04
5.555185e-04
5.555185e-04
5.579545e-04
5.579545e-04
5.791144e-04
5.791144e-04
5.794743e-04
5.917819e-04
5.917819e-04
6.285909e-04
7.875026e-04
8.380637e-04
9.621579e-04
9.621579e-04
9.783830e-04
9.783830e-04
9.889937e-04
9.889937e-04
9.927944e-04
9.927944e-04
1.168048e-03
1.491886e-03
2.168237e-03
2.396790e-03
2.396790e-03
2.456812e-03
2.456812e-03
2.461538e-03
2.461538e-03
2.498252e-03
2.498252e-03
2.627694e-03
2.627694e-03
2.642717e-03
2.642717e-03
2.671996e-03
3.946706e-03
4.559733e-03
4.559733e-03
5.002182e-03
5.002182e-03
5.069191e-03
5.069191e-03
5.193812e-03
5.193812e-03
5.200116e-03
5.200116e-03
5.353783e-03
5.446244e-03
5.619504e-03
5.619504e-03
5.650164e-03
5.682576e-03
5.682576e-03
5.753442e-03
5.753442e-03
5.765076e-03
5.765076e-03
5.780214e-03
5.780214e-03
5.887749e-03
6.172110e-03
6.307795e-03
6.307795e-03
6.315043e-03
6.403707e-03
6.424977e-03
6.424977e-03
6.435323e-03
6.435323e-03
6.652807e-03
6.652807e-03
6.739157e-03
6.739157e-03
6.745252e-03
6.745252e-03
6.764990e-03
6.764990e-03
6.773559e-03
6.773559e-03
6.982252e-03
7.098468e-03
7.098468e-03
7.200122e-03
7.354968e-03
7.354968e-03
7.359941e-03
7.359941e-03
7.860894e-03
7.860894e-03
7.925474e-03
7.961454e-03
7.961454e-03
8.306715e-03
8.306715e-03
8.322036e-03
8.322036e-03
8.622073e-03
8.694389e-03
8.694389e-03
8.771546e-03
8.771546e-03
8.839905e-03
8.839905e-03
8.879535e-03
8.879535e-03
8.895008e-03
8.895008e-03
8.964616e-03
8.964616e-03
9.256843e-03
9.256843e-03
9.438425e-03
9.642938e-03
9.642938e-03
1.236363e-02
1.236363e-02
1.255180e-02
1.255180e-02
1.280345e-02
1.280345e-02
1.357908e-02
1.357908e-02
1.391762e-02
1.391762e-02
1.423909e-02
1.423909e-02
1.434506e-02
1.434506e-02
1.435417e-02
1.435417e-02
1.460787e-02
1.460787e-02
1.461710e-02
1.461710e-02
1.465622e-02
1.465622e-02
1.472583e-02
1.472583e-02
1.487116e-02
1.487116e-02
1.630597e-02
1.630597e-02
1.630879e-02
1.630879e-02
1.637194e-02
1.637194e-02
1.647301e-02
1.647301e-02
1.648057e-02
1.653442e-02
1.653442e-02
1.653469e-02
1.653469e-02
1.681493e-02
1.697240e-02
1.697240e-02
1.709192e-02
1.709192e-02
1.722427e-02
1.728007e-02
1.728007e-02
1.735607e-02
1.735607e-02
1.763920e-02
1.787233e-02
1.787233e-02
1.795653e-02
1.795653e-02
1.802651e-02
1.812584e-02
1.812584e-02
1.817439e-02
1.817439e-02
1.818839e-02
1.818839e-02
1.837424e-02
1.837424e-02
1.841396e-02
1.865142e-02
1.877646e-02
1.877646e-02
1.886304e-02
1.886304e-02
1.886371e-02
1.886371e-02
1.901788e-02
1.901788e-02
1.919345e-02
1.919345e-02
1.925164e-02
1.933659e-02
1.949822e-02
1.949822e-02
1.980775e-02
1.980775e-02
2.036348e-02
2.055876e-02
2.059312e-02
2.059312e-02
2.060060e-02
2.060060e-02
2.073340e-02
2.073340e-02
2.094352e-02
2.094352e-02
2.097847e-02
2.097847e-02
2.106028e-02
2.106028e-02
2.121953e-02
2.121953e-02
2.166215e-02
2.166215e-02
2.223178e-02
2.223178e-02
2.225238e-02
2.225238e-02
2.230197e-02
2.425595e-02
2.425595e-02
2.434785e-02
2.434785e-02
2.460740e-02
2.460740e-02
2.470957e-02
2.470957e-02
2.552348e-02
2.552348e-02
2.552996e-02
2.552996e-02
2.581764e-02
2.581764e-02
2.624910e-02
2.624910e-02
2.680484e-02
2.680484e-02
2.706627e-02
2.706627e-02
2.708605e-02
2.708605e-02
2.709444e-02
2.709444e-02
2.791183e-02
2.791183e-02
2.791725e-02
2.791725e-02
2.794056e-02
2.794056e-02
2.801383e-02
2.801383e-02
2.806711e-02
2.806711e-02
2.850957e-02
2.850957e-02
2.891067e-02
2.891067e-02
3.020896e-02
3.020896e-02
3.040592e-02
3.040592e-02
3.063877e-02
3.063877e-02
3.068779e-02
3.068779e-02
3.070583e-02
3.070583e-02
3.071995e-02
3.071995e-02
3.078091e-02
3.078091e-02
3.145238e-02
3.145238e-02
3.148324e-02
3.148324e-02
3.189353e-02
3.198760e-02
3.198760e-02
3.226072e-02
3.226072e-02
3.231913e-02
3.231913e-02
3.238488e-02
3.238488e-02
3.269927e-02
3.288752e-02
3.288752e-02
3.289927e-02
3.289927e-02
3.299770e-02
3.299770e-02
3.303805e-02
3.303805e-02
3.317379e-02
3.317379e-02
3.340535e-02
3.365232e-02
3.365232e-02
3.384963e-02
3.384963e-02
3.404910e-02
3.404910e-02
3.453958e-02
3.459530e-02
3.459530e-02
3.484536e-02
3.484536e-02
3.488991e-02
3.488991e-02
3.490450e-02
3.555659e-02
3.555659e-02
3.576355e-02
3.576355e-02
3.596029e-02
3.596029e-02
3.610279e-02
3.662601e-02
3.662601e-02
3.674990e-02
3.674990e-02
3.685377e-02
3.739438e-02
3.739438e-02
3.745211e-02
3.745211e-02
3.774520e-02
3.832043e-02
3.845459e-02
3.845459e-02
3.883528e-02
3.883528e-02
3.903569e-02
3.903742e-02
3.903742e-02
3.917669e-02
3.917669e-02
3.919302e-02
3.919302e-02
3.985779e-02
4.018512e-02
4.018512e-02
4.077948e-02
4.077948e-02
4.098239e-02
4.098239e-02
4.098682e-02
4.098682e-02
4.134857e-02
4.147956e-02
4.147956e-02
4.210715e-02
4.210715e-02
4.242428e-02
4.242428e-02
4.277256e-02
4.277256e-02
4.308988e-02
4.308988e-02
4.311939e-02
4.311939e-02
4.323239e-02
4.323239e-02
4.324549e-02
4.324549e-02
4.334468e-02
4.334468e-02
4.356408e-02
4.356408e-02
4.390852e-02
4.390852e-02
4.434213e-02
4.434213e-02
4.440188e-02
4.440188e-02
4.450055e-02
4.450055e-02
4.462551e-02
4.462551e-02
4.467532e-02
4.467532e-02
4.505510e-02
4.505510e-02
4.513578e-02
4.513578e-02
4.564400e-02
4.564400e-02
4.619037e-02
4.619037e-02
4.639880e-02
4.639880e-02
4.689938e-02
4.689938e-02
4.693742e-02
4.693742e-02
4.695663e-02
4.695663e-02
4.741938e-02
4.741938e-02
4.757860e-02
4.757860e-02
4.764308e-02
4.764308e-02
4.778242e-02
4.778242e-02
4.784175e-02
4.784175e-02
5.049840e-02
5.049840e-02
5.077011e-02
5.077011e-02
5.081208e-02
5.084862e-02
5.084862e-02
5.124680e-02
5.124680e-02
5.125877e-02
5.125877e-02
5.160597e-02
5.160597e-02
5.182374e-02
5.182374e-02
5.240978e-02
5.265747e-02
5.265747e-02
5.282283e-02
5.282283e-02
5.337017e-02
5.337017e-02
5.348115e-02
5.360773e-02
5.360773e-02
5.373899e-02
5.373899e-02
5.380545e-02
5.380545e-02
5.434893e-02
5.434893e-02
5.456010e-02
5.456010e-02
5.495694e-02
5.495694e-02
5.555744e-02
5.555744e-02
5.615792e-02
5.615792e-02
5.647517e-02
5.671862e-02
5.711633e-02
5.711633e-02
5.713366e-02
5.713366e-02
5.731555e-02
5.731555e-02
5.799433e-02
5.799433e-02
5.802620e-02
5.802620e-02
5.828322e-02
5.828322e-02
5.874220e-02
5.874220e-02
5.874592e-02
5.874592e-02
5.884944e-02
5.884944e-02
5.909441e-02
5.909441e-02
5.936982e-02
5.936982e-02
5.944817e-02
5.944817e-02
5.983324e-02
5.983324e-02
6.008029e-02
6.008029e-02
6.008365e-02
6.008365e-02
6.012839e-02
6.012839e-02
6.017326e-02
6.017326e-02
6.020946e-02
6.020946e-02
6.041348e-02
6.054826e-02
6.054826e-02
6.081631e-02
6.081631e-02
6.112566e-02
6.112566e-02
6.139975e-02
6.149437e-02
6.149437e-02
6.163238e-02
6.163238e-02
6.200293e-02
6.200293e-02
6.206908e-02
6.206908e-02
6.231424e-02
6.231424e-02
6.233219e-02
6.233219e-02
6.247249e-02
6.247249e-02
6.278374e-02
6.278374e-02
6.363221e-02
6.383479e-02
6.383479e-02
6.384045e-02
6.384045e-02
6.424344e-02
6.424344e-02
6.444801e-02
6.444801e-02
6.453229e-02
6.453229e-02
6.459136e-02
6.459136e-02
6.467069e-02
6.473827e-02
6.473827e-02
6.477960e-02
6.477960e-02
6.564409e-02
6.564409e-02
6.571514e-02
6.585806e-02
6.585806e-02
6.646644e-02
6.646644e-02
6.692091e-02
6.692091e-02
6.697901e-02
6.697901e-02
6.715141e-02
6.742718e-02
6.742718e-02
6.768824e-02
6.768824e-02
6.784586e-02
6.784586e-02
6.836295e-02
6.836295e-02
6.848841e-02
6.848841e-02
6.869443e-02
6.869443e-02
6.874618e-02
6.874618e-02
6.890090e-02
6.890090e-02
6.920935e-02
6.928864e-02
6.928864e-02
6.942051e-02
6.942051e-02
6.962399e-02
6.962399e-02
6.983948e-02
6.983948e-02
7.013163e-02
7.013163e-02
7.029382e-02
7.029382e-02
7.032989e-02
7.032989e-02
7.043184e-02
7.043184e-02
7.092885e-02
7.092885e-02
7.225963e-02
7.225963e-02
7.238586e-02
7.238586e-02
7.282147e-02
7.282147e-02
7.284249e-02
7.284249e-02
7.299716e-02
7.299716e-02
7.317021e-02
7.317021e-02
7.335287e-02
7.335287e-02
7.355035e-02
7.355035e-02
7.379099e-02
7.379099e-02
7.380087e-02
7.380087e-02
7.395466e-02
7.395466e-02
7.414279e-02
7.414279e-02
7.414411e-02
7.427038e-02
7.427038e-02
7.445121e-02
7.445121e-02
7.452808e-02
7.452808e-02
7.469004e-02
7.469004e-02
7.470233e-02
7.470233e-02
7.537123e-02
7.537123e-02
7.591134e-02
7.591134e-02
7.601141e-02
7.648601e-02
7.648601e-02
7.655831e-02
7.655831e-02
7.659450e-02
7.659450e-02
7.744184e-02
7.744184e-02
7.756942e-02
7.766627e-02
7.766627e-02
7.767447e-02
7.767447e-02
7.791325e-02
7.791325e-02
7.806275e-02
7.806275e-02
7.812139e-02
7.812139e-02
7.860237e-02
7.860237e-02
7.898282e-02
7.898282e-02
7.911063e-02
7.911063e-02
7.919051e-02
7.919051e-02
7.919588e-02
7.919588e-02
7.951486e-02
7.951486e-02
7.962239e-02
7.962239e-02
7.975623e-02
7.975623e-02
7.995862e-02
7.995862e-02
8.064527e-02
8.064527e-02
8.080814e-02
8.080814e-02
8.092392e-02
8.092392e-02
8.150221e-02
8.150221e-02
8.158218e-02
8.158218e-02
8.166912e-02
8.166912e-02
8.175691e-02
8.235077e-02
8.235077e-02
8.236153e-02
8.265678e-02
8.267050e-02
8.267050e-02
8.278349e-02
8.278349e-02
8.282628e-02
8.282628e-02
8.284646e-02
8.284646e-02
8.287323e-02
8.287323e-02
8.329843e-02
8.336910e-02
8.336910e-02
8.343989e-02
8.366549e-02
8.366549e-02
8.376834e-02
8.376834e-02
8.411051e-02
8.411051e-02
8.445240e-02
8.445240e-02
8.450360e-02
8.450360e-02
8.459513e-02
8.459513e-02
8.475051e-02
8.475051e-02
8.514927e-02
8.514927e-02
8.524950e-02
8.538931e-02
8.538931e-02
8.547585e-02
8.547585e-02
8.585703e-02
8.585703e-02
8.652125e-02
8.652125e-02
8.669162e-02
8.669162e-02
8.747184e-02
8.747184e-02
8.750880e-02
8.750880e-02
8.764594e-02
8.784987e-02
8.811481e-02
8.811481e-02
8.826366e-02
8.826366e-02
8.878952e-02
8.878952e-02
8.914849e-02
8.914849e-02
8.937219e-02
8.937219e-02
8.961403e-02
8.961403e-02
8.980578e-02
8.980578e-02
9.019064e-02
9.019064e-02
9.028610e-02
9.028610e-02
9.030168e-02
9.030168e-02
9.034810e-02
9.057845e-02
9.057845e-02
9.108805e-02
9.137197e-02
9.137197e-02
9.145205e-02
9.145205e-02
9.192892e-02
9.192892e-02
9.217079e-02
9.217079e-02
9.238980e-02
9.238980e-02
9.244022e-02
9.244022e-02
9.248597e-02
9.248597e-02
9.271159e-02
9.314112e-02
9.314112e-02
9.382511e-02
9.382511e-02
9.433320e-02
9.433320e-02
9.446229e-02
9.446229e-02
9.460006e-02
9.460006e-02
9.567157e-02
9.567542e-02
9.567542e-02
9.568460e-02
9.568460e-02
9.692814e-02
9.692814e-02
9.696083e-02
9.696083e-02
9.749956e-02
9.749956e-02
9.754064e-02
9.817884e-02
9.817884e-02
9.846833e-02
9.846833e-02
9.850040e-02
9.850040e-02
9.869284e-02
9.890471e-02
9.890471e-02
9.929590e-02
9.929590e-02
9.956660e-02
9.956660e-02
9.965044e-02
9.965044e-02
1.001130e-01
1.001130e-01
1.005309e-01
1.008530e-01
1.008530e-01
1.010006e-01
1.010006e-01
1.010730e-01
1.010730e-01
1.011048e-01
1.011507e-01
1.011507e-01
1.019629e-01
1.019629e-01
1.022920e-01
1.022920e-01
1.024246e-01
1.024246e-01
1.025247e-01
1.025247e-01
1.028624e-01
1.028624e-01
1.029872e-01
1.029872e-01
1.030872e-01
1.033967e-01
1.033967e-01
1.040286e-01
1.040286e-01
1.043520e-01
1.043520e-01
1.044728e-01
1.044728e-01
1.045188e-01
1.045188e-01
1.047386e-01
1.047914e-01
1.050327e-01
1.050327e-01
1.050399e-01
1.050399e-01
1.052442e-01
1.052442e-01
1.053964e-01
1.053964e-01
1.056318e-01
1.056318e-01
1.059112e-01
1.059112e-01
1.064435e-01
1.064435e-01
1.064792e-01
1.065260e-01
1.065260e-01
1.067201e-01
1.067201e-01
1.068278e-01
1.070982e-01
1.070982e-01
1.074977e-01
1.074977e-01
1.076516e-01
1.076516e-01
1.078885e-01
1.078885e-01
1.079006e-01
1.083673e-01
1.083673e-01
1.088291e-01
1.088291e-01
1.089321e-01
1.089321e-01
1.091942e-01
1.091942e-01
1.094662e-01
1.094662e-01
1.096112e-01
1.098242e-01
1.098242e-01
1.099929e-01
1.099929e-01
1.102538e-01
1.102538e-01
1.103172e-01
1.103172e-01
1.103594e-01
1.103594e-01
1.105479e-01
1.107306e-01
1.107306e-01
1.112870e-01
1.112870e-01
1.115318e-01
1.115318e-01
1.115774e-01
1.115774e-01
1.118208e-01
1.118208e-01
1.119924e-01
1.120267e-01
1.120267e-01
1.120778e-01
1.120778e-01
1.121615e-01
1.121615e-01
1.122246e-01
1.122246e-01
1.127733e-01
1.127733e-01
1.132748e-01
1.132748e-01
1.140163e-01
1.140163e-01
1.147331e-01
1.147331e-01
1.149902e-01
1.159250e-01
1.159250e-01
1.160049e-01
1.160049e-01
1.161295e-01
1.161295e-01
1.162529e-01
1.162529e-01
1.163830e-01
1.163830e-01
1.164414e-01
1.164414e-01
1.172901e-01
1.172901e-01
1.172943e-01
1.172943e-01
1.178367e-01
1.178367e-01
1.182067e-01
1.182067e-01
1.186393e-01
1.186393e-01
1.191718e-01
1.191718e-01
1.192199e-01
1.192199e-01
1.193880e-01
1.193880e-01
1.203633e-01
1.203633e-01
1.205299e-01
1.205299e-01
1.207938e-01
1.207938e-01
1.208138e-01
1.208138e-01
1.209328e-01
1.209328e-01
1.210163e-01
1.210163e-01
1.213305e-01
1.213305e-01
1.216535e-01
1.216535e-01
1.222931e-01
1.222931e-01
1.223222e-01
1.223222e-01
1.226180e-01
1.229259e-01
1.229259e-01
1.233857e-01
1.234510e-01
1.234510e-01
1.240426e-01
1.240426e-01
1.254674e-01
1.254674e-01
1.255472e-01
1.255472e-01
1.266218e-01
1.266218e-01
1.268419e-01
1.268419e-01
1.269976e-01
1.269976e-01
1.274738e-01
1.274738e-01
1.275220e-01
1.275220e-01
1.292343e-01
1.292343e-01
1.293672e-01
1.293672e-01
1.294498e-01
1.294498e-01
1.303893e-01
1.303893e-01
1.307562e-01
1.307562e-01
1.310764e-01
1.310764e-01
1.314535e-01
1.314535e-01
1.314696e-01
1.314696e-01
1.318278e-01
1.318278e-01
1.319814e-01
1.319814e-01
1.325172e-01
1.325172e-01
1.327715e-01
1.327715e-01
1.327859e-01
1.327859e-01
1.328246e-01
1.328246e-01
1.334309e-01
1.334309e-01
1.336096e-01
1.343362e-01
1.343362e-01
1.345862e-01
1.345862e-01
1.346210e-01
1.346210e-01
1.350769e-01
1.350769e-01
1.360797e-01
1.360797e-01
1.367792e-01
1.367792e-01
1.372404e-01
1.372404e-01
1.373952e-01
1.373952e-01
1.377836e-01
1.377836e-01
1.383012e-01
1.383012e-01
1.386701e-01
1.387895e-01
1.387895e-01
1.390797e-01
1.390797e-01
1.397249e-01
1.397249e-01
1.405614e-01
1.405614e-01
1.408432e-01
1.408432e-01
1.410775e-01
1.410775e-01
1.416524e-01
1.416524e-01
1.418319e-01
1.418319e-01
1.418569e-01
1.418569e-01
1.421558e-01
1.421558e-01
1.423118e-01
1.428052e-01
1.428052e-01
1.428631e-01
1.428631e-01
1.435266e-01
1.441659e-01
1.441659e-01
1.446689e-01
1.446689e-01
1.450972e-01
1.450972e-01
1.451008e-01
1.451008e-01
1.459055e-01
1.460395e-01
1.460395e-01
1.460750e-01
1.460750e-01
1.461018e-01
1.476238e-01
1.476238e-01
1.477126e-01
1.477126e-01
1.477532e-01
1.477532e-01
1.478642e-01
1.478642e-01
1.481217e-01
1.481217e-01
1.482989e-01
1.482989e-01
1.487068e-01
1.487759e-01
1.487759e-01
1.490524e-01
1.490524e-01
1.491272e-01
1.491272e-01
1.497753e-01
1.497753e-01
1.498453e-01
1.498453e-01
1.499414e-01
1.504075e-01
1.504075e-01
1.505446e-01
1.505446e-01
1.510595e-01
1.510595e-01
1.510841e-01
1.510841e-01
1.511977e-01
1.511977e-01
1.513623e-01
1.513623e-01
1.515109e-01
1.519091e-01
1.519091e-01
1.527079e-01
1.527079e-01
1.528879e-01
1.528879e-01
1.530228e-01
1.530228e-01
1.534125e-01
1.534125e-01
1.538194e-01
1.538194e-01
1.544346e-01
1.549565e-01
1.549565e-01
1.550262e-01
1.550262e-01
1.552135e-01
1.552135e-01
1.552385e-01
1.552385e-01
1.556483e-01
1.556483e-01
1.556705e-01
1.556705e-01
1.557769e-01
1.557769e-01
1.559615e-01
1.559615e-01
1.561412e-01
1.561412e-01
1.566600e-01
1.566600e-01
1.567643e-01
1.568204e-01
1.568204e-01
1.575963e-01
1.575963e-01
1.580754e-01
1.580754e-01
1.581256e-01
1.581256e-01
1.581407e-01
1.581407e-01
1.587695e-01
1.587695e-01
1.587966e-01
1.598673e-01
1.598673e-01
1.602463e-01
1.602463e-01
1.602914e-01
1.602914e-01
1.605571e-01
1.605571e-01
1.609123e-01
1.609123e-01
1.619143e-01
1.619143e-01
1.621064e-01
1.621064e-01
1.623098e-01
1.623098e-01
1.624657e-01
1.624657e-01
1.624704e-01
1.624704e-01
1.625659e-01
1.625659e-01
1.630622e-01
1.630622e-01
1.633646e-01
1.636614e-01
1.636614e-01
1.640104e-01
1.640104e-01
1.642828e-01
1.642828e-01
1.645457e-01
1.645457e-01
1.655014e-01
1.655014e-01
1.656612e-01
1.656612e-01
1.658676e-01
1.658676e-01
1.659701e-01
1.659701e-01
1.663569e-01
1.663569e-01
1.665344e-01
1.665344e-01
1.669827e-01
1.669827e-01
1.672645e-01
1.672645e-01
1.676639e-01
1.676639e-01
1.677463e-01
1.677463e-01
1.678402e-01
1.678402e-01
1.684068e-01
1.684068e-01
1.687051e-01
1.687051e-01
1.692821e-01
1.692821e-01
1.700012e-01
1.700012e-01
1.701850e-01
1.701850e-01
1.704284e-01
1.704284e-01
1.704954e-01
1.704954e-01
1.705811e-01
1.711856e-01
1.711856e-01
1.723450e-01
1.723450e-01
1.724667e-01
1.724667e-01
1.728498e-01
1.728498e-01
1.728551e-01
1.728551e-01
1.730559e-01
1.730559e-01
1.733347e-01
1.733347e-01
1.733786e-01
1.733786e-01
1.740919e-01
1.740919e-01
1.742017e-01
1.742017e-01
1.742572e-01
1.742572e-01
1.743060e-01
1.743060e-01
1.750744e-01
1.750744e-01
1.754213e-01
1.754213e-01
1.756271e-01
1.756271e-01
1.759118e-01
1.759118e-01
1.770984e-01
1.770984e-01
1.777176e-01
1.777176e-01
1.779020e-01
1.779020e-01
1.780172e-01
1.781668e-01
1.781832e-01
1.781832e-01
1.783759e-01
1.783759e-01
1.788042e-01
1.788042e-01
1.799497e-01
1.799497e-01
1.799607e-01
1.799607e-01
1.802472e-01
1.802875e-01
1.802875e-01
1.804502e-01
1.804502e-01
1.806961e-01
1.806961e-01
1.807493e-01
1.807493e-01
1.811435e-01
1.811435e-01
1.815019e-01
1.815019e-01
1.817825e-01
1.817825e-01
1.819425e-01
1.819425e-01
1.830279e-01
1.830279e-01
1.832366e-01
1.832366e-01
1.833447e-01
1.833447e-01
1.834396e-01
1.834396e-01
1.835005e-01
1.835005e-01
1.840260e-01
1.840260e-01
1.845365e-01
1.845365e-01
1.845802e-01
1.845802e-01
1.846875e-01
1.850175e-01
1.850175e-01
1.851344e-01
1.851344e-01
1.853304e-01
1.853304e-01
1.855416e-01
1.855416e-01
1.859571e-01
1.859571e-01
1.866412e-01
1.866412e-01
1.868321e-01
1.868321e-01
1.872149e-01
1.872149e-01
1.878786e-01
1.878786e-01
1.879114e-01
1.879845e-01
1.879845e-01
1.883026e-01
1.883026e-01
1.887847e-01
1.887847e-01
1.890446e-01
1.890446e-01
1.892228e-01
1.892275e-01
1.892275e-01
1.897870e-01
1.897870e-01
1.898635e-01
1.898635e-01
1.900033e-01
1.900033e-01
1.912395e-01
1.912395e-01
1.914419e-01
1.914419e-01
1.918782e-01
1.918782e-01
1.920533e-01
1.923392e-01
1.923392e-01
1.923892e-01
1.923892e-01
1.932329e-01
1.936674e-01
1.936674e-01
1.936887e-01
1.938184e-01
1.938184e-01
1.940046e-01
1.940046e-01
1.941965e-01
1.941965e-01
1.943681e-01
1.945661e-01
1.945661e-01
1.946286e-01
1.946286e-01
1.948742e-01
1.948742e-01
1.953606e-01
1.953606e-01
1.953785e-01
1.953785e-01
1.956287e-01
1.956287e-01
1.958729e-01
1.958729e-01
1.961272e-01
1.961272e-01
1.963661e-01
1.963661e-01
1.966016e-01
1.966016e-01
1.966237e-01
1.966237e-01
1.969581e-01
1.969581e-01
1.969914e-01
1.969914e-01
1.974213e-01
1.974213e-01
1.974610e-01
1.974610e-01
1.976023e-01
1.976023e-01
1.986692e-01
1.986692e-01
1.991966e-01
1.991966e-01
1.993221e-01
1.993221e-01
1.994643e-01
1.994643e-01
1.998285e-01
1.999657e-01
1.999657e-01
2.000987e-01
2.000987e-01
2.001211e-01
2.005732e-01
2.005732e-01
2.007068e-01
2.007068e-01
2.007635e-01
2.007635e-01
2.009632e-01
2.009632e-01
2.013785e-01
2.013785e-01
2.014952e-01
2.014952e-01
2.017697e-01
2.017697e-01
2.022554e-01
2.022554e-01
2.030224e-01
2.030224e-01
2.035514e-01
2.035514e-01
2.037521e-01
2.037521e-01
2.039479e-01
2.039479e-01
2.043103e-01
2.043103e-01
2.044664e-01
2.044664e-01
2.045466e-01
2.045466e-01
2.049481e-01
2.049481e-01
2.050670e-01
2.050670e-01
2.056449e-01
2.056449e-01
2.065633e-01
2.065633e-01
2.069152e-01
2.069585e-01
2.069585e-01
2.071523e-01
2.071523e-01
2.072914e-01
2.072914e-01
2.074956e-01
2.075484e-01
2.075484e-01
2.076166e-01
2.076166e-01
2.081382e-01
2.081382e-01
2.085476e-01
2.085476e-01
2.086748e-01
2.086748e-01
2.087787e-01
2.087787e-01
2.091415e-01
2.091415e-01
2.093461e-01
2.093461e-01
2.093800e-01
2.093800e-01
2.095559e-01
2.097112e-01
2.097112e-01
2.098554e-01
2.102300e-01
2.102300e-01
2.102832e-01
2.102832e-01
2.105169e-01
2.105169e-01
2.109812e-01
2.109812e-01
2.110444e-01
2.110444e-01
2.112572e-01
2.112572e-01
2.118845e-01
2.118845e-01
2.120413e-01
2.120538e-01
2.120538e-01
2.122607e-01
2.122607e-01
2.124164e-01
2.124164e-01
2.126585e-01
2.126585e-01
2.126796e-01
2.129382e-01
2.129382e-01
2.133237e-01
2.133237e-01
2.134847e-01
2.134847e-01
2.135045e-01
2.135045e-01
2.136960e-01
2.136960e-01
2.137319e-01
2.137319e-01
2.144006e-01
2.144006e-01
2.147347e-01
2.147347e-01
2.149701e-01
2.149701e-01
2.151287e-01
2.151287e-01
2.152081e-01
2.152081e-01
2.156146e-01
2.156146e-01
2.157475e-01
2.157475e-01
2.164273e-01
2.164273e-01
2.168333e-01
2.168641e-01
2.168641e-01
2.169295e-01
2.169295e-01
2.173963e-01
2.173963e-01
2.181057e-01
2.181057e-01
2.188262e-01
2.188262e-01
2.194296e-01
2.194296e-01
2.196204e-01
2.196204e-01
2.197893e-01
2.197893e-01
2.199419e-01
2.199419e-01
2.202382e-01
2.202382e-01
2.204220e-01
2.204220e-01
2.207625e-01
2.207625e-01
2.209509e-01
2.209509e-01
2.209557e-01
2.209557e-01
2.210755e-01
2.211235e-01
2.217639e-01
2.217639e-01
2.220465e-01
2.220465e-01
2.222455e-01
2.222455e-01
2.224103e-01
2.224103e-01
2.228086e-01
2.228086e-01
2.232185e-01
2.232185e-01
2.233955e-01
2.233955e-01
2.234725e-01
2.234854e-01
2.234854e-01
2.235680e-01
2.235680e-01
2.245802e-01
2.245802e-01
2.248481e-01
2.248481e-01
2.253025e-01
2.253025e-01
2.255337e-01
2.255337e-01
2.256917e-01
2.256917e-01
2.257592e-01
2.258113e-01
2.259927e-01
2.259927e-01
2.263187e-01
2.263187e-01
2.267837e-01
2.268542e-01
2.268542e-01
2.269020e-01
2.269020e-01
2.275683e-01
2.275683e-01
2.277830e-01
2.277830e-01
2.278262e-01
2.278262e-01
2.280266e-01
2.280266e-01
2.280761e-01
2.280761e-01
2.281952e-01
2.285154e-01
2.285154e-01
2.285331e-01
2.285331e-01
2.286011e-01
2.286011e-01
2.287246e-01
2.287246e-01
2.287262e-01
2.287262e-01
2.294315e-01
2.294315e-01
2.297228e-01
2.297228e-01
2.299766e-01
2.299766e-01
2.301888e-01
2.301888e-01
2.308090e-01
2.309248e-01
2.311018e-01
2.311018e-01
2.312690e-01
2.312690e-01
2.320319e-01
2.320319e-01
2.327744e-01
2.327744e-01
2.328955e-01
2.328955e-01
2.333462e-01
2.333462e-01
2.334044e-01
2.334044e-01
2.337901e-01
2.337901e-01
2.342045e-01
2.342045e-01
2.342641e-01
2.342641e-01
2.343357e-01
2.343357e-01
2.344325e-01
2.344325e-01
2.346325e-01
2.346559e-01
2.346559e-01
2.351267e-01
2.351267e-01
2.356023e-01
2.356023e-01
2.357313e-01
2.357313e-01
2.357935e-01
2.361271e-01
2.361271e-01
2.364083e-01
2.364083e-01
2.365736e-01
2.365736e-01
2.368070e-01
2.368070e-01
2.368980e-01
2.372499e-01
2.372499e-01
2.373765e-01
2.373765e-01
2.374291e-01
2.374291e-01
2.374462e-01
2.374462e-01
2.376451e-01
2.376451e-01
2.378588e-01
2.378588e-01
2.383476e-01
2.383476e-01
2.390635e-01
2.390635e-01
2.396793e-01
2.396793e-01
2.399914e-01
2.399914e-01
2.401528e-01
2.401528e-01
2.405003e-01
2.405003e-01
2.409294e-01
2.409294e-01
2.415387e-01
2.415387e-01
2.418892e-01
2.418892e-01
2.419161e-01
2.419161e-01
2.420763e-01
2.420763e-01
2.425139e-01
2.425448e-01
2.425448e-01
2.432336e-01
2.432336e-01
2.433330e-01
2.433330e-01
2.436275e-01
2.436275e-01
2.440326e-01
2.440326e-01
2.442984e-01
2.442984e-01
2.445092e-01
2.445092e-01
2.446148e-01
2.446148e-01
2.452347e-01
2.452347e-01
2.455182e-01
2.455182e-01
2.459005e-01
2.461581e-01
2.461581e-01
2.462829e-01
2.462829e-01
2.465789e-01
2.465789e-01
2.467902e-01
2.467902e-01
2.468032e-01
2.468032e-01
2.476422e-01
2.476422e-01
2.477247e-01
2.477247e-01
2.477834e-01
2.477834e-01
2.478132e-01
2.478132e-01
2.478297e-01
2.478297e-01
2.483840e-01
2.483840e-01
2.485243e-01
2.485243e-01
2.486523e-01
2.486523e-01
2.490975e-01
2.490975e-01
2.491928e-01
2.491928e-01
2.496670e-01
2.497930e-01
2.497930e-01
2.501365e-01
2.501365e-01
2.502312e-01
2.502312e-01
2.505283e-01
2.505283e-01
2.510283e-01
2.510283e-01
2.512987e-01
2.512987e-01
2.513002e-01
2.513002e-01
2.520528e-01
2.520645e-01
2.520645e-01
2.525184e-01
2.525184e-01
2.525811e-01
2.525811e-01
2.528452e-01
2.528452e-01
2.528839e-01
2.528839e-01
2.535603e-01
2.535603e-01
2.542123e-01
2.542123e-01
2.544266e-01
2.544266e-01
2.549298e-01
2.549298e-01
2.550755e-01
2.550755e-01
2.551528e-01
2.551528e-01
2.553330e-01
2.553330e-01
2.557394e-01
2.557572e-01
2.557572e-01
2.557593e-01
2.557593e-01
2.562120e-01
2.562120e-01
2.567886e-01
2.567886e-01
2.568140e-01
2.568140e-01
2.569440e-01
2.569440e-01
2.570499e-01
2.570499e-01
2.571184e-01
2.571184e-01
2.573188e-01
2.573188e-01
2.574216e-01
2.574216e-01
2.579847e-01
2.579847e-01
2.580217e-01
2.580217e-01
2.585902e-01
2.585902e-01
2.586213e-01
2.586213e-01
2.588007e-01
2.588007e-01
2.590431e-01
2.593089e-01
2.593089e-01
2.597994e-01
2.597994e-01
2.602387e-01
2.602387e-01
2.603448e-01
2.603448e-01
2.604629e-01
2.608670e-01
2.608670e-01
2.609103e-01
2.610606e-01
2.610606e-01
2.611003e-01
2.611003e-01
2.612568e-01
2.612568e-01
2.621378e-01
2.626468e-01
2.626468e-01
2.626572e-01
2.626572e-01
2.628333e-01
2.628399e-01
2.628399e-01
2.630558e-01
2.636232e-01
2.636232e-01
2.636752e-01
2.639389e-01
2.639389e-01
2.640582e-01
2.640582e-01
2.643892e-01
2.643892e-01
2.646585e-01
2.646585e-01
2.649036e-01
2.649036e-01
2.654024e-01
2.654024e-01
2.654902e-01
2.654902e-01
2.656964e-01
2.656964e-01
2.658786e-01
2.661367e-01
2.661367e-01
2.663232e-01
2.663232e-01
2.664629e-01
2.664629e-01
2.665067e-01
2.665067e-01
2.667412e-01
2.667412e-01
2.668962e-01
2.668962e-01
2.673266e-01
2.673266e-01
2.677061e-01
2.678702e-01
2.678706e-01
2.678706e-01
2.682163e-01
2.682163e-01
2.687164e-01
2.687164e-01
2.695084e-01
2.695084e-01
2.700134e-01
2.700134e-01
2.702231e-01
2.702231e-01
2.702910e-01
2.704001e-01
2.704001e-01
2.704864e-01
2.704864e-01
2.711887e-01
2.711887e-01
2.712909e-01
2.712909e-01
2.716040e-01
2.716040e-01
2.723720e-01
2.723720e-01
2.725670e-01
2.725670e-01
2.726259e-01
2.726259e-01
2.733660e-01
2.733660e-01
2.734111e-01
2.734111e-01
2.734773e-01
2.734773e-01
2.735598e-01
2.735598e-01
2.738547e-01
2.738547e-01
2.740944e-01
2.743674e-01
2.743674e-01
2.745823e-01
2.747952e-01
2.747952e-01
2.751932e-01
2.751932e-01
2.752819e-01
2.752819e-01
2.754257e-01
2.754257e-01
2.757939e-01
2.757939e-01
2.760080e-01
2.760080e-01
2.761443e-01
2.761443e-01
2.761904e-01
2.761904e-01
2.765466e-01
2.765466e-01
2.780557e-01
2.780557e-01
2.781300e-01
2.781300e-01
2.782261e-01
2.782261e-01
2.782531e-01
2.782531e-01
2.783879e-01
2.784472e-01
2.784472e-01
2.786379e-01
2.786379e-01
2.789525e-01
2.789525e-01
2.790852e-01
2.790852e-01
2.795821e-01
2.795821e-01
2.799025e-01
2.799025e-01
2.800155e-01
2.800155e-01
2.805010e-01
2.805010e-01
2.814883e-01
2.814883e-01
2.821045e-01
2.821045e-01
2.823289e-01
2.823289e-01
2.825215e-01
2.825215e-01
2.825449e-01
2.825449e-01
2.827868e-01
2.827868e-01
2.828211e-01
2.828211e-01
2.829325e-01
2.829325e-01
2.829777e-01
2.832428e-01
2.833837e-01
2.833837e-01
2.837542e-01
2.837542e-01
2.841595e-01
2.841595e-01
2.844105e-01
2.844105e-01
2.844106e-01
2.845986e-01
2.845986e-01
2.851308e-01
2.858440e-01
2.858440e-01
2.864785e-01
2.864785e-01
2.865158e-01
2.865158e-01
2.866302e-01
2.866302e-01
2.867522e-01
2.867522e-01
2.869879e-01
2.869879e-01
2.873260e-01
2.874375e-01
2.874375e-01
2.875705e-01
2.875705e-01
2.878527e-01
2.878527e-01
2.880409e-01
2.880409e-01
2.882860e-01
2.885825e-01
2.885825e-01
2.897896e-01
2.897896e-01
2.899309e-01
2.899309e-01
2.901193e-01
2.902276e-01
2.902276e-01
2.902878e-01
2.902878e-01
2.904294e-01
2.904294e-01
2.904961e-01
2.904961e-01
2.911529e-01
2.911529e-01
2.912754e-01
2.912754e-01
2.918694e-01
2.918694e-01
2.919277e-01
2.919277e-01
2.925214e-01
2.927483e-01
2.927483e-01
2.928824e-01
2.928824e-01
2.928969e-01
2.928969e-01
2.931772e-01
2.935316e-01
2.935316e-01
2.935624e-01
2.935624e-01
2.938200e-01
2.938200e-01
2.940189e-01
2.940189e-01
2.941192e-01
2.941192e-01
2.950847e-01
2.950847e-01
2.954612e-01
2.954612e-01
2.954884e-01
2.954884e-01
2.956830e-01
2.956830e-01
2.958772e-01
2.962835e-01
2.962835e-01
2.964773e-01
2.965453e-01
2.965453e-01
2.966817e-01
2.966817e-01
2.972523e-01
2.972523e-01
2.972550e-01
2.972550e-01
2.974230e-01
2.974230e-01
2.985638e-01
2.985638e-01
2.987747e-01
2.991628e-01
2.991628e-01
2.993529e-01
2.994491e-01
2.994491e-01
3.006492e-01
3.006492e-01
3.006681e-01
3.008100e-01
3.008100e-01
3.010722e-01
3.010722e-01
3.010747e-01
3.010747e-01
3.010953e-01
3.010953e-01
3.017254e-01
3.017254e-01
3.017727e-01
3.017727e-01
3.018260e-01
3.018260e-01
3.018960e-01
3.018960e-01
3.028408e-01
3.028408e-01
3.037270e-01
3.037270e-01
3.037556e-01
3.037556e-01
3.037911e-01
3.037911e-01
3.043970e-01
3.043970e-01
3.046704e-01
3.046704e-01
3.048540e-01
3.048540e-01
3.050101e-01
3.050101e-01
3.058602e-01
3.058602e-01
3.060006e-01
3.060006e-01
3.061252e-01
3.061252e-01
3.061376e-01
3.061376e-01
3.063986e-01
3.063986e-01
3.066372e-01
3.069601e-01
3.069601e-01
3.071251e-01
3.071251e-01
3.074185e-01
3.074185e-01
3.077926e-01
3.077926e-01
3.081576e-01
3.081576e-01
3.085040e-01
3.085040e-01
3.091363e-01
3.091363e-01
3.092049e-01
3.092049e-01
3.092375e-01
3.092375e-01
3.097333e-01
3.097333e-01
3.101050e-01
3.101050e-01
3.101487e-01
3.102199e-01
3.102199e-01
3.105759e-01
3.105759e-01
3.109318e-01
3.109318e-01
3.109689e-01
3.109689e-01
3.118308e-01
3.118308e-01
3.123467e-01
3.123467e-01
3.124378e-01
3.124378e-01
3.130826e-01
3.130826e-01
3.132222e-01
3.132222e-01
3.135619e-01
3.135619e-01
3.137192e-01
3.137192e-01
3.140022e-01
3.140022e-01
3.142517e-01
3.142517e-01
3.142821e-01
3.142821e-01
3.150003e-01
3.150003e-01
3.150918e-01
3.154507e-01
3.154507e-01
3.154923e-01
3.154923e-01
3.162599e-01
3.162599e-01
3.164315e-01
3.164315e-01
3.164699e-01
3.164699e-01
3.170367e-01
3.170367e-01
3.170719e-01
3.170719e-01
3.171721e-01
3.171721e-01
3.175382e-01
3.179485e-01
3.179485e-01
3.181581e-01
3.181581e-01
3.182212e-01
3.182212e-01
3.184502e-01
3.184502e-01
3.194711e-01
3.194711e-01
3.196202e-01
3.196202e-01
3.196976e-01
3.196976e-01
3.197576e-01
3.199839e-01
3.199839e-01
3.201396e-01
3.203643e-01
3.203643e-01
3.206673e-01
3.206673e-01
3.208021e-01
3.208021e-01
3.212340e-01
3.212340e-01
3.215687e-01
3.215687e-01
3.221579e-01
3.221579e-01
3.227509e-01
3.227509e-01
3.231569e-01
3.231569e-01
3.232816e-01
3.232816e-01
3.235142e-01
3.235142e-01
3.243255e-01
3.243255e-01
3.249317e-01
3.249317e-01
3.249375e-01
3.249430e-01
3.249430e-01
3.249922e-01
3.251986e-01
3.252553e-01
3.252553e-01
3.252559e-01
3.252559e-01
3.256630e-01
3.258844e-01
3.258844e-01
3.263278e-01
3.268097e-01
3.268097e-01
3.271896e-01
3.271896e-01
3.273678e-01
3.273678e-01
3.274035e-01
3.274035e-01
3.276460e-01
3.276653e-01
3.276653e-01
3.277816e-01
3.277816e-01
3.280331e-01
3.280331e-01
3.283147e-01
3.283147e-01
3.284066e-01
3.286287e-01
3.286287e-01
3.289631e-01
3.289631e-01
3.292931e-01
3.292931e-01
3.294036e-01
3.301437e-01
3.301437e-01
3.302335e-01
3.310588e-01
3.310588e-01
3.312667e-01
3.312667e-01
3.313906e-01
3.313906e-01
3.317385e-01
3.317385e-01
3.317584e-01
3.317584e-01
3.322865e-01
3.322865e-01
3.325711e-01
3.325711e-01
3.326831e-01
3.326935e-01
3.326935e-01
3.328138e-01
3.328138e-01
3.328522e-01
3.329269e-01
3.329269e-01
3.341562e-01
3.341562e-01
3.344173e-01
3.344173e-01
3.345969e-01
3.345969e-01
3.347770e-01
3.347770e-01
3.350729e-01
3.351128e-01
3.351128e-01
3.364349e-01
3.364349e-01
3.366595e-01
3.366595e-01
3.369195e-01
3.369195e-01
3.373164e-01
3.373164e-01
3.373671e-01
3.373671e-01
3.377670e-01
3.377670e-01
3.377992e-01
3.377992e-01
3.386044e-01
3.386044e-01
3.386265e-01
3.386484e-01
3.386484e-01
3.388559e-01
3.388559e-01
3.395661e-01
3.395661e-01
3.400087e-01
3.400087e-01
3.407411e-01
3.408164e-01
3.408164e-01
3.408699e-01
3.408699e-01
3.417182e-01
3.417182e-01
3.419611e-01
3.419611e-01
3.424854e-01
3.424854e-01
3.427530e-01
3.427530e-01
3.428699e-01
3.428872e-01
3.428872e-01
3.437814e-01
3.437814e-01
3.440020e-01
3.440020e-01
3.443546e-01
3.443546e-01
3.447749e-01
3.449701e-01
3.449701e-01
3.452674e-01
3.452674e-01
3.460703e-01
3.460703e-01
3.462735e-01
3.462735e-01
3.465341e-01
3.465341e-01
3.474312e-01
3.474312e-01
3.475832e-01
3.475832e-01
3.476861e-01
3.476861e-01
3.476964e-01
3.476964e-01
3.480537e-01
3.480537e-01
3.488205e-01
3.488205e-01
3.489075e-01
3.489075e-01
3.492242e-01
3.492242e-01
3.496151e-01
3.496151e-01
3.496695e-01
3.496695e-01
3.500492e-01
3.500492e-01
3.501460e-01
3.501460e-01
3.503249e-01
3.504510e-01
3.504510e-01
3.506138e-01
3.506138e-01
3.510959e-01
3.510959e-01
3.516166e-01
3.521318e-01
3.521318e-01
3.525698e-01
3.525698e-01
3.527145e-01
3.527145e-01
3.527361e-01
3.527361e-01
3.531424e-01
3.531424e-01
3.536194e-01
3.536194e-01
3.537642e-01
3.537642e-01
3.541961e-01
3.541961e-01
3.549913e-01
3.549913e-01
3.559907e-01
3.559907e-01
3.560583e-01
3.560583e-01
3.565161e-01
3.565161e-01
3.567852e-01
3.567852e-01
3.573289e-01
3.573289e-01
3.574870e-01
3.574870e-01
3.576712e-01
3.576712e-01
3.584466e-01
3.584466e-01
3.586805e-01
3.586805e-01
3.588560e-01
3.594039e-01
3.594039e-01
3.594598e-01
3.594758e-01
3.594758e-01
3.598575e-01
3.598575e-01
3.598758e-01
3.599619e-01
3.599619e-01
3.602048e-01
3.602048e-01
3.610464e-01
3.610464e-01
3.615948e-01
3.615948e-01
3.622921e-01
3.622921e-01
3.625615e-01
3.625615e-01
3.628305e-01
3.628305e-01
3.632530e-01
3.632530e-01
3.635289e-01
3.635289e-01
3.637017e-01
3.637017e-01
3.645067e-01
3.645067e-01
3.646748e-01
3.646748e-01
3.653256e-01
3.653256e-01
3.654833e-01
3.656829e-01
3.663867e-01
3.663867e-01
3.664425e-01
3.664425e-01
3.676429e-01
3.676429e-01
3.677679e-01
3.677679e-01
3.681854e-01
3.682369e-01
3.682369e-01
3.682964e-01
3.682964e-01
3.683189e-01
3.683189e-01
3.688161e-01
3.688161e-01
3.689766e-01
3.689766e-01
3.697310e-01
3.697310e-01
3.700495e-01
3.700495e-01
3.708288e-01
3.708288e-01
3.713803e-01
3.713803e-01
3.724861e-01
3.724861e-01
3.728750e-01
3.728750e-01
3.731581e-01
3.731581e-01
3.737646e-01
3.740984e-01
3.740984e-01
3.742990e-01
3.748722e-01
3.751654e-01
3.751654e-01
3.751845e-01
3.751845e-01
3.755728e-01
3.755728e-01
3.759094e-01
3.759094e-01
3.764240e-01
3.764240e-01
3.768559e-01
3.768559e-01
3.769738e-01
3.769738e-01
3.777835e-01
3.777835e-01
3.779095e-01
3.783028e-01
3.783028e-01
3.786945e-01
3.786945e-01
3.789153e-01
3.789153e-01
3.790493e-01
3.791190e-01
3.791190e-01
3.800103e-01
3.800103e-01
3.802869e-01
3.802869e-01
3.803390e-01
3.803390e-01
3.806942e-01
3.806942e-01
3.810785e-01
3.810785e-01
3.828048e-01
3.828048e-01
3.831186e-01
3.831186e-01
3.832039e-01
3.832039e-01
3.834463e-01
3.834463e-01
3.836513e-01
3.836513e-01
3.841407e-01
3.841407e-01
3.841941e-01
3.841941e-01
3.849424e-01
3.849424e-01
3.853010e-01
3.853010e-01
3.862352e-01
3.862352e-01
3.863723e-01
3.864947e-01
3.864947e-01
3.869129e-01
3.869129e-01
3.870974e-01
3.871921e-01
3.871921e-01
3.879221e-01
3.879221e-01
3.884422e-01
3.884422e-01
3.885290e-01
3.893830e-01
3.893830e-01
3.900676e-01
3.900676e-01
3.905899e-01
3.913366e-01
3.913366e-01
3.913857e-01
3.913857e-01
3.916321e-01
3.916321e-01
3.920330e-01
3.920330e-01
3.922786e-01
3.922786e-01
3.926071e-01
3.926071e-01
3.929630e-01
3.929630e-01
3.939332e-01
3.939332e-01
3.946114e-01
3.946114e-01
3.952591e-01
3.953807e-01
3.953807e-01
3.956404e-01
3.956404e-01
3.958059e-01
3.979812e-01
3.979812e-01
3.981496e-01
3.981496e-01
3.982943e-01
3.982943e-01
3.983727e-01
3.983727e-01
3.989362e-01
3.989362e-01
3.989814e-01
3.989814e-01
3.994299e-01
3.994299e-01
4.000647e-01
4.000647e-01
4.010955e-01
4.014925e-01
4.015755e-01
4.015755e-01
4.018374e-01
4.018374e-01
4.024988e-01
4.024988e-01
4.030564e-01
4.030564e-01
4.030874e-01
4.030874e-01
4.031567e-01
4.031567e-01
4.038785e-01
4.053457e-01
4.053457e-01
4.055442e-01
4.055442e-01
4.055605e-01
4.055605e-01
4.055909e-01
4.055909e-01
4.057199e-01
4.071745e-01
4.071745e-01
4.072932e-01
4.072932e-01
4.097086e-01
4.097086e-01
4.099872e-01
4.099872e-01
4.105645e-01
4.105645e-01
4.109038e-01
4.109038e-01
4.124259e-01
4.124259e-01
4.128826e-01
4.128826e-01
4.135548e-01
4.136983e-01
4.136983e-01
4.142658e-01
4.142658e-01
4.143501e-01
4.143501e-01
4.151094e-01
4.151094e-01
4.151344e-01
4.151344e-01
4.153868e-01
4.153868e-01
4.168772e-01
4.168772e-01
4.173099e-01
4.173099e-01
4.176663e-01
4.176663e-01
4.183324e-01
4.183324e-01
4.192671e-01
4.192671e-01
4.195719e-01
4.203065e-01
4.203065e-01
4.207101e-01
4.207101e-01
4.209704e-01
4.209704e-01
4.209800e-01
4.209800e-01
4.214054e-01
4.214054e-01
4.218578e-01
4.218578e-01
4.223523e-01
4.223523e-01
4.224811e-01
4.224811e-01
4.227663e-01
4.227663e-01
4.230489e-01
4.230489e-01
4.230697e-01
4.230697e-01
4.236753e-01
4.236753e-01
4.237486e-01
4.237486e-01
4.239571e-01
4.247693e-01
4.247693e-01
4.266835e-01
4.266835e-01
4.268935e-01
4.268935e-01
4.270010e-01
4.270010e-01
4.275104e-01
4.276861e-01
4.276861e-01
4.278286e-01
4.278286e-01
4.287266e-01
4.287266e-01
4.292104e-01
4.292104e-01
4.303051e-01
4.303051e-01
4.307210e-01
4.319623e-01
4.319623e-01
4.321386e-01
4.321386e-01
4.337694e-01
4.338846e-01
4.338846e-01
4.339783e-01
4.339783e-01
4.348018e-01
4.348018e-01
4.355247e-01
4.355247e-01
4.356752e-01
4.356752e-01
4.357268e-01
4.357268e-01
4.360248e-01
4.362397e-01
4.362397e-01
4.375175e-01
4.375175e-01
4.386116e-01
4.389343e-01
4.389343e-01
4.390303e-01
4.390303e-01
4.399564e-01
4.399564e-01
4.412840e-01
4.413664e-01
4.413664e-01
4.420422e-01
4.420422e-01
4.423773e-01
4.429964e-01
4.429964e-01
4.433000e-01
4.433000e-01
4.440505e-01
4.440505e-01
4.440511e-01
4.441849e-01
4.441849e-01
4.463677e-01
4.463677e-01
4.465947e-01
4.465947e-01
4.469178e-01
4.469178e-01
4.473407e-01
4.473407e-01
4.480111e-01
4.480111e-01
4.487975e-01
4.495673e-01
4.495673e-01
4.497464e-01
4.497464e-01
4.498506e-01
4.498506e-01
4.500092e-01
4.500092e-01
4.509584e-01
4.509584e-01
4.512819e-01
4.512819e-01
4.513808e-01
4.513808e-01
4.521171e-01
4.521171e-01
4.526627e-01
4.526627e-01
4.543219e-01
4.543219e-01
4.559014e-01
4.559014e-01
4.572879e-01
4.572879e-01
4.574339e-01
4.574339e-01
4.580086e-01
4.580086e-01
4.586625e-01
4.589912e-01
4.589912e-01
4.594043e-01
4.594043e-01
4.595551e-01
4.595551e-01
4.605297e-01
4.605297e-01
4.607165e-01
4.608445e-01
4.608445e-01
4.618959e-01
4.618959e-01
4.637247e-01
4.637247e-01
4.637381e-01
4.637381e-01
4.641347e-01
4.641347e-01
4.664005e-01
4.664005e-01
4.667322e-01
4.667322e-01
4.675127e-01
4.675127e-01
4.683808e-01
4.683808e-01
4.690283e-01
4.690283e-01
4.691133e-01
4.691133e-01
4.697016e-01
4.699991e-01
4.699991e-01
4.707218e-01
4.712127e-01
4.712127e-01
4.717363e-01
4.717363e-01
4.719462e-01
4.719462e-01
4.720589e-01
4.720589e-01
4.725767e-01
4.725767e-01
4.741570e-01
4.741570e-01
4.745944e-01
4.745944e-01
4.753865e-01
4.753865e-01
4.763215e-01
4.763215e-01
4.763478e-01
4.771463e-01
4.771463e-01
4.784554e-01
4.784999e-01
4.784999e-01
4.787212e-01
4.805200e-01
4.805200e-01
4.819642e-01
4.819642e-01
4.821844e-01
4.821844e-01
4.826940e-01
4.826940e-01
4.830441e-01
4.830441e-01
4.850542e-01
4.850542e-01
4.854915e-01
4.854915e-01
4.865108e-01
4.865108e-01
4.896045e-01
4.897585e-01
4.897585e-01
4.906930e-01
4.906930e-01
4.911622e-01
4.911622e-01
4.915042e-01
4.923202e-01
4.923202e-01
4.930642e-01
4.930642e-01
4.938184e-01
4.938184e-01
4.948256e-01
4.948256e-01
4.949960e-01
4.957509e-01
4.957509e-01
4.963018e-01
4.963018e-01
4.975834e-01
4.975834e-01
4.978429e-01
4.978429e-01
4.981165e-01
4.981165e-01
4.982149e-01
4.982149e-01
5.002220e-01
5.002220e-01
5.006498e-01
5.017864e-01
5.017864e-01
5.018771e-01
5.018787e-01
5.018787e-01
5.023665e-01
5.023665e-01
5.035866e-01
5.035866e-01
5.047405e-01
5.047405e-01
5.053052e-01
5.053052e-01
5.067042e-01
5.067042e-01
5.068096e-01
5.068096e-01
5.085940e-01
5.085940e-01
5.095540e-01
5.095540e-01
5.097184e-01
5.097184e-01
5.109642e-01
5.114097e-01
5.114097e-01
5.120515e-01
5.120515e-01
5.126940e-01
5.126940e-01
5.137550e-01
5.137550e-01
5.140237e-01
5.140237e-01
5.147134e-01
5.147134e-01
5.147898e-01
5.147898e-01
5.148942e-01
5.148942e-01
5.149799e-01
5.149799e-01
5.164146e-01
5.164146e-01
5.174596e-01
5.174596e-01
5.175539e-01
5.175539e-01
5.176546e-01
5.176546e-01
5.187853e-01
5.187853e-01
5.201078e-01
5.223733e-01
5.223733e-01
5.224544e-01
5.224544e-01
5.227959e-01
5.228975e-01
5.228975e-01
5.233253e-01
5.233438e-01
5.233438e-01
5.240660e-01
5.240660e-01
5.249573e-01
5.253181e-01
5.253181e-01
5.258204e-01
5.258204e-01
5.259098e-01
5.259098e-01
5.265289e-01
5.265289e-01
5.273465e-01
5.273465e-01
5.289499e-01
5.289499e-01
5.297790e-01
5.297790e-01
5.300426e-01
5.300426e-01
5.325370e-01
5.325370e-01
5.326709e-01
5.326709e-01
5.328419e-01
5.328419e-01
5.332252e-01
5.338080e-01
5.360484e-01
5.360484e-01
5.367036e-01
5.367036e-01
5.369071e-01
5.369071e-01
5.369714e-01
5.370892e-01
5.370892e-01
5.381732e-01
5.393080e-01
5.393080e-01
5.395961e-01
5.395961e-01
5.408375e-01
5.418081e-01
5.418081e-01
5.432096e-01
5.432096e-01
5.442636e-01
5.442636e-01
5.447444e-01
5.447444e-01
5.454650e-01
5.464350e-01
5.464350e-01
5.467367e-01
5.470920e-01
5.470920e-01
5.478639e-01
5.504053e-01
5.504053e-01
5.509434e-01
5.509434e-01
5.519706e-01
5.519706e-01
5.523915e-01
5.561883e-01
5.562624e-01
5.562624e-01
5.563391e-01
5.563391e-01
5.573996e-01
5.573996e-01
5.588051e-01
5.588051e-01
5.590343e-01
5.590343e-01
5.590857e-01
5.590857e-01
5.604441e-01
5.604441e-01
5.612449e-01
5.612449e-01
5.616249e-01
5.616249e-01
5.622560e-01
5.622560e-01
5.632540e-01
5.632540e-01
5.635275e-01
5.635275e-01
5.653050e-01
5.653050e-01
5.680738e-01
5.680738e-01
5.687720e-01
5.690005e-01
5.690005e-01
5.704594e-01
5.704594e-01
5.708405e-01
5.708405e-01
5.714491e-01
5.714491e-01
5.726993e-01
5.726993e-01
5.729216e-01
5.729216e-01
5.755228e-01
5.755228e-01
5.761644e-01
5.761644e-01
5.778509e-01
5.778509e-01
5.787255e-01
5.787255e-01
5.793061e-01
5.793061e-01
5.794600e-01
5.794600e-01
5.795511e-01
5.795511e-01
5.803721e-01
5.862849e-01
5.862849e-01
5.873335e-01
5.873335e-01
5.882162e-01
5.882162e-01
5.890292e-01
5.890292e-01
5.897491e-01
5.897491e-01
5.911305e-01
5.911305e-01
5.923057e-01
5.923057e-01
5.924614e-01
5.924614e-01
5.934957e-01
5.934957e-01
5.937157e-01
5.937157e-01
5.939050e-01
5.939050e-01
5.940596e-01
5.943391e-01
5.947710e-01
5.947710e-01
5.951151e-01
5.951151e-01
5.953125e-01
5.953125e-01
5.960286e-01
5.960286e-01
5.985087e-01
5.985087e-01
5.987722e-01
5.987722e-01
6.013449e-01
6.013449e-01
6.018441e-01
6.018441e-01
6.019653e-01
6.036889e-01
6.036889e-01
6.041210e-01
6.041210e-01
6.060635e-01
6.065071e-01
6.065071e-01
6.075916e-01
6.075916e-01
6.082421e-01
6.085252e-01
6.085252e-01
6.089210e-01
6.089210e-01
6.106186e-01
6.106186e-01
6.112622e-01
6.112622e-01
6.113695e-01
6.135941e-01
6.135941e-01
6.148170e-01
6.148170e-01
6.154188e-01
6.154188e-01
6.168071e-01
6.173042e-01
6.176467e-01
6.176467e-01
6.181049e-01
6.181049e-01
6.236782e-01
6.241480e-01
6.241480e-01
6.242333e-01
6.242333e-01
6.254278e-01
6.254278e-01
6.258920e-01
6.258920e-01
6.266205e-01
6.266205e-01
6.267228e-01
6.267228e-01
6.279073e-01
6.279073e-01
6.289204e-01
6.289204e-01
6.291270e-01
6.291270e-01
6.306217e-01
6.306217e-01
6.308782e-01
6.308782e-01
6.316851e-01
6.328399e-01
6.341578e-01
6.341578e-01
6.360455e-01
6.360455e-01
6.381283e-01
6.381283e-01
6.421967e-01
6.444230e-01
6.444230e-01
6.461040e-01
6.461040e-01
6.491687e-01
6.501197e-01
6.531215e-01
6.531215e-01
6.537996e-01
6.537996e-01
6.542064e-01
6.542064e-01
6.542608e-01
6.542608e-01
6.557960e-01
6.557960e-01
6.586620e-01
6.586620e-01
6.599162e-01
6.605051e-01
6.612568e-01
6.612568e-01
6.614886e-01
6.617629e-01
6.634856e-01
6.634856e-01
6.637389e-01
6.637389e-01
6.637878e-01
6.637878e-01
6.649739e-01
6.649739e-01
6.672916e-01
6.672916e-01
6.717774e-01
6.717774e-01
6.719350e-01
6.719350e-01
6.721255e-01
6.721255e-01
6.722199e-01
6.722199e-01
6.736180e-01
6.736180e-01
6.754883e-01
6.754883e-01
6.774190e-01
6.774190e-01
6.792162e-01
6.799739e-01
6.822770e-01
6.822770e-01
6.836395e-01
6.836395e-01
6.836423e-01
6.842931e-01
6.842931e-01
6.849142e-01
6.849142e-01
6.869070e-01
6.869070e-01
6.881619e-01
6.897984e-01
6.897984e-01
6.914596e-01
6.914596e-01
6.920926e-01
6.920926e-01
6.928060e-01
6.947229e-01
6.947229e-01
6.988972e-01
6.992589e-01
7.009634e-01
7.009634e-01
7.013137e-01
7.013137e-01
7.013818e-01
7.013818e-01
7.029427e-01
7.029427e-01
7.069779e-01
7.069779e-01
7.100848e-01
7.100848e-01
7.125073e-01
7.125073e-01
7.164526e-01
7.164526e-01
7.204509e-01
7.204509e-01
7.223233e-01
7.223233e-01
7.245731e-01
7.245731e-01
7.252021e-01
7.252021e-01
7.262655e-01
7.262655e-01
7.280282e-01
7.280282e-01
7.344841e-01
7.345926e-01
7.345926e-01
7.346506e-01
7.346506e-01
7.354353e-01
7.354353e-01
7.384332e-01
7.384332e-01
7.424847e-01
7.424847e-01
7.427725e-01
7.445704e-01
7.445704e-01
7.535560e-01
7.535560e-01
7.538584e-01
7.538584e-01
7.544860e-01
7.544860e-01
7.562183e-01
7.562183e-01
7.608974e-01
7.608974e-01
7.621385e-01
7.621385e-01
7.632648e-01
7.632648e-01
7.669945e-01
7.669945e-01
7.714920e-01
7.714920e-01
7.734652e-01
7.816187e-01
7.816187e-01
7.843940e-01
7.843940e-01
7.866832e-01
7.866832e-01
7.889292e-01
7.889292e-01
7.943678e-01
7.952879e-01
7.952879e-01
8.013157e-01
8.039302e-01
8.039302e-01
8.050849e-01
8.093552e-01
8.147487e-01
8.147487e-01
8.221454e-01
8.603116e-01
8.603116e-01
8.615000e-01
8.615000e-01
8.652526e-01
8.652526e-01
8.690001e-01
8.690001e-01
8.708670e-01
8.708670e-01
8.742738e-01
8.742738e-01
8.859602e-01
8.859602e-01
8.865212e-01
8.865212e-01
8.882000e-01
8.882000e-01
8.885438e-01
8.885438e-01
8.903897e-01
8.903897e-01
8.911132e-01
8.911132e-01
9.535524e-01
9.535524e-01
9.544196e-01
9.544196e-01
9.570248e-01
9.570248e-01
9.571809e-01
9.571809e-01
9.604030e-01
9.604030e-01
9.613068e-01
9.613068e-01
9.953657e-01
9.953657e-01
9.958947e-01
9.958947e-01
9.974664e-01
9.974664e-01
9.974853e-01
9.974853e-01
9.995298e-01
9.995298e-01
1.000000e+00
1.000000e+00
