# SF-29 C-i4 candidate (i) i1o4 field=gauss eps=1 N=12: sorted relative singular values of the dense central-FD Jacobian at the oracle state (rows F_i=-q(L_i-S_i); outlet rows (2q/h)(vperp_in-c_perp); smax=3.443568e+05)
3.038397e-08
3.088464e-07
5.227626e-07
7.442409e-07
9.801723e-07
1.593112e-06
1.834959e-06
2.306962e-06
2.359226e-06
2.874319e-06
3.187697e-06
3.331258e-06
4.012251e-06
4.166006e-06
4.463587e-06
4.880177e-06
4.993210e-06
5.290500e-06
5.850710e-06
6.313209e-06
6.506364e-06
6.993637e-06
7.062738e-06
7.269111e-06
7.766225e-06
8.300080e-06
8.879468e-06
9.067490e-06
9.322674e-06
9.524215e-06
1.014126e-05
1.026791e-05
1.081888e-05
1.107464e-05
1.149367e-05
1.167207e-05
1.228601e-05
1.284199e-05
1.324700e-05
1.350465e-05
1.371082e-05
1.431785e-05
1.440975e-05
1.488072e-05
1.541549e-05
1.575246e-05
1.596211e-05
1.642512e-05
1.672514e-05
1.732412e-05
1.747821e-05
1.783607e-05
1.870414e-05
1.909001e-05
1.932695e-05
1.957438e-05
1.997691e-05
2.076165e-05
2.091636e-05
2.130737e-05
2.164537e-05
2.208992e-05
2.243940e-05
2.333028e-05
2.403505e-05
2.448690e-05
2.498524e-05
2.510644e-05
2.585321e-05
2.599176e-05
2.668047e-05
2.688618e-05
2.707342e-05
2.798194e-05
2.811772e-05
2.951321e-05
2.968975e-05
2.987031e-05
3.027231e-05
3.074916e-05
3.102721e-05
3.147181e-05
3.194474e-05
3.228859e-05
3.275917e-05
3.334455e-05
3.346395e-05
3.438292e-05
3.480774e-05
3.517916e-05
3.608257e-05
3.641034e-05
3.679937e-05
3.712780e-05
3.780851e-05
3.823086e-05
3.848362e-05
3.898244e-05
3.950042e-05
3.986767e-05
4.049652e-05
4.072305e-05
4.123653e-05
4.152362e-05
4.213480e-05
4.238615e-05
4.290394e-05
4.360039e-05
4.409361e-05
4.434963e-05
4.509183e-05
4.524623e-05
4.557143e-05
4.624792e-05
4.704323e-05
4.758214e-05
4.792445e-05
4.850336e-05
4.913887e-05
4.986436e-05
5.031999e-05
5.060907e-05
5.125580e-05
5.163174e-05
5.278412e-05
5.285372e-05
5.394656e-05
5.402150e-05
5.445719e-05
5.458492e-05
5.533456e-05
5.624462e-05
5.679253e-05
5.701657e-05
5.754970e-05
5.802771e-05
5.849746e-05
6.000714e-05
6.011498e-05
6.076055e-05
6.108823e-05
6.183949e-05
6.201063e-05
6.251187e-05
6.273072e-05
6.320626e-05
6.372998e-05
6.461978e-05
6.508620e-05
6.574675e-05
6.608790e-05
6.641262e-05
6.684992e-05
6.754820e-05
6.763419e-05
6.828895e-05
6.879051e-05
6.900313e-05
6.942602e-05
7.053192e-05
7.090010e-05
7.239527e-05
7.253661e-05
7.295039e-05
7.333599e-05
7.370298e-05
7.455943e-05
7.460347e-05
7.505139e-05
7.544216e-05
7.634633e-05
7.694045e-05
7.721665e-05
7.816236e-05
7.874284e-05
7.902277e-05
8.001326e-05
8.032323e-05
8.116811e-05
8.146868e-05
8.209833e-05
8.253377e-05
8.313643e-05
8.381395e-05
8.427497e-05
8.439133e-05
8.493918e-05
8.543784e-05
8.602531e-05
8.661941e-05
8.747845e-05
8.799510e-05
8.863778e-05
9.004782e-05
9.018037e-05
9.027920e-05
9.076829e-05
9.124789e-05
9.165649e-05
9.201442e-05
9.295635e-05
9.390716e-05
9.454259e-05
9.505748e-05
9.540014e-05
9.637240e-05
9.722400e-05
9.730746e-05
9.780848e-05
9.845183e-05
9.937720e-05
9.976287e-05
1.002359e-04
1.009490e-04
1.011924e-04
1.017249e-04
1.024494e-04
1.028693e-04
1.031408e-04
1.037195e-04
1.040246e-04
1.047635e-04
1.054760e-04
1.066818e-04
1.075691e-04
1.076310e-04
1.088479e-04
1.096660e-04
1.102478e-04
1.108317e-04
1.112080e-04
1.116575e-04
1.120628e-04
1.121621e-04
1.130381e-04
1.132610e-04
1.143352e-04
1.145446e-04
1.155085e-04
1.160368e-04
1.164636e-04
1.176170e-04
1.179384e-04
1.182418e-04
1.185583e-04
1.197959e-04
1.202457e-04
1.207869e-04
1.213612e-04
1.222720e-04
1.225009e-04
1.232752e-04
1.237720e-04
1.242501e-04
1.250909e-04
1.259741e-04
1.265592e-04
1.267922e-04
1.273098e-04
1.283033e-04
1.291893e-04
1.295942e-04
1.299309e-04
1.300836e-04
1.314387e-04
1.315567e-04
1.322020e-04
1.323367e-04
1.331286e-04
1.336074e-04
1.344255e-04
1.353019e-04
1.356009e-04
1.361751e-04
1.368445e-04
1.373889e-04
1.377601e-04
1.385020e-04
1.390596e-04
1.402299e-04
1.405339e-04
1.414263e-04
1.415514e-04
1.422647e-04
1.428464e-04
1.429720e-04
1.442092e-04
1.446302e-04
1.447882e-04
1.451044e-04
1.466354e-04
1.472576e-04
1.477845e-04
1.481939e-04
1.490547e-04
1.496358e-04
1.499974e-04
1.506846e-04
1.511996e-04
1.514518e-04
1.519678e-04
1.531507e-04
1.536663e-04
1.541284e-04
1.542970e-04
1.555387e-04
1.564935e-04
1.566321e-04
1.570689e-04
1.581054e-04
1.587766e-04
1.594925e-04
1.596720e-04
1.600077e-04
1.604431e-04
1.612951e-04
1.618480e-04
1.629339e-04
1.637030e-04
1.640448e-04
1.642722e-04
1.648501e-04
1.653982e-04
1.660074e-04
1.671417e-04
1.679202e-04
1.683437e-04
1.687879e-04
1.692863e-04
1.701083e-04
1.708956e-04
1.720134e-04
1.725531e-04
1.726130e-04
1.739270e-04
1.746919e-04
1.748677e-04
1.757078e-04
1.763436e-04
1.772207e-04
1.774538e-04
1.776814e-04
1.785383e-04
1.790300e-04
1.792051e-04
1.800611e-04
1.810440e-04
1.818573e-04
1.823592e-04
1.832347e-04
1.847280e-04
1.853808e-04
1.856551e-04
1.864852e-04
1.867929e-04
1.873762e-04
1.881872e-04
1.887582e-04
1.892335e-04
1.902975e-04
1.904328e-04
1.912451e-04
1.922369e-04
1.926130e-04
1.935756e-04
1.941042e-04
1.943760e-04
1.945890e-04
1.954626e-04
1.966241e-04
1.970392e-04
1.981910e-04
1.985049e-04
1.993197e-04
1.997378e-04
2.003515e-04
2.010361e-04
2.023770e-04
2.025508e-04
2.037373e-04
2.045042e-04
2.047196e-04
2.050759e-04
2.054452e-04
2.065228e-04
2.069170e-04
2.080830e-04
2.085768e-04
2.095321e-04
2.098533e-04
2.105675e-04
2.109173e-04
2.118808e-04
2.123760e-04
2.126652e-04
2.134690e-04
2.135806e-04
2.143331e-04
2.158508e-04
2.166255e-04
2.169061e-04
2.174510e-04
2.176014e-04
2.183464e-04
2.188822e-04
2.195057e-04
2.204892e-04
2.211731e-04
2.225306e-04
2.226478e-04
2.227759e-04
2.232140e-04
2.239342e-04
2.246654e-04
2.255870e-04
2.262803e-04
2.271329e-04
2.275228e-04
2.277675e-04
2.288419e-04
2.292060e-04
2.301100e-04
2.308996e-04
2.317982e-04
2.324976e-04
2.332165e-04
2.333124e-04
2.339222e-04
2.343599e-04
2.345703e-04
2.358197e-04
2.362874e-04
2.364523e-04
2.372024e-04
2.379710e-04
2.389717e-04
2.398532e-04
2.404954e-04
2.412724e-04
2.417219e-04
2.423354e-04
2.434445e-04
2.442825e-04
2.447227e-04
2.453146e-04
2.453753e-04
2.460215e-04
2.466441e-04
2.469221e-04
2.490261e-04
2.491201e-04
2.497190e-04
2.502726e-04
2.513918e-04
2.517109e-04
2.523194e-04
2.528315e-04
2.541236e-04
2.546028e-04
2.560906e-04
2.564368e-04
2.569126e-04
2.574214e-04
2.578687e-04
2.586300e-04
2.594561e-04
2.598907e-04
2.612952e-04
2.620789e-04
2.624595e-04
2.628822e-04
2.636676e-04
2.640137e-04
2.642844e-04
2.649307e-04
2.659945e-04
2.670897e-04
2.684581e-04
2.692798e-04
2.695633e-04
2.698840e-04
2.703615e-04
2.708731e-04
2.715530e-04
2.722231e-04
2.728181e-04
2.735390e-04
2.736803e-04
2.747351e-04
2.756561e-04
2.762393e-04
2.769200e-04
2.772972e-04
2.779889e-04
2.789357e-04
2.791448e-04
2.797184e-04
2.809017e-04
2.816714e-04
2.825769e-04
2.829184e-04
2.833213e-04
2.842931e-04
2.851344e-04
2.856389e-04
2.865722e-04
2.869398e-04
2.871599e-04
2.880116e-04
2.886134e-04
2.903321e-04
2.909950e-04
2.916490e-04
2.925046e-04
2.929662e-04
2.932286e-04
2.939958e-04
2.952377e-04
2.957775e-04
2.960445e-04
2.970262e-04
2.971524e-04
2.977398e-04
2.987383e-04
2.993502e-04
3.000546e-04
3.009351e-04
3.016949e-04
3.023146e-04
3.026724e-04
3.040475e-04
3.043239e-04
3.055736e-04
3.064323e-04
3.066959e-04
3.076793e-04
3.084234e-04
3.087880e-04
3.100766e-04
3.110842e-04
3.119438e-04
3.121914e-04
3.129280e-04
3.131360e-04
3.140936e-04
3.144670e-04
3.151460e-04
3.166002e-04
3.168911e-04
3.182921e-04
3.185439e-04
3.192505e-04
3.197225e-04
3.207055e-04
3.211817e-04
3.214976e-04
3.221641e-04
3.239230e-04
3.242857e-04
3.252402e-04
3.254677e-04
3.263197e-04
3.267603e-04
3.282801e-04
3.287882e-04
3.296035e-04
3.300904e-04
3.308401e-04
3.314149e-04
3.321291e-04
3.329162e-04
3.343093e-04
3.349250e-04
3.357356e-04
3.360193e-04
3.369310e-04
3.376135e-04
3.382758e-04
3.386391e-04
3.389752e-04
3.397155e-04
3.408375e-04
3.414952e-04
3.418143e-04
3.420371e-04
3.437097e-04
3.454520e-04
3.455813e-04
3.465425e-04
3.469630e-04
3.485284e-04
3.490197e-04
3.499076e-04
3.513484e-04
3.516576e-04
3.521654e-04
3.524411e-04
3.527021e-04
3.531794e-04
3.541519e-04
3.552215e-04
3.557364e-04
3.563020e-04
3.569019e-04
3.578399e-04
3.582349e-04
3.595117e-04
3.600712e-04
3.610424e-04
3.615098e-04
3.619853e-04
3.625590e-04
3.634236e-04
3.648459e-04
3.649989e-04
3.657427e-04
3.670266e-04
3.678132e-04
3.680866e-04
3.690075e-04
3.692221e-04
3.701912e-04
3.704606e-04
3.708699e-04
3.723040e-04
3.729399e-04
3.733997e-04
3.738682e-04
3.747121e-04
3.762882e-04
3.774727e-04
3.784046e-04
3.789294e-04
3.794483e-04
3.800274e-04
3.805291e-04
3.816354e-04
3.819029e-04
3.826315e-04
3.831050e-04
3.837749e-04
3.851313e-04
3.853731e-04
3.863524e-04
3.867494e-04
3.887128e-04
3.891455e-04
3.892884e-04
3.902484e-04
3.905849e-04
3.928798e-04
3.934142e-04
3.939135e-04
3.944894e-04
3.953413e-04
3.960330e-04
3.968876e-04
3.973631e-04
3.981967e-04
3.990175e-04
3.997698e-04
4.002467e-04
4.004148e-04
4.019006e-04
4.024518e-04
4.033786e-04
4.044754e-04
4.052331e-04
4.055765e-04
4.066130e-04
4.083285e-04
4.087249e-04
4.096184e-04
4.100722e-04
4.110587e-04
4.119350e-04
4.128286e-04
4.133884e-04
4.143264e-04
4.145935e-04
4.151430e-04
4.164004e-04
4.166612e-04
4.179710e-04
4.194278e-04
4.195217e-04
4.198174e-04
4.206236e-04
4.217379e-04
4.227578e-04
4.236319e-04
4.243603e-04
4.257430e-04
4.261449e-04
4.274993e-04
4.278063e-04
4.291519e-04
4.303249e-04
4.304892e-04
4.312977e-04
4.316923e-04
4.322527e-04
4.340043e-04
4.342478e-04
4.344088e-04
4.351878e-04
4.362026e-04
4.368946e-04
4.379020e-04
4.383342e-04
4.393179e-04
4.398541e-04
4.406465e-04
4.419565e-04
4.422304e-04
4.424841e-04
4.442562e-04
4.451217e-04
4.465082e-04
4.479287e-04
4.486940e-04
4.495595e-04
4.498222e-04
4.503273e-04
4.510993e-04
4.515513e-04
4.524867e-04
4.530704e-04
4.534860e-04
4.552395e-04
4.560949e-04
4.563117e-04
4.571101e-04
4.589388e-04
4.599222e-04
4.606195e-04
4.611258e-04
4.621943e-04
4.627526e-04
4.630266e-04
4.645598e-04
4.647410e-04
4.651571e-04
4.666124e-04
4.681529e-04
4.693224e-04
4.695544e-04
4.707137e-04
4.715645e-04
4.717545e-04
4.736900e-04
4.744632e-04
4.751141e-04
4.766619e-04
4.775675e-04
4.777456e-04
4.781842e-04
4.793411e-04
4.804742e-04
4.812322e-04
4.815875e-04
4.817964e-04
4.841458e-04
4.851261e-04
4.852276e-04
4.861142e-04
4.872509e-04
4.883025e-04
4.886236e-04
4.893655e-04
4.900547e-04
4.902852e-04
4.918775e-04
4.935219e-04
4.942752e-04
4.945006e-04
4.958828e-04
4.964923e-04
4.970690e-04
4.975648e-04
4.989952e-04
4.999167e-04
5.013812e-04
5.027740e-04
5.031296e-04
5.038007e-04
5.046820e-04
5.057872e-04
5.059757e-04
5.069584e-04
5.076413e-04
5.090094e-04
5.094669e-04
5.098476e-04
5.108176e-04
5.114618e-04
5.126620e-04
5.131511e-04
5.144439e-04
5.157488e-04
5.165065e-04
5.173649e-04
5.183457e-04
5.188829e-04
5.193975e-04
5.195519e-04
5.217160e-04
5.221408e-04
5.230511e-04
5.235434e-04
5.244984e-04
5.262172e-04
5.266084e-04
5.270408e-04
5.279805e-04
5.286467e-04
5.301205e-04
5.317703e-04
5.324335e-04
5.337374e-04
5.339674e-04
5.346498e-04
5.355855e-04
5.366542e-04
5.368731e-04
5.374823e-04
5.395738e-04
5.400158e-04
5.403938e-04
5.415484e-04
5.424655e-04
5.430843e-04
5.439003e-04
5.457963e-04
5.468027e-04
5.474974e-04
5.488572e-04
5.493914e-04
5.504397e-04
5.510018e-04
5.518993e-04
5.532049e-04
5.541584e-04
5.547275e-04
5.554119e-04
5.561806e-04
5.567154e-04
5.586227e-04
5.593703e-04
5.612002e-04
5.615934e-04
5.622166e-04
5.633889e-04
5.645429e-04
5.655042e-04
5.660167e-04
5.665927e-04
5.676806e-04
5.687935e-04
5.691090e-04
5.702334e-04
5.712548e-04
5.723816e-04
5.730254e-04
5.739045e-04
5.750517e-04
5.762903e-04
5.772850e-04
5.778831e-04
5.786649e-04
5.793130e-04
5.808724e-04
5.811610e-04
5.821554e-04
5.834968e-04
5.845317e-04
5.854396e-04
5.860852e-04
5.866493e-04
5.875256e-04
5.887105e-04
5.906707e-04
5.908502e-04
5.915497e-04
5.935604e-04
5.942494e-04
5.949439e-04
5.955921e-04
5.965338e-04
5.971814e-04
5.978368e-04
5.995054e-04
6.005833e-04
6.029401e-04
6.034238e-04
6.036745e-04
6.041108e-04
6.057693e-04
6.062920e-04
6.067981e-04
6.073140e-04
6.085120e-04
6.098650e-04
6.109173e-04
6.112869e-04
6.126449e-04
6.135066e-04
6.140514e-04
6.157474e-04
6.159494e-04
6.165201e-04
6.173897e-04
6.183384e-04
6.190472e-04
6.195420e-04
6.211968e-04
6.219812e-04
6.231108e-04
6.247710e-04
6.253061e-04
6.261854e-04
6.270075e-04
6.278114e-04
6.285040e-04
6.297388e-04
6.310291e-04
6.315822e-04
6.325549e-04
6.335957e-04
6.348242e-04
6.350171e-04
6.363675e-04
6.374882e-04
6.386747e-04
6.390567e-04
6.403134e-04
6.407669e-04
6.419573e-04
6.423477e-04
6.440042e-04
6.444266e-04
6.455058e-04
6.466844e-04
6.474970e-04
6.490214e-04
6.495160e-04
6.515234e-04
6.520753e-04
6.532110e-04
6.536805e-04
6.553832e-04
6.554763e-04
6.564507e-04
6.572588e-04
6.594488e-04
6.598026e-04
6.601928e-04
6.622103e-04
6.630238e-04
6.640658e-04
6.643858e-04
6.645581e-04
6.656669e-04
6.663545e-04
6.670077e-04
6.688572e-04
6.693181e-04
6.705832e-04
6.720749e-04
6.734707e-04
6.747230e-04
6.758987e-04
6.762770e-04
6.770839e-04
6.790039e-04
6.798245e-04
6.802542e-04
6.810287e-04
6.828721e-04
6.831632e-04
6.843449e-04
6.859164e-04
6.873132e-04
6.889393e-04
6.895572e-04
6.913762e-04
6.919092e-04
6.921983e-04
6.929547e-04
6.931432e-04
6.957100e-04
6.959154e-04
6.983111e-04
6.995008e-04
7.001585e-04
7.015256e-04
7.020602e-04
7.022688e-04
7.031308e-04
7.043761e-04
7.056607e-04
7.064964e-04
7.087206e-04
7.092330e-04
7.096451e-04
7.106356e-04
7.125598e-04
7.134972e-04
7.138780e-04
7.147982e-04
7.158621e-04
7.162948e-04
7.169503e-04
7.183064e-04
7.200351e-04
7.201385e-04
7.209988e-04
7.221537e-04
7.226542e-04
7.241829e-04
7.247803e-04
7.254521e-04
7.257299e-04
7.269222e-04
7.286755e-04
7.291947e-04
7.314992e-04
7.328454e-04
7.336933e-04
7.345456e-04
7.363320e-04
7.370228e-04
7.383827e-04
7.398351e-04
7.406293e-04
7.420168e-04
7.425184e-04
7.433953e-04
7.450838e-04
7.458770e-04
7.469502e-04
7.482084e-04
7.498996e-04
7.509531e-04
7.524039e-04
7.530705e-04
7.550454e-04
7.556118e-04
7.562975e-04
7.583680e-04
7.598140e-04
7.601589e-04
7.611244e-04
7.615480e-04
7.624104e-04
7.644248e-04
7.653159e-04
7.671134e-04
7.679617e-04
7.690677e-04
7.696151e-04
7.716170e-04
7.719799e-04
7.725557e-04
7.743754e-04
7.751906e-04
7.765611e-04
7.770787e-04
7.775876e-04
7.783042e-04
7.801642e-04
7.817242e-04
7.824685e-04
7.850689e-04
7.869608e-04
7.872261e-04
7.889827e-04
7.890958e-04
7.912780e-04
7.920565e-04
7.934963e-04
7.938085e-04
7.950279e-04
7.957924e-04
7.979147e-04
7.999232e-04
8.013639e-04
8.029132e-04
8.037058e-04
8.051138e-04
8.058554e-04
8.072833e-04
8.082697e-04
8.088977e-04
8.097726e-04
8.105263e-04
8.115152e-04
8.132037e-04
8.134692e-04
8.165291e-04
8.169881e-04
8.174926e-04
8.186035e-04
8.192009e-04
8.211158e-04
8.214593e-04
8.238192e-04
8.245195e-04
8.250441e-04
8.263910e-04
8.275367e-04
8.291720e-04
8.312364e-04
8.317781e-04
8.324042e-04
8.327210e-04
8.341453e-04
8.348667e-04
8.362606e-04
8.370824e-04
8.383310e-04
8.399442e-04
8.406661e-04
8.414623e-04
8.433585e-04
8.444077e-04
8.450460e-04
8.456913e-04
8.463225e-04
8.477222e-04
8.495306e-04
8.505951e-04
8.525499e-04
8.538652e-04
8.567282e-04
8.581269e-04
8.590068e-04
8.591383e-04
8.605504e-04
8.618918e-04
8.626138e-04
8.651494e-04
8.653959e-04
8.661997e-04
8.682325e-04
8.695615e-04
8.703972e-04
8.713040e-04
8.721452e-04
8.727861e-04
8.743675e-04
8.765675e-04
8.769712e-04
8.788681e-04
8.809858e-04
8.820756e-04
8.823831e-04
8.850119e-04
8.853774e-04
8.868547e-04
8.871348e-04
8.887086e-04
8.904528e-04
8.917466e-04
8.923951e-04
8.931434e-04
8.939916e-04
8.943734e-04
8.950617e-04
8.971536e-04
8.982665e-04
8.985533e-04
9.008873e-04
9.014238e-04
9.043021e-04
9.055249e-04
9.062672e-04
9.070361e-04
9.076967e-04
9.098161e-04
9.109935e-04
9.118594e-04
9.130645e-04
9.147230e-04
9.161250e-04
9.167707e-04
9.171484e-04
9.190111e-04
9.205981e-04
9.223083e-04
9.232182e-04
9.244795e-04
9.260345e-04
9.274626e-04
9.291918e-04
9.296082e-04
9.307816e-04
9.313306e-04
9.330180e-04
9.340556e-04
9.342324e-04
9.374161e-04
9.384000e-04
9.391358e-04
9.410766e-04
9.425098e-04
9.445580e-04
9.451523e-04
9.467747e-04
9.471140e-04
9.486337e-04
9.495278e-04
9.510467e-04
9.520291e-04
9.541232e-04
9.555154e-04
9.558022e-04
9.576042e-04
9.586071e-04
9.591182e-04
9.606005e-04
9.614699e-04
9.630745e-04
9.636408e-04
9.654353e-04
9.663031e-04
9.673898e-04
9.681159e-04
9.694105e-04
9.710691e-04
9.716677e-04
9.734624e-04
9.751765e-04
9.754992e-04
9.765662e-04
9.781267e-04
9.798371e-04
9.804378e-04
9.813883e-04
9.842657e-04
9.861541e-04
9.874830e-04
9.879913e-04
9.882454e-04
9.902487e-04
9.920207e-04
9.926879e-04
9.939222e-04
9.948843e-04
9.969537e-04
9.979060e-04
9.981917e-04
1.001099e-03
1.001940e-03
1.003174e-03
1.004307e-03
1.005313e-03
1.005957e-03
1.008289e-03
1.010517e-03
1.012128e-03
1.013120e-03
1.015033e-03
1.015799e-03
1.016885e-03
1.018712e-03
1.019045e-03
1.020256e-03
1.021311e-03
1.023843e-03
1.024355e-03
1.025847e-03
1.027770e-03
1.028983e-03
1.029551e-03
1.030528e-03
1.032954e-03
1.033686e-03
1.034504e-03
1.036022e-03
1.036960e-03
1.037664e-03
1.040053e-03
1.041469e-03
1.043347e-03
1.043603e-03
1.045455e-03
1.046590e-03
1.048173e-03
1.048563e-03
1.050175e-03
1.051690e-03
1.053092e-03
1.055108e-03
1.055962e-03
1.056650e-03
1.060006e-03
1.061963e-03
1.062845e-03
1.064820e-03
1.066828e-03
1.067803e-03
1.068654e-03
1.069732e-03
1.071268e-03
1.071560e-03
1.072973e-03
1.074430e-03
1.075747e-03
1.076266e-03
1.077560e-03
1.079900e-03
1.080384e-03
1.083164e-03
1.084171e-03
1.085091e-03
1.086721e-03
1.088265e-03
1.089463e-03
1.090921e-03
1.093715e-03
1.095276e-03
1.096892e-03
1.097314e-03
1.100227e-03
1.101442e-03
1.101705e-03
1.104353e-03
1.104691e-03
1.106188e-03
1.109047e-03
1.110837e-03
1.112462e-03
1.113760e-03
1.115723e-03
1.116115e-03
1.117839e-03
1.119233e-03
1.120447e-03
1.121077e-03
1.124306e-03
1.126365e-03
1.126844e-03
1.128160e-03
1.130279e-03
1.130558e-03
1.132364e-03
1.133172e-03
1.135593e-03
1.137602e-03
1.138431e-03
1.140002e-03
1.140621e-03
1.141838e-03
1.143632e-03
1.145837e-03
1.147166e-03
1.148147e-03
1.148855e-03
1.150389e-03
1.151352e-03
1.154648e-03
1.154952e-03
1.156990e-03
1.157993e-03
1.160189e-03
1.160849e-03
1.161616e-03
1.162282e-03
1.164710e-03
1.167586e-03
1.167920e-03
1.168862e-03
1.170349e-03
1.171181e-03
1.171893e-03
1.172714e-03
1.174990e-03
1.176045e-03
1.177040e-03
1.177749e-03
1.178810e-03
1.179191e-03
1.182035e-03
1.183544e-03
1.184988e-03
1.186415e-03
1.187825e-03
1.189839e-03
1.192540e-03
1.193068e-03
1.195003e-03
1.195754e-03
1.196414e-03
1.197955e-03
1.200280e-03
1.201042e-03
1.203004e-03
1.204437e-03
1.204670e-03
1.206020e-03
1.208397e-03
1.210259e-03
1.211694e-03
1.212558e-03
1.212983e-03
1.215256e-03
1.216681e-03
1.218534e-03
1.220162e-03
1.220887e-03
1.222920e-03
1.223810e-03
1.224994e-03
1.225844e-03
1.228204e-03
1.230427e-03
1.230822e-03
1.232901e-03
1.233457e-03
1.235019e-03
1.235834e-03
1.236689e-03
1.238434e-03
1.240131e-03
1.240704e-03
1.241735e-03
1.244353e-03
1.244701e-03
1.247223e-03
1.248589e-03
1.251418e-03
1.253087e-03
1.254171e-03
1.257159e-03
1.257677e-03
1.258859e-03
1.259205e-03
1.260999e-03
1.263388e-03
1.264378e-03
1.266289e-03
1.267342e-03
1.270003e-03
1.270698e-03
1.272282e-03
1.273314e-03
1.274017e-03
1.275754e-03
1.278826e-03
1.280105e-03
1.280854e-03
1.282371e-03
1.284146e-03
1.286395e-03
1.288081e-03
1.290755e-03
1.291271e-03
1.291924e-03
1.292469e-03
1.294367e-03
1.297543e-03
1.298665e-03
1.300573e-03
1.302123e-03
1.303011e-03
1.304304e-03
1.306197e-03
1.306789e-03
1.307912e-03
1.309337e-03
1.311229e-03
1.313600e-03
1.314170e-03
1.316250e-03
1.318278e-03
1.319530e-03
1.320931e-03
1.322032e-03
1.324409e-03
1.326824e-03
1.328654e-03
1.330383e-03
1.331087e-03
1.334017e-03
1.335882e-03
1.336645e-03
1.337981e-03
1.338876e-03
1.341104e-03
1.342312e-03
1.343952e-03
1.346962e-03
1.347845e-03
1.348467e-03
1.349653e-03
1.352511e-03
1.354095e-03
1.355497e-03
1.357804e-03
1.359045e-03
1.360147e-03
1.362413e-03
1.365255e-03
1.367065e-03
1.368247e-03
1.369596e-03
1.370487e-03
1.372618e-03
1.372735e-03
1.374496e-03
1.375598e-03
1.378276e-03
1.379458e-03
1.381278e-03
1.382468e-03
1.384288e-03
1.386776e-03
1.389578e-03
1.390973e-03
1.392333e-03
1.395596e-03
1.398882e-03
1.399631e-03
1.402144e-03
1.404568e-03
1.406351e-03
1.407604e-03
1.408622e-03
1.409341e-03
1.411808e-03
1.413576e-03
1.415349e-03
1.416542e-03
1.418689e-03
1.420630e-03
1.421414e-03
1.422404e-03
1.426002e-03
1.427475e-03
1.429452e-03
1.429879e-03
1.431910e-03
1.432550e-03
1.434909e-03
1.436423e-03
1.437439e-03
1.440461e-03
1.442333e-03
1.444048e-03
1.446104e-03
1.446924e-03
1.447905e-03
1.451543e-03
1.452375e-03
1.453359e-03
1.454915e-03
1.456679e-03
1.457869e-03
1.461713e-03
1.464362e-03
1.465198e-03
1.466538e-03
1.467167e-03
1.469264e-03
1.470516e-03
1.473248e-03
1.476635e-03
1.477953e-03
1.478539e-03
1.479512e-03
1.479876e-03
1.481637e-03
1.483413e-03
1.485707e-03
1.488226e-03
1.489119e-03
1.493153e-03
1.494080e-03
1.496314e-03
1.497899e-03
1.499625e-03
1.500695e-03
1.502623e-03
1.504848e-03
1.507205e-03
1.508059e-03
1.511313e-03
1.513678e-03
1.514587e-03
1.516950e-03
1.517887e-03
1.519964e-03
1.523673e-03
1.525186e-03
1.527720e-03
1.527884e-03
1.529219e-03
1.531733e-03
1.533359e-03
1.533780e-03
1.535448e-03
1.538650e-03
1.541774e-03
1.542503e-03
1.544137e-03
1.545506e-03
1.545909e-03
1.550757e-03
1.552190e-03
1.553084e-03
1.554638e-03
1.556257e-03
1.560596e-03
1.560801e-03
1.564041e-03
1.565003e-03
1.566805e-03
1.568281e-03
1.568649e-03
1.570396e-03
1.571831e-03
1.572075e-03
1.573957e-03
1.576415e-03
1.577874e-03
1.580006e-03
1.582099e-03
1.583138e-03
1.587867e-03
1.588299e-03
1.590389e-03
1.592034e-03
1.593599e-03
1.595021e-03
1.595676e-03
1.599836e-03
1.602410e-03
1.605121e-03
1.606746e-03
1.607761e-03
1.608471e-03
1.610889e-03
1.614374e-03
1.615954e-03
1.618072e-03
1.619741e-03
1.620088e-03
1.622334e-03
1.623281e-03
1.626827e-03
1.627752e-03
1.631026e-03
1.633356e-03
1.633549e-03
1.636553e-03
1.638472e-03
1.641067e-03
1.641536e-03
1.644179e-03
1.646139e-03
1.650789e-03
1.652290e-03
1.652780e-03
1.655595e-03
1.655939e-03
1.657739e-03
1.659470e-03
1.660782e-03
1.661930e-03
1.664751e-03
1.668246e-03
1.670316e-03
1.671587e-03
1.674082e-03
1.675789e-03
1.678835e-03
1.679008e-03
1.679889e-03
1.683643e-03
1.684950e-03
1.687688e-03
1.688727e-03
1.692013e-03
1.692952e-03
1.694805e-03
1.700212e-03
1.700900e-03
1.702082e-03
1.704540e-03
1.705195e-03
1.708254e-03
1.710658e-03
1.711466e-03
1.713201e-03
1.715807e-03
1.718048e-03
1.719689e-03
1.723637e-03
1.725512e-03
1.726329e-03
1.727817e-03
1.729286e-03
1.732008e-03
1.732982e-03
1.733551e-03
1.735301e-03
1.738710e-03
1.739990e-03
1.742058e-03
1.743309e-03
1.745154e-03
1.746974e-03
1.750247e-03
1.753568e-03
1.757594e-03
1.758391e-03
1.761588e-03
1.764656e-03
1.764927e-03
1.766598e-03
1.767619e-03
1.769796e-03
1.771156e-03
1.772233e-03
1.774560e-03
1.778377e-03
1.780095e-03
1.782169e-03
1.783122e-03
1.785153e-03
1.786614e-03
1.791423e-03
1.792536e-03
1.794821e-03
1.797471e-03
1.800474e-03
1.802188e-03
1.804893e-03
1.805656e-03
1.807990e-03
1.810726e-03
1.812439e-03
1.814485e-03
1.817105e-03
1.818707e-03
1.820103e-03
1.824717e-03
1.825197e-03
1.825667e-03
1.828145e-03
1.830387e-03
1.831405e-03
1.834084e-03
1.834860e-03
1.838523e-03
1.838802e-03
1.843537e-03
1.843984e-03
1.846166e-03
1.847803e-03
1.848390e-03
1.852121e-03
1.854140e-03
1.855909e-03
1.859541e-03
1.860615e-03
1.865579e-03
1.867157e-03
1.868816e-03
1.869204e-03
1.872581e-03
1.873311e-03
1.874383e-03
1.875642e-03
1.879444e-03
1.882872e-03
1.886407e-03
1.887427e-03
1.887733e-03
1.888953e-03
1.892218e-03
1.894850e-03
1.896678e-03
1.898000e-03
1.900884e-03
1.903709e-03
1.907076e-03
1.910731e-03
1.911183e-03
1.914232e-03
1.915983e-03
1.916918e-03
1.919475e-03
1.919753e-03
1.921723e-03
1.926351e-03
1.927387e-03
1.928546e-03
1.930567e-03
1.934386e-03
1.936773e-03
1.940037e-03
1.941471e-03
1.944141e-03
1.946487e-03
1.948585e-03
1.949384e-03
1.952595e-03
1.953295e-03
1.956081e-03
1.961280e-03
1.962662e-03
1.965112e-03
1.968265e-03
1.968816e-03
1.971635e-03
1.975385e-03
1.976254e-03
1.978273e-03
1.980094e-03
1.980761e-03
1.982857e-03
1.985477e-03
1.988894e-03
1.992318e-03
1.993942e-03
1.994869e-03
1.997048e-03
1.998009e-03
2.001259e-03
2.005524e-03
2.007510e-03
2.009141e-03
2.011288e-03
2.013123e-03
2.016923e-03
2.018157e-03
2.020084e-03
2.023371e-03
2.025849e-03
2.027262e-03
2.029918e-03
2.033223e-03
2.037191e-03
2.038579e-03
2.040625e-03
2.042360e-03
2.043529e-03
2.044797e-03
2.048371e-03
2.051958e-03
2.052960e-03
2.056473e-03
2.058288e-03
2.060058e-03
2.061633e-03
2.068316e-03
2.068967e-03
2.072475e-03
2.073717e-03
2.077360e-03
2.079763e-03
2.081215e-03
2.084215e-03
2.085137e-03
2.090634e-03
2.092073e-03
2.094693e-03
2.097406e-03
2.099939e-03
2.100823e-03
2.104407e-03
2.106689e-03
2.108037e-03
2.110755e-03
2.113431e-03
2.114745e-03
2.116251e-03
2.117996e-03
2.120666e-03
2.123591e-03
2.124136e-03
2.127150e-03
2.127888e-03
2.132788e-03
2.136432e-03
2.139522e-03
2.142384e-03
2.144466e-03
2.145715e-03
2.146156e-03
2.147019e-03
2.150318e-03
2.152896e-03
2.155854e-03
2.160019e-03
2.160525e-03
2.162913e-03
2.165927e-03
2.171824e-03
2.173315e-03
2.174656e-03
2.176865e-03
2.180225e-03
2.184314e-03
2.187220e-03
2.190412e-03
2.191422e-03
2.192618e-03
2.196019e-03
2.201068e-03
2.203813e-03
2.205686e-03
2.206645e-03
2.209620e-03
2.212010e-03
2.215978e-03
2.219740e-03
2.221872e-03
2.224416e-03
2.226508e-03
2.230350e-03
2.232620e-03
2.237317e-03
2.238839e-03
2.240047e-03
2.242960e-03
2.245583e-03
2.250080e-03
2.251547e-03
2.255115e-03
2.257318e-03
2.260808e-03
2.263874e-03
2.264442e-03
2.270611e-03
2.274075e-03
2.276718e-03
2.278622e-03
2.279201e-03
2.282650e-03
2.289282e-03
2.292608e-03
2.294978e-03
2.296795e-03
2.298850e-03
2.300805e-03
2.303857e-03
2.306226e-03
2.309423e-03
2.312219e-03
2.313746e-03
2.317043e-03
2.318368e-03
2.323481e-03
2.324636e-03
2.325875e-03
2.326617e-03
2.329737e-03
2.335749e-03
2.337626e-03
2.340925e-03
2.344164e-03
2.345555e-03
2.347177e-03
2.348588e-03
2.351412e-03
2.354467e-03
2.358633e-03
2.360972e-03
2.363535e-03
2.368340e-03
2.371865e-03
2.373893e-03
2.377218e-03
2.380675e-03
2.382068e-03
2.387304e-03
2.388016e-03
2.390339e-03
2.392628e-03
2.398883e-03
2.402748e-03
2.404380e-03
2.407655e-03
2.409464e-03
2.412512e-03
2.417147e-03
2.418595e-03
2.419412e-03
2.422304e-03
2.430497e-03
2.431847e-03
2.432201e-03
2.438300e-03
2.439418e-03
2.441959e-03
2.447422e-03
2.450574e-03
2.451937e-03
2.453280e-03
2.456436e-03
2.458767e-03
2.459677e-03
2.466617e-03
2.468579e-03
2.468877e-03
2.473407e-03
2.475188e-03
2.477560e-03
2.480845e-03
2.482804e-03
2.484738e-03
2.488427e-03
2.489348e-03
2.495226e-03
2.496289e-03
2.499492e-03
2.501490e-03
2.509678e-03
2.511943e-03
2.513995e-03
2.517477e-03
2.521492e-03
2.522920e-03
2.527904e-03
2.529485e-03
2.530719e-03
2.531986e-03
2.536502e-03
2.536845e-03
2.541108e-03
2.545062e-03
2.545650e-03
2.547597e-03
2.552450e-03
2.556669e-03
2.557164e-03
2.559854e-03
2.563214e-03
2.564406e-03
2.568985e-03
2.572283e-03
2.577439e-03
2.583122e-03
2.583621e-03
2.586297e-03
2.589379e-03
2.596481e-03
2.597208e-03
2.604163e-03
2.605707e-03
2.608680e-03
2.613160e-03
2.616896e-03
2.619594e-03
2.620075e-03
2.625270e-03
2.629801e-03
2.630715e-03
2.634287e-03
2.637574e-03
2.641906e-03
2.643434e-03
2.647234e-03
2.651838e-03
2.654563e-03
2.655070e-03
2.658648e-03
2.663796e-03
2.667728e-03
2.670182e-03
2.676345e-03
2.678927e-03
2.680703e-03
2.684479e-03
2.687549e-03
2.692608e-03
2.693602e-03
2.700202e-03
2.702194e-03
2.707425e-03
2.709854e-03
2.712011e-03
2.714736e-03
2.719430e-03
2.720322e-03
2.722577e-03
2.723960e-03
2.727650e-03
2.730999e-03
2.734302e-03
2.735448e-03
2.741278e-03
2.744726e-03
2.746243e-03
2.747673e-03
2.753568e-03
2.753899e-03
2.757624e-03
2.762882e-03
2.765494e-03
2.768579e-03
2.773833e-03
2.776418e-03
2.779764e-03
2.782649e-03
2.786978e-03
2.791673e-03
2.792144e-03
2.797863e-03
2.802023e-03
2.805070e-03
2.807317e-03
2.810686e-03
2.812290e-03
2.816308e-03
2.818038e-03
2.820529e-03
2.824804e-03
2.828720e-03
2.834241e-03
2.839467e-03
2.840926e-03
2.844586e-03
2.845133e-03
2.849813e-03
2.852633e-03
2.857645e-03
2.858895e-03
2.863223e-03
2.867201e-03
2.870880e-03
2.875501e-03
2.877587e-03
2.881358e-03
2.883425e-03
2.885364e-03
2.889026e-03
2.893805e-03
2.894394e-03
2.896333e-03
2.900160e-03
2.901553e-03
2.904912e-03
2.907081e-03
2.915977e-03
2.918127e-03
2.919883e-03
2.931513e-03
2.932166e-03
2.935117e-03
2.935899e-03
2.942989e-03
2.946706e-03
2.951037e-03
2.952400e-03
2.957346e-03
2.959014e-03
2.961777e-03
2.968806e-03
2.968914e-03
2.972949e-03
2.977741e-03
2.979469e-03
2.984197e-03
2.988981e-03
2.990250e-03
2.994423e-03
2.997797e-03
2.999237e-03
3.003503e-03
3.009059e-03
3.011491e-03
3.018446e-03
3.021292e-03
3.024729e-03
3.026095e-03
3.027844e-03
3.031883e-03
3.037480e-03
3.038603e-03
3.040544e-03
3.045178e-03
3.046278e-03
3.049276e-03
3.051260e-03
3.056949e-03
3.061768e-03
3.065373e-03
3.067954e-03
3.072053e-03
3.072744e-03
3.079436e-03
3.083667e-03
3.088606e-03
3.089669e-03
3.097490e-03
3.099662e-03
3.100976e-03
3.103684e-03
3.104748e-03
3.111499e-03
3.115484e-03
3.117380e-03
3.121165e-03
3.122970e-03
3.128546e-03
3.132359e-03
3.138977e-03
3.140355e-03
3.142870e-03
3.144881e-03
3.149492e-03
3.150055e-03
3.153790e-03
3.158188e-03
3.161202e-03
3.167845e-03
3.170693e-03
3.171010e-03
3.178053e-03
3.179934e-03
3.185694e-03
3.190809e-03
3.195208e-03
3.197558e-03
3.200252e-03
3.203547e-03
3.208470e-03
3.211380e-03
3.213164e-03
3.215564e-03
3.219929e-03
3.223351e-03
3.225342e-03
3.227290e-03
3.234829e-03
3.238896e-03
3.242404e-03
3.243476e-03
3.244721e-03
3.251235e-03
3.254525e-03
3.257204e-03
3.260441e-03
3.270717e-03
3.272352e-03
3.276124e-03
3.279922e-03
3.285285e-03
3.287218e-03
3.288716e-03
3.292832e-03
3.299015e-03
3.302810e-03
3.312670e-03
3.314181e-03
3.319404e-03
3.322249e-03
3.324453e-03
3.325655e-03
3.329377e-03
3.333965e-03
3.339231e-03
3.340015e-03
3.343457e-03
3.346168e-03
3.351789e-03
3.354203e-03
3.361228e-03
3.365382e-03
3.368903e-03
3.373670e-03
3.376530e-03
3.379031e-03
3.381007e-03
3.384571e-03
3.388129e-03
3.392978e-03
3.394006e-03
3.401061e-03
3.401381e-03
3.403284e-03
3.409626e-03
3.413831e-03
3.422643e-03
3.427153e-03
3.430611e-03
3.436033e-03
3.439314e-03
3.441744e-03
3.446667e-03
3.450734e-03
3.456666e-03
3.460227e-03
3.463251e-03
3.464590e-03
3.469824e-03
3.471154e-03
3.478614e-03
3.480216e-03
3.486455e-03
3.491327e-03
3.497365e-03
3.498842e-03
3.500997e-03
3.506828e-03
3.511766e-03
3.515065e-03
3.520830e-03
3.522926e-03
3.527449e-03
3.533765e-03
3.537533e-03
3.540594e-03
3.546661e-03
3.549311e-03
3.557070e-03
3.561124e-03
3.566751e-03
3.571813e-03
3.574264e-03
3.580193e-03
3.586731e-03
3.592449e-03
3.599002e-03
3.600415e-03
3.603743e-03
3.612649e-03
3.614208e-03
3.616752e-03
3.620518e-03
3.625713e-03
3.631415e-03
3.641212e-03
3.644162e-03
3.647646e-03
3.651580e-03
3.654219e-03
3.663696e-03
3.666788e-03
3.666946e-03
3.672689e-03
3.675973e-03
3.676593e-03
3.679550e-03
3.685163e-03
3.688662e-03
3.695364e-03
3.697148e-03
3.702729e-03
3.707469e-03
3.714342e-03
3.715564e-03
3.716488e-03
3.728908e-03
3.731881e-03
3.739569e-03
3.750694e-03
3.753214e-03
3.761645e-03
3.768588e-03
3.771015e-03
3.772746e-03
3.776799e-03
3.781505e-03
3.784808e-03
3.787790e-03
3.792551e-03
3.799500e-03
3.804401e-03
3.807158e-03
3.815572e-03
3.820808e-03
3.826332e-03
3.828571e-03
3.835205e-03
3.837867e-03
3.840368e-03
3.845794e-03
3.853325e-03
3.854998e-03
3.861231e-03
3.863183e-03
3.866448e-03
3.876867e-03
3.879254e-03
3.884803e-03
3.887897e-03
3.889752e-03
3.894738e-03
3.899567e-03
3.904097e-03
3.908079e-03
3.910881e-03
3.913810e-03
3.919066e-03
3.926883e-03
3.931004e-03
3.936109e-03
3.944138e-03
3.946280e-03
3.952674e-03
3.957899e-03
3.962648e-03
3.965015e-03
3.968688e-03
3.974957e-03
3.977276e-03
3.982420e-03
3.988424e-03
3.992901e-03
4.001532e-03
4.009053e-03
4.009609e-03
4.020915e-03
4.023472e-03
4.029326e-03
4.032499e-03
4.033727e-03
4.043853e-03
4.052187e-03
4.058661e-03
4.061820e-03
4.065052e-03
4.077145e-03
4.079343e-03
4.085347e-03
4.086639e-03
4.101902e-03
4.104735e-03
4.108508e-03
4.112847e-03
4.117511e-03
4.119440e-03
4.122690e-03
4.129737e-03
4.130592e-03
4.140060e-03
4.142662e-03
4.145939e-03
4.152367e-03
4.158087e-03
4.167742e-03
4.171268e-03
4.180016e-03
4.184009e-03
4.191324e-03
4.193071e-03
4.198021e-03
4.202697e-03
4.206234e-03
4.212314e-03
4.220163e-03
4.226627e-03
4.229931e-03
4.240369e-03
4.243064e-03
4.246566e-03
4.254896e-03
4.265377e-03
4.266421e-03
4.269176e-03
4.275479e-03
4.281681e-03
4.281910e-03
4.291736e-03
4.293273e-03
4.299597e-03
4.304132e-03
4.306977e-03
4.307770e-03
4.315162e-03
4.325977e-03
4.332622e-03
4.334651e-03
4.340239e-03
4.344026e-03
4.346867e-03
4.356779e-03
4.360881e-03
4.371216e-03
4.380592e-03
4.383663e-03
4.388991e-03
4.389955e-03
4.397480e-03
4.405797e-03
4.416798e-03
4.417265e-03
4.423299e-03
4.425548e-03
4.434219e-03
4.436773e-03
4.439282e-03
4.446184e-03
4.451403e-03
4.460777e-03
4.467555e-03
4.478077e-03
4.482485e-03
4.488668e-03
4.490890e-03
4.495918e-03
4.500764e-03
4.510110e-03
4.510533e-03
4.514502e-03
4.520278e-03
4.527377e-03
4.531294e-03
4.541151e-03
4.548868e-03
4.553780e-03
4.558313e-03
4.568059e-03
4.571440e-03
4.576870e-03
4.585298e-03
4.590460e-03
4.593536e-03
4.600939e-03
4.607928e-03
4.612335e-03
4.616585e-03
4.623394e-03
4.629203e-03
4.635064e-03
4.638550e-03
4.646944e-03
4.650797e-03
4.659903e-03
4.665408e-03
4.672498e-03
4.674448e-03
4.690614e-03
4.693951e-03
4.703932e-03
4.707408e-03
4.712168e-03
4.723558e-03
4.724507e-03
4.732863e-03
4.733589e-03
4.743562e-03
4.750956e-03
4.755032e-03
4.761965e-03
4.767468e-03
4.769737e-03
4.774348e-03
4.781136e-03
4.789668e-03
4.792319e-03
4.808523e-03
4.812290e-03
4.821533e-03
4.824960e-03
4.833635e-03
4.839088e-03
4.842555e-03
4.845073e-03
4.857877e-03
4.861181e-03
4.867772e-03
4.871744e-03
4.879176e-03
4.886497e-03
4.893229e-03
4.900084e-03
4.903722e-03
4.905563e-03
4.908203e-03
4.922245e-03
4.925430e-03
4.929763e-03
4.941088e-03
4.947457e-03
4.949209e-03
4.954637e-03
4.959822e-03
4.968477e-03
4.974384e-03
4.977116e-03
4.984790e-03
4.987734e-03
4.996030e-03
5.001098e-03
5.002162e-03
5.015356e-03
5.020478e-03
5.029713e-03
5.030837e-03
5.039142e-03
5.052811e-03
5.057405e-03
5.063700e-03
5.065550e-03
5.073748e-03
5.078201e-03
5.080804e-03
5.085828e-03
5.090333e-03
5.093824e-03
5.103420e-03
5.104511e-03
5.117370e-03
5.117618e-03
5.125416e-03
5.136005e-03
5.140421e-03
5.151489e-03
5.154972e-03
5.158924e-03
5.161477e-03
5.174950e-03
5.183927e-03
5.192188e-03
5.205105e-03
5.212311e-03
5.217574e-03
5.227429e-03
5.232055e-03
5.238644e-03
5.248701e-03
5.253750e-03
5.256225e-03
5.273181e-03
5.283368e-03
5.285051e-03
5.289608e-03
5.302408e-03
5.313596e-03
5.319898e-03
5.322659e-03
5.331730e-03
5.337200e-03
5.345384e-03
5.346981e-03
5.355954e-03
5.369205e-03
5.373912e-03
5.382073e-03
5.385449e-03
5.396091e-03
5.401928e-03
5.410996e-03
5.422885e-03
5.426936e-03
5.439614e-03
5.440970e-03
5.450849e-03
5.459477e-03
5.469346e-03
5.480126e-03
5.488519e-03
5.492443e-03
5.502782e-03
5.505653e-03
5.515634e-03
5.531495e-03
5.539077e-03
5.541829e-03
5.552867e-03
5.563662e-03
5.571024e-03
5.575568e-03
5.583791e-03
5.591320e-03
5.596981e-03
5.602883e-03
5.610859e-03
5.615999e-03
5.618797e-03
5.623304e-03
5.627869e-03
5.642291e-03
5.645524e-03
5.655381e-03
5.658378e-03
5.667876e-03
5.673817e-03
5.680178e-03
5.692943e-03
5.697185e-03
5.706233e-03
5.708630e-03
5.712640e-03
5.721464e-03
5.723183e-03
5.734547e-03
5.744255e-03
5.746268e-03
5.757580e-03
5.761454e-03
5.777982e-03
5.784195e-03
5.790973e-03
5.806275e-03
5.811572e-03
5.827406e-03
5.834712e-03
5.835323e-03
5.855543e-03
5.864257e-03
5.865460e-03
5.872689e-03
5.878928e-03
5.893881e-03
5.895729e-03
5.904289e-03
5.910636e-03
5.922350e-03
5.932697e-03
5.936847e-03
5.942507e-03
5.952156e-03
5.958079e-03
5.969019e-03
5.979038e-03
5.989233e-03
5.995019e-03
5.998021e-03
6.016973e-03
6.024036e-03
6.030672e-03
6.037010e-03
6.045503e-03
6.050926e-03
6.058002e-03
6.076149e-03
6.079385e-03
6.089525e-03
6.092758e-03
6.103123e-03
6.117809e-03
6.134975e-03
6.145648e-03
6.153732e-03
6.162349e-03
6.168147e-03
6.173891e-03
6.186537e-03
6.193873e-03
6.203385e-03
6.213341e-03
6.218280e-03
6.225729e-03
6.227897e-03
6.244273e-03
6.259313e-03
6.264105e-03
6.283095e-03
6.291596e-03
6.299021e-03
6.301026e-03
6.315409e-03
6.327521e-03
6.329754e-03
6.340844e-03
6.344017e-03
6.347038e-03
6.361969e-03
6.374192e-03
6.380890e-03
6.387823e-03
6.393237e-03
6.409085e-03
6.412909e-03
6.432310e-03
6.441680e-03
6.445155e-03
6.455546e-03
6.472902e-03
6.482833e-03
6.491841e-03
6.497992e-03
6.506147e-03
6.510207e-03
6.528636e-03
6.535018e-03
6.540948e-03
6.553062e-03
6.560780e-03
6.570481e-03
6.573852e-03
6.581587e-03
6.587288e-03
6.593093e-03
6.595580e-03
6.610937e-03
6.617619e-03
6.623048e-03
6.638860e-03
6.649183e-03
6.657275e-03
6.672214e-03
6.680204e-03
6.686681e-03
6.691781e-03
6.708344e-03
6.717070e-03
6.730412e-03
6.740269e-03
6.750293e-03
6.759194e-03
6.770887e-03
6.785112e-03
6.791881e-03
6.801898e-03
6.807607e-03
6.809252e-03
6.816936e-03
6.840772e-03
6.847750e-03
6.853756e-03
6.855443e-03
6.870338e-03
6.877232e-03
6.881486e-03
6.894469e-03
6.901590e-03
6.905916e-03
6.925786e-03
6.946267e-03
6.960505e-03
6.975859e-03
6.980557e-03
6.989709e-03
7.000023e-03
7.011130e-03
7.023703e-03
7.030938e-03
7.047600e-03
7.060594e-03
7.073302e-03
7.078830e-03
7.096841e-03
7.104672e-03
7.109411e-03
7.118029e-03
7.128584e-03
7.138230e-03
7.143130e-03
7.147455e-03
7.160988e-03
7.183795e-03
7.194302e-03
7.212707e-03
7.223243e-03
7.240655e-03
7.257459e-03
7.262142e-03
7.266791e-03
7.284422e-03
7.293285e-03
7.305126e-03
7.317914e-03
7.339082e-03
7.347849e-03
7.357733e-03
7.371921e-03
7.380074e-03
7.388259e-03
7.392792e-03
7.402318e-03
7.424108e-03
7.431858e-03
7.445012e-03
7.458759e-03
7.476907e-03
7.480457e-03
7.493552e-03
7.512030e-03
7.522648e-03
7.534425e-03
7.550855e-03
7.552228e-03
7.565617e-03
7.590576e-03
7.597802e-03
7.605213e-03
7.628138e-03
7.631693e-03
7.638123e-03
7.662976e-03
7.691167e-03
7.698250e-03
7.709789e-03
7.724035e-03
7.733949e-03
7.747639e-03
7.752651e-03
7.758502e-03
7.783920e-03
7.797620e-03
7.806106e-03
7.817566e-03
7.841919e-03
7.844965e-03
7.869485e-03
7.883297e-03
7.894834e-03
7.907984e-03
7.919090e-03
7.955168e-03
7.968419e-03
7.992590e-03
8.005343e-03
8.029245e-03
8.050776e-03
8.070993e-03
8.074555e-03
8.087330e-03
8.103752e-03
8.110546e-03
8.118750e-03
8.137270e-03
8.155161e-03
8.172750e-03
8.192551e-03
8.204938e-03
8.233461e-03
8.237664e-03
8.256449e-03
8.274907e-03
8.281194e-03
8.301331e-03
8.305432e-03
8.315131e-03
8.337809e-03
8.370055e-03
8.375374e-03
8.389326e-03
8.397380e-03
8.408413e-03
8.422126e-03
8.458029e-03
8.479759e-03
8.486053e-03
8.489962e-03
8.500244e-03
8.515244e-03
8.521773e-03
8.548725e-03
8.557636e-03
8.580832e-03
8.597930e-03
8.599961e-03
8.617835e-03
8.627613e-03
8.638287e-03
8.653366e-03
8.683640e-03
8.692801e-03
8.699650e-03
8.740258e-03
8.769291e-03
8.783235e-03
8.792262e-03
8.818145e-03
8.834419e-03
8.843573e-03
8.857143e-03
8.874735e-03
8.891346e-03
8.900520e-03
8.936162e-03
8.945761e-03
8.956255e-03
8.986526e-03
9.005549e-03
9.009276e-03
9.039617e-03
9.047850e-03
9.076213e-03
9.090858e-03
9.097378e-03
9.109395e-03
9.122033e-03
9.139466e-03
9.162275e-03
9.166020e-03
9.187667e-03
9.207595e-03
9.232924e-03
9.261858e-03
9.265443e-03
9.292366e-03
9.310184e-03
9.316661e-03
9.325948e-03
9.337255e-03
9.355490e-03
9.369018e-03
9.385883e-03
9.408461e-03
9.432327e-03
9.464836e-03
9.489527e-03
9.497414e-03
9.532681e-03
9.542166e-03
9.568197e-03
9.597832e-03
9.603406e-03
9.624376e-03
9.634103e-03
9.666566e-03
9.682614e-03
9.690609e-03
9.692733e-03
9.712337e-03
9.757571e-03
9.779186e-03
9.796899e-03
9.807015e-03
9.825937e-03
9.849291e-03
9.865357e-03
9.895775e-03
9.941948e-03
9.964266e-03
9.971884e-03
9.990079e-03
1.003156e-02
1.005728e-02
1.007484e-02
1.009400e-02
1.009880e-02
1.012991e-02
1.014937e-02
1.018586e-02
1.020668e-02
1.023018e-02
1.025923e-02
1.027336e-02
1.027804e-02
1.028645e-02
1.031184e-02
1.032762e-02
1.034014e-02
1.035927e-02
1.039280e-02
1.044472e-02
1.047235e-02
1.050210e-02
1.052699e-02
1.054344e-02
1.057122e-02
1.057256e-02
1.060156e-02
1.063499e-02
1.064015e-02
1.068834e-02
1.070413e-02
1.075586e-02
1.077430e-02
1.078676e-02
1.082484e-02
1.083928e-02
1.086002e-02
1.087640e-02
1.089626e-02
1.093238e-02
1.097156e-02
1.101232e-02
1.105057e-02
1.107235e-02
1.108037e-02
1.113909e-02
1.120964e-02
1.122809e-02
1.124116e-02
1.125540e-02
1.127498e-02
1.128205e-02
1.131701e-02
1.134979e-02
1.138174e-02
1.139021e-02
1.141131e-02
1.146629e-02
1.150411e-02
1.152162e-02
1.156542e-02
1.159453e-02
1.162078e-02
1.163001e-02
1.163682e-02
1.164248e-02
1.166219e-02
1.167685e-02
1.174059e-02
1.175920e-02
1.178571e-02
1.182416e-02
1.186867e-02
1.188088e-02
1.189274e-02
1.192743e-02
1.201538e-02
1.203296e-02
1.207633e-02
1.214820e-02
1.217949e-02
1.219483e-02
1.221086e-02
1.226659e-02
1.230807e-02
1.232206e-02
1.235417e-02
1.236332e-02
1.239510e-02
1.240310e-02
1.243397e-02
1.244320e-02
1.248278e-02
1.248991e-02
1.254452e-02
1.262838e-02
1.263801e-02
1.268276e-02
1.274164e-02
1.275231e-02
1.278091e-02
1.280993e-02
1.287937e-02
1.291141e-02
1.294101e-02
1.296582e-02
1.299119e-02
1.300502e-02
1.301043e-02
1.302040e-02
1.304846e-02
1.312683e-02
1.313963e-02
1.314266e-02
1.318117e-02
1.319217e-02
1.325754e-02
1.331107e-02
1.334268e-02
1.334916e-02
1.336292e-02
1.343676e-02
1.344876e-02
1.346982e-02
1.354350e-02
1.360046e-02
1.362330e-02
1.363585e-02
1.369277e-02
1.378803e-02
1.379167e-02
1.381069e-02
1.383653e-02
1.386377e-02
1.392707e-02
1.393820e-02
1.395632e-02
1.397823e-02
1.398598e-02
1.399383e-02
1.401319e-02
1.405727e-02
1.410521e-02
1.411908e-02
1.412917e-02
1.414240e-02
1.419219e-02
1.424457e-02
1.432136e-02
1.434384e-02
1.435762e-02
1.437600e-02
1.440625e-02
1.446017e-02
1.452109e-02
1.456012e-02
1.458971e-02
1.463920e-02
1.466888e-02
1.467761e-02
1.473562e-02
1.474799e-02
1.479305e-02
1.480086e-02
1.481601e-02
1.483752e-02
1.486941e-02
1.496992e-02
1.497544e-02
1.501980e-02
1.507667e-02
1.518366e-02
1.521400e-02
1.523883e-02
1.536093e-02
1.548315e-02
1.558674e-02
1.562362e-02
1.564955e-02
1.566961e-02
1.575710e-02
1.576953e-02
1.577565e-02
1.580616e-02
1.585030e-02
1.587703e-02
1.591729e-02
1.601486e-02
1.612029e-02
1.617617e-02
1.619092e-02
1.624400e-02
1.628870e-02
1.632078e-02
1.640999e-02
1.641246e-02
1.646367e-02
1.661883e-02
1.674561e-02
1.674920e-02
1.679838e-02
1.680268e-02
1.683131e-02
1.692629e-02
1.695503e-02
1.696801e-02
1.701061e-02
1.703683e-02
1.707805e-02
1.712402e-02
1.722223e-02
1.724442e-02
1.736202e-02
1.741104e-02
1.742650e-02
1.751861e-02
1.755782e-02
1.759905e-02
1.763240e-02
1.763957e-02
1.765458e-02
1.766449e-02
1.773110e-02
1.778395e-02
1.779834e-02
1.784838e-02
1.785570e-02
1.788506e-02
1.797028e-02
1.805261e-02
1.814370e-02
1.818861e-02
1.824581e-02
1.827726e-02
1.836579e-02
1.841401e-02
1.847671e-02
1.848854e-02
1.857083e-02
1.860008e-02
1.883657e-02
1.888937e-02
1.895063e-02
1.900805e-02
1.906226e-02
1.916029e-02
1.926171e-02
1.930923e-02
1.939391e-02
1.945860e-02
1.950427e-02
1.958504e-02
1.965957e-02
1.972163e-02
1.978203e-02
1.983502e-02
2.005599e-02
2.008304e-02
2.011794e-02
2.021567e-02
2.033777e-02
2.040875e-02
2.049374e-02
2.051252e-02
2.070023e-02
2.077713e-02
2.095759e-02
2.113760e-02
2.118850e-02
2.139582e-02
2.140398e-02
2.151009e-02
2.160949e-02
2.161902e-02
2.177420e-02
2.178692e-02
2.198940e-02
2.199504e-02
2.216351e-02
2.217696e-02
2.220590e-02
2.221905e-02
2.246583e-02
2.249834e-02
2.255536e-02
2.255866e-02
2.260520e-02
2.267588e-02
2.269469e-02
2.287926e-02
2.292077e-02
2.313465e-02
2.329283e-02
2.341496e-02
2.348812e-02
2.370412e-02
2.378482e-02
2.402904e-02
2.414728e-02
2.427570e-02
2.436913e-02
2.447931e-02
2.455298e-02
2.456815e-02
2.459372e-02
2.473912e-02
2.474130e-02
2.481918e-02
2.508112e-02
2.521343e-02
2.552571e-02
2.561191e-02
2.581738e-02
2.604672e-02
2.612204e-02
2.615192e-02
2.626229e-02
2.634138e-02
2.636038e-02
2.638216e-02
2.641879e-02
2.651069e-02
2.673682e-02
2.675694e-02
2.689860e-02
2.716711e-02
2.723551e-02
2.738752e-02
2.746511e-02
2.762505e-02
2.773958e-02
2.782812e-02
2.805095e-02
2.823289e-02
2.837063e-02
2.838029e-02
2.841865e-02
2.848298e-02
2.895586e-02
2.910770e-02
2.926688e-02
2.957383e-02
2.963704e-02
2.988736e-02
2.994188e-02
3.018208e-02
3.029461e-02
3.055188e-02
3.063494e-02
3.114678e-02
3.119733e-02
3.160453e-02
3.171119e-02
3.178075e-02
3.194470e-02
3.197006e-02
3.200048e-02
3.229107e-02
3.248521e-02
3.274386e-02
3.276958e-02
3.330456e-02
3.335544e-02
3.363240e-02
3.408065e-02
3.420877e-02
3.490650e-02
3.532423e-02
3.535969e-02
3.608396e-02
3.635787e-02
3.646117e-02
3.669555e-02
3.733223e-02
3.767108e-02
3.800542e-02
3.805538e-02
3.849486e-02
3.875186e-02
3.974489e-02
3.998311e-02
4.014698e-02
4.040691e-02
4.209796e-02
4.215271e-02
4.289477e-02
4.328731e-02
4.337478e-02
4.380048e-02
4.430302e-02
4.574486e-02
4.610739e-02
4.745648e-02
4.788485e-02
4.839041e-02
5.020191e-02
5.122581e-02
5.131728e-02
5.144892e-02
5.219388e-02
5.286756e-02
5.309448e-02
5.352736e-02
5.621315e-02
5.783384e-02
6.088954e-02
6.124286e-02
6.124738e-02
6.176343e-02
6.473154e-02
6.765162e-02
7.099461e-02
7.828521e-02
8.027433e-02
8.694698e-02
9.041942e-02
9.305507e-02
9.564447e-02
9.793478e-02
1.087196e-01
1.152808e-01
1.542021e-01
1.844122e-01
2.370450e-01
2.616652e-01
2.832893e-01
3.452372e-01
5.208299e-01
1.000000e+00
