# SF-29 C-i4 candidate (i) i1o4 field=gauss_ch eps=1 N=12: sorted relative singular values of the dense central-FD Jacobian at the oracle state (rows F_i=-q(L_i-S_i); outlet rows (2q/h)(vperp_in-c_perp); smax=5.925567e+05)
1.541827e-08
1.173298e-07
3.866930e-07
5.274123e-07
6.480236e-07
7.617212e-07
1.138142e-06
1.496585e-06
1.598629e-06
1.689520e-06
1.824925e-06
2.127161e-06
2.385524e-06
2.664494e-06
2.832668e-06
2.969041e-06
3.257312e-06
3.503361e-06
3.568606e-06
3.851486e-06
4.060265e-06
4.178847e-06
4.386048e-06
4.673529e-06
4.807932e-06
5.260085e-06
5.364466e-06
5.607334e-06
5.885590e-06
6.340985e-06
6.645812e-06
7.033133e-06
7.194399e-06
7.305239e-06
7.439915e-06
7.596494e-06
7.894361e-06
7.989710e-06
8.346920e-06
8.620713e-06
8.901875e-06
9.188097e-06
9.413737e-06
9.526726e-06
9.600466e-06
1.001463e-05
1.017812e-05
1.047521e-05
1.091971e-05
1.121596e-05
1.135819e-05
1.163716e-05
1.181470e-05
1.225370e-05
1.241391e-05
1.291541e-05
1.325315e-05
1.366743e-05
1.387965e-05
1.419326e-05
1.447999e-05
1.483942e-05
1.490637e-05
1.550334e-05
1.579678e-05
1.606410e-05
1.646244e-05
1.670206e-05
1.721756e-05
1.734596e-05
1.755537e-05
1.818627e-05
1.849645e-05
1.863454e-05
1.888165e-05
1.923022e-05
1.939060e-05
1.987663e-05
2.007470e-05
2.031626e-05
2.073162e-05
2.098847e-05
2.140626e-05
2.156755e-05
2.170512e-05
2.201869e-05
2.235718e-05
2.261231e-05
2.320619e-05
2.369765e-05
2.403548e-05
2.444821e-05
2.468580e-05
2.498747e-05
2.528404e-05
2.568500e-05
2.592983e-05
2.625794e-05
2.659260e-05
2.665694e-05
2.709027e-05
2.728981e-05
2.758062e-05
2.808317e-05
2.849284e-05
2.866459e-05
2.893725e-05
2.943262e-05
2.956111e-05
3.001508e-05
3.019631e-05
3.067226e-05
3.083277e-05
3.132966e-05
3.162084e-05
3.197259e-05
3.223528e-05
3.240011e-05
3.278311e-05
3.322600e-05
3.335816e-05
3.397740e-05
3.411985e-05
3.480823e-05
3.512320e-05
3.524636e-05
3.541606e-05
3.568315e-05
3.612929e-05
3.628999e-05
3.652084e-05
3.703364e-05
3.767345e-05
3.810007e-05
3.829631e-05
3.853790e-05
3.899930e-05
3.942591e-05
3.949507e-05
3.984546e-05
4.020068e-05
4.031600e-05
4.063088e-05
4.118944e-05
4.161120e-05
4.221924e-05
4.249627e-05
4.258676e-05
4.298748e-05
4.312869e-05
4.383611e-05
4.409157e-05
4.438551e-05
4.473315e-05
4.498885e-05
4.523765e-05
4.560109e-05
4.586200e-05
4.627500e-05
4.654238e-05
4.702104e-05
4.736879e-05
4.746651e-05
4.800371e-05
4.823176e-05
4.867281e-05
4.910804e-05
4.925411e-05
4.957517e-05
4.994381e-05
5.020961e-05
5.075617e-05
5.122095e-05
5.137856e-05
5.173425e-05
5.203530e-05
5.227438e-05
5.246114e-05
5.295978e-05
5.329899e-05
5.366985e-05
5.377630e-05
5.399801e-05
5.426782e-05
5.470801e-05
5.484126e-05
5.550676e-05
5.560641e-05
5.598656e-05
5.617704e-05
5.637791e-05
5.682213e-05
5.750326e-05
5.770707e-05
5.840619e-05
5.856087e-05
5.876627e-05
5.883263e-05
5.940302e-05
5.984288e-05
6.007597e-05
6.064214e-05
6.082710e-05
6.118265e-05
6.143189e-05
6.199422e-05
6.221688e-05
6.253862e-05
6.271619e-05
6.283981e-05
6.382794e-05
6.386419e-05
6.414377e-05
6.454704e-05
6.474529e-05
6.496214e-05
6.527295e-05
6.580368e-05
6.587720e-05
6.650976e-05
6.685207e-05
6.713104e-05
6.777961e-05
6.794822e-05
6.864950e-05
6.871660e-05
6.888775e-05
6.907972e-05
6.943941e-05
7.010974e-05
7.042363e-05
7.119010e-05
7.139801e-05
7.162360e-05
7.197931e-05
7.266727e-05
7.274980e-05
7.306437e-05
7.323658e-05
7.356286e-05
7.406219e-05
7.454829e-05
7.480168e-05
7.531590e-05
7.565720e-05
7.577156e-05
7.649882e-05
7.670544e-05
7.739952e-05
7.753912e-05
7.786363e-05
7.809626e-05
7.841885e-05
7.902578e-05
7.937117e-05
7.979757e-05
7.993200e-05
8.019936e-05
8.082937e-05
8.105107e-05
8.123759e-05
8.158467e-05
8.195551e-05
8.244487e-05
8.290248e-05
8.331728e-05
8.361066e-05
8.417948e-05
8.446116e-05
8.465438e-05
8.474861e-05
8.551130e-05
8.594943e-05
8.644396e-05
8.680944e-05
8.713976e-05
8.747566e-05
8.758456e-05
8.808848e-05
8.881407e-05
8.889671e-05
8.909394e-05
8.958354e-05
9.014338e-05
9.070173e-05
9.096408e-05
9.105373e-05
9.137666e-05
9.157605e-05
9.222189e-05
9.238437e-05
9.285397e-05
9.336475e-05
9.361354e-05
9.421625e-05
9.451191e-05
9.490162e-05
9.532159e-05
9.564493e-05
9.624247e-05
9.637511e-05
9.681232e-05
9.705037e-05
9.763152e-05
9.794089e-05
9.805622e-05
9.866473e-05
9.878960e-05
9.959054e-05
9.973879e-05
1.002052e-04
1.003505e-04
1.015340e-04
1.016587e-04
1.018187e-04
1.024002e-04
1.026620e-04
1.029576e-04
1.030243e-04
1.036235e-04
1.038850e-04
1.039995e-04
1.046678e-04
1.050443e-04
1.053714e-04
1.056464e-04
1.062073e-04
1.069501e-04
1.070012e-04
1.073344e-04
1.074713e-04
1.075806e-04
1.079611e-04
1.089078e-04
1.094678e-04
1.100515e-04
1.102944e-04
1.107955e-04
1.108407e-04
1.110743e-04
1.113981e-04
1.118387e-04
1.120679e-04
1.127376e-04
1.130461e-04
1.135568e-04
1.144433e-04
1.146061e-04
1.151140e-04
1.157489e-04
1.159430e-04
1.164291e-04
1.170643e-04
1.173270e-04
1.176312e-04
1.179946e-04
1.181962e-04
1.185791e-04
1.187737e-04
1.195149e-04
1.198110e-04
1.202620e-04
1.204759e-04
1.210123e-04
1.211742e-04
1.217534e-04
1.219665e-04
1.224033e-04
1.226430e-04
1.233339e-04
1.237584e-04
1.240520e-04
1.243385e-04
1.250251e-04
1.252593e-04
1.256281e-04
1.260035e-04
1.265175e-04
1.267988e-04
1.268248e-04
1.279231e-04
1.282285e-04
1.285660e-04
1.288829e-04
1.291582e-04
1.293718e-04
1.300544e-04
1.304486e-04
1.307561e-04
1.310968e-04
1.316409e-04
1.321772e-04
1.324896e-04
1.325795e-04
1.326994e-04
1.334899e-04
1.339655e-04
1.343176e-04
1.344173e-04
1.349146e-04
1.356487e-04
1.358861e-04
1.361303e-04
1.366910e-04
1.370811e-04
1.373400e-04
1.378057e-04
1.378428e-04
1.383788e-04
1.389589e-04
1.394820e-04
1.400367e-04
1.404589e-04
1.407598e-04
1.412221e-04
1.417267e-04
1.419569e-04
1.422903e-04
1.424472e-04
1.428604e-04
1.433418e-04
1.436183e-04
1.438929e-04
1.445501e-04
1.447852e-04
1.453042e-04
1.457838e-04
1.463583e-04
1.466004e-04
1.470500e-04
1.470935e-04
1.477154e-04
1.482264e-04
1.484207e-04
1.488922e-04
1.493062e-04
1.495229e-04
1.497999e-04
1.502203e-04
1.504159e-04
1.510326e-04
1.517559e-04
1.522503e-04
1.527757e-04
1.533979e-04
1.536853e-04
1.538398e-04
1.543594e-04
1.551799e-04
1.555351e-04
1.557418e-04
1.563203e-04
1.568676e-04
1.575648e-04
1.583034e-04
1.584596e-04
1.589677e-04
1.591469e-04
1.597309e-04
1.602926e-04
1.607698e-04
1.611369e-04
1.615671e-04
1.618591e-04
1.622652e-04
1.626182e-04
1.631263e-04
1.633853e-04
1.644591e-04
1.648277e-04
1.650097e-04
1.655685e-04
1.657321e-04
1.661937e-04
1.671795e-04
1.674594e-04
1.678547e-04
1.682862e-04
1.683058e-04
1.692778e-04
1.697772e-04
1.700137e-04
1.703826e-04
1.706697e-04
1.708927e-04
1.712737e-04
1.715228e-04
1.717965e-04
1.731473e-04
1.733316e-04
1.737465e-04
1.742314e-04
1.744221e-04
1.750564e-04
1.753895e-04
1.758593e-04
1.764155e-04
1.772545e-04
1.777920e-04
1.781094e-04
1.784783e-04
1.785752e-04
1.790451e-04
1.791887e-04
1.803053e-04
1.806540e-04
1.809071e-04
1.812026e-04
1.812873e-04
1.821934e-04
1.824248e-04
1.829527e-04
1.831543e-04
1.835729e-04
1.842304e-04
1.843459e-04
1.847876e-04
1.856850e-04
1.861499e-04
1.863171e-04
1.867963e-04
1.870856e-04
1.871881e-04
1.878293e-04
1.882968e-04
1.890827e-04
1.895372e-04
1.898502e-04
1.903944e-04
1.911663e-04
1.912860e-04
1.914448e-04
1.918105e-04
1.922600e-04
1.929856e-04
1.933084e-04
1.941407e-04
1.944669e-04
1.947201e-04
1.957557e-04
1.960232e-04
1.961241e-04
1.968730e-04
1.975644e-04
1.977622e-04
1.979011e-04
1.985084e-04
1.988126e-04
1.993300e-04
1.997977e-04
1.999492e-04
2.006197e-04
2.008834e-04
2.015629e-04
2.021372e-04
2.024316e-04
2.028238e-04
2.031925e-04
2.038575e-04
2.046630e-04
2.049161e-04
2.052868e-04
2.053459e-04
2.059440e-04
2.069650e-04
2.072614e-04
2.073706e-04
2.075209e-04
2.081580e-04
2.082742e-04
2.094109e-04
2.096123e-04
2.101854e-04
2.103347e-04
2.110851e-04
2.115785e-04
2.120283e-04
2.126764e-04
2.131952e-04
2.134948e-04
2.137638e-04
2.145818e-04
2.151523e-04
2.154328e-04
2.157743e-04
2.163724e-04
2.170705e-04
2.171880e-04
2.179711e-04
2.182951e-04
2.185511e-04
2.187409e-04
2.194118e-04
2.202406e-04
2.209694e-04
2.215776e-04
2.216958e-04
2.218516e-04
2.228734e-04
2.231589e-04
2.234847e-04
2.243043e-04
2.249484e-04
2.251089e-04
2.259954e-04
2.262063e-04
2.266988e-04
2.271252e-04
2.277107e-04
2.278598e-04
2.282669e-04
2.290857e-04
2.293113e-04
2.300089e-04
2.301618e-04
2.306242e-04
2.308169e-04
2.312942e-04
2.319089e-04
2.322071e-04
2.328411e-04
2.334431e-04
2.340366e-04
2.342555e-04
2.347988e-04
2.355051e-04
2.357208e-04
2.362973e-04
2.367743e-04
2.372231e-04
2.373972e-04
2.379728e-04
2.384577e-04
2.389418e-04
2.391193e-04
2.397219e-04
2.402515e-04
2.404309e-04
2.411252e-04
2.415940e-04
2.420311e-04
2.423938e-04
2.430234e-04
2.433869e-04
2.437349e-04
2.442145e-04
2.445336e-04
2.450829e-04
2.454230e-04
2.458011e-04
2.463372e-04
2.471949e-04
2.474035e-04
2.480629e-04
2.492138e-04
2.498722e-04
2.506535e-04
2.509446e-04
2.510317e-04
2.512691e-04
2.519434e-04
2.524881e-04
2.529884e-04
2.537856e-04
2.540985e-04
2.542909e-04
2.547090e-04
2.556276e-04
2.561235e-04
2.567706e-04
2.574585e-04
2.576602e-04
2.580212e-04
2.583490e-04
2.593696e-04
2.594422e-04
2.596993e-04
2.605572e-04
2.610522e-04
2.611810e-04
2.618299e-04
2.622810e-04
2.638109e-04
2.638269e-04
2.640921e-04
2.643619e-04
2.651721e-04
2.654991e-04
2.662400e-04
2.666510e-04
2.671888e-04
2.675930e-04
2.681007e-04
2.684509e-04
2.687304e-04
2.694798e-04
2.699380e-04
2.701150e-04
2.707831e-04
2.719513e-04
2.723678e-04
2.729376e-04
2.736090e-04
2.742510e-04
2.745674e-04
2.748244e-04
2.755579e-04
2.758363e-04
2.762047e-04
2.768041e-04
2.776130e-04
2.778777e-04
2.791254e-04
2.794418e-04
2.802539e-04
2.806760e-04
2.812575e-04
2.821823e-04
2.822740e-04
2.828565e-04
2.830915e-04
2.842571e-04
2.844304e-04
2.846408e-04
2.852353e-04
2.861324e-04
2.869334e-04
2.875682e-04
2.882833e-04
2.887207e-04
2.893092e-04
2.895932e-04
2.904671e-04
2.907169e-04
2.913001e-04
2.914373e-04
2.921348e-04
2.928302e-04
2.934190e-04
2.940547e-04
2.944704e-04
2.950937e-04
2.956401e-04
2.965523e-04
2.967246e-04
2.969958e-04
2.978295e-04
2.979361e-04
2.984487e-04
2.986978e-04
2.990756e-04
2.995553e-04
3.002231e-04
3.009806e-04
3.011987e-04
3.022184e-04
3.027279e-04
3.037217e-04
3.038965e-04
3.041687e-04
3.047554e-04
3.054749e-04
3.059275e-04
3.063431e-04
3.072980e-04
3.075697e-04
3.078646e-04
3.090999e-04
3.095365e-04
3.100995e-04
3.107990e-04
3.112884e-04
3.117884e-04
3.124920e-04
3.131373e-04
3.133338e-04
3.139934e-04
3.147947e-04
3.150582e-04
3.152159e-04
3.156744e-04
3.165734e-04
3.167921e-04
3.177586e-04
3.181513e-04
3.187765e-04
3.192996e-04
3.198144e-04
3.200360e-04
3.213476e-04
3.216849e-04
3.222953e-04
3.226292e-04
3.233042e-04
3.237139e-04
3.239629e-04
3.246911e-04
3.257303e-04
3.260001e-04
3.267241e-04
3.270839e-04
3.277473e-04
3.283513e-04
3.287463e-04
3.287585e-04
3.295808e-04
3.300382e-04
3.309803e-04
3.319537e-04
3.325968e-04
3.332154e-04
3.342608e-04
3.343634e-04
3.344489e-04
3.351367e-04
3.357318e-04
3.367814e-04
3.369980e-04
3.371756e-04
3.375515e-04
3.378332e-04
3.379106e-04
3.389451e-04
3.395471e-04
3.403487e-04
3.409721e-04
3.413953e-04
3.416609e-04
3.420566e-04
3.426752e-04
3.431908e-04
3.442160e-04
3.454790e-04
3.460345e-04
3.464517e-04
3.466048e-04
3.474471e-04
3.475917e-04
3.483936e-04
3.486875e-04
3.490337e-04
3.494467e-04
3.501156e-04
3.508254e-04
3.510878e-04
3.517176e-04
3.521628e-04
3.532079e-04
3.534931e-04
3.539055e-04
3.547895e-04
3.554263e-04
3.561482e-04
3.562638e-04
3.570434e-04
3.575276e-04
3.583199e-04
3.586553e-04
3.595205e-04
3.599040e-04
3.603447e-04
3.613278e-04
3.615639e-04
3.622175e-04
3.626264e-04
3.635069e-04
3.638682e-04
3.644823e-04
3.648044e-04
3.659528e-04
3.660639e-04
3.664372e-04
3.679213e-04
3.682396e-04
3.688096e-04
3.690726e-04
3.695231e-04
3.698289e-04
3.710823e-04
3.718393e-04
3.723291e-04
3.728596e-04
3.729675e-04
3.736847e-04
3.744034e-04
3.753563e-04
3.756921e-04
3.761446e-04
3.769830e-04
3.772931e-04
3.779593e-04
3.789739e-04
3.792084e-04
3.799559e-04
3.805002e-04
3.816099e-04
3.816979e-04
3.827552e-04
3.830116e-04
3.833139e-04
3.841937e-04
3.844435e-04
3.849173e-04
3.857921e-04
3.862903e-04
3.870462e-04
3.875264e-04
3.883143e-04
3.889726e-04
3.897577e-04
3.898759e-04
3.904482e-04
3.908115e-04
3.912802e-04
3.918851e-04
3.926417e-04
3.933823e-04
3.936498e-04
3.938249e-04
3.951767e-04
3.954282e-04
3.960164e-04
3.966361e-04
3.974740e-04
3.980601e-04
3.989905e-04
3.999677e-04
4.005866e-04
4.010923e-04
4.018971e-04
4.023150e-04
4.029372e-04
4.038334e-04
4.045610e-04
4.047663e-04
4.054691e-04
4.063835e-04
4.067892e-04
4.072739e-04
4.079130e-04
4.087307e-04
4.095027e-04
4.097991e-04
4.107124e-04
4.107711e-04
4.122734e-04
4.126736e-04
4.134960e-04
4.138144e-04
4.139780e-04
4.145669e-04
4.153176e-04
4.165668e-04
4.169700e-04
4.180747e-04
4.191387e-04
4.193331e-04
4.200236e-04
4.204487e-04
4.205884e-04
4.218124e-04
4.225412e-04
4.232587e-04
4.237846e-04
4.242364e-04
4.253561e-04
4.257494e-04
4.264767e-04
4.269337e-04
4.279226e-04
4.284895e-04
4.287507e-04
4.293834e-04
4.295968e-04
4.307586e-04
4.309399e-04
4.313530e-04
4.323342e-04
4.326547e-04
4.335038e-04
4.340387e-04
4.347216e-04
4.354227e-04
4.358649e-04
4.365474e-04
4.370185e-04
4.373193e-04
4.389063e-04
4.393132e-04
4.400089e-04
4.406320e-04
4.413542e-04
4.420776e-04
4.422930e-04
4.428176e-04
4.436224e-04
4.442284e-04
4.449723e-04
4.454371e-04
4.465593e-04
4.467598e-04
4.475055e-04
4.479548e-04
4.485544e-04
4.494268e-04
4.500691e-04
4.502301e-04
4.508167e-04
4.519594e-04
4.520870e-04
4.527508e-04
4.535298e-04
4.541840e-04
4.543308e-04
4.556859e-04
4.559792e-04
4.565551e-04
4.567525e-04
4.584188e-04
4.589775e-04
4.601562e-04
4.609151e-04
4.617863e-04
4.620298e-04
4.632528e-04
4.633301e-04
4.638977e-04
4.640613e-04
4.656374e-04
4.660238e-04
4.666872e-04
4.672260e-04
4.675711e-04
4.681280e-04
4.688251e-04
4.699717e-04
4.705195e-04
4.710549e-04
4.716040e-04
4.720201e-04
4.727381e-04
4.739223e-04
4.741916e-04
4.747436e-04
4.755187e-04
4.759874e-04
4.765184e-04
4.774917e-04
4.777426e-04
4.791204e-04
4.795597e-04
4.797681e-04
4.811599e-04
4.813674e-04
4.829114e-04
4.830135e-04
4.837994e-04
4.843504e-04
4.848641e-04
4.853029e-04
4.861353e-04
4.873080e-04
4.875777e-04
4.877953e-04
4.883370e-04
4.893739e-04
4.900159e-04
4.908827e-04
4.912676e-04
4.920535e-04
4.929519e-04
4.935181e-04
4.942631e-04
4.948516e-04
4.961231e-04
4.964484e-04
4.976269e-04
4.986087e-04
4.995966e-04
5.006856e-04
5.010715e-04
5.014662e-04
5.020770e-04
5.026218e-04
5.040955e-04
5.044307e-04
5.056646e-04
5.060325e-04
5.070636e-04
5.071175e-04
5.081115e-04
5.083659e-04
5.093960e-04
5.095662e-04
5.101834e-04
5.109085e-04
5.118850e-04
5.124297e-04
5.135597e-04
5.147222e-04
5.153359e-04
5.165696e-04
5.168385e-04
5.179731e-04
5.184833e-04
5.189024e-04
5.195740e-04
5.202545e-04
5.210839e-04
5.219455e-04
5.225737e-04
5.229804e-04
5.233224e-04
5.247683e-04
5.250998e-04
5.259795e-04
5.266962e-04
5.273254e-04
5.279874e-04
5.289355e-04
5.301325e-04
5.306629e-04
5.313507e-04
5.319078e-04
5.323792e-04
5.335748e-04
5.349376e-04
5.352670e-04
5.364427e-04
5.366782e-04
5.383535e-04
5.392196e-04
5.396905e-04
5.398112e-04
5.407781e-04
5.409367e-04
5.424713e-04
5.430126e-04
5.436946e-04
5.444811e-04
5.449499e-04
5.455342e-04
5.459707e-04
5.477431e-04
5.479822e-04
5.489645e-04
5.496064e-04
5.507480e-04
5.508727e-04
5.510298e-04
5.525121e-04
5.534349e-04
5.547068e-04
5.556443e-04
5.559189e-04
5.562057e-04
5.576521e-04
5.578702e-04
5.584219e-04
5.589638e-04
5.598752e-04
5.603947e-04
5.614724e-04
5.622854e-04
5.632401e-04
5.643467e-04
5.644462e-04
5.654902e-04
5.659801e-04
5.668724e-04
5.676758e-04
5.684847e-04
5.701312e-04
5.705025e-04
5.707803e-04
5.716106e-04
5.723288e-04
5.735253e-04
5.741786e-04
5.746734e-04
5.761386e-04
5.765902e-04
5.776261e-04
5.779252e-04
5.789706e-04
5.791371e-04
5.800841e-04
5.811774e-04
5.817410e-04
5.828728e-04
5.831566e-04
5.834129e-04
5.839576e-04
5.848494e-04
5.856564e-04
5.864599e-04
5.874063e-04
5.880587e-04
5.884086e-04
5.891470e-04
5.893459e-04
5.908847e-04
5.910735e-04
5.918964e-04
5.932177e-04
5.936972e-04
5.946303e-04
5.950186e-04
5.963508e-04
5.974185e-04
5.980113e-04
5.983269e-04
5.995203e-04
6.008938e-04
6.016680e-04
6.023975e-04
6.031950e-04
6.039158e-04
6.050772e-04
6.056648e-04
6.059975e-04
6.061126e-04
6.074560e-04
6.088606e-04
6.095385e-04
6.106157e-04
6.112318e-04
6.116848e-04
6.120859e-04
6.124123e-04
6.142918e-04
6.153085e-04
6.157370e-04
6.164321e-04
6.171591e-04
6.179092e-04
6.190620e-04
6.199224e-04
6.204722e-04
6.216192e-04
6.227914e-04
6.239554e-04
6.244230e-04
6.249796e-04
6.265780e-04
6.267403e-04
6.283410e-04
6.288670e-04
6.294249e-04
6.303233e-04
6.311320e-04
6.313272e-04
6.333913e-04
6.337168e-04
6.348347e-04
6.353120e-04
6.359436e-04
6.368146e-04
6.381549e-04
6.390170e-04
6.397113e-04
6.405007e-04
6.414952e-04
6.419384e-04
6.430215e-04
6.434966e-04
6.444053e-04
6.455806e-04
6.461445e-04
6.467263e-04
6.477500e-04
6.489908e-04
6.498463e-04
6.508179e-04
6.518776e-04
6.526355e-04
6.529030e-04
6.544216e-04
6.548505e-04
6.569716e-04
6.571768e-04
6.589326e-04
6.594765e-04
6.598024e-04
6.603569e-04
6.616769e-04
6.624802e-04
6.633727e-04
6.649371e-04
6.663137e-04
6.674460e-04
6.682395e-04
6.685745e-04
6.698511e-04
6.702850e-04
6.718422e-04
6.727475e-04
6.733385e-04
6.737259e-04
6.740261e-04
6.755831e-04
6.767959e-04
6.777525e-04
6.778805e-04
6.787854e-04
6.798115e-04
6.809779e-04
6.820673e-04
6.828007e-04
6.836797e-04
6.844071e-04
6.851525e-04
6.863191e-04
6.872500e-04
6.874596e-04
6.882291e-04
6.888259e-04
6.897603e-04
6.910290e-04
6.919038e-04
6.923740e-04
6.931463e-04
6.946451e-04
6.950676e-04
6.968989e-04
6.977770e-04
6.994307e-04
7.003357e-04
7.009403e-04
7.016493e-04
7.028163e-04
7.041214e-04
7.046126e-04
7.055777e-04
7.060854e-04
7.069834e-04
7.071259e-04
7.078949e-04
7.088174e-04
7.104425e-04
7.121175e-04
7.123081e-04
7.130662e-04
7.143927e-04
7.157564e-04
7.170208e-04
7.177703e-04
7.189137e-04
7.196135e-04
7.200098e-04
7.205631e-04
7.218610e-04
7.229966e-04
7.237998e-04
7.245740e-04
7.263022e-04
7.275962e-04
7.286465e-04
7.292101e-04
7.301955e-04
7.311220e-04
7.323588e-04
7.331580e-04
7.338249e-04
7.348464e-04
7.356016e-04
7.359228e-04
7.381573e-04
7.383713e-04
7.397161e-04
7.400723e-04
7.415502e-04
7.426454e-04
7.432378e-04
7.445253e-04
7.456968e-04
7.465084e-04
7.471408e-04
7.486648e-04
7.492880e-04
7.502824e-04
7.518410e-04
7.521443e-04
7.532420e-04
7.538749e-04
7.551997e-04
7.565669e-04
7.574629e-04
7.579462e-04
7.592167e-04
7.595002e-04
7.601081e-04
7.614347e-04
7.617602e-04
7.638088e-04
7.640323e-04
7.658888e-04
7.663296e-04
7.668679e-04
7.671989e-04
7.684401e-04
7.696954e-04
7.703396e-04
7.713389e-04
7.719467e-04
7.730925e-04
7.749695e-04
7.761327e-04
7.772670e-04
7.777500e-04
7.794252e-04
7.803528e-04
7.808428e-04
7.822813e-04
7.840051e-04
7.846120e-04
7.851204e-04
7.863769e-04
7.869256e-04
7.879770e-04
7.887734e-04
7.909443e-04
7.914134e-04
7.919378e-04
7.926503e-04
7.952565e-04
7.963592e-04
7.966894e-04
7.969493e-04
7.983819e-04
7.988272e-04
7.997750e-04
8.009240e-04
8.025772e-04
8.040146e-04
8.047387e-04
8.050050e-04
8.055223e-04
8.066605e-04
8.081538e-04
8.084458e-04
8.103863e-04
8.107221e-04
8.113345e-04
8.125224e-04
8.132032e-04
8.149443e-04
8.150875e-04
8.164596e-04
8.171218e-04
8.182171e-04
8.188789e-04
8.201525e-04
8.220156e-04
8.221077e-04
8.238363e-04
8.253422e-04
8.265210e-04
8.267495e-04
8.274509e-04
8.286178e-04
8.295027e-04
8.299180e-04
8.314036e-04
8.332844e-04
8.336366e-04
8.348390e-04
8.349584e-04
8.367536e-04
8.377450e-04
8.391288e-04
8.404540e-04
8.405376e-04
8.420657e-04
8.425135e-04
8.442381e-04
8.448907e-04
8.458327e-04
8.465047e-04
8.482241e-04
8.484121e-04
8.493638e-04
8.503460e-04
8.519130e-04
8.520926e-04
8.532250e-04
8.546866e-04
8.556206e-04
8.559259e-04
8.576568e-04
8.581549e-04
8.599085e-04
8.609592e-04
8.619068e-04
8.630550e-04
8.637442e-04
8.645643e-04
8.656224e-04
8.664717e-04
8.682006e-04
8.690023e-04
8.702631e-04
8.713612e-04
8.715974e-04
8.722857e-04
8.735527e-04
8.739440e-04
8.752647e-04
8.766127e-04
8.768149e-04
8.776147e-04
8.796210e-04
8.813299e-04
8.821699e-04
8.825258e-04
8.839722e-04
8.848315e-04
8.862876e-04
8.876905e-04
8.889447e-04
8.903134e-04
8.915329e-04
8.920982e-04
8.933541e-04
8.941499e-04
8.956048e-04
8.960920e-04
8.974121e-04
8.995777e-04
8.998082e-04
9.011157e-04
9.016072e-04
9.030284e-04
9.032677e-04
9.037679e-04
9.042606e-04
9.055010e-04
9.080102e-04
9.088332e-04
9.096252e-04
9.102600e-04
9.126265e-04
9.129213e-04
9.143789e-04
9.150795e-04
9.160235e-04
9.172555e-04
9.177289e-04
9.189628e-04
9.205847e-04
9.216931e-04
9.223069e-04
9.236115e-04
9.250450e-04
9.266830e-04
9.291324e-04
9.294095e-04
9.304652e-04
9.307375e-04
9.320869e-04
9.332946e-04
9.339684e-04
9.364234e-04
9.372479e-04
9.380205e-04
9.398116e-04
9.412358e-04
9.417192e-04
9.421070e-04
9.431651e-04
9.462327e-04
9.478993e-04
9.488660e-04
9.489149e-04
9.500546e-04
9.513697e-04
9.519623e-04
9.522346e-04
9.529953e-04
9.561253e-04
9.563417e-04
9.578206e-04
9.591173e-04
9.597160e-04
9.624858e-04
9.626894e-04
9.653623e-04
9.665329e-04
9.680667e-04
9.694117e-04
9.700891e-04
9.719756e-04
9.725017e-04
9.730556e-04
9.751627e-04
9.760700e-04
9.774124e-04
9.785888e-04
9.793294e-04
9.798999e-04
9.803861e-04
9.804569e-04
9.824285e-04
9.845246e-04
9.851321e-04
9.863577e-04
9.881050e-04
9.894551e-04
9.901677e-04
9.907355e-04
9.919423e-04
9.926648e-04
9.950597e-04
9.962206e-04
9.969272e-04
9.981372e-04
9.995193e-04
1.000699e-03
1.001279e-03
1.003145e-03
1.003460e-03
1.004130e-03
1.005074e-03
1.007324e-03
1.008295e-03
1.008516e-03
1.009695e-03
1.012600e-03
1.013609e-03
1.013934e-03
1.014724e-03
1.016664e-03
1.018815e-03
1.019157e-03
1.019897e-03
1.021855e-03
1.023198e-03
1.024614e-03
1.025787e-03
1.026482e-03
1.027136e-03
1.027752e-03
1.029948e-03
1.030665e-03
1.031522e-03
1.033185e-03
1.033592e-03
1.035843e-03
1.036563e-03
1.037772e-03
1.038316e-03
1.039266e-03
1.040858e-03
1.042247e-03
1.043506e-03
1.044706e-03
1.045177e-03
1.046654e-03
1.048294e-03
1.049382e-03
1.050081e-03
1.052148e-03
1.053826e-03
1.055457e-03
1.056894e-03
1.057606e-03
1.058902e-03
1.059600e-03
1.060610e-03
1.062119e-03
1.063746e-03
1.066085e-03
1.066457e-03
1.068512e-03
1.069239e-03
1.069564e-03
1.071321e-03
1.072352e-03
1.073911e-03
1.074586e-03
1.075768e-03
1.077569e-03
1.077952e-03
1.079835e-03
1.080245e-03
1.081150e-03
1.082987e-03
1.085146e-03
1.086329e-03
1.087933e-03
1.089057e-03
1.090964e-03
1.091468e-03
1.093228e-03
1.094390e-03
1.095714e-03
1.095985e-03
1.097880e-03
1.099127e-03
1.100836e-03
1.101775e-03
1.102136e-03
1.102886e-03
1.103988e-03
1.104200e-03
1.105360e-03
1.107205e-03
1.108109e-03
1.108645e-03
1.111520e-03
1.113629e-03
1.115838e-03
1.117176e-03
1.117964e-03
1.118694e-03
1.119814e-03
1.120934e-03
1.122334e-03
1.123334e-03
1.124583e-03
1.126217e-03
1.126854e-03
1.127921e-03
1.128957e-03
1.132634e-03
1.132869e-03
1.133198e-03
1.135446e-03
1.135540e-03
1.137117e-03
1.138425e-03
1.139745e-03
1.140906e-03
1.141228e-03
1.144867e-03
1.145875e-03
1.146986e-03
1.147564e-03
1.148036e-03
1.151316e-03
1.153343e-03
1.153526e-03
1.155491e-03
1.157514e-03
1.159704e-03
1.161169e-03
1.161962e-03
1.162362e-03
1.163711e-03
1.164207e-03
1.165689e-03
1.166667e-03
1.167204e-03
1.168523e-03
1.170177e-03
1.171525e-03
1.173755e-03
1.174701e-03
1.175651e-03
1.176288e-03
1.178471e-03
1.179358e-03
1.180963e-03
1.182423e-03
1.183520e-03
1.185096e-03
1.185652e-03
1.187290e-03
1.189478e-03
1.190927e-03
1.191636e-03
1.192304e-03
1.195981e-03
1.196524e-03
1.198063e-03
1.198711e-03
1.200212e-03
1.201620e-03
1.202675e-03
1.202905e-03
1.204597e-03
1.206783e-03
1.207299e-03
1.208723e-03
1.209782e-03
1.212074e-03
1.214291e-03
1.214502e-03
1.216046e-03
1.218009e-03
1.218939e-03
1.219469e-03
1.221900e-03
1.224067e-03
1.224162e-03
1.225209e-03
1.227201e-03
1.228568e-03
1.230544e-03
1.232295e-03
1.232773e-03
1.234402e-03
1.235220e-03
1.236771e-03
1.237730e-03
1.238466e-03
1.239039e-03
1.241315e-03
1.242416e-03
1.244717e-03
1.245987e-03
1.247529e-03
1.248667e-03
1.249340e-03
1.249930e-03
1.253201e-03
1.254350e-03
1.255400e-03
1.257474e-03
1.258854e-03
1.259982e-03
1.261523e-03
1.262225e-03
1.262948e-03
1.266016e-03
1.266680e-03
1.267707e-03
1.269508e-03
1.271975e-03
1.274250e-03
1.275308e-03
1.276241e-03
1.278405e-03
1.278692e-03
1.279459e-03
1.280538e-03
1.281157e-03
1.283801e-03
1.287794e-03
1.288932e-03
1.290625e-03
1.292459e-03
1.293861e-03
1.294223e-03
1.296238e-03
1.296627e-03
1.297353e-03
1.302032e-03
1.303011e-03
1.305084e-03
1.305351e-03
1.306425e-03
1.306604e-03
1.308498e-03
1.309474e-03
1.312843e-03
1.313672e-03
1.315354e-03
1.317491e-03
1.319498e-03
1.321517e-03
1.323649e-03
1.324648e-03
1.325832e-03
1.326357e-03
1.329054e-03
1.332816e-03
1.333426e-03
1.335465e-03
1.336323e-03
1.337701e-03
1.339380e-03
1.340752e-03
1.342304e-03
1.343770e-03
1.344367e-03
1.346237e-03
1.348382e-03
1.349599e-03
1.351672e-03
1.352037e-03
1.354241e-03
1.355884e-03
1.356723e-03
1.357375e-03
1.358077e-03
1.359620e-03
1.361132e-03
1.362208e-03
1.365122e-03
1.366204e-03
1.367090e-03
1.368841e-03
1.369021e-03
1.370314e-03
1.373672e-03
1.375635e-03
1.377329e-03
1.378651e-03
1.381043e-03
1.381864e-03
1.383178e-03
1.384894e-03
1.387225e-03
1.388650e-03
1.390485e-03
1.391254e-03
1.394748e-03
1.396414e-03
1.396822e-03
1.399965e-03
1.401394e-03
1.402790e-03
1.404838e-03
1.406912e-03
1.409211e-03
1.410718e-03
1.411148e-03
1.412713e-03
1.414126e-03
1.415469e-03
1.417232e-03
1.418663e-03
1.422200e-03
1.422687e-03
1.424457e-03
1.425092e-03
1.428958e-03
1.430686e-03
1.433350e-03
1.436193e-03
1.436980e-03
1.438033e-03
1.439440e-03
1.443752e-03
1.445075e-03
1.446265e-03
1.447373e-03
1.449223e-03
1.450468e-03
1.451413e-03
1.452438e-03
1.453967e-03
1.457010e-03
1.458401e-03
1.459353e-03
1.460873e-03
1.462138e-03
1.464126e-03
1.467117e-03
1.468532e-03
1.469322e-03
1.472417e-03
1.473399e-03
1.475060e-03
1.477543e-03
1.480426e-03
1.482078e-03
1.483260e-03
1.485109e-03
1.487268e-03
1.487939e-03
1.489057e-03
1.490184e-03
1.492065e-03
1.493728e-03
1.496652e-03
1.498619e-03
1.501434e-03
1.502316e-03
1.504103e-03
1.505207e-03
1.505761e-03
1.508967e-03
1.509404e-03
1.510563e-03
1.513979e-03
1.518292e-03
1.519569e-03
1.521105e-03
1.522406e-03
1.524202e-03
1.525522e-03
1.526533e-03
1.530222e-03
1.530719e-03
1.533848e-03
1.535991e-03
1.536915e-03
1.537935e-03
1.539615e-03
1.543564e-03
1.544022e-03
1.546181e-03
1.548658e-03
1.550098e-03
1.551964e-03
1.553494e-03
1.554208e-03
1.557233e-03
1.557991e-03
1.562557e-03
1.564543e-03
1.565087e-03
1.566194e-03
1.567921e-03
1.569573e-03
1.571514e-03
1.577024e-03
1.578125e-03
1.579270e-03
1.581373e-03
1.582757e-03
1.585361e-03
1.587379e-03
1.588699e-03
1.590145e-03
1.591293e-03
1.593568e-03
1.595468e-03
1.596771e-03
1.598648e-03
1.600733e-03
1.601166e-03
1.603421e-03
1.605189e-03
1.607771e-03
1.608528e-03
1.610538e-03
1.612841e-03
1.613296e-03
1.614296e-03
1.616432e-03
1.621024e-03
1.622510e-03
1.624000e-03
1.625467e-03
1.628300e-03
1.630710e-03
1.631611e-03
1.632413e-03
1.634567e-03
1.636173e-03
1.638569e-03
1.640147e-03
1.642655e-03
1.646241e-03
1.646663e-03
1.651930e-03
1.652847e-03
1.654768e-03
1.657691e-03
1.658538e-03
1.660934e-03
1.664512e-03
1.665692e-03
1.667443e-03
1.668034e-03
1.670301e-03
1.673827e-03
1.675920e-03
1.678477e-03
1.679757e-03
1.681342e-03
1.682889e-03
1.684360e-03
1.686078e-03
1.688513e-03
1.689436e-03
1.694448e-03
1.695792e-03
1.696909e-03
1.701734e-03
1.702476e-03
1.703027e-03
1.704356e-03
1.705174e-03
1.708975e-03
1.709318e-03
1.711028e-03
1.713326e-03
1.716387e-03
1.718104e-03
1.721083e-03
1.722562e-03
1.724218e-03
1.727019e-03
1.730491e-03
1.733215e-03
1.734558e-03
1.734674e-03
1.737422e-03
1.739027e-03
1.740126e-03
1.742104e-03
1.743489e-03
1.744956e-03
1.746114e-03
1.748778e-03
1.749690e-03
1.752427e-03
1.753394e-03
1.755117e-03
1.755990e-03
1.759515e-03
1.762287e-03
1.764224e-03
1.767156e-03
1.769029e-03
1.771019e-03
1.773173e-03
1.774887e-03
1.776233e-03
1.777451e-03
1.779707e-03
1.781195e-03
1.783534e-03
1.785780e-03
1.786612e-03
1.788185e-03
1.789833e-03
1.791701e-03
1.792922e-03
1.797888e-03
1.800480e-03
1.801271e-03
1.804364e-03
1.804701e-03
1.808417e-03
1.810143e-03
1.811169e-03
1.813781e-03
1.814863e-03
1.816094e-03
1.818479e-03
1.820662e-03
1.823189e-03
1.827297e-03
1.830167e-03
1.831559e-03
1.833917e-03
1.834971e-03
1.839177e-03
1.840006e-03
1.842346e-03
1.844324e-03
1.846413e-03
1.849424e-03
1.850208e-03
1.853614e-03
1.855473e-03
1.857250e-03
1.858768e-03
1.861309e-03
1.863269e-03
1.865000e-03
1.870045e-03
1.871490e-03
1.871993e-03
1.875160e-03
1.877381e-03
1.877808e-03
1.881174e-03
1.885783e-03
1.887906e-03
1.889597e-03
1.892873e-03
1.894923e-03
1.898288e-03
1.899743e-03
1.902363e-03
1.905262e-03
1.905388e-03
1.910282e-03
1.911838e-03
1.913290e-03
1.914808e-03
1.918120e-03
1.919639e-03
1.921918e-03
1.923173e-03
1.927951e-03
1.930712e-03
1.932046e-03
1.935424e-03
1.936551e-03
1.940111e-03
1.942567e-03
1.943956e-03
1.947151e-03
1.947770e-03
1.949342e-03
1.952273e-03
1.954950e-03
1.958208e-03
1.960728e-03
1.963050e-03
1.965208e-03
1.966874e-03
1.970765e-03
1.973362e-03
1.976520e-03
1.978027e-03
1.980776e-03
1.984147e-03
1.985211e-03
1.987773e-03
1.989980e-03
1.992710e-03
1.994786e-03
1.998240e-03
2.000310e-03
2.002111e-03
2.005153e-03
2.007937e-03
2.009224e-03
2.013333e-03
2.014701e-03
2.018043e-03
2.021760e-03
2.022878e-03
2.026478e-03
2.029407e-03
2.033574e-03
2.036104e-03
2.040452e-03
2.042736e-03
2.046756e-03
2.048190e-03
2.050547e-03
2.051788e-03
2.053913e-03
2.055726e-03
2.058723e-03
2.063203e-03
2.066077e-03
2.067774e-03
2.070268e-03
2.071485e-03
2.074865e-03
2.076794e-03
2.079676e-03
2.080909e-03
2.082172e-03
2.085248e-03
2.087058e-03
2.091224e-03
2.092190e-03
2.095042e-03
2.098179e-03
2.101068e-03
2.103554e-03
2.106498e-03
2.109200e-03
2.111530e-03
2.113593e-03
2.117897e-03
2.118584e-03
2.119535e-03
2.120974e-03
2.125477e-03
2.130892e-03
2.131951e-03
2.134290e-03
2.136529e-03
2.136666e-03
2.141136e-03
2.143805e-03
2.146241e-03
2.148576e-03
2.152461e-03
2.153347e-03
2.155622e-03
2.160169e-03
2.163403e-03
2.167452e-03
2.170259e-03
2.173922e-03
2.177835e-03
2.179325e-03
2.180003e-03
2.180772e-03
2.183326e-03
2.189617e-03
2.190292e-03
2.194080e-03
2.195205e-03
2.197198e-03
2.200338e-03
2.201911e-03
2.204877e-03
2.206054e-03
2.208922e-03
2.212583e-03
2.214111e-03
2.217859e-03
2.221876e-03
2.225065e-03
2.228554e-03
2.232669e-03
2.235570e-03
2.239221e-03
2.241879e-03
2.244256e-03
2.246459e-03
2.250019e-03
2.251614e-03
2.258057e-03
2.262238e-03
2.262317e-03
2.265967e-03
2.270302e-03
2.271099e-03
2.273390e-03
2.276890e-03
2.283549e-03
2.285318e-03
2.287080e-03
2.289551e-03
2.293560e-03
2.296726e-03
2.300305e-03
2.301046e-03
2.306259e-03
2.308838e-03
2.312816e-03
2.314604e-03
2.317019e-03
2.319760e-03
2.323626e-03
2.325644e-03
2.329356e-03
2.334997e-03
2.335391e-03
2.336625e-03
2.337125e-03
2.339999e-03
2.343438e-03
2.344314e-03
2.346760e-03
2.352088e-03
2.353964e-03
2.358076e-03
2.360299e-03
2.366134e-03
2.367298e-03
2.370050e-03
2.372106e-03
2.375605e-03
2.377605e-03
2.380292e-03
2.386662e-03
2.389210e-03
2.389497e-03
2.391430e-03
2.395803e-03
2.398189e-03
2.402560e-03
2.406964e-03
2.407137e-03
2.411724e-03
2.413465e-03
2.415499e-03
2.418515e-03
2.422552e-03
2.426957e-03
2.430670e-03
2.431636e-03
2.435906e-03
2.441351e-03
2.441883e-03
2.445790e-03
2.447745e-03
2.451711e-03
2.452974e-03
2.454678e-03
2.456663e-03
2.462200e-03
2.467550e-03
2.468855e-03
2.470676e-03
2.475716e-03
2.477733e-03
2.478434e-03
2.483324e-03
2.487558e-03
2.488362e-03
2.489953e-03
2.494412e-03
2.496327e-03
2.500778e-03
2.501382e-03
2.503582e-03
2.508462e-03
2.510458e-03
2.514689e-03
2.516382e-03
2.518654e-03
2.522054e-03
2.522660e-03
2.525431e-03
2.529934e-03
2.531917e-03
2.535312e-03
2.536280e-03
2.541295e-03
2.546969e-03
2.550979e-03
2.555400e-03
2.557200e-03
2.561516e-03
2.565159e-03
2.571360e-03
2.575963e-03
2.577957e-03
2.582663e-03
2.584344e-03
2.588649e-03
2.592855e-03
2.595116e-03
2.597996e-03
2.601272e-03
2.605195e-03
2.608747e-03
2.609869e-03
2.613595e-03
2.616390e-03
2.627066e-03
2.628849e-03
2.630133e-03
2.633566e-03
2.637303e-03
2.641169e-03
2.643879e-03
2.648947e-03
2.652183e-03
2.659027e-03
2.660105e-03
2.662156e-03
2.667275e-03
2.668152e-03
2.669707e-03
2.672417e-03
2.676278e-03
2.678195e-03
2.682121e-03
2.685562e-03
2.688492e-03
2.691921e-03
2.697315e-03
2.697937e-03
2.702278e-03
2.707962e-03
2.713054e-03
2.717037e-03
2.720775e-03
2.723803e-03
2.728499e-03
2.730305e-03
2.735454e-03
2.737217e-03
2.740905e-03
2.744710e-03
2.749394e-03
2.750292e-03
2.753532e-03
2.757473e-03
2.759439e-03
2.764924e-03
2.767459e-03
2.776129e-03
2.777061e-03
2.782241e-03
2.787674e-03
2.788514e-03
2.791188e-03
2.794678e-03
2.797452e-03
2.800973e-03
2.807022e-03
2.812690e-03
2.813502e-03
2.815967e-03
2.817016e-03
2.821339e-03
2.825009e-03
2.826973e-03
2.832500e-03
2.834668e-03
2.836139e-03
2.837337e-03
2.840720e-03
2.843231e-03
2.847389e-03
2.849676e-03
2.856995e-03
2.860261e-03
2.865967e-03
2.867473e-03
2.873826e-03
2.874563e-03
2.877440e-03
2.881574e-03
2.885823e-03
2.887753e-03
2.891637e-03
2.898217e-03
2.900045e-03
2.904053e-03
2.907631e-03
2.912181e-03
2.917371e-03
2.918696e-03
2.920066e-03
2.924663e-03
2.928380e-03
2.930229e-03
2.934706e-03
2.938679e-03
2.941937e-03
2.948394e-03
2.953722e-03
2.957016e-03
2.957357e-03
2.962198e-03
2.971829e-03
2.974341e-03
2.976126e-03
2.977721e-03
2.984347e-03
2.990377e-03
2.991931e-03
2.994202e-03
2.996429e-03
3.001322e-03
3.005077e-03
3.010870e-03
3.013548e-03
3.017733e-03
3.020205e-03
3.024270e-03
3.026005e-03
3.033630e-03
3.038385e-03
3.040888e-03
3.045868e-03
3.048818e-03
3.052250e-03
3.052682e-03
3.060911e-03
3.066076e-03
3.073332e-03
3.075488e-03
3.077669e-03
3.083217e-03
3.084237e-03
3.085696e-03
3.093328e-03
3.094998e-03
3.098362e-03
3.100132e-03
3.107323e-03
3.109749e-03
3.115039e-03
3.119266e-03
3.121854e-03
3.125383e-03
3.130553e-03
3.135110e-03
3.137986e-03
3.144669e-03
3.148914e-03
3.150244e-03
3.151961e-03
3.160601e-03
3.161190e-03
3.165984e-03
3.171195e-03
3.176350e-03
3.180140e-03
3.183297e-03
3.187404e-03
3.190934e-03
3.197773e-03
3.202607e-03
3.204476e-03
3.209967e-03
3.215650e-03
3.216937e-03
3.222699e-03
3.227275e-03
3.235352e-03
3.236597e-03
3.245590e-03
3.251873e-03
3.254898e-03
3.262014e-03
3.265986e-03
3.270515e-03
3.275350e-03
3.279655e-03
3.284665e-03
3.288885e-03
3.296010e-03
3.298758e-03
3.302381e-03
3.308218e-03
3.310985e-03
3.314804e-03
3.322171e-03
3.324297e-03
3.330017e-03
3.331722e-03
3.338752e-03
3.340212e-03
3.344100e-03
3.347362e-03
3.353692e-03
3.359433e-03
3.364055e-03
3.368093e-03
3.370409e-03
3.377426e-03
3.378818e-03
3.381825e-03
3.385048e-03
3.392150e-03
3.392842e-03
3.397069e-03
3.401849e-03
3.406236e-03
3.410752e-03
3.413906e-03
3.418093e-03
3.421459e-03
3.424905e-03
3.432501e-03
3.433799e-03
3.440867e-03
3.444575e-03
3.449088e-03
3.455718e-03
3.461210e-03
3.468507e-03
3.474394e-03
3.478931e-03
3.481413e-03
3.484985e-03
3.487567e-03
3.494104e-03
3.500561e-03
3.506027e-03
3.511747e-03
3.513357e-03
3.516777e-03
3.524410e-03
3.528464e-03
3.534640e-03
3.537908e-03
3.543811e-03
3.545422e-03
3.546408e-03
3.551840e-03
3.553955e-03
3.560435e-03
3.567300e-03
3.567469e-03
3.570491e-03
3.578916e-03
3.585972e-03
3.588829e-03
3.593220e-03
3.602518e-03
3.606228e-03
3.610113e-03
3.617735e-03
3.620146e-03
3.631654e-03
3.631997e-03
3.635332e-03
3.640808e-03
3.647076e-03
3.651400e-03
3.657711e-03
3.666411e-03
3.667804e-03
3.675805e-03
3.684696e-03
3.691480e-03
3.693676e-03
3.700768e-03
3.710749e-03
3.716871e-03
3.722672e-03
3.723937e-03
3.730495e-03
3.734670e-03
3.740206e-03
3.746616e-03
3.752199e-03
3.756102e-03
3.760734e-03
3.761990e-03
3.774176e-03
3.777285e-03
3.786116e-03
3.790232e-03
3.793619e-03
3.798372e-03
3.810923e-03
3.815241e-03
3.820045e-03
3.821212e-03
3.828904e-03
3.836672e-03
3.846693e-03
3.856595e-03
3.857632e-03
3.865790e-03
3.869241e-03
3.878343e-03
3.885508e-03
3.889454e-03
3.896194e-03
3.902862e-03
3.907353e-03
3.915015e-03
3.919690e-03
3.925782e-03
3.929461e-03
3.934912e-03
3.941788e-03
3.947225e-03
3.954468e-03
3.958869e-03
3.964788e-03
3.980676e-03
3.981917e-03
3.982567e-03
3.988700e-03
3.993311e-03
3.994440e-03
4.005368e-03
4.009655e-03
4.014652e-03
4.021646e-03
4.033239e-03
4.037245e-03
4.041258e-03
4.045147e-03
4.053833e-03
4.057892e-03
4.067250e-03
4.071252e-03
4.074958e-03
4.081015e-03
4.083645e-03
4.090390e-03
4.095914e-03
4.099883e-03
4.103906e-03
4.113722e-03
4.115398e-03
4.128453e-03
4.135884e-03
4.142501e-03
4.153309e-03
4.156647e-03
4.160307e-03
4.169488e-03
4.171611e-03
4.181904e-03
4.190922e-03
4.191381e-03
4.201137e-03
4.205734e-03
4.213621e-03
4.219265e-03
4.225494e-03
4.229901e-03
4.237812e-03
4.247029e-03
4.254117e-03
4.265284e-03
4.271235e-03
4.274040e-03
4.292366e-03
4.297525e-03
4.300279e-03
4.307987e-03
4.322085e-03
4.327630e-03
4.328747e-03
4.350314e-03
4.357750e-03
4.366369e-03
4.371101e-03
4.384020e-03
4.387588e-03
4.393018e-03
4.396576e-03
4.402398e-03
4.405905e-03
4.415354e-03
4.419526e-03
4.428074e-03
4.429886e-03
4.444816e-03
4.447279e-03
4.458335e-03
4.467808e-03
4.478252e-03
4.489140e-03
4.493721e-03
4.497180e-03
4.506595e-03
4.513871e-03
4.521233e-03
4.530782e-03
4.532362e-03
4.537995e-03
4.546381e-03
4.551422e-03
4.563822e-03
4.569851e-03
4.575462e-03
4.578433e-03
4.590032e-03
4.591358e-03
4.598682e-03
4.602257e-03
4.606749e-03
4.612221e-03
4.617731e-03
4.618878e-03
4.631270e-03
4.645343e-03
4.653949e-03
4.670951e-03
4.673920e-03
4.677635e-03
4.685528e-03
4.691702e-03
4.699517e-03
4.703804e-03
4.717392e-03
4.721261e-03
4.730389e-03
4.740598e-03
4.744627e-03
4.751660e-03
4.759136e-03
4.760673e-03
4.768318e-03
4.772163e-03
4.778923e-03
4.788313e-03
4.798075e-03
4.803331e-03
4.810761e-03
4.813777e-03
4.820913e-03
4.828725e-03
4.838120e-03
4.841913e-03
4.850257e-03
4.854764e-03
4.861847e-03
4.871560e-03
4.882250e-03
4.889550e-03
4.898190e-03
4.917285e-03
4.920668e-03
4.939863e-03
4.949024e-03
4.952874e-03
4.967013e-03
4.974843e-03
5.001036e-03
5.012093e-03
5.030154e-03
5.035908e-03
5.044459e-03
5.052104e-03
5.054481e-03
5.071769e-03
5.080797e-03
5.093987e-03
5.097168e-03
5.110986e-03
5.117600e-03
5.123254e-03
5.137315e-03
5.141232e-03
5.150249e-03
5.179099e-03
5.183222e-03
5.185351e-03
5.192253e-03
5.198778e-03
5.212548e-03
5.223911e-03
5.245720e-03
5.248048e-03
5.254982e-03
5.266135e-03
5.272022e-03
5.289880e-03
5.303111e-03
5.311086e-03
5.315764e-03
5.323889e-03
5.334206e-03
5.347763e-03
5.356876e-03
5.380017e-03
5.386658e-03
5.387938e-03
5.405902e-03
5.413266e-03
5.418798e-03
5.421286e-03
5.440207e-03
5.452204e-03
5.474516e-03
5.488017e-03
5.494889e-03
5.507467e-03
5.519479e-03
5.537086e-03
5.544129e-03
5.547383e-03
5.558792e-03
5.567025e-03
5.575691e-03
5.603409e-03
5.610198e-03
5.631345e-03
5.637124e-03
5.658473e-03
5.663307e-03
5.667987e-03
5.684019e-03
5.708011e-03
5.719754e-03
5.750144e-03
5.763188e-03
5.776198e-03
5.786679e-03
5.789656e-03
5.800458e-03
5.817450e-03
5.837370e-03
5.841327e-03
5.852384e-03
5.864474e-03
5.872417e-03
5.886216e-03
5.908569e-03
5.912521e-03
5.922607e-03
5.931529e-03
5.951487e-03
5.965563e-03
5.968842e-03
5.975449e-03
5.991127e-03
5.998206e-03
6.014932e-03
6.033447e-03
6.035065e-03
6.036883e-03
6.043083e-03
6.060129e-03
6.065281e-03
6.076931e-03
6.109003e-03
6.119552e-03
6.141182e-03
6.145220e-03
6.162276e-03
6.168882e-03
6.180592e-03
6.193864e-03
6.209034e-03
6.217156e-03
6.243753e-03
6.249206e-03
6.258589e-03
6.268290e-03
6.283141e-03
6.290029e-03
6.305804e-03
6.316279e-03
6.326330e-03
6.336841e-03
6.343181e-03
6.383110e-03
6.394760e-03
6.398963e-03
6.409867e-03
6.425989e-03
6.442727e-03
6.453948e-03
6.462500e-03
6.485251e-03
6.493239e-03
6.515078e-03
6.540601e-03
6.554912e-03
6.574145e-03
6.582231e-03
6.607526e-03
6.621274e-03
6.638855e-03
6.642782e-03
6.660418e-03
6.669878e-03
6.675544e-03
6.684237e-03
6.692079e-03
6.707541e-03
6.726257e-03
6.733310e-03
6.749157e-03
6.757504e-03
6.770178e-03
6.772857e-03
6.794528e-03
6.817854e-03
6.836277e-03
6.850708e-03
6.864407e-03
6.868271e-03
6.911981e-03
6.929613e-03
6.946768e-03
6.956232e-03
6.967462e-03
6.997224e-03
7.009265e-03
7.016583e-03
7.051427e-03
7.065446e-03
7.075075e-03
7.077891e-03
7.088452e-03
7.111081e-03
7.131134e-03
7.152439e-03
7.167656e-03
7.185363e-03
7.200547e-03
7.214418e-03
7.238621e-03
7.250389e-03
7.284778e-03
7.293184e-03
7.307979e-03
7.314961e-03
7.318457e-03
7.329137e-03
7.350505e-03
7.356428e-03
7.365533e-03
7.379250e-03
7.410012e-03
7.435222e-03
7.436169e-03
7.461105e-03
7.473926e-03
7.486245e-03
7.495202e-03
7.502135e-03
7.533751e-03
7.543026e-03
7.578042e-03
7.589562e-03
7.607399e-03
7.635453e-03
7.676080e-03
7.689028e-03
7.734617e-03
7.758821e-03
7.789134e-03
7.798795e-03
7.807145e-03
7.817185e-03
7.852561e-03
7.869401e-03
7.876590e-03
7.910793e-03
7.924967e-03
7.948746e-03
7.972223e-03
7.978437e-03
8.023566e-03
8.030365e-03
8.064919e-03
8.108883e-03
8.116677e-03
8.128619e-03
8.142513e-03
8.172941e-03
8.216793e-03
8.225357e-03
8.231688e-03
8.245151e-03
8.284263e-03
8.316282e-03
8.338269e-03
8.339275e-03
8.345560e-03
8.370249e-03
8.398417e-03
8.399460e-03
8.421925e-03
8.437963e-03
8.461088e-03
8.531596e-03
8.581446e-03
8.589918e-03
8.601380e-03
8.614352e-03
8.638450e-03
8.664691e-03
8.677104e-03
8.712559e-03
8.725479e-03
8.745822e-03
8.785817e-03
8.846704e-03
8.850527e-03
8.869489e-03
8.879948e-03
8.895702e-03
8.902836e-03
8.921114e-03
8.945894e-03
8.968952e-03
9.010812e-03
9.054181e-03
9.078491e-03
9.141192e-03
9.160313e-03
9.179082e-03
9.209270e-03
9.214723e-03
9.254929e-03
9.275265e-03
9.307103e-03
9.341346e-03
9.372527e-03
9.397084e-03
9.422096e-03
9.433848e-03
9.446450e-03
9.459100e-03
9.483669e-03
9.494726e-03
9.519165e-03
9.538185e-03
9.543495e-03
9.575246e-03
9.621274e-03
9.633488e-03
9.656130e-03
9.671787e-03
9.712890e-03
9.727458e-03
9.763551e-03
9.770915e-03
9.783990e-03
9.811668e-03
9.833580e-03
9.836611e-03
9.846784e-03
9.894579e-03
9.910998e-03
9.932438e-03
9.947982e-03
9.985422e-03
9.992607e-03
1.005062e-02
1.007597e-02
1.008450e-02
1.009221e-02
1.013212e-02
1.014816e-02
1.018670e-02
1.021926e-02
1.022462e-02
1.024509e-02
1.028307e-02
1.038437e-02
1.039164e-02
1.040092e-02
1.042035e-02
1.043408e-02
1.047940e-02
1.048178e-02
1.049225e-02
1.049929e-02
1.053896e-02
1.060594e-02
1.060751e-02
1.065954e-02
1.067708e-02
1.073580e-02
1.079421e-02
1.087248e-02
1.088567e-02
1.089567e-02
1.093126e-02
1.096314e-02
1.099490e-02
1.103171e-02
1.104357e-02
1.111429e-02
1.115392e-02
1.116163e-02
1.121338e-02
1.124923e-02
1.125812e-02
1.127244e-02
1.130990e-02
1.141329e-02
1.150072e-02
1.152758e-02
1.155141e-02
1.159668e-02
1.161432e-02
1.166934e-02
1.167514e-02
1.169439e-02
1.171222e-02
1.173186e-02
1.177257e-02
1.183180e-02
1.185687e-02
1.191504e-02
1.192870e-02
1.196275e-02
1.202580e-02
1.208327e-02
1.211395e-02
1.215835e-02
1.217703e-02
1.218859e-02
1.222205e-02
1.224734e-02
1.231583e-02
1.235096e-02
1.241282e-02
1.243894e-02
1.258084e-02
1.263817e-02
1.271559e-02
1.274916e-02
1.278544e-02
1.281452e-02
1.286447e-02
1.291597e-02
1.292234e-02
1.298423e-02
1.306153e-02
1.308538e-02
1.310612e-02
1.321505e-02
1.322787e-02
1.323851e-02
1.336160e-02
1.338346e-02
1.343546e-02
1.347567e-02
1.348551e-02
1.350967e-02
1.366686e-02
1.370305e-02
1.380596e-02
1.394794e-02
1.406517e-02
1.407276e-02
1.408065e-02
1.412781e-02
1.418290e-02
1.420641e-02
1.421930e-02
1.423291e-02
1.435575e-02
1.437581e-02
1.440423e-02
1.444222e-02
1.453942e-02
1.456780e-02
1.471653e-02
1.476571e-02
1.487871e-02
1.494810e-02
1.499299e-02
1.501398e-02
1.510728e-02
1.521406e-02
1.527353e-02
1.529163e-02
1.536193e-02
1.537422e-02
1.538076e-02
1.546160e-02
1.556147e-02
1.559663e-02
1.569757e-02
1.579977e-02
1.580434e-02
1.590926e-02
1.595062e-02
1.600261e-02
1.601523e-02
1.607530e-02
1.622703e-02
1.628625e-02
1.632397e-02
1.647483e-02
1.680774e-02
1.680942e-02
1.692247e-02
1.696826e-02
1.700085e-02
1.712563e-02
1.727859e-02
1.730478e-02
1.746489e-02
1.746908e-02
1.749098e-02
1.754895e-02
1.760487e-02
1.767065e-02
1.772472e-02
1.776299e-02
1.778423e-02
1.786931e-02
1.800580e-02
1.809492e-02
1.810151e-02
1.855358e-02
1.857299e-02
1.859778e-02
1.864415e-02
1.868787e-02
1.882123e-02
1.901362e-02
1.909365e-02
1.935140e-02
1.938280e-02
1.949945e-02
1.970446e-02
1.980299e-02
1.986510e-02
1.996533e-02
2.004890e-02
2.048488e-02
2.083790e-02
2.116823e-02
2.121849e-02
2.128988e-02
2.140089e-02
2.153007e-02
2.175717e-02
2.203917e-02
2.223311e-02
2.246784e-02
2.248626e-02
2.256921e-02
2.261444e-02
2.273230e-02
2.284319e-02
2.340292e-02
2.350962e-02
2.362557e-02
2.382897e-02
2.394845e-02
2.452511e-02
2.454018e-02
2.492592e-02
2.527422e-02
2.539617e-02
2.563191e-02
2.573601e-02
2.587633e-02
2.610712e-02
2.636132e-02
2.646085e-02
2.723272e-02
2.749884e-02
2.781432e-02
2.815169e-02
2.848894e-02
2.910078e-02
2.919364e-02
2.920857e-02
2.938282e-02
3.059769e-02
3.111476e-02
3.126684e-02
3.138926e-02
3.196343e-02
3.221142e-02
3.270818e-02
3.395948e-02
3.527055e-02
3.654870e-02
3.689767e-02
3.734012e-02
3.798951e-02
3.802897e-02
3.869687e-02
3.971446e-02
4.104796e-02
4.152578e-02
4.158225e-02
4.213559e-02
4.259931e-02
4.271774e-02
4.403688e-02
4.481366e-02
4.521277e-02
4.553657e-02
4.784421e-02
4.811627e-02
4.822613e-02
4.904502e-02
5.023135e-02
5.096648e-02
5.211143e-02
5.376717e-02
5.825591e-02
5.994818e-02
6.457117e-02
6.594840e-02
6.663282e-02
7.597978e-02
8.873534e-02
9.242234e-02
9.530271e-02
9.654902e-02
1.145482e-01
1.249297e-01
1.293202e-01
1.689553e-01
1.805707e-01
2.135862e-01
3.552065e-01
3.940909e-01
7.088070e-01
1.000000e+00
