# SF-29 N2 candidate (i) i1 field=gauss eps=0.25 N=12: sorted relative singular values of the dense central-FD Jacobian at the converged state (rows F_i=-q(L_i-S_i); outlet rows (2q/h)(vperp_in-c_perp); smax=1.917684e+03)
1.030114e-03
1.040372e-03
1.074747e-03
1.091550e-03
1.116286e-03
1.138622e-03
1.214010e-03
1.235749e-03
1.324423e-03
1.363117e-03
1.444645e-03
1.481074e-03
1.504865e-03
1.572769e-03
1.656119e-03
1.677277e-03
1.697205e-03
1.736225e-03
1.847434e-03
1.851551e-03
2.065866e-03
2.086313e-03
2.188702e-03
2.255266e-03
2.429774e-03
2.495599e-03
2.581856e-03
3.035408e-03
4.856163e-03
4.880155e-03
5.209343e-03
5.288823e-03
5.450494e-03
5.501465e-03
5.713572e-03
5.851047e-03
8.484843e-03
8.663082e-03
8.734150e-03
8.841679e-03
8.937217e-03
9.010346e-03
9.289320e-03
9.339966e-03
9.491181e-03
9.544471e-03
9.577849e-03
9.664413e-03
9.703391e-03
9.772009e-03
9.825033e-03
9.868372e-03
9.920457e-03
9.937225e-03
9.974901e-03
1.009880e-02
1.013547e-02
1.019496e-02
1.030392e-02
1.043849e-02
1.049813e-02
1.067488e-02
1.078239e-02
1.107726e-02
1.111915e-02
1.117718e-02
1.130396e-02
1.146504e-02
1.160182e-02
1.176549e-02
1.206876e-02
1.216818e-02
1.266892e-02
1.290638e-02
1.314679e-02
1.349060e-02
1.363348e-02
1.377891e-02
1.385873e-02
1.391228e-02
1.405775e-02
1.415420e-02
1.434854e-02
1.436254e-02
1.447094e-02
1.454483e-02
1.467209e-02
1.480640e-02
1.546606e-02
1.564791e-02
1.571614e-02
1.589102e-02
1.626626e-02
1.635477e-02
1.640691e-02
1.652503e-02
1.661845e-02
1.695222e-02
1.746371e-02
1.757549e-02
1.761106e-02
1.781541e-02
1.790985e-02
1.807153e-02
1.821715e-02
1.824951e-02
1.841869e-02
1.850353e-02
1.869586e-02
1.890859e-02
1.924637e-02
1.950573e-02
1.968062e-02
1.978069e-02
2.008706e-02
2.013820e-02
2.223640e-02
2.259854e-02
2.269383e-02
2.300873e-02
2.310850e-02
2.354752e-02
2.378383e-02
2.381805e-02
2.396790e-02
2.433187e-02
2.461342e-02
2.495641e-02
2.523447e-02
2.534718e-02
2.560610e-02
2.570014e-02
2.579191e-02
2.590739e-02
2.601866e-02
2.626759e-02
2.631200e-02
2.641690e-02
2.662818e-02
2.672314e-02
2.674967e-02
2.694627e-02
2.703942e-02
2.713104e-02
2.717675e-02
2.726357e-02
2.735522e-02
2.759325e-02
2.762955e-02
2.767763e-02
2.768793e-02
2.784613e-02
2.789198e-02
2.802151e-02
2.812513e-02
2.824451e-02
2.829385e-02
2.845207e-02
2.849640e-02
2.874117e-02
2.885239e-02
2.897370e-02
2.899318e-02
2.913982e-02
2.930270e-02
2.937199e-02
2.943161e-02
2.950515e-02
2.972600e-02
3.008519e-02
3.012243e-02
3.029443e-02
3.043651e-02
3.054578e-02
3.068236e-02
3.079141e-02
3.085951e-02
3.108049e-02
3.111016e-02
3.119241e-02
3.135637e-02
3.144287e-02
3.164113e-02
3.175562e-02
3.190021e-02
3.200165e-02
3.223637e-02
3.335688e-02
3.346148e-02
3.367892e-02
3.375408e-02
3.415208e-02
3.539600e-02
3.567029e-02
3.580353e-02
3.603139e-02
3.659667e-02
3.682184e-02
3.788408e-02
3.798118e-02
3.891345e-02
3.915145e-02
3.985185e-02
4.000452e-02
4.043313e-02
4.052475e-02
4.072697e-02
4.083785e-02
4.096445e-02
4.111890e-02
4.119849e-02
4.136788e-02
4.147913e-02
4.172946e-02
4.195287e-02
4.205007e-02
4.235472e-02
4.245382e-02
4.254990e-02
4.272853e-02
4.284399e-02
4.291319e-02
4.317300e-02
4.341983e-02
4.363803e-02
4.374072e-02
4.399166e-02
4.402054e-02
4.417425e-02
4.433663e-02
4.455710e-02
4.499037e-02
4.504325e-02
4.525000e-02
4.544705e-02
4.554351e-02
4.591236e-02
4.608891e-02
4.632424e-02
4.643622e-02
4.667683e-02
4.672394e-02
4.699256e-02
4.715200e-02
4.722532e-02
4.738926e-02
4.744191e-02
4.778100e-02
4.809691e-02
4.869938e-02
4.878664e-02
4.894355e-02
4.912718e-02
4.931741e-02
4.939630e-02
5.006500e-02
5.045048e-02
5.060354e-02
5.072225e-02
5.082424e-02
5.089361e-02
5.097721e-02
5.102920e-02
5.130968e-02
5.149183e-02
5.156127e-02
5.173730e-02
5.184742e-02
5.197324e-02
5.211631e-02
5.220299e-02
5.250049e-02
5.267819e-02
5.291794e-02
5.307443e-02
5.324510e-02
5.326497e-02
5.356833e-02
5.368142e-02
5.412366e-02
5.421195e-02
5.428320e-02
5.446369e-02
5.456670e-02
5.477688e-02
5.502388e-02
5.510421e-02
5.519417e-02
5.533558e-02
5.554080e-02
5.588211e-02
5.612071e-02
5.648824e-02
5.670078e-02
5.681472e-02
5.741347e-02
5.751702e-02
5.766035e-02
5.800261e-02
5.821984e-02
5.845604e-02
5.864166e-02
5.869626e-02
5.890959e-02
5.901064e-02
5.905156e-02
5.931558e-02
5.952432e-02
5.958191e-02
5.972361e-02
5.988376e-02
5.997893e-02
6.018988e-02
6.029963e-02
6.056382e-02
6.067045e-02
6.070396e-02
6.096081e-02
6.111116e-02
6.128802e-02
6.142396e-02
6.155862e-02
6.162646e-02
6.188045e-02
6.199169e-02
6.219934e-02
6.270411e-02
6.274050e-02
6.288693e-02
6.310931e-02
6.333781e-02
6.356706e-02
6.390521e-02
6.441123e-02
6.463434e-02
6.500621e-02
6.511385e-02
6.539204e-02
6.577705e-02
6.589269e-02
6.629234e-02
6.644587e-02
6.700090e-02
6.739032e-02
6.755333e-02
6.761577e-02
6.782723e-02
6.791878e-02
6.830117e-02
6.861657e-02
6.872519e-02
6.879264e-02
6.902491e-02
6.922324e-02
6.932475e-02
6.937425e-02
6.976306e-02
7.016645e-02
7.027493e-02
7.049752e-02
7.062463e-02
7.077708e-02
7.097907e-02
7.107672e-02
7.132998e-02
7.149351e-02
7.226326e-02
7.250602e-02
7.278404e-02
7.291897e-02
7.312516e-02
7.335915e-02
7.344359e-02
7.366587e-02
7.397137e-02
7.423894e-02
7.452802e-02
7.479907e-02
7.504922e-02
7.508613e-02
7.514734e-02
7.539850e-02
7.574100e-02
7.603130e-02
7.613745e-02
7.621070e-02
7.631376e-02
7.643874e-02
7.665775e-02
7.675432e-02
7.725241e-02
7.750032e-02
7.760464e-02
7.786990e-02
7.792067e-02
7.836204e-02
7.845822e-02
7.859848e-02
7.875494e-02
7.893602e-02
7.916227e-02
7.920290e-02
7.939362e-02
7.950951e-02
7.970857e-02
7.977742e-02
8.006106e-02
8.014665e-02
8.018379e-02
8.030369e-02
8.056514e-02
8.070862e-02
8.097351e-02
8.103369e-02
8.117461e-02
8.136533e-02
8.150424e-02
8.160308e-02
8.175082e-02
8.181269e-02
8.197949e-02
8.224686e-02
8.243988e-02
8.262456e-02
8.270956e-02
8.302243e-02
8.325974e-02
8.337325e-02
8.346942e-02
8.367632e-02
8.379582e-02
8.392803e-02
8.398540e-02
8.410538e-02
8.423944e-02
8.430591e-02
8.437329e-02
8.460277e-02
8.466595e-02
8.489338e-02
8.507499e-02
8.530799e-02
8.540006e-02
8.547135e-02
8.566026e-02
8.580594e-02
8.604513e-02
8.620356e-02
8.629192e-02
8.646121e-02
8.667926e-02
8.673418e-02
8.700151e-02
8.703850e-02
8.726725e-02
8.760912e-02
8.780985e-02
8.787379e-02
8.808535e-02
8.825431e-02
8.847816e-02
8.853627e-02
8.872275e-02
8.891821e-02
8.922157e-02
8.948872e-02
8.970112e-02
8.977595e-02
8.996177e-02
9.062811e-02
9.075631e-02
9.087479e-02
9.108426e-02
9.124080e-02
9.141695e-02
9.156650e-02
9.166902e-02
9.201092e-02
9.209581e-02
9.249520e-02
9.268919e-02
9.281352e-02
9.315733e-02
9.343489e-02
9.369691e-02
9.378122e-02
9.402650e-02
9.410679e-02
9.426085e-02
9.438620e-02
9.443698e-02
9.465805e-02
9.489173e-02
9.491606e-02
9.534337e-02
9.539368e-02
9.553557e-02
9.572430e-02
9.594378e-02
9.611809e-02
9.630735e-02
9.649467e-02
9.658106e-02
9.683446e-02
9.694226e-02
9.703926e-02
9.737898e-02
9.740777e-02
9.743529e-02
9.781034e-02
9.809914e-02
9.835147e-02
9.855020e-02
9.863221e-02
9.879406e-02
9.898008e-02
9.921743e-02
9.930152e-02
9.935561e-02
9.954422e-02
9.976601e-02
9.987683e-02
1.000461e-01
1.002292e-01
1.003572e-01
1.004223e-01
1.004728e-01
1.006741e-01
1.008406e-01
1.009944e-01
1.011868e-01
1.014471e-01
1.015111e-01
1.016753e-01
1.019504e-01
1.022513e-01
1.023319e-01
1.024015e-01
1.026420e-01
1.029658e-01
1.030305e-01
1.032472e-01
1.033049e-01
1.035291e-01
1.036046e-01
1.036779e-01
1.038545e-01
1.040483e-01
1.042453e-01
1.044963e-01
1.047933e-01
1.051248e-01
1.051669e-01
1.052522e-01
1.053356e-01
1.055734e-01
1.057318e-01
1.058231e-01
1.060072e-01
1.061886e-01
1.064413e-01
1.065054e-01
1.070326e-01
1.071349e-01
1.072503e-01
1.072870e-01
1.074024e-01
1.075604e-01
1.079041e-01
1.081486e-01
1.083133e-01
1.084591e-01
1.085812e-01
1.087656e-01
1.089590e-01
1.090489e-01
1.092493e-01
1.095373e-01
1.098374e-01
1.099138e-01
1.102078e-01
1.103485e-01
1.104650e-01
1.107128e-01
1.108640e-01
1.110418e-01
1.112657e-01
1.114449e-01
1.116313e-01
1.118313e-01
1.120442e-01
1.121493e-01
1.122689e-01
1.125022e-01
1.126802e-01
1.127307e-01
1.128355e-01
1.129295e-01
1.130782e-01
1.132343e-01
1.133535e-01
1.135468e-01
1.137668e-01
1.138966e-01
1.140695e-01
1.141483e-01
1.146063e-01
1.147905e-01
1.148562e-01
1.149618e-01
1.150406e-01
1.152055e-01
1.155199e-01
1.155384e-01
1.156022e-01
1.157298e-01
1.160518e-01
1.162761e-01
1.163037e-01
1.164298e-01
1.165927e-01
1.168433e-01
1.169384e-01
1.171931e-01
1.173100e-01
1.174224e-01
1.175731e-01
1.176539e-01
1.176992e-01
1.178290e-01
1.179755e-01
1.182819e-01
1.183385e-01
1.184920e-01
1.185384e-01
1.188475e-01
1.192313e-01
1.193393e-01
1.195096e-01
1.195291e-01
1.196620e-01
1.198646e-01
1.200236e-01
1.202633e-01
1.203104e-01
1.205344e-01
1.207500e-01
1.208448e-01
1.210259e-01
1.211130e-01
1.211466e-01
1.213417e-01
1.214492e-01
1.215951e-01
1.217583e-01
1.220016e-01
1.222813e-01
1.224450e-01
1.224640e-01
1.225685e-01
1.228660e-01
1.228978e-01
1.230709e-01
1.232232e-01
1.232675e-01
1.234937e-01
1.237518e-01
1.238953e-01
1.240636e-01
1.241889e-01
1.242746e-01
1.243812e-01
1.246270e-01
1.247046e-01
1.249089e-01
1.249625e-01
1.251664e-01
1.253019e-01
1.254241e-01
1.257069e-01
1.257985e-01
1.260334e-01
1.261884e-01
1.262743e-01
1.264440e-01
1.266709e-01
1.268262e-01
1.271154e-01
1.272029e-01
1.274696e-01
1.275781e-01
1.277742e-01
1.279235e-01
1.281577e-01
1.282895e-01
1.286003e-01
1.288053e-01
1.289597e-01
1.292226e-01
1.293230e-01
1.295020e-01
1.296741e-01
1.299333e-01
1.300420e-01
1.303002e-01
1.304934e-01
1.306152e-01
1.307015e-01
1.307965e-01
1.309234e-01
1.312664e-01
1.314283e-01
1.316887e-01
1.317307e-01
1.318586e-01
1.321001e-01
1.321229e-01
1.322350e-01
1.325076e-01
1.325530e-01
1.326551e-01
1.329815e-01
1.331979e-01
1.334913e-01
1.336320e-01
1.337218e-01
1.339510e-01
1.340267e-01
1.341472e-01
1.343603e-01
1.345243e-01
1.347869e-01
1.348341e-01
1.349895e-01
1.351471e-01
1.352446e-01
1.353533e-01
1.355355e-01
1.359000e-01
1.359410e-01
1.359987e-01
1.361068e-01
1.363298e-01
1.365094e-01
1.367725e-01
1.368269e-01
1.371785e-01
1.372986e-01
1.373170e-01
1.374499e-01
1.377222e-01
1.377331e-01
1.379295e-01
1.380126e-01
1.382149e-01
1.383731e-01
1.384616e-01
1.386716e-01
1.389445e-01
1.390770e-01
1.392491e-01
1.393100e-01
1.393637e-01
1.396309e-01
1.398409e-01
1.399906e-01
1.401442e-01
1.404217e-01
1.407323e-01
1.407559e-01
1.409309e-01
1.410363e-01
1.411241e-01
1.413297e-01
1.413990e-01
1.414564e-01
1.416687e-01
1.418654e-01
1.420669e-01
1.422130e-01
1.423694e-01
1.424077e-01
1.425669e-01
1.428307e-01
1.429895e-01
1.430349e-01
1.431612e-01
1.433006e-01
1.435745e-01
1.437703e-01
1.438666e-01
1.439014e-01
1.439271e-01
1.442593e-01
1.445061e-01
1.446152e-01
1.447171e-01
1.448301e-01
1.449444e-01
1.452640e-01
1.453178e-01
1.453833e-01
1.457179e-01
1.457582e-01
1.462037e-01
1.464044e-01
1.465960e-01
1.466476e-01
1.467062e-01
1.468124e-01
1.469616e-01
1.470860e-01
1.473580e-01
1.474224e-01
1.476094e-01
1.477372e-01
1.479266e-01
1.480502e-01
1.482670e-01
1.483670e-01
1.485946e-01
1.489427e-01
1.490280e-01
1.492812e-01
1.493253e-01
1.494608e-01
1.495545e-01
1.496571e-01
1.498816e-01
1.500222e-01
1.501484e-01
1.503011e-01
1.505355e-01
1.506701e-01
1.509049e-01
1.510551e-01
1.512301e-01
1.513032e-01
1.514029e-01
1.515703e-01
1.517269e-01
1.518494e-01
1.519984e-01
1.522966e-01
1.524375e-01
1.525151e-01
1.527257e-01
1.527432e-01
1.528461e-01
1.530090e-01
1.530936e-01
1.533521e-01
1.534151e-01
1.535464e-01
1.537426e-01
1.538755e-01
1.540156e-01
1.542738e-01
1.543608e-01
1.545613e-01
1.547004e-01
1.547220e-01
1.547780e-01
1.550796e-01
1.552400e-01
1.553078e-01
1.555797e-01
1.556693e-01
1.558185e-01
1.559380e-01
1.559840e-01
1.563390e-01
1.563968e-01
1.565773e-01
1.566893e-01
1.568210e-01
1.568628e-01
1.569712e-01
1.571667e-01
1.573239e-01
1.575197e-01
1.576938e-01
1.577774e-01
1.579995e-01
1.580660e-01
1.582952e-01
1.583615e-01
1.584855e-01
1.585820e-01
1.587753e-01
1.589285e-01
1.591919e-01
1.592076e-01
1.595415e-01
1.596896e-01
1.598575e-01
1.600346e-01
1.601520e-01
1.603955e-01
1.604215e-01
1.605480e-01
1.606247e-01
1.608230e-01
1.609730e-01
1.611590e-01
1.613149e-01
1.614707e-01
1.615251e-01
1.616623e-01
1.619279e-01
1.621029e-01
1.623468e-01
1.625114e-01
1.627798e-01
1.628196e-01
1.631263e-01
1.632724e-01
1.633486e-01
1.635066e-01
1.635885e-01
1.638698e-01
1.640971e-01
1.643804e-01
1.645068e-01
1.646444e-01
1.649008e-01
1.649593e-01
1.651381e-01
1.651769e-01
1.654164e-01
1.655343e-01
1.659162e-01
1.660627e-01
1.662720e-01
1.663596e-01
1.666670e-01
1.667990e-01
1.669349e-01
1.670564e-01
1.672375e-01
1.672759e-01
1.673099e-01
1.675813e-01
1.676425e-01
1.678837e-01
1.679471e-01
1.682229e-01
1.682755e-01
1.684533e-01
1.685803e-01
1.686651e-01
1.688920e-01
1.691902e-01
1.692951e-01
1.696236e-01
1.698175e-01
1.699641e-01
1.700131e-01
1.703747e-01
1.704973e-01
1.707094e-01
1.708781e-01
1.709475e-01
1.714657e-01
1.715204e-01
1.717082e-01
1.719852e-01
1.721627e-01
1.722918e-01
1.724391e-01
1.725876e-01
1.727184e-01
1.728698e-01
1.729215e-01
1.730208e-01
1.731366e-01
1.735259e-01
1.737175e-01
1.738809e-01
1.739317e-01
1.741517e-01
1.742953e-01
1.745935e-01
1.746490e-01
1.748377e-01
1.750136e-01
1.752138e-01
1.752796e-01
1.754054e-01
1.755799e-01
1.757184e-01
1.758917e-01
1.761191e-01
1.761446e-01
1.762544e-01
1.764353e-01
1.766277e-01
1.766532e-01
1.768605e-01
1.771133e-01
1.771341e-01
1.772319e-01
1.772697e-01
1.774102e-01
1.777071e-01
1.777714e-01
1.778827e-01
1.779801e-01
1.782723e-01
1.783442e-01
1.786090e-01
1.787489e-01
1.788412e-01
1.790617e-01
1.791515e-01
1.792772e-01
1.793376e-01
1.795339e-01
1.796284e-01
1.797963e-01
1.798642e-01
1.799590e-01
1.802172e-01
1.805079e-01
1.808249e-01
1.808794e-01
1.810361e-01
1.811800e-01
1.812016e-01
1.812768e-01
1.814101e-01
1.816114e-01
1.817071e-01
1.819761e-01
1.820883e-01
1.822095e-01
1.823146e-01
1.825518e-01
1.828252e-01
1.828945e-01
1.829386e-01
1.830984e-01
1.831872e-01
1.833017e-01
1.834371e-01
1.836726e-01
1.837573e-01
1.839948e-01
1.841215e-01
1.842883e-01
1.845493e-01
1.846407e-01
1.847917e-01
1.848996e-01
1.849895e-01
1.853196e-01
1.854838e-01
1.856893e-01
1.859143e-01
1.860608e-01
1.861132e-01
1.862610e-01
1.863903e-01
1.864918e-01
1.866612e-01
1.868313e-01
1.869314e-01
1.871729e-01
1.872960e-01
1.874166e-01
1.875195e-01
1.876592e-01
1.877618e-01
1.881048e-01
1.881438e-01
1.885712e-01
1.887076e-01
1.888317e-01
1.888955e-01
1.889885e-01
1.891697e-01
1.892597e-01
1.893693e-01
1.896232e-01
1.897471e-01
1.898791e-01
1.902599e-01
1.903062e-01
1.904996e-01
1.907304e-01
1.908648e-01
1.909138e-01
1.909602e-01
1.912935e-01
1.913160e-01
1.915633e-01
1.917603e-01
1.918513e-01
1.921315e-01
1.922371e-01
1.924666e-01
1.925724e-01
1.927502e-01
1.929152e-01
1.930436e-01
1.931673e-01
1.933313e-01
1.934594e-01
1.936112e-01
1.938109e-01
1.941552e-01
1.942109e-01
1.944186e-01
1.946101e-01
1.949794e-01
1.951203e-01
1.953224e-01
1.954315e-01
1.955353e-01
1.958640e-01
1.960656e-01
1.961283e-01
1.961418e-01
1.963763e-01
1.965457e-01
1.969789e-01
1.970109e-01
1.972724e-01
1.973544e-01
1.974888e-01
1.976312e-01
1.978354e-01
1.979270e-01
1.980480e-01
1.982947e-01
1.983745e-01
1.985292e-01
1.987737e-01
1.988805e-01
1.990310e-01
1.992605e-01
1.996407e-01
1.997228e-01
1.998588e-01
1.999918e-01
2.002184e-01
2.003773e-01
2.005551e-01
2.005985e-01
2.007292e-01
2.011852e-01
2.013281e-01
2.013691e-01
2.015429e-01
2.016379e-01
2.018110e-01
2.019496e-01
2.022482e-01
2.024402e-01
2.024684e-01
2.026310e-01
2.029215e-01
2.029861e-01
2.031459e-01
2.033402e-01
2.035297e-01
2.036960e-01
2.037793e-01
2.039297e-01
2.042077e-01
2.043547e-01
2.044198e-01
2.046075e-01
2.049175e-01
2.050137e-01
2.051865e-01
2.052845e-01
2.055572e-01
2.056446e-01
2.058622e-01
2.061211e-01
2.062904e-01
2.063120e-01
2.063816e-01
2.067771e-01
2.068018e-01
2.069012e-01
2.070358e-01
2.073736e-01
2.075595e-01
2.079703e-01
2.079981e-01
2.081963e-01
2.082629e-01
2.084623e-01
2.086778e-01
2.087567e-01
2.087666e-01
2.089943e-01
2.090960e-01
2.092526e-01
2.093636e-01
2.094899e-01
2.097503e-01
2.099089e-01
2.101456e-01
2.102101e-01
2.104700e-01
2.106400e-01
2.107562e-01
2.109937e-01
2.110862e-01
2.111518e-01
2.114276e-01
2.115106e-01
2.116187e-01
2.118298e-01
2.119089e-01
2.120715e-01
2.123033e-01
2.124573e-01
2.125799e-01
2.126472e-01
2.127404e-01
2.129101e-01
2.131417e-01
2.133293e-01
2.135577e-01
2.135888e-01
2.136738e-01
2.139442e-01
2.140799e-01
2.143087e-01
2.143906e-01
2.143999e-01
2.146493e-01
2.147747e-01
2.149618e-01
2.150862e-01
2.152431e-01
2.154324e-01
2.154846e-01
2.155443e-01
2.159581e-01
2.160807e-01
2.163240e-01
2.164758e-01
2.165391e-01
2.166573e-01
2.167931e-01
2.169143e-01
2.172207e-01
2.174768e-01
2.175710e-01
2.177553e-01
2.178240e-01
2.179790e-01
2.180471e-01
2.182363e-01
2.183151e-01
2.184508e-01
2.186425e-01
2.187951e-01
2.191140e-01
2.192919e-01
2.195187e-01
2.196753e-01
2.197389e-01
2.198179e-01
2.198936e-01
2.201169e-01
2.203024e-01
2.203493e-01
2.205185e-01
2.206475e-01
2.208799e-01
2.209420e-01
2.210641e-01
2.212808e-01
2.214484e-01
2.214774e-01
2.216569e-01
2.217893e-01
2.218719e-01
2.221240e-01
2.222004e-01
2.224509e-01
2.227794e-01
2.228196e-01
2.229960e-01
2.231641e-01
2.233426e-01
2.233774e-01
2.235599e-01
2.237619e-01
2.238376e-01
2.240628e-01
2.241519e-01
2.242853e-01
2.244547e-01
2.245604e-01
2.247766e-01
2.249871e-01
2.251385e-01
2.253125e-01
2.253616e-01
2.254688e-01
2.255567e-01
2.258476e-01
2.259767e-01
2.261129e-01
2.262743e-01
2.265516e-01
2.266414e-01
2.267059e-01
2.269391e-01
2.272142e-01
2.273087e-01
2.273872e-01
2.275758e-01
2.276906e-01
2.277253e-01
2.279506e-01
2.281512e-01
2.282057e-01
2.284705e-01
2.285844e-01
2.286224e-01
2.287920e-01
2.288474e-01
2.290069e-01
2.293697e-01
2.294839e-01
2.295903e-01
2.296932e-01
2.297685e-01
2.298959e-01
2.301431e-01
2.303938e-01
2.305061e-01
2.307082e-01
2.309000e-01
2.311051e-01
2.312480e-01
2.313730e-01
2.314839e-01
2.315660e-01
2.318169e-01
2.319572e-01
2.321853e-01
2.322776e-01
2.322891e-01
2.325775e-01
2.326435e-01
2.326981e-01
2.327692e-01
2.329113e-01
2.332072e-01
2.332317e-01
2.334906e-01
2.336877e-01
2.338398e-01
2.339561e-01
2.341550e-01
2.342623e-01
2.344896e-01
2.345837e-01
2.347101e-01
2.348416e-01
2.349521e-01
2.351093e-01
2.354350e-01
2.355940e-01
2.356670e-01
2.357668e-01
2.360164e-01
2.362604e-01
2.363158e-01
2.364501e-01
2.366681e-01
2.368185e-01
2.368766e-01
2.370140e-01
2.371945e-01
2.373739e-01
2.375493e-01
2.376641e-01
2.376932e-01
2.377692e-01
2.380125e-01
2.382413e-01
2.382786e-01
2.384440e-01
2.386197e-01
2.388475e-01
2.389033e-01
2.389801e-01
2.391799e-01
2.391908e-01
2.393426e-01
2.393690e-01
2.394836e-01
2.397417e-01
2.399414e-01
2.400566e-01
2.402079e-01
2.404707e-01
2.405642e-01
2.408019e-01
2.408421e-01
2.410473e-01
2.410887e-01
2.412253e-01
2.413726e-01
2.415695e-01
2.416693e-01
2.418873e-01
2.421048e-01
2.421902e-01
2.423460e-01
2.423862e-01
2.425306e-01
2.426745e-01
2.428500e-01
2.429442e-01
2.430978e-01
2.432040e-01
2.433722e-01
2.435583e-01
2.437101e-01
2.439145e-01
2.440455e-01
2.442604e-01
2.443002e-01
2.444808e-01
2.446149e-01
2.447384e-01
2.449644e-01
2.451919e-01
2.452806e-01
2.453472e-01
2.454764e-01
2.454984e-01
2.456846e-01
2.459969e-01
2.462109e-01
2.462488e-01
2.464155e-01
2.464788e-01
2.466320e-01
2.467522e-01
2.468604e-01
2.469537e-01
2.470703e-01
2.471629e-01
2.472711e-01
2.474838e-01
2.477439e-01
2.478217e-01
2.479150e-01
2.480487e-01
2.481878e-01
2.482930e-01
2.484769e-01
2.484975e-01
2.487982e-01
2.488069e-01
2.490634e-01
2.491676e-01
2.493502e-01
2.495267e-01
2.496463e-01
2.498230e-01
2.499407e-01
2.500569e-01
2.503554e-01
2.504735e-01
2.506046e-01
2.508007e-01
2.508148e-01
2.509648e-01
2.510786e-01
2.510805e-01
2.512488e-01
2.514834e-01
2.516725e-01
2.517617e-01
2.519451e-01
2.520194e-01
2.522199e-01
2.523285e-01
2.524423e-01
2.525666e-01
2.526760e-01
2.528217e-01
2.529269e-01
2.530774e-01
2.531727e-01
2.533073e-01
2.535803e-01
2.537721e-01
2.538641e-01
2.539747e-01
2.540460e-01
2.542140e-01
2.544975e-01
2.545851e-01
2.546663e-01
2.547244e-01
2.549246e-01
2.551635e-01
2.553361e-01
2.553506e-01
2.555218e-01
2.555882e-01
2.557541e-01
2.558752e-01
2.561101e-01
2.563997e-01
2.564178e-01
2.564940e-01
2.565579e-01
2.567556e-01
2.569111e-01
2.571519e-01
2.572257e-01
2.572453e-01
2.574299e-01
2.575614e-01
2.576780e-01
2.578608e-01
2.579820e-01
2.581091e-01
2.583734e-01
2.584078e-01
2.585803e-01
2.587745e-01
2.588609e-01
2.589978e-01
2.592045e-01
2.593148e-01
2.593694e-01
2.596536e-01
2.597175e-01
2.598599e-01
2.600735e-01
2.602270e-01
2.603441e-01
2.605231e-01
2.606083e-01
2.607588e-01
2.608908e-01
2.611028e-01
2.613173e-01
2.614357e-01
2.615738e-01
2.617077e-01
2.618394e-01
2.620741e-01
2.621440e-01
2.622605e-01
2.622698e-01
2.624348e-01
2.625581e-01
2.626834e-01
2.629892e-01
2.631680e-01
2.632326e-01
2.635011e-01
2.635829e-01
2.637927e-01
2.638374e-01
2.639386e-01
2.641206e-01
2.642617e-01
2.644655e-01
2.646201e-01
2.647306e-01
2.647752e-01
2.650364e-01
2.650453e-01
2.652565e-01
2.653206e-01
2.656180e-01
2.657269e-01
2.658287e-01
2.658941e-01
2.661755e-01
2.662257e-01
2.663833e-01
2.664431e-01
2.665589e-01
2.669689e-01
2.671448e-01
2.672166e-01
2.674854e-01
2.675467e-01
2.676144e-01
2.677604e-01
2.679675e-01
2.682391e-01
2.683637e-01
2.686774e-01
2.687750e-01
2.688324e-01
2.689520e-01
2.691673e-01
2.693524e-01
2.694778e-01
2.695771e-01
2.697284e-01
2.698940e-01
2.699926e-01
2.701460e-01
2.701988e-01
2.705927e-01
2.706869e-01
2.708764e-01
2.709310e-01
2.710649e-01
2.711381e-01
2.712455e-01
2.716633e-01
2.717196e-01
2.717904e-01
2.719687e-01
2.720706e-01
2.722139e-01
2.724083e-01
2.725385e-01
2.727168e-01
2.727918e-01
2.730352e-01
2.730984e-01
2.732348e-01
2.733354e-01
2.734650e-01
2.736141e-01
2.737773e-01
2.740965e-01
2.742102e-01
2.743894e-01
2.744809e-01
2.747112e-01
2.748435e-01
2.749893e-01
2.753156e-01
2.753989e-01
2.754333e-01
2.756231e-01
2.758383e-01
2.758856e-01
2.760070e-01
2.761561e-01
2.762852e-01
2.764157e-01
2.765092e-01
2.766238e-01
2.768879e-01
2.770040e-01
2.770757e-01
2.772934e-01
2.773653e-01
2.775832e-01
2.777822e-01
2.779176e-01
2.779928e-01
2.780853e-01
2.782809e-01
2.784232e-01
2.785374e-01
2.786060e-01
2.788605e-01
2.790738e-01
2.791189e-01
2.795456e-01
2.796974e-01
2.798734e-01
2.799817e-01
2.801971e-01
2.802530e-01
2.804898e-01
2.806285e-01
2.807389e-01
2.808241e-01
2.809409e-01
2.810413e-01
2.811733e-01
2.813731e-01
2.814908e-01
2.816159e-01
2.817208e-01
2.817273e-01
2.818218e-01
2.821207e-01
2.823172e-01
2.823724e-01
2.825334e-01
2.827793e-01
2.828362e-01
2.829219e-01
2.832777e-01
2.833553e-01
2.833851e-01
2.835615e-01
2.835962e-01
2.837635e-01
2.837964e-01
2.841106e-01
2.842522e-01
2.844148e-01
2.847117e-01
2.847384e-01
2.849150e-01
2.850889e-01
2.852998e-01
2.854428e-01
2.856171e-01
2.856328e-01
2.858779e-01
2.859941e-01
2.861301e-01
2.862033e-01
2.865263e-01
2.866472e-01
2.867517e-01
2.868068e-01
2.870504e-01
2.871720e-01
2.872586e-01
2.873701e-01
2.874951e-01
2.876884e-01
2.877962e-01
2.881524e-01
2.882066e-01
2.884190e-01
2.885405e-01
2.888233e-01
2.888486e-01
2.889561e-01
2.891105e-01
2.892477e-01
2.893884e-01
2.895790e-01
2.896930e-01
2.897806e-01
2.899485e-01
2.900509e-01
2.901644e-01
2.903193e-01
2.904437e-01
2.906752e-01
2.908691e-01
2.910191e-01
2.911533e-01
2.913470e-01
2.915181e-01
2.916157e-01
2.917540e-01
2.918971e-01
2.920257e-01
2.921524e-01
2.923798e-01
2.925307e-01
2.926527e-01
2.927843e-01
2.929509e-01
2.932179e-01
2.932580e-01
2.932892e-01
2.935070e-01
2.936841e-01
2.938013e-01
2.940361e-01
2.941357e-01
2.941985e-01
2.943463e-01
2.944937e-01
2.946852e-01
2.949286e-01
2.949874e-01
2.951278e-01
2.952917e-01
2.953874e-01
2.955748e-01
2.956155e-01
2.958279e-01
2.959608e-01
2.961915e-01
2.963919e-01
2.965389e-01
2.966118e-01
2.966920e-01
2.969414e-01
2.970093e-01
2.971996e-01
2.974284e-01
2.974385e-01
2.974571e-01
2.976083e-01
2.978211e-01
2.980611e-01
2.982660e-01
2.983427e-01
2.985235e-01
2.987321e-01
2.988303e-01
2.990480e-01
2.992459e-01
2.994100e-01
2.995032e-01
2.996977e-01
2.999699e-01
3.001385e-01
3.001628e-01
3.003319e-01
3.006078e-01
3.006614e-01
3.008843e-01
3.011164e-01
3.012086e-01
3.012183e-01
3.013377e-01
3.014676e-01
3.015860e-01
3.016959e-01
3.018663e-01
3.020069e-01
3.021052e-01
3.021835e-01
3.022184e-01
3.025057e-01
3.027296e-01
3.027962e-01
3.029378e-01
3.031501e-01
3.031974e-01
3.033624e-01
3.036256e-01
3.037816e-01
3.040068e-01
3.040881e-01
3.043086e-01
3.043993e-01
3.046353e-01
3.047010e-01
3.049925e-01
3.050521e-01
3.052679e-01
3.054953e-01
3.055414e-01
3.057173e-01
3.058480e-01
3.059298e-01
3.060506e-01
3.062756e-01
3.065172e-01
3.065718e-01
3.068171e-01
3.070293e-01
3.071044e-01
3.071756e-01
3.072896e-01
3.074390e-01
3.074612e-01
3.078013e-01
3.081117e-01
3.081568e-01
3.083032e-01
3.085487e-01
3.086842e-01
3.087048e-01
3.088589e-01
3.090560e-01
3.091335e-01
3.093633e-01
3.094697e-01
3.095024e-01
3.096509e-01
3.098996e-01
3.099508e-01
3.102236e-01
3.103846e-01
3.105230e-01
3.105989e-01
3.108573e-01
3.110348e-01
3.111485e-01
3.113771e-01
3.114990e-01
3.116208e-01
3.117207e-01
3.119618e-01
3.121440e-01
3.122233e-01
3.122921e-01
3.125298e-01
3.127764e-01
3.128887e-01
3.129388e-01
3.132289e-01
3.132654e-01
3.134520e-01
3.136161e-01
3.138015e-01
3.139247e-01
3.141141e-01
3.141582e-01
3.142610e-01
3.144611e-01
3.145810e-01
3.146320e-01
3.147589e-01
3.149884e-01
3.151632e-01
3.152270e-01
3.154573e-01
3.155173e-01
3.156526e-01
3.157335e-01
3.157954e-01
3.159660e-01
3.162257e-01
3.164320e-01
3.165998e-01
3.166704e-01
3.168840e-01
3.170710e-01
3.173767e-01
3.173934e-01
3.175915e-01
3.176636e-01
3.177829e-01
3.179686e-01
3.181360e-01
3.184355e-01
3.185029e-01
3.187274e-01
3.189468e-01
3.190400e-01
3.191602e-01
3.193205e-01
3.194039e-01
3.194896e-01
3.197595e-01
3.198123e-01
3.201448e-01
3.202493e-01
3.203847e-01
3.205818e-01
3.206029e-01
3.207735e-01
3.210961e-01
3.214022e-01
3.214969e-01
3.215320e-01
3.216142e-01
3.220083e-01
3.220778e-01
3.221771e-01
3.222431e-01
3.225034e-01
3.225877e-01
3.226700e-01
3.228801e-01
3.231232e-01
3.233608e-01
3.234169e-01
3.235220e-01
3.238095e-01
3.240415e-01
3.241197e-01
3.242274e-01
3.245435e-01
3.246874e-01
3.248132e-01
3.248914e-01
3.251497e-01
3.252130e-01
3.255491e-01
3.255791e-01
3.256692e-01
3.260141e-01
3.262075e-01
3.263627e-01
3.264484e-01
3.265810e-01
3.268521e-01
3.269375e-01
3.270883e-01
3.271163e-01
3.272904e-01
3.274345e-01
3.276356e-01
3.278659e-01
3.279148e-01
3.279484e-01
3.283075e-01
3.284520e-01
3.287832e-01
3.288617e-01
3.289342e-01
3.290193e-01
3.291723e-01
3.293062e-01
3.296594e-01
3.299156e-01
3.300238e-01
3.301040e-01
3.303064e-01
3.304364e-01
3.305605e-01
3.306255e-01
3.307158e-01
3.308833e-01
3.309130e-01
3.311705e-01
3.314995e-01
3.316612e-01
3.318284e-01
3.319943e-01
3.320481e-01
3.320689e-01
3.323286e-01
3.324493e-01
3.324809e-01
3.326797e-01
3.329545e-01
3.331410e-01
3.332286e-01
3.335200e-01
3.336508e-01
3.338747e-01
3.340425e-01
3.340725e-01
3.342002e-01
3.343396e-01
3.344701e-01
3.345757e-01
3.348389e-01
3.350982e-01
3.351772e-01
3.353371e-01
3.353432e-01
3.355666e-01
3.357135e-01
3.358083e-01
3.361100e-01
3.363228e-01
3.364080e-01
3.365904e-01
3.366603e-01
3.367140e-01
3.370970e-01
3.372874e-01
3.373338e-01
3.375960e-01
3.377202e-01
3.377737e-01
3.380163e-01
3.382745e-01
3.384068e-01
3.385554e-01
3.386991e-01
3.388646e-01
3.389220e-01
3.390403e-01
3.391837e-01
3.394134e-01
3.395001e-01
3.397398e-01
3.398519e-01
3.400978e-01
3.402561e-01
3.404534e-01
3.404858e-01
3.406507e-01
3.408583e-01
3.409477e-01
3.412056e-01
3.415231e-01
3.416668e-01
3.417172e-01
3.418330e-01
3.419436e-01
3.422031e-01
3.423770e-01
3.424879e-01
3.425046e-01
3.426667e-01
3.430885e-01
3.432518e-01
3.434371e-01
3.434882e-01
3.436294e-01
3.436813e-01
3.440313e-01
3.441163e-01
3.442231e-01
3.443515e-01
3.445146e-01
3.447153e-01
3.449142e-01
3.449807e-01
3.451015e-01
3.453667e-01
3.454437e-01
3.458006e-01
3.459196e-01
3.460862e-01
3.462122e-01
3.462392e-01
3.464311e-01
3.465586e-01
3.467647e-01
3.469529e-01
3.471087e-01
3.472544e-01
3.475016e-01
3.476339e-01
3.480472e-01
3.480695e-01
3.482153e-01
3.482787e-01
3.483160e-01
3.486586e-01
3.487555e-01
3.489163e-01
3.491927e-01
3.493082e-01
3.495365e-01
3.496618e-01
3.498314e-01
3.498680e-01
3.499924e-01
3.500693e-01
3.503400e-01
3.503523e-01
3.505897e-01
3.507215e-01
3.509724e-01
3.510012e-01
3.511055e-01
3.514852e-01
3.516340e-01
3.517238e-01
3.519921e-01
3.521569e-01
3.522048e-01
3.523345e-01
3.526174e-01
3.528055e-01
3.530572e-01
3.531416e-01
3.532904e-01
3.533381e-01
3.535427e-01
3.535962e-01
3.537885e-01
3.539416e-01
3.539864e-01
3.541006e-01
3.542307e-01
3.544481e-01
3.546069e-01
3.547847e-01
3.550730e-01
3.552371e-01
3.553317e-01
3.554623e-01
3.555453e-01
3.556527e-01
3.559473e-01
3.560589e-01
3.561194e-01
3.563589e-01
3.565322e-01
3.565502e-01
3.567368e-01
3.569847e-01
3.571685e-01
3.574496e-01
3.574852e-01
3.575685e-01
3.576391e-01
3.579158e-01
3.580121e-01
3.581746e-01
3.583330e-01
3.584346e-01
3.586544e-01
3.587179e-01
3.588430e-01
3.592216e-01
3.592544e-01
3.593371e-01
3.596507e-01
3.598448e-01
3.601906e-01
3.602273e-01
3.603737e-01
3.605943e-01
3.606127e-01
3.606750e-01
3.608530e-01
3.611728e-01
3.612857e-01
3.613625e-01
3.614761e-01
3.617133e-01
3.618704e-01
3.620633e-01
3.622236e-01
3.624177e-01
3.626715e-01
3.628649e-01
3.629361e-01
3.631201e-01
3.634425e-01
3.634829e-01
3.635444e-01
3.637522e-01
3.639830e-01
3.641559e-01
3.642040e-01
3.643563e-01
3.646766e-01
3.648159e-01
3.649453e-01
3.650685e-01
3.651493e-01
3.654278e-01
3.657548e-01
3.657794e-01
3.659391e-01
3.660561e-01
3.663834e-01
3.664838e-01
3.667812e-01
3.667897e-01
3.670679e-01
3.671904e-01
3.673133e-01
3.674215e-01
3.676780e-01
3.678836e-01
3.679574e-01
3.681452e-01
3.683786e-01
3.686606e-01
3.687150e-01
3.688940e-01
3.690927e-01
3.693062e-01
3.697112e-01
3.697686e-01
3.698664e-01
3.699138e-01
3.702358e-01
3.702793e-01
3.705240e-01
3.706324e-01
3.707603e-01
3.710522e-01
3.712681e-01
3.712954e-01
3.715297e-01
3.716291e-01
3.716873e-01
3.717948e-01
3.721323e-01
3.724715e-01
3.725777e-01
3.726032e-01
3.727744e-01
3.731967e-01
3.732117e-01
3.735732e-01
3.736259e-01
3.738764e-01
3.740075e-01
3.742098e-01
3.744267e-01
3.744874e-01
3.747604e-01
3.748552e-01
3.750406e-01
3.750939e-01
3.753566e-01
3.755234e-01
3.758334e-01
3.759978e-01
3.762036e-01
3.762646e-01
3.764186e-01
3.768916e-01
3.770294e-01
3.773190e-01
3.773900e-01
3.777037e-01
3.777712e-01
3.779413e-01
3.779515e-01
3.781694e-01
3.783430e-01
3.785467e-01
3.787182e-01
3.788399e-01
3.789451e-01
3.791923e-01
3.795448e-01
3.796838e-01
3.798676e-01
3.799043e-01
3.800151e-01
3.802533e-01
3.806112e-01
3.806893e-01
3.807436e-01
3.810229e-01
3.810962e-01
3.811709e-01
3.814937e-01
3.818390e-01
3.820586e-01
3.821548e-01
3.822868e-01
3.823543e-01
3.824766e-01
3.825828e-01
3.827836e-01
3.830044e-01
3.832379e-01
3.832928e-01
3.836589e-01
3.839447e-01
3.841536e-01
3.842282e-01
3.844178e-01
3.845393e-01
3.848194e-01
3.849854e-01
3.851646e-01
3.853151e-01
3.854381e-01
3.855904e-01
3.857059e-01
3.860913e-01
3.862397e-01
3.863860e-01
3.866933e-01
3.870281e-01
3.870774e-01
3.872690e-01
3.873525e-01
3.875523e-01
3.877594e-01
3.879358e-01
3.882893e-01
3.883831e-01
3.884653e-01
3.886657e-01
3.887953e-01
3.889322e-01
3.891153e-01
3.893074e-01
3.894257e-01
3.895615e-01
3.897400e-01
3.900889e-01
3.902414e-01
3.903623e-01
3.905968e-01
3.907993e-01
3.908209e-01
3.913900e-01
3.915520e-01
3.916814e-01
3.917967e-01
3.919652e-01
3.921113e-01
3.922103e-01
3.925128e-01
3.925746e-01
3.927747e-01
3.930637e-01
3.931338e-01
3.933630e-01
3.933982e-01
3.934356e-01
3.938977e-01
3.939372e-01
3.942079e-01
3.943345e-01
3.946229e-01
3.946655e-01
3.951013e-01
3.951360e-01
3.953637e-01
3.955996e-01
3.957532e-01
3.958439e-01
3.960832e-01
3.962894e-01
3.964320e-01
3.966506e-01
3.967211e-01
3.968337e-01
3.969012e-01
3.974566e-01
3.976211e-01
3.976563e-01
3.979074e-01
3.981180e-01
3.982161e-01
3.985719e-01
3.987612e-01
3.989927e-01
3.990925e-01
3.994308e-01
3.995737e-01
3.997255e-01
4.000195e-01
4.001882e-01
4.004450e-01
4.005962e-01
4.008950e-01
4.009534e-01
4.012229e-01
4.012856e-01
4.015279e-01
4.018489e-01
4.020191e-01
4.020932e-01
4.022259e-01
4.025181e-01
4.027318e-01
4.028125e-01
4.030344e-01
4.032370e-01
4.033949e-01
4.035597e-01
4.036482e-01
4.039088e-01
4.041945e-01
4.043175e-01
4.044370e-01
4.048323e-01
4.049494e-01
4.051823e-01
4.052879e-01
4.053336e-01
4.058343e-01
4.059465e-01
4.061205e-01
4.062361e-01
4.063362e-01
4.064507e-01
4.066806e-01
4.070725e-01
4.071297e-01
4.072909e-01
4.074035e-01
4.077514e-01
4.078028e-01
4.082462e-01
4.082930e-01
4.084947e-01
4.085911e-01
4.087012e-01
4.091378e-01
4.093299e-01
4.096063e-01
4.097137e-01
4.098085e-01
4.099988e-01
4.103222e-01
4.105180e-01
4.105891e-01
4.108303e-01
4.110154e-01
4.112534e-01
4.115514e-01
4.116625e-01
4.117837e-01
4.118810e-01
4.121004e-01
4.124157e-01
4.124610e-01
4.126198e-01
4.127451e-01
4.129654e-01
4.130055e-01
4.134930e-01
4.136282e-01
4.137944e-01
4.140078e-01
4.140629e-01
4.143470e-01
4.144742e-01
4.148163e-01
4.148425e-01
4.151095e-01
4.153990e-01
4.155485e-01
4.157307e-01
4.158702e-01
4.160875e-01
4.164720e-01
4.165651e-01
4.166390e-01
4.167312e-01
4.169791e-01
4.172114e-01
4.174418e-01
4.177251e-01
4.179110e-01
4.180247e-01
4.180334e-01
4.182729e-01
4.183716e-01
4.189413e-01
4.192101e-01
4.194237e-01
4.195017e-01
4.197457e-01
4.200019e-01
4.202000e-01
4.203823e-01
4.207429e-01
4.208245e-01
4.209815e-01
4.211159e-01
4.212896e-01
4.216984e-01
4.218054e-01
4.220918e-01
4.222436e-01
4.224099e-01
4.224650e-01
4.227781e-01
4.229804e-01
4.231268e-01
4.233263e-01
4.235052e-01
4.237789e-01
4.238353e-01
4.239534e-01
4.240382e-01
4.242405e-01
4.246766e-01
4.248237e-01
4.250552e-01
4.252572e-01
4.256252e-01
4.258867e-01
4.259929e-01
4.260505e-01
4.264650e-01
4.267818e-01
4.268356e-01
4.270284e-01
4.272131e-01
4.274975e-01
4.279290e-01
4.279995e-01
4.280838e-01
4.283110e-01
4.286007e-01
4.286596e-01
4.287625e-01
4.291433e-01
4.293423e-01
4.294976e-01
4.297839e-01
4.300228e-01
4.302172e-01
4.304330e-01
4.305396e-01
4.306333e-01
4.311715e-01
4.313999e-01
4.314647e-01
4.316251e-01
4.319437e-01
4.321524e-01
4.321820e-01
4.323276e-01
4.325624e-01
4.327391e-01
4.329467e-01
4.330734e-01
4.333759e-01
4.337482e-01
4.339531e-01
4.341078e-01
4.342017e-01
4.342817e-01
4.346380e-01
4.351252e-01
4.353677e-01
4.355268e-01
4.357221e-01
4.359080e-01
4.361631e-01
4.366192e-01
4.368435e-01
4.368778e-01
4.369917e-01
4.371160e-01
4.375004e-01
4.376670e-01
4.378307e-01
4.381367e-01
4.382990e-01
4.384856e-01
4.387632e-01
4.390542e-01
4.392158e-01
4.395034e-01
4.396651e-01
4.401786e-01
4.403431e-01
4.404378e-01
4.405955e-01
4.408217e-01
4.409579e-01
4.413407e-01
4.414682e-01
4.418118e-01
4.420409e-01
4.421783e-01
4.425022e-01
4.425988e-01
4.430508e-01
4.432584e-01
4.435385e-01
4.436164e-01
4.439765e-01
4.444191e-01
4.446819e-01
4.447538e-01
4.449114e-01
4.453418e-01
4.456793e-01
4.457356e-01
4.460103e-01
4.463210e-01
4.465926e-01
4.466740e-01
4.469752e-01
4.471420e-01
4.472102e-01
4.473618e-01
4.475696e-01
4.478198e-01
4.481850e-01
4.482760e-01
4.485553e-01
4.488735e-01
4.489262e-01
4.490290e-01
4.495376e-01
4.496726e-01
4.498192e-01
4.499099e-01
4.501777e-01
4.504481e-01
4.507508e-01
4.508769e-01
4.510472e-01
4.515330e-01
4.517205e-01
4.519489e-01
4.523204e-01
4.524847e-01
4.526329e-01
4.527238e-01
4.530954e-01
4.533457e-01
4.535453e-01
4.536985e-01
4.541744e-01
4.543693e-01
4.548180e-01
4.550235e-01
4.551378e-01
4.555570e-01
4.557890e-01
4.560128e-01
4.563489e-01
4.564434e-01
4.566647e-01
4.570223e-01
4.572962e-01
4.573954e-01
4.576947e-01
4.577438e-01
4.582168e-01
4.584622e-01
4.586603e-01
4.588690e-01
4.589954e-01
4.591201e-01
4.593342e-01
4.594907e-01
4.597004e-01
4.601002e-01
4.604668e-01
4.607087e-01
4.608096e-01
4.609106e-01
4.612472e-01
4.614436e-01
4.615872e-01
4.619733e-01
4.623195e-01
4.625930e-01
4.627765e-01
4.629204e-01
4.632415e-01
4.634290e-01
4.636082e-01
4.638168e-01
4.641647e-01
4.643907e-01
4.645589e-01
4.647012e-01
4.647660e-01
4.652971e-01
4.654191e-01
4.656396e-01
4.658289e-01
4.661727e-01
4.662132e-01
4.663712e-01
4.665508e-01
4.671171e-01
4.672653e-01
4.676405e-01
4.678016e-01
4.680225e-01
4.681469e-01
4.684268e-01
4.685423e-01
4.685900e-01
4.690504e-01
4.693816e-01
4.695150e-01
4.697326e-01
4.698768e-01
4.701305e-01
4.702653e-01
4.703544e-01
4.705728e-01
4.710519e-01
4.714991e-01
4.715266e-01
4.717682e-01
4.720915e-01
4.721524e-01
4.724723e-01
4.726525e-01
4.730098e-01
4.732168e-01
4.732395e-01
4.737212e-01
4.737548e-01
4.740910e-01
4.742308e-01
4.743194e-01
4.745211e-01
4.749360e-01
4.750235e-01
4.755636e-01
4.757798e-01
4.761920e-01
4.763543e-01
4.765570e-01
4.769817e-01
4.771514e-01
4.772064e-01
4.774098e-01
4.776706e-01
4.780942e-01
4.783826e-01
4.785751e-01
4.786573e-01
4.789358e-01
4.790761e-01
4.793089e-01
4.797845e-01
4.800491e-01
4.801860e-01
4.805208e-01
4.806812e-01
4.809753e-01
4.812134e-01
4.814709e-01
4.818127e-01
4.822205e-01
4.824808e-01
4.827724e-01
4.829007e-01
4.831769e-01
4.834745e-01
4.835027e-01
4.837399e-01
4.840624e-01
4.842531e-01
4.843903e-01
4.844279e-01
4.849012e-01
4.852176e-01
4.853648e-01
4.855440e-01
4.859651e-01
4.865209e-01
4.866328e-01
4.868191e-01
4.870237e-01
4.874168e-01
4.877172e-01
4.877552e-01
4.879183e-01
4.883464e-01
4.887393e-01
4.889222e-01
4.890507e-01
4.894580e-01
4.896239e-01
4.900088e-01
4.902932e-01
4.906274e-01
4.911549e-01
4.914823e-01
4.915594e-01
4.920859e-01
4.921856e-01
4.928009e-01
4.928832e-01
4.932422e-01
4.934762e-01
4.937737e-01
4.940654e-01
4.942068e-01
4.945927e-01
4.949751e-01
4.953048e-01
4.953335e-01
4.955814e-01
4.960027e-01
4.962019e-01
4.963130e-01
4.964696e-01
4.966786e-01
4.972593e-01
4.976001e-01
4.976796e-01
4.980897e-01
4.981401e-01
4.984701e-01
4.986468e-01
4.988447e-01
4.990219e-01
4.991723e-01
4.997987e-01
4.999113e-01
5.001382e-01
5.004407e-01
5.009012e-01
5.011343e-01
5.012552e-01
5.015872e-01
5.018560e-01
5.020687e-01
5.023158e-01
5.026555e-01
5.029450e-01
5.034773e-01
5.037652e-01
5.041678e-01
5.045666e-01
5.047137e-01
5.048221e-01
5.050631e-01
5.055187e-01
5.056954e-01
5.059084e-01
5.064006e-01
5.064167e-01
5.068813e-01
5.069405e-01
5.074065e-01
5.075040e-01
5.077531e-01
5.078405e-01
5.079581e-01
5.082812e-01
5.086493e-01
5.090514e-01
5.093919e-01
5.097001e-01
5.101767e-01
5.105568e-01
5.108838e-01
5.111930e-01
5.115373e-01
5.116831e-01
5.120671e-01
5.122848e-01
5.126585e-01
5.129843e-01
5.133173e-01
5.133378e-01
5.136480e-01
5.139694e-01
5.144895e-01
5.147781e-01
5.151678e-01
5.154552e-01
5.157227e-01
5.158082e-01
5.161669e-01
5.166585e-01
5.166773e-01
5.177509e-01
5.179212e-01
5.180967e-01
5.181842e-01
5.184513e-01
5.188210e-01
5.188376e-01
5.189564e-01
5.191884e-01
5.197626e-01
5.199284e-01
5.204409e-01
5.206617e-01
5.208147e-01
5.211306e-01
5.216924e-01
5.220511e-01
5.221913e-01
5.225948e-01
5.228577e-01
5.232556e-01
5.235495e-01
5.237794e-01
5.243614e-01
5.245991e-01
5.249301e-01
5.250731e-01
5.252715e-01
5.255292e-01
5.257621e-01
5.261688e-01
5.262506e-01
5.266911e-01
5.269386e-01
5.272580e-01
5.274876e-01
5.278281e-01
5.283210e-01
5.288176e-01
5.291080e-01
5.292299e-01
5.294495e-01
5.299229e-01
5.301775e-01
5.304397e-01
5.306298e-01
5.310603e-01
5.315438e-01
5.316747e-01
5.318933e-01
5.320021e-01
5.328044e-01
5.330344e-01
5.331561e-01
5.335264e-01
5.339458e-01
5.340471e-01
5.345291e-01
5.347659e-01
5.348508e-01
5.350247e-01
5.354050e-01
5.356137e-01
5.359137e-01
5.363620e-01
5.367556e-01
5.368626e-01
5.369484e-01
5.372313e-01
5.375231e-01
5.378684e-01
5.383228e-01
5.385168e-01
5.389727e-01
5.393501e-01
5.396064e-01
5.396678e-01
5.401410e-01
5.401785e-01
5.405961e-01
5.408948e-01
5.411261e-01
5.418007e-01
5.420105e-01
5.423325e-01
5.426082e-01
5.431095e-01
5.432907e-01
5.436564e-01
5.440284e-01
5.443673e-01
5.444860e-01
5.449849e-01
5.450600e-01
5.454486e-01
5.457822e-01
5.460499e-01
5.465246e-01
5.468356e-01
5.469353e-01
5.472605e-01
5.477426e-01
5.479425e-01
5.482875e-01
5.484432e-01
5.488520e-01
5.491118e-01
5.492899e-01
5.496101e-01
5.498871e-01
5.503925e-01
5.506659e-01
5.509573e-01
5.511930e-01
5.516677e-01
5.519922e-01
5.521982e-01
5.527376e-01
5.530843e-01
5.535324e-01
5.538168e-01
5.538686e-01
5.545550e-01
5.547949e-01
5.550325e-01
5.557140e-01
5.561631e-01
5.563872e-01
5.566708e-01
5.569336e-01
5.572761e-01
5.575083e-01
5.580975e-01
5.582420e-01
5.585182e-01
5.588998e-01
5.591364e-01
5.596215e-01
5.603429e-01
5.606821e-01
5.608824e-01
5.610863e-01
5.614997e-01
5.620858e-01
5.623658e-01
5.628340e-01
5.629153e-01
5.633493e-01
5.636588e-01
5.640493e-01
5.644341e-01
5.646885e-01
5.653503e-01
5.655152e-01
5.656333e-01
5.658499e-01
5.659676e-01
5.664647e-01
5.666556e-01
5.670990e-01
5.674210e-01
5.679820e-01
5.683108e-01
5.685533e-01
5.693758e-01
5.694482e-01
5.698518e-01
5.702920e-01
5.706760e-01
5.708728e-01
5.712429e-01
5.714639e-01
5.723724e-01
5.724616e-01
5.727426e-01
5.731391e-01
5.734841e-01
5.739426e-01
5.742376e-01
5.748245e-01
5.751416e-01
5.756211e-01
5.759469e-01
5.762196e-01
5.768361e-01
5.771745e-01
5.773403e-01
5.774922e-01
5.778882e-01
5.783284e-01
5.786126e-01
5.796099e-01
5.799843e-01
5.805236e-01
5.808274e-01
5.812058e-01
5.816955e-01
5.819686e-01
5.822914e-01
5.824795e-01
5.830882e-01
5.832459e-01
5.839697e-01
5.846360e-01
5.849370e-01
5.851371e-01
5.855854e-01
5.858158e-01
5.867619e-01
5.869157e-01
5.872375e-01
5.875707e-01
5.880081e-01
5.884035e-01
5.885698e-01
5.893926e-01
5.894983e-01
5.903850e-01
5.907289e-01
5.909835e-01
5.913392e-01
5.918025e-01
5.921519e-01
5.928125e-01
5.934050e-01
5.938454e-01
5.941915e-01
5.945675e-01
5.951089e-01
5.956574e-01
5.963004e-01
5.963573e-01
5.970158e-01
5.973915e-01
5.975868e-01
5.983101e-01
5.987438e-01
5.993098e-01
5.997249e-01
5.998917e-01
6.005873e-01
6.008151e-01
6.013152e-01
6.017538e-01
6.027736e-01
6.029327e-01
6.032933e-01
6.036708e-01
6.039567e-01
6.044041e-01
6.055652e-01
6.065469e-01
6.068945e-01
6.072671e-01
6.079017e-01
6.083259e-01
6.084759e-01
6.090590e-01
6.098358e-01
6.100240e-01
6.106676e-01
6.111105e-01
6.115467e-01
6.120706e-01
6.122797e-01
6.127576e-01
6.131259e-01
6.135227e-01
6.138140e-01
6.143600e-01
6.151621e-01
6.152850e-01
6.161699e-01
6.166114e-01
6.169462e-01
6.172151e-01
6.178230e-01
6.181658e-01
6.187018e-01
6.196759e-01
6.203673e-01
6.207369e-01
6.209274e-01
6.216631e-01
6.224504e-01
6.227755e-01
6.232023e-01
6.237923e-01
6.246519e-01
6.249858e-01
6.251603e-01
6.255350e-01
6.256944e-01
6.268119e-01
6.276666e-01
6.278052e-01
6.284682e-01
6.286634e-01
6.298729e-01
6.302374e-01
6.313996e-01
6.315774e-01
6.318336e-01
6.323781e-01
6.331690e-01
6.339591e-01
6.340962e-01
6.344143e-01
6.352631e-01
6.354130e-01
6.362273e-01
6.363136e-01
6.368187e-01
6.369554e-01
6.376158e-01
6.380829e-01
6.388875e-01
6.392624e-01
6.395611e-01
6.404924e-01
6.415681e-01
6.421652e-01
6.428753e-01
6.434680e-01
6.436832e-01
6.438660e-01
6.448654e-01
6.451312e-01
6.463962e-01
6.468189e-01
6.474427e-01
6.479224e-01
6.481656e-01
6.483939e-01
6.494985e-01
6.499900e-01
6.504909e-01
6.506913e-01
6.511746e-01
6.518239e-01
6.526973e-01
6.529717e-01
6.536611e-01
6.539869e-01
6.542088e-01
6.551835e-01
6.567149e-01
6.570755e-01
6.576372e-01
6.577524e-01
6.580154e-01
6.585502e-01
6.589082e-01
6.598791e-01
6.603573e-01
6.606302e-01
6.619156e-01
6.623442e-01
6.626140e-01
6.633200e-01
6.637078e-01
6.644826e-01
6.653163e-01
6.658198e-01
6.670249e-01
6.681125e-01
6.688768e-01
6.696421e-01
6.703368e-01
6.709114e-01
6.719641e-01
6.720764e-01
6.726068e-01
6.730227e-01
6.732121e-01
6.737543e-01
6.749971e-01
6.751682e-01
6.752825e-01
6.766153e-01
6.771595e-01
6.775295e-01
6.790694e-01
6.797201e-01
6.807334e-01
6.821957e-01
6.827977e-01
6.831223e-01
6.837371e-01
6.843742e-01
6.850026e-01
6.866103e-01
6.868613e-01
6.876980e-01
6.881177e-01
6.887247e-01
6.900026e-01
6.902360e-01
6.908780e-01
6.917834e-01
6.927383e-01
6.936744e-01
6.944907e-01
6.949157e-01
6.955817e-01
6.958704e-01
6.963158e-01
6.978004e-01
6.979851e-01
6.988631e-01
6.991384e-01
6.997326e-01
7.001921e-01
7.009519e-01
7.012195e-01
7.028432e-01
7.038492e-01
7.039544e-01
7.052880e-01
7.056110e-01
7.070201e-01
7.082487e-01
7.083866e-01
7.093826e-01
7.105808e-01
7.113449e-01
7.118814e-01
7.129614e-01
7.137083e-01
7.161840e-01
7.165718e-01
7.172171e-01
7.179314e-01
7.197199e-01
7.206918e-01
7.208569e-01
7.221962e-01
7.251481e-01
7.266119e-01
7.290089e-01
7.306800e-01
7.313741e-01
7.317173e-01
7.327781e-01
7.337290e-01
7.349233e-01
7.365410e-01
7.396635e-01
7.404006e-01
7.414207e-01
7.445992e-01
7.448435e-01
7.465842e-01
7.480905e-01
7.490688e-01
7.492359e-01
7.501671e-01
7.520895e-01
7.528487e-01
7.539610e-01
7.544123e-01
7.554990e-01
7.568318e-01
7.578015e-01
7.580658e-01
7.612574e-01
7.621703e-01
7.643044e-01
7.646516e-01
7.662508e-01
7.683375e-01
7.751748e-01
7.759522e-01
7.780122e-01
7.786556e-01
7.788644e-01
7.811329e-01
7.817079e-01
7.830605e-01
7.843478e-01
7.862371e-01
7.875812e-01
7.905765e-01
7.917732e-01
7.924513e-01
7.985365e-01
7.991757e-01
7.999705e-01
8.014939e-01
8.044213e-01
8.056686e-01
8.094643e-01
8.101028e-01
8.103458e-01
8.110045e-01
8.151340e-01
8.183639e-01
8.204947e-01
8.236535e-01
8.250375e-01
8.270906e-01
8.280801e-01
8.282383e-01
8.290534e-01
8.321555e-01
8.336416e-01
8.363294e-01
8.401680e-01
8.403006e-01
8.404832e-01
8.512269e-01
8.564650e-01
8.594913e-01
8.609344e-01
8.617599e-01
8.629405e-01
8.708243e-01
8.751888e-01
8.872225e-01
9.002187e-01
9.110165e-01
9.129530e-01
9.145677e-01
9.224331e-01
9.231711e-01
9.419122e-01
9.556755e-01
9.746628e-01
1.000000e+00
