# sorted relative singular values (hessian) field=gauss_ch eps=0.25 N=12 n=3456
4.612897029004957422e-09
4.525218159988036203e-08
9.978084541138229535e-08
1.260567204695552208e-07
1.579117255224842265e-07
2.383499677021469818e-07
2.394326785330941024e-07
2.884194054448757297e-07
3.122621798841126430e-07
3.131409528635422771e-07
3.548078211603426709e-07
3.808399139308524322e-07
4.275538596800734984e-07
4.388902714924035572e-07
4.860914971821018774e-07
5.170663706038915820e-07
5.541550636924516231e-07
6.185017773049378699e-07
6.869493882813457493e-07
7.090431433288010585e-07
7.236017125093328862e-07
7.686546549386944972e-07
8.711033504497159314e-07
8.815188698077758240e-07
9.104434041696293641e-07
9.634390267095635933e-07
9.883944418854831488e-07
1.086235510536682758e-06
1.098732326000987971e-06
1.233181073086378683e-06
1.243724746418307677e-06
1.322445662030669237e-06
1.343656136440789873e-06
1.456787657409127271e-06
1.575819570493873849e-06
1.613007461619458611e-06
1.659125413544273611e-06
1.721240416435870661e-06
1.774262770228789896e-06
1.790909616930575831e-06
1.891822085124472340e-06
1.973808106811925578e-06
2.132794656187787870e-06
2.318500404887865122e-06
2.319880349550161227e-06
2.543624065150392855e-06
2.799709402321511759e-06
3.043640267701965027e-06
3.339776562464905979e-06
3.418682312844105793e-06
3.714157441140896773e-06
4.101203393451306497e-06
4.264765584954495072e-06
4.516227331549202817e-06
4.740242390713587759e-06
4.805639298535884955e-06
5.214690436144538394e-06
5.526770443600115010e-06
5.872526174979062059e-06
5.992872721191549174e-06
6.332848268731633102e-06
6.366873589940928870e-06
6.784679498140519783e-06
6.877921664324837622e-06
7.224166590176366177e-06
8.175876380034760766e-06
8.571235239102150289e-06
8.938192652846578361e-06
9.973179740629466879e-06
1.038002553684190334e-05
1.087689077972134311e-05
1.152700013910364518e-05
1.195192862211466935e-05
1.240959931315594226e-05
1.285844833954026526e-05
1.319309897593672880e-05
1.335588358534071091e-05
1.422969725909303705e-05
1.447307019003777094e-05
1.455814350891484838e-05
1.535278675442877127e-05
1.598462228846911118e-05
1.716750760397518999e-05
1.749437342253567983e-05
1.856759499424227785e-05
1.874028683199976161e-05
1.961663504724526867e-05
1.990369268529594839e-05
2.083208633065541647e-05
2.143726693614420064e-05
2.207432021054729252e-05
2.275544389783815959e-05
2.333695875258967026e-05
2.469170154096413306e-05
2.495952232794785766e-05
2.575108973123075459e-05
2.649399195087926060e-05
2.770988493415291168e-05
2.804454572452404998e-05
2.890849378169980217e-05
2.935707244897851841e-05
3.013443657113644647e-05
3.122049034649869133e-05
3.319960786150301325e-05
3.386390131265335461e-05
3.468171630778369297e-05
3.650231714838112190e-05
3.742616705092201545e-05
3.885386318965967196e-05
3.957540861791149976e-05
4.079762443860596188e-05
4.147380355748394736e-05
4.238297396062637765e-05
4.243312582729381384e-05
4.416778516588884112e-05
4.547006744970823666e-05
4.696105412059965067e-05
4.818086231865828148e-05
4.872140953349140500e-05
4.993319023064021148e-05
5.027633279382218092e-05
5.105783459493035901e-05
5.302339425240997189e-05
5.405653564789812611e-05
5.499607832510108429e-05
5.771744805838256785e-05
5.955795075365879771e-05
6.011836826047407915e-05
6.196414635082103412e-05
6.334460740211488765e-05
6.565001320076511678e-05
6.589637993114816805e-05
6.720570223447562466e-05
6.861822790010872319e-05
7.093773871705107343e-05
7.258189406035087457e-05
7.468426169497578042e-05
7.540977122894794199e-05
7.751684827209406826e-05
7.978983705153278743e-05
8.129759846252312711e-05
8.372439194879966948e-05
8.441556077278452859e-05
8.654749165463285535e-05
8.863889219260722926e-05
9.039224190665803296e-05
9.172480682663668812e-05
9.407100073055415449e-05
9.544071914284506719e-05
9.843177018601981221e-05
9.891048817632882889e-05
1.001935525355741326e-04
1.032362957457479586e-04
1.038824503765871452e-04
1.069020052856508918e-04
1.088540064566041976e-04
1.090013484696904765e-04
1.128231522835355949e-04
1.143601188678410898e-04
1.168316595147656824e-04
1.196764477381914227e-04
1.207024743628440328e-04
1.229770882559331861e-04
1.259569871726998517e-04
1.264083588862058012e-04
1.319071972127891588e-04
1.336810683897863704e-04
1.357614978494271871e-04
1.371398642905772203e-04
1.391167444089255886e-04
1.448573272205522754e-04
1.468619263106555695e-04
1.485174886753534934e-04
1.529415779807833493e-04
1.535846495271526427e-04
1.582470230089592716e-04
1.612224560604458463e-04
1.652510334539067935e-04
1.671832590173695933e-04
1.714205734336897013e-04
1.748349470960056931e-04
1.772834617035706425e-04
1.786773417641693436e-04
1.814609778604103893e-04
1.870095573992786139e-04
1.885074421431036265e-04
1.935726448581287105e-04
1.941815726834842694e-04
2.008351146804001697e-04
2.039524882291632085e-04
2.075785142661747942e-04
2.106829568509595632e-04
2.164499818995936295e-04
2.175838595554292819e-04
2.194333456095529371e-04
2.218733131979400304e-04
2.226710103865381428e-04
2.297277062045113101e-04
2.332909877963769321e-04
2.349207734964183175e-04
2.366839780941941895e-04
2.417138229196076822e-04
2.450370610832004335e-04
2.492280121044748047e-04
2.551275776473514050e-04
2.570986962030279914e-04
2.631749546058898578e-04
2.664231419056985704e-04
2.685917510982120996e-04
2.746808532461270384e-04
2.772002058680540651e-04
2.861125808725674272e-04
2.902385798724289455e-04
2.916235981700805485e-04
2.932662657120412714e-04
3.008862133658031534e-04
3.082113344557046346e-04
3.094926787524546023e-04
3.175518091504815447e-04
3.245472983992185373e-04
3.272656315277918987e-04
3.316752782125350122e-04
3.323118688722642407e-04
3.392946227656298852e-04
3.451322886019224725e-04
3.517289332778152631e-04
3.565624163569420797e-04
3.584129141195186970e-04
3.630661110895886962e-04
3.664447363871671222e-04
3.723885842252005790e-04
3.773014929000504444e-04
3.790352966816007874e-04
3.834520649464447616e-04
3.923753599747323512e-04
3.948375239684507546e-04
3.976222130938946711e-04
4.069430377386183250e-04
4.111068254973785740e-04
4.141736368240643410e-04
4.166467925523869003e-04
4.292677582762193704e-04
4.329128343638377098e-04
4.397250289426176935e-04
4.414382270395415700e-04
4.497437171925278122e-04
4.542042807871130060e-04
4.582242857091000103e-04
4.632411311619236399e-04
4.664619254306743039e-04
4.739600289865921476e-04
4.741267614074359685e-04
4.816419199643084460e-04
4.825797259037241361e-04
4.881659319721925474e-04
4.900257932902472380e-04
5.007168916842240792e-04
5.065936718934166156e-04
5.140357087159001283e-04
5.281672035878358937e-04
5.317858225221449089e-04
5.337612757369023875e-04
5.429111997165107784e-04
5.440479618266659241e-04
5.499727103569638153e-04
5.558280127853174740e-04
5.635059189614543022e-04
5.668581946846384728e-04
5.739450610591279901e-04
5.782059635973774928e-04
5.846984506035371541e-04
5.914516930196514304e-04
5.948565284003014307e-04
6.011981816998360033e-04
6.098623113012022331e-04
6.151606988549613263e-04
6.215376801033966909e-04
6.263541121426424762e-04
6.268908568709133725e-04
6.296601907137952189e-04
6.392562716350224652e-04
6.432049405493903008e-04
6.512824837652276275e-04
6.590806399395355382e-04
6.681058814211013634e-04
6.744353993753108472e-04
6.772903033807268873e-04
6.816834026672459945e-04
6.850481261238143592e-04
6.928450212589693956e-04
6.982690418755523477e-04
7.087099589318324525e-04
7.143015768249342569e-04
7.229050620175907476e-04
7.270721232556692825e-04
7.354048688214417061e-04
7.390911782524286480e-04
7.487012380068911593e-04
7.540719408079806039e-04
7.585672196097070774e-04
7.645439015810185160e-04
7.652375290280247211e-04
7.715033264688442435e-04
7.784549807487212061e-04
7.852760016234029174e-04
7.900199208109299868e-04
7.966365452127447235e-04
8.103859783257451235e-04
8.215275089370345073e-04
8.254846088233299935e-04
8.287203901217771347e-04
8.369800112162277886e-04
8.492836577748884242e-04
8.546310500200849812e-04
8.588301495288490350e-04
8.689378093880459168e-04
8.715493340091123604e-04
8.838882388716952018e-04
8.979093310126762652e-04
9.002821667763096381e-04
9.080058584007339893e-04
9.107863223664191665e-04
9.175852836678993416e-04
9.197469202568826730e-04
9.239477167678711257e-04
9.342890175140359426e-04
9.411415852552477415e-04
9.564620595045461929e-04
9.642373962781044649e-04
9.655644616531148519e-04
9.700840766397841094e-04
9.772867468870211505e-04
9.834106003248173009e-04
9.920617874903476987e-04
1.001788673148945640e-03
1.022429992608731584e-03
1.024201750460196347e-03
1.036387786996185610e-03
1.038308568534541650e-03
1.044593201970093772e-03
1.054999527201217402e-03
1.060346787438308123e-03
1.061616873266601428e-03
1.076588390548514169e-03
1.082178005977396792e-03
1.093423447703854075e-03
1.098009084993512279e-03
1.109145035464793611e-03
1.114264386809820078e-03
1.122669152913710524e-03
1.137098890742460058e-03
1.141320541865489899e-03
1.146856485159133054e-03
1.162050486113070562e-03
1.168367558668745830e-03
1.172064594194169133e-03
1.190799877319841322e-03
1.196539758477547632e-03
1.207735522253850554e-03
1.218575297119054140e-03
1.231267611582123785e-03
1.235849083987390195e-03
1.249079021795359732e-03
1.254590533833826842e-03
1.260983793068335421e-03
1.282381836318907762e-03
1.286140580356543058e-03
1.288404554239443774e-03
1.290496769358311568e-03
1.312178821834824151e-03
1.330604347962771432e-03
1.341244924640928177e-03
1.360578115946460857e-03
1.368213149418089081e-03
1.380300857839758533e-03
1.394599416410008527e-03
1.405688899302405970e-03
1.414459358026042479e-03
1.425533378430019187e-03
1.433919856039285110e-03
1.450293320614041027e-03
1.464961420632738794e-03
1.472866334615267978e-03
1.477324555290828855e-03
1.495762401263833882e-03
1.509517323431495278e-03
1.515125418146235714e-03
1.546252918596125294e-03
1.558739368352505790e-03
1.568448008652050495e-03
1.580701675819468641e-03
1.611471815178723305e-03
1.632623062467256775e-03
1.644304856089725663e-03
1.652865693830796526e-03
1.655854570350201319e-03
1.677742573601349223e-03
1.688520984363404368e-03
1.700929360224360653e-03
1.721627489646558639e-03
1.723043620791277382e-03
1.741621243290905705e-03
1.760776411140263032e-03
1.778470380954725108e-03
1.806215627552234257e-03
1.811529408144847220e-03
1.820417225548158014e-03
1.834702106799624604e-03
1.857958012392023654e-03
1.867174084444343969e-03
1.883566493912342595e-03
1.893756366821264248e-03
1.899934502495587716e-03
1.904995834122860231e-03
1.938581687751590472e-03
1.963039613048158435e-03
1.973473039362971977e-03
1.982729472036653170e-03
2.024236293315679475e-03
2.044541517668920297e-03
2.068751889910005245e-03
2.076382289347857187e-03
2.082632628103172831e-03
2.099439196439149488e-03
2.118613227962289330e-03
2.145543866212705486e-03
2.159721423069322493e-03
2.168432626997612335e-03
2.180055494689361276e-03
2.191574357892476458e-03
2.214637116181235408e-03
2.237430260774045474e-03
2.252230898747124930e-03
2.295569400386264849e-03
2.297810461746002501e-03
2.317492427630753280e-03
2.338314939654436916e-03
2.351446088832970585e-03
2.373118731534873058e-03
2.410391462925124025e-03
2.421933153996027981e-03
2.442451616663554852e-03
2.473636454634677104e-03
2.496097799532518823e-03
2.529526010226284052e-03
2.542078952792609266e-03
2.562903471198804423e-03
2.569434096450679255e-03
2.582118135194379129e-03
2.601240888775831466e-03
2.613526054854701207e-03
2.630381011458425133e-03
2.638199042466719303e-03
2.651004716268221158e-03
2.677977689869793891e-03
2.710704952464927653e-03
2.744959767647023145e-03
2.761828901890684990e-03
2.778993941203527444e-03
2.803840595528992157e-03
2.822367334028859365e-03
2.836696790465848255e-03
2.864590669600251306e-03
2.889421014776567213e-03
2.920081834829239310e-03
2.923505406511262440e-03
2.948139932097295843e-03
2.968213201309819870e-03
2.998112139829344543e-03
3.003867600952472156e-03
3.043695580714742260e-03
3.066564422877378435e-03
3.094406247561758919e-03
3.102059250140266466e-03
3.125963651274972586e-03
3.139932858202012719e-03
3.180040012912424031e-03
3.196095957410135906e-03
3.222290807714978285e-03
3.262510597995652711e-03
3.270012546912086024e-03
3.287194158300493167e-03
3.311973417547233508e-03
3.318136175254944413e-03
3.348312494353627902e-03
3.376043519168908831e-03
3.388267566935010151e-03
3.422369330120890885e-03
3.450262629176752312e-03
3.465628131554964950e-03
3.510776471978637771e-03
3.529698695023095883e-03
3.552593127469048061e-03
3.563851529441246311e-03
3.589768603758269633e-03
3.617550074381404874e-03
3.627009684218630153e-03
3.654633838922106710e-03
3.673051653223175297e-03
3.685550712853665964e-03
3.710111508228715500e-03
3.731181777190571962e-03
3.762962608033337125e-03
3.783345505701575691e-03
3.843388379614342230e-03
3.856842589908681448e-03
3.864909369291857650e-03
3.881178911718361282e-03
3.917698803202457510e-03
3.938327097156676948e-03
3.964490657536380580e-03
3.976520013423533867e-03
3.998343605881048146e-03
4.013717940935615860e-03
4.044893570826556088e-03
4.055572112113763061e-03
4.078830243800207755e-03
4.101815663419963037e-03
4.125509068031048103e-03
4.159708764524710708e-03
4.178511726834028932e-03
4.191465829072715983e-03
4.238988133704190038e-03
4.251003524933054216e-03
4.271096902698243679e-03
4.288417604071684264e-03
4.335326952993390388e-03
4.343618534767949152e-03
4.379621944421960116e-03
4.396139666436709066e-03
4.416122558495926345e-03
4.456372545324433290e-03
4.477660821633607999e-03
4.541332177362232027e-03
4.554628105034057642e-03
4.581008114294613832e-03
4.617426467399650229e-03
4.623990733837349959e-03
4.633311319486229339e-03
4.663176091993997269e-03
4.709336065351336052e-03
4.713947812525396373e-03
4.745674408438995372e-03
4.761724469461498487e-03
4.785262995518078759e-03
4.808728258731122425e-03
4.818804544321412045e-03
4.835095877557498215e-03
4.870032348339672912e-03
4.898329387191088097e-03
4.935253438716779607e-03
4.957118416168668044e-03
4.973064412592885335e-03
5.040289722816115869e-03
5.040540015892537758e-03
5.052410748799800178e-03
5.064842694028371187e-03
5.099794404418115691e-03
5.110762349886809226e-03
5.135237349121747966e-03
5.172059640142969567e-03
5.185126129878221864e-03
5.210898701156717154e-03
5.231760680281169300e-03
5.267733217296254912e-03
5.300401894358138487e-03
5.351266832641014652e-03
5.355439984052712613e-03
5.379442589079388472e-03
5.428993960139458404e-03
5.431096378769133953e-03
5.438172273463360261e-03
5.488910984013174385e-03
5.499219271042792880e-03
5.524194249721793223e-03
5.535312817426336386e-03
5.563238769323262077e-03
5.583046143642020516e-03
5.631810579420367703e-03
5.650534021389382912e-03
5.678646807232079659e-03
5.711614459860286409e-03
5.738899177519058044e-03
5.773542546921284734e-03
5.813445475552396491e-03
5.820878804645427361e-03
5.852901395625335207e-03
5.869304827609414695e-03
5.896639969713337801e-03
5.920083336154357417e-03
5.964416904704552755e-03
6.003667340289806607e-03
6.039681679161930557e-03
6.064019743185843948e-03
6.080580674082815100e-03
6.123850918110672684e-03
6.150550492053164127e-03
6.179037320241208622e-03
6.188982192620194091e-03
6.214170420495535724e-03
6.251587491604025139e-03
6.278418401684420121e-03
6.295741226632802466e-03
6.338667560762518971e-03
6.361007357439074118e-03
6.385752828714935832e-03
6.410692529670296291e-03
6.444703074081540792e-03
6.462076183120531517e-03
6.474691704212388356e-03
6.495348732255965679e-03
6.533891134971481045e-03
6.582640216071447906e-03
6.589183084836911994e-03
6.620918353608558175e-03
6.644987551823434806e-03
6.682189811984428317e-03
6.721163569929696803e-03
6.739446604285132848e-03
6.752552652757326697e-03
6.781089960214033846e-03
6.794672333956931418e-03
6.876590615482970278e-03
6.901261405623119842e-03
6.916909776762499538e-03
6.925270579459537508e-03
6.975906761813103520e-03
7.045075124046236426e-03
7.050991171240091927e-03
7.067484791461176724e-03
7.096078834360333015e-03
7.132269828730091604e-03
7.164425838987561156e-03
7.198297678747238304e-03
7.226219597529347054e-03
7.257257512185278162e-03
7.288970697165493388e-03
7.307008706188590497e-03
7.320394949945312549e-03
7.347672896840002840e-03
7.380000490132876401e-03
7.412537816126594549e-03
7.426167713652914552e-03
7.450862576411402052e-03
7.470826499432888131e-03
7.511301825927046982e-03
7.543670454118567119e-03
7.590922600349682241e-03
7.610673822126754785e-03
7.633513084032673805e-03
7.654987756796769599e-03
7.696109517946488239e-03
7.741788389746416012e-03
7.782802680332271544e-03
7.810392386753062938e-03
7.832079918331801699e-03
7.864181180543943980e-03
7.877800788880876329e-03
7.926073522785839418e-03
7.943248419266578028e-03
7.965270114014599834e-03
8.009704833641917085e-03
8.044292844781661053e-03
8.053268701193065995e-03
8.074729622931242287e-03
8.126146757144446856e-03
8.158843771665629657e-03
8.182304720465273865e-03
8.209806840222693552e-03
8.226039456892358243e-03
8.261804072449174460e-03
8.283469361949489379e-03
8.293333330260067512e-03
8.327877580305351538e-03
8.358287279196031580e-03
8.396588927070529687e-03
8.446927756676709045e-03
8.448109606919589759e-03
8.512166855100674126e-03
8.525869726841141250e-03
8.566065421610188912e-03
8.606982459941929162e-03
8.642866651164576169e-03
8.662667107424118842e-03
8.689479989592385420e-03
8.716081390368810716e-03
8.735844186181271342e-03
8.751854084256023916e-03
8.771683690808941905e-03
8.838997886659229891e-03
8.855917858283721480e-03
8.884139528540970637e-03
8.918179592343717516e-03
8.931659275579963142e-03
8.964134824925570899e-03
9.008830734163211784e-03
9.017434352672425504e-03
9.031474784664162911e-03
9.070394131301881546e-03
9.125949598101998003e-03
9.166797219407059327e-03
9.175673397414811638e-03
9.190268759952097480e-03
9.268925058374673925e-03
9.290238892955616709e-03
9.308008819068739476e-03
9.372748486112194091e-03
9.387200762650699595e-03
9.427276032472115333e-03
9.438788588444850178e-03
9.483589494450736165e-03
9.498127378703782181e-03
9.518795145152593104e-03
9.542052580549319207e-03
9.618542252791410091e-03
9.669442986677129204e-03
9.684478555820311488e-03
9.721678349798883526e-03
9.742083540834778344e-03
9.768169336820472712e-03
9.790172440840898271e-03
9.811642448145422440e-03
9.838467188728921425e-03
9.874575390454878518e-03
9.933615975897789468e-03
9.952743479870787210e-03
9.967445635981689311e-03
9.997966584064096190e-03
1.001857830826572392e-02
1.005261777065011471e-02
1.008821407059724146e-02
1.014385644906383444e-02
1.014925070147873302e-02
1.018367488046366398e-02
1.025816741225474976e-02
1.027514299557870207e-02
1.030537280782647599e-02
1.033890313961951905e-02
1.038070744087038824e-02
1.039305871330536112e-02
1.043625813073414607e-02
1.045953504945183049e-02
1.047850726663833790e-02
1.050741853905613754e-02
1.051230365962351442e-02
1.062521118453788743e-02
1.065562429988646358e-02
1.066916546744753683e-02
1.073273230354883367e-02
1.075652007278971034e-02
1.079583363276145208e-02
1.081692411529831463e-02
1.087068702160208337e-02
1.091963141241043822e-02
1.094549841742580888e-02
1.097335740829285915e-02
1.098970530929610848e-02
1.102331525338006747e-02
1.106723550771856676e-02
1.107143400817821484e-02
1.116263014472235887e-02
1.121267294388835281e-02
1.121849944760996108e-02
1.126287598738509414e-02
1.129361742429048528e-02
1.133959861602970576e-02
1.138232798006226509e-02
1.140264241454182204e-02
1.143089222001636256e-02
1.145890958962486258e-02
1.147460557195747154e-02
1.151439490096549390e-02
1.157509136585461139e-02
1.159844062043831683e-02
1.166257549554628771e-02
1.170379588769906998e-02
1.174634675763641840e-02
1.178225309397553343e-02
1.183110363441836586e-02
1.187655533037296554e-02
1.193827346284112925e-02
1.195969410416192202e-02
1.198227919636883111e-02
1.202002384480106885e-02
1.206129730050584277e-02
1.213703495636589934e-02
1.216293933945084005e-02
1.221542715982319553e-02
1.223069120201044323e-02
1.228004659209053565e-02
1.231949013246527204e-02
1.235677925247988772e-02
1.237672638195480221e-02
1.238497832377996252e-02
1.247725183998341439e-02
1.251375122653554731e-02
1.257567865099921620e-02
1.258618043682943610e-02
1.261866988425632864e-02
1.264944877934335611e-02
1.275442851094603022e-02
1.277365415955581188e-02
1.283440292655695959e-02
1.284700065456130004e-02
1.287623806536327027e-02
1.289494868286575856e-02
1.292921533665367106e-02
1.297076539215813104e-02
1.299004200073872184e-02
1.304048357095122408e-02
1.309924321717603583e-02
1.314387078907597664e-02
1.316236092410990981e-02
1.323474758048972903e-02
1.326224152649395013e-02
1.330197126698372430e-02
1.331663667948302862e-02
1.337069089452271042e-02
1.341740288880626138e-02
1.342175882475499064e-02
1.348571353139676500e-02
1.351022987713829462e-02
1.354281124164930308e-02
1.359511948139779762e-02
1.362614434916034449e-02
1.366903796077767810e-02
1.371850079592502186e-02
1.381657015540035081e-02
1.384984977489258154e-02
1.387908916076920768e-02
1.395610300097395624e-02
1.396589218895042013e-02
1.402521878490980631e-02
1.405104348781253086e-02
1.408836670108012772e-02
1.412863001617576698e-02
1.419382049003615857e-02
1.421871718002907375e-02
1.431219421986476385e-02
1.431883395162314616e-02
1.435968450496433006e-02
1.443787565719356451e-02
1.446196149839140167e-02
1.450303580292324097e-02
1.458106084123738690e-02
1.459780496154010516e-02
1.462062931183690830e-02
1.465702145325411751e-02
1.471350398801074891e-02
1.473705074732372181e-02
1.475913572049662899e-02
1.481819301940039482e-02
1.485361898855608147e-02
1.492865355888671128e-02
1.496275855683050320e-02
1.504332002938512866e-02
1.511336864150863990e-02
1.512715061152891845e-02
1.516405934517833787e-02
1.518908250923885206e-02
1.521452495737963921e-02
1.526035955755846059e-02
1.528982330573077503e-02
1.535023731660482837e-02
1.538585111038197339e-02
1.544263901643203214e-02
1.549122256022820651e-02
1.552898373135589219e-02
1.554571533173852542e-02
1.559071213860917585e-02
1.561293128671066739e-02
1.565339942899713482e-02
1.569466827185585223e-02
1.575515281412137591e-02
1.578483766378137657e-02
1.583959065282060721e-02
1.590622451316702976e-02
1.594070834201121584e-02
1.598076620535329728e-02
1.600456842708907618e-02
1.604021215334102551e-02
1.614546742172879787e-02
1.618238605000815039e-02
1.624745926444788602e-02
1.629469932153854508e-02
1.631295094623858369e-02
1.634197265232681731e-02
1.638757866815112804e-02
1.642610758382833172e-02
1.647102825571559667e-02
1.652416837316812714e-02
1.654316243857294547e-02
1.661238870192320929e-02
1.666262566881612089e-02
1.671702854008363937e-02
1.675550509131130614e-02
1.682950173254980225e-02
1.685974018687898604e-02
1.692633585799711501e-02
1.695622118260405042e-02
1.699300671884555747e-02
1.702376758942227009e-02
1.708549885674472829e-02
1.716355966797623520e-02
1.719597177844641583e-02
1.721863513144349794e-02
1.728997203316076994e-02
1.735726939324989254e-02
1.737783160749366285e-02
1.745435397567298916e-02
1.748025944256293568e-02
1.758850732879139664e-02
1.761243189124278921e-02
1.762597808914780767e-02
1.768060853176128475e-02
1.773078079842285021e-02
1.779040245301499040e-02
1.781851260521331165e-02
1.789649519461965904e-02
1.793195453083563581e-02
1.794085208936993525e-02
1.798763518550210855e-02
1.806939688457126145e-02
1.810338137930509253e-02
1.816520160690540328e-02
1.818397687201967969e-02
1.823253770212590261e-02
1.825405859629744207e-02
1.833892180656630094e-02
1.842030585629850226e-02
1.843589103602670531e-02
1.849160899558724425e-02
1.851456709078227320e-02
1.855038692980585241e-02
1.861974336558838705e-02
1.865814435089364551e-02
1.869451383533527258e-02
1.873707031961277872e-02
1.879350532380719835e-02
1.886316407351675342e-02
1.889792730302899265e-02
1.896942294442946486e-02
1.899053877852843047e-02
1.904412498049871949e-02
1.906058836481336338e-02
1.913091315161250319e-02
1.923172074622260183e-02
1.927536202276414548e-02
1.934556446569340657e-02
1.938749106367325045e-02
1.943967656387970283e-02
1.951523145279822347e-02
1.952968977344614679e-02
1.957492662023320451e-02
1.961636393057268266e-02
1.963754920043234847e-02
1.973751345814116903e-02
1.978383427755819879e-02
1.982295179727065065e-02
1.986431454873131830e-02
2.000526342743648434e-02
2.001527368808036361e-02
2.007997831515084819e-02
2.013466914707668851e-02
2.017822935734517667e-02
2.022646753343409695e-02
2.026855977699762446e-02
2.029787008947549903e-02
2.031836263693665226e-02
2.047627332496530783e-02
2.054017165039694406e-02
2.055451224665687596e-02
2.060884894253608296e-02
2.062812938095434645e-02
2.066648990697218108e-02
2.074666867291618394e-02
2.083592248687588314e-02
2.088631512646178454e-02
2.091666291977007514e-02
2.102020755776272051e-02
2.108358120699736771e-02
2.112707924358001726e-02
2.114747677319647745e-02
2.121853619140314645e-02
2.127106484245842866e-02
2.135794467670653826e-02
2.140799804755898553e-02
2.142808660374732888e-02
2.149793878355300142e-02
2.155984866605330577e-02
2.162214822327686650e-02
2.165090618956662383e-02
2.174458224671203463e-02
2.180579524396165578e-02
2.185115140086258539e-02
2.188879022009895120e-02
2.202352753632761187e-02
2.205333771865899614e-02
2.210198295995685278e-02
2.211511462568839168e-02
2.217158783974975539e-02
2.218580954122044771e-02
2.226649316614999832e-02
2.229453847838190617e-02
2.250623625737823222e-02
2.255192377571773113e-02
2.259611607773605660e-02
2.268902037929229620e-02
2.275942201263544615e-02
2.280276669656410016e-02
2.284912370404846432e-02
2.291167821332341925e-02
2.298906244363622259e-02
2.300264507651641338e-02
2.307364292153215798e-02
2.318857965053049489e-02
2.327548137194657488e-02
2.331449988337535792e-02
2.340512493550213347e-02
2.346543431753266712e-02
2.352141192669400180e-02
2.355648954769182929e-02
2.356828556255485471e-02
2.364404024532201082e-02
2.371525444571989313e-02
2.380529180448133844e-02
2.388501320667988856e-02
2.391784724229201881e-02
2.400373964722401013e-02
2.409825709334301527e-02
2.412981935453097429e-02
2.415367995391365027e-02
2.418661380222833501e-02
2.429501829420982820e-02
2.437713397929231612e-02
2.439746634889945753e-02
2.449181900942114243e-02
2.456185324520878885e-02
2.456595764702329890e-02
2.463954774145812876e-02
2.467311021574592270e-02
2.473078062510100303e-02
2.485105200139524351e-02
2.490558284723280030e-02
2.493729985170137220e-02
2.501098655260279233e-02
2.508872180622004344e-02
2.516759518084357716e-02
2.526989536931948180e-02
2.535275579293259571e-02
2.537948581932434125e-02
2.542307697547032883e-02
2.549189026746938661e-02
2.556320570091048794e-02
2.562671316131082122e-02
2.569087576145666005e-02
2.572634766868973910e-02
2.584100139993849091e-02
2.589510597394796207e-02
2.595147201018156019e-02
2.603218782927683994e-02
2.607414634098212045e-02
2.616396702916953115e-02
2.627045525784244343e-02
2.635988334857737592e-02
2.640507657012026652e-02
2.648762913147511416e-02
2.650803122536376025e-02
2.661992575486839263e-02
2.670487041325162250e-02
2.678091996970352606e-02
2.685884981951063358e-02
2.690623601409791385e-02
2.696807115068375338e-02
2.708046140950248759e-02
2.718182231240398594e-02
2.726567368676861836e-02
2.730438419116315574e-02
2.733424139215975476e-02
2.739477803562504615e-02
2.750080264389596907e-02
2.755032563893532530e-02
2.759544886896632757e-02
2.775233065767391052e-02
2.778426907918712246e-02
2.779657212932949359e-02
2.784968810780670545e-02
2.794671005151542695e-02
2.796413080789062269e-02
2.808393143371554906e-02
2.810972120225200752e-02
2.817741090354019748e-02
2.819316228724449980e-02
2.837531133028082728e-02
2.838128971981571450e-02
2.843869127251522078e-02
2.861280650259670835e-02
2.866658320870197826e-02
2.873918816954585884e-02
2.879975578566895678e-02
2.885684222157669163e-02
2.892293981233772654e-02
2.901262077542373849e-02
2.919446650783757286e-02
2.919812984714150600e-02
2.926976755389911269e-02
2.936084802210619030e-02
2.940977073467090572e-02
2.951515991308815631e-02
2.960173874327149193e-02
2.969579978959564770e-02
2.984922498821022951e-02
2.988535862143397448e-02
2.994280142944135900e-02
3.000745977549183416e-02
3.006889978737187566e-02
3.015555737324079194e-02
3.028433235936421955e-02
3.037879881239432048e-02
3.038862401765604973e-02
3.050605875422484833e-02
3.055981372094666165e-02
3.063181616403220370e-02
3.072317842210303337e-02
3.083129451350725969e-02
3.087953643583278215e-02
3.091766272528019902e-02
3.099595682746222186e-02
3.113135211316458636e-02
3.117076282801588272e-02
3.124534874837841050e-02
3.131152831500620681e-02
3.141735735089561804e-02
3.145252363005627411e-02
3.154640018198888451e-02
3.167653898508940302e-02
3.174591969120921925e-02
3.182928411851353862e-02
3.186784603168008045e-02
3.192879955210923409e-02
3.200286983324484441e-02
3.208526320767298573e-02
3.212208529508053800e-02
3.220785661451321114e-02
3.228428226219896835e-02
3.248558124754396398e-02
3.256137229086709245e-02
3.264082789301609583e-02
3.276494404408926420e-02
3.285539634963813987e-02
3.300348729466918984e-02
3.313235899007545976e-02
3.317409738582047241e-02
3.321657792673198689e-02
3.329345112389291844e-02
3.337329207336669351e-02
3.345842138823001966e-02
3.348768873893614995e-02
3.359539264080772802e-02
3.376977692861807268e-02
3.381602726527352387e-02
3.390047054323009484e-02
3.398204452065792941e-02
3.406608619193036286e-02
3.418113762855428533e-02
3.425203693613766004e-02
3.427418396427082264e-02
3.435609839807070992e-02
3.452073618534784449e-02
3.460575334099854489e-02
3.468933813524718857e-02
3.480198865793084767e-02
3.485774635671650551e-02
3.506770498005021969e-02
3.511099056725452972e-02
3.532409754906877530e-02
3.536143320044984190e-02
3.552656121572284748e-02
3.557772343796536396e-02
3.567857132193294478e-02
3.583150718780885730e-02
3.586354404441621790e-02
3.592057947865983508e-02
3.600824628782113568e-02
3.606166622618664497e-02
3.627753860721465162e-02
3.631778413402493577e-02
3.641313492509552080e-02
3.658500232224688037e-02
3.659775182057006110e-02
3.670130427785821270e-02
3.684810735452561520e-02
3.687558559916794682e-02
3.697007653832033724e-02
3.711116900967164484e-02
3.716831729125942563e-02
3.724071974097911686e-02
3.732523340933819461e-02
3.743781442271987975e-02
3.762366526437838782e-02
3.767709987398443899e-02
3.772415252708907762e-02
3.782233576365229971e-02
3.786496982161685620e-02
3.803923112937831336e-02
3.809391946214768510e-02
3.817937024890420694e-02
3.830944389377945181e-02
3.842026143749337208e-02
3.852081283179264320e-02
3.856962671987804181e-02
3.867089509075799514e-02
3.876236439602718381e-02
3.898305913149685553e-02
3.904151816083635540e-02
3.913047146310804497e-02
3.918478043660018895e-02
3.923317256966370181e-02
3.938120513573502984e-02
3.943045004891782696e-02
3.965638342560409008e-02
3.969240529703631920e-02
3.977434140608249874e-02
3.980194846449579965e-02
3.998086231565960158e-02
4.005341593875099554e-02
4.016141045190781828e-02
4.027636830893620290e-02
4.032296421183348412e-02
4.036139512578475197e-02
4.040479779430526663e-02
4.053018797211188629e-02
4.063597044964160215e-02
4.082718509740981827e-02
4.088361285930589700e-02
4.097293923712249514e-02
4.102699180553478348e-02
4.108387691203673614e-02
4.127481562100587115e-02
4.130201062491740960e-02
4.136927257302817212e-02
4.139662877629932819e-02
4.163460142143295128e-02
4.171213162762482662e-02
4.173808903171895984e-02
4.178614048696328853e-02
4.190490701212496588e-02
4.198501547018469032e-02
4.207697820046759490e-02
4.219241624711629612e-02
4.224541502140034821e-02
4.230731532827907565e-02
4.243502169739559599e-02
4.250645584824942064e-02
4.259017182867749773e-02
4.276275541740073849e-02
4.277439586657517945e-02
4.290284728798735708e-02
4.293589997584777718e-02
4.295630668767824040e-02
4.301748908774233326e-02
4.311239979214592094e-02
4.326505085288172986e-02
4.336707769481562558e-02
4.340536476822234174e-02
4.349412595318020991e-02
4.354082537276508097e-02
4.379914278568704245e-02
4.383615546979541949e-02
4.394640719549442603e-02
4.400490397858442676e-02
4.409551908610526844e-02
4.419860256746431515e-02
4.434439426291016811e-02
4.441574985154185529e-02
4.446073069288374036e-02
4.464014413900460609e-02
4.471414392250334935e-02
4.482642212458431974e-02
4.498307227784700824e-02
4.509826763425214130e-02
4.523803003599447675e-02
4.525073087354802848e-02
4.538436855055829472e-02
4.542949118472811715e-02
4.553584904154684559e-02
4.561568705322217171e-02
4.578657471505213905e-02
4.583997842125454164e-02
4.592502844345577873e-02
4.599099571418167887e-02
4.608050187038503775e-02
4.620826398633838539e-02
4.634720060918140483e-02
4.639286169368386781e-02
4.643380005811604400e-02
4.655694870630369686e-02
4.661342989329501918e-02
4.668519283597322850e-02
4.684728699955695297e-02
4.696273678981851413e-02
4.699808882490756623e-02
4.715633604625626280e-02
4.723449808605917344e-02
4.739191171826963311e-02
4.749675433415791181e-02
4.766140685598750648e-02
4.777238031859961515e-02
4.787176836990255507e-02
4.789202697002113707e-02
4.801633089849880603e-02
4.813433030557930092e-02
4.824667331780813778e-02
4.837617026306912510e-02
4.842702506242276689e-02
4.851765966279224934e-02
4.871196695199205007e-02
4.877976156138158492e-02
4.893581753285466268e-02
4.905690412314481219e-02
4.921874086906041779e-02
4.926888290630647427e-02
4.937668889401513467e-02
4.939599462337534302e-02
4.945535521097758902e-02
4.963720519833566408e-02
4.980727953525906915e-02
4.997559908815923935e-02
5.001126162624691673e-02
5.015269283699493735e-02
5.023461450852442778e-02
5.037452690313681120e-02
5.042972426446413331e-02
5.057925730319609570e-02
5.067141776452556423e-02
5.073286236807367927e-02
5.080553496102462041e-02
5.091025183673021648e-02
5.099562982921217874e-02
5.112499202672537296e-02
5.140228639679360334e-02
5.155259995176941779e-02
5.159227486827384218e-02
5.175607167685008364e-02
5.186289045798529035e-02
5.196930142470345543e-02
5.201231890663757240e-02
5.214673858752682384e-02
5.224353042549394199e-02
5.230443759147360150e-02
5.239420543836943722e-02
5.247798812156496961e-02
5.264482873784375599e-02
5.275133063363600383e-02
5.280796981613932600e-02
5.285805570250406288e-02
5.301858174409213031e-02
5.316067175562908670e-02
5.326136759905081980e-02
5.331589983021733231e-02
5.338375189727583708e-02
5.350426862399176864e-02
5.359621233272904989e-02
5.368576368467140730e-02
5.386574643744427432e-02
5.391941482956086329e-02
5.412403666301489336e-02
5.417758581507891441e-02
5.427496618301845543e-02
5.429347995358065060e-02
5.445097814855515833e-02
5.462645036824902156e-02
5.465871201605762564e-02
5.481556960377931276e-02
5.490082685486315228e-02
5.504091567602042295e-02
5.512190124794678903e-02
5.524980247869370337e-02
5.538015663949928669e-02
5.544292903613884382e-02
5.548191339897750457e-02
5.562064754415612516e-02
5.566829972618040495e-02
5.577955080631532420e-02
5.597007308110830276e-02
5.602171429639548478e-02
5.610833917679333704e-02
5.620333391013800084e-02
5.629620217106121732e-02
5.647714718345760859e-02
5.652553505707533232e-02
5.656090479746114785e-02
5.680962404061193349e-02
5.695014459892106667e-02
5.704576899971564030e-02
5.720716293876431519e-02
5.730782923094678710e-02
5.739206976597049925e-02
5.752092901362067245e-02
5.760878700993658785e-02
5.768864104043872759e-02
5.783737477512745223e-02
5.786725082459324293e-02
5.797748575761152434e-02
5.801961878762978975e-02
5.810034246840081046e-02
5.823257416658314534e-02
5.839214602031396473e-02
5.847031275070221912e-02
5.853302559498805430e-02
5.861837410468649645e-02
5.866747741729767818e-02
5.885087979143890230e-02
5.903591344919671691e-02
5.914708010280186889e-02
5.918796155312416180e-02
5.924979796018558370e-02
5.938237628440187765e-02
5.942513129221500129e-02
5.955933589623464003e-02
5.962379564543519167e-02
5.979053275258115752e-02
5.988725211258461023e-02
6.003223379712371854e-02
6.018044809110913163e-02
6.022398350764961855e-02
6.038151828676170674e-02
6.053004481505987189e-02
6.059937572351123403e-02
6.061988380797810744e-02
6.070137270355828452e-02
6.095848582039527230e-02
6.103023296509841461e-02
6.108722834493707926e-02
6.120349404021143552e-02
6.129159323830002393e-02
6.139843837617708910e-02
6.155906255327166232e-02
6.165077930709468579e-02
6.169119663259725606e-02
6.173051143018765813e-02
6.186854399451313657e-02
6.198376182781043658e-02
6.204234926042741932e-02
6.224609075246989587e-02
6.232806515381393575e-02
6.251711346792565571e-02
6.254249232304036343e-02
6.269550275047398868e-02
6.287587555324072874e-02
6.291319117778090830e-02
6.308102144847187176e-02
6.320738706629747128e-02
6.324355253823302214e-02
6.336526409004128446e-02
6.349378320462424619e-02
6.356231179526185271e-02
6.359104859919081920e-02
6.388135005972332692e-02
6.393649938098924790e-02
6.398663688706596187e-02
6.407165847133969305e-02
6.417287355703796270e-02
6.435352950329288613e-02
6.457023409517168022e-02
6.465232989573065081e-02
6.466784121667776275e-02
6.488245462231387317e-02
6.493054371121155521e-02
6.503253801288003122e-02
6.513012240554598431e-02
6.520629598124030868e-02
6.529831038620216577e-02
6.537569518951523440e-02
6.556803827818651065e-02
6.573796040943007124e-02
6.578733989813514982e-02
6.600209461835077063e-02
6.608700909258313771e-02
6.615194898928078437e-02
6.619819492299315600e-02
6.623488126826579392e-02
6.644983299612307326e-02
6.652226659555954269e-02
6.672493305519475171e-02
6.683746655659157654e-02
6.689863983901299382e-02
6.700188480786768708e-02
6.708912991931080538e-02
6.720655819253847085e-02
6.731656105042523042e-02
6.736572541572821704e-02
6.753384312641733112e-02
6.764962671641083780e-02
6.777333643174088262e-02
6.802610940651940274e-02
6.809628032980531709e-02
6.815940173333419339e-02
6.826201973903041342e-02
6.841602551300725310e-02
6.855427149416910837e-02
6.859334659718038796e-02
6.880435504847631778e-02
6.895836613272667004e-02
6.910678658135006869e-02
6.914542109412005755e-02
6.935738514500820739e-02
6.953595983815379078e-02
6.956672357037413379e-02
6.968645058931705050e-02
6.977943810311862394e-02
6.992253949562160509e-02
7.005667170202443950e-02
7.020301886074957476e-02
7.025779639540993826e-02
7.032850427332812404e-02
7.036664938825733240e-02
7.050607838339480182e-02
7.064405837649308240e-02
7.082959033849518804e-02
7.091374164981037453e-02
7.099221844902121881e-02
7.108982715686117115e-02
7.116017853018272166e-02
7.119643649198838242e-02
7.146982565804652077e-02
7.153615413421596236e-02
7.171544752386617427e-02
7.179729907192557159e-02
7.197512511313820804e-02
7.201116122782817708e-02
7.214997199537269423e-02
7.228462794169771000e-02
7.247114587741276814e-02
7.265939129582314748e-02
7.280446337370719001e-02
7.292944259969356968e-02
7.304817636424869309e-02
7.315217560355302684e-02
7.335278014429155724e-02
7.347255961433428462e-02
7.350236750329461333e-02
7.363677091577777722e-02
7.379020049690261651e-02
7.399894160787033603e-02
7.412648695187057379e-02
7.415938405380848031e-02
7.442324679022063738e-02
7.445423354300190200e-02
7.452003499345728754e-02
7.474016359152201028e-02
7.497853234917209453e-02
7.509965754911693270e-02
7.517711052794183446e-02
7.528380302112226696e-02
7.532024678876497736e-02
7.545904283668644630e-02
7.554826600934877456e-02
7.570430915215423107e-02
7.597033792657498230e-02
7.617607575032347977e-02
7.634137043507353837e-02
7.638148698666050174e-02
7.650779819811391602e-02
7.662670369661334080e-02
7.689509111701259281e-02
7.695467087376547943e-02
7.708196893726072807e-02
7.716138956654094994e-02
7.727964523134972508e-02
7.735372489096827009e-02
7.741211329458080881e-02
7.757651038018519019e-02
7.768215556022899093e-02
7.780640407087133226e-02
7.785220400293343945e-02
7.796414313522397055e-02
7.816646136736495054e-02
7.850231722230431586e-02
7.863569531675834723e-02
7.872971785617394191e-02
7.880091460855791208e-02
7.899317545384522410e-02
7.909998798424251742e-02
7.916339481040558790e-02
7.926835536940771143e-02
7.945798270140952413e-02
7.953633264643787670e-02
7.967465663574645196e-02
7.977684912285530616e-02
8.005628978204948343e-02
8.019757190656820467e-02
8.033476534868924657e-02
8.042161065895667149e-02
8.052396358464827819e-02
8.057517628290168654e-02
8.077878469158704389e-02
8.106896106019237380e-02
8.121320192382505687e-02
8.125215728661572268e-02
8.136980590971891469e-02
8.143082702250005467e-02
8.153755559042558110e-02
8.171030440639549808e-02
8.179177213696502136e-02
8.195541389188533421e-02
8.215336118232054174e-02
8.222399085240961192e-02
8.231539226368268791e-02
8.243078180082366591e-02
8.254144241742678023e-02
8.257987177886366714e-02
8.274487673720015701e-02
8.295090435637472726e-02
8.297837150669140627e-02
8.327160099248090419e-02
8.335724352689692640e-02
8.344146556817393090e-02
8.356963653582603901e-02
8.368798212373332324e-02
8.372818151607984427e-02
8.389459112949253228e-02
8.401315114186842792e-02
8.428089654894156679e-02
8.437414418760599832e-02
8.448734155838252824e-02
8.474027225186583911e-02
8.490071410793713358e-02
8.494225690458416522e-02
8.506024555008143140e-02
8.521639279810812317e-02
8.535550213962529720e-02
8.541509822350903947e-02
8.553814800713742394e-02
8.565946248969916188e-02
8.570408128781556445e-02
8.599062116957652269e-02
8.604120644805265949e-02
8.624397187138284349e-02
8.632693192480785094e-02
8.651287666068448179e-02
8.673651795124846797e-02
8.688530264139789072e-02
8.706532628827419462e-02
8.712933207898934662e-02
8.722045828417866742e-02
8.724264085596693252e-02
8.729940718127722488e-02
8.769137326286371992e-02
8.779433914323801769e-02
8.786215540879532826e-02
8.799172780098893365e-02
8.803528399382822001e-02
8.815260302438168716e-02
8.838205038656939128e-02
8.844461378916861072e-02
8.850038641062532574e-02
8.862558947096230155e-02
8.882919036208911101e-02
8.895762589814391885e-02
8.915890813584061159e-02
8.923013238708127348e-02
8.931628105801855955e-02
8.952813688817110038e-02
8.958442191369861418e-02
8.966642972239660669e-02
8.981259011993836250e-02
8.996636659466175634e-02
9.015319269179090933e-02
9.022556464208487947e-02
9.040450281291392831e-02
9.043979601841871385e-02
9.049595791234660291e-02
9.077042023644919799e-02
9.095449529058298455e-02
9.105923552583936043e-02
9.124491868901138392e-02
9.139269910946032360e-02
9.147932570166450450e-02
9.160595376938278356e-02
9.169663293073782029e-02
9.183786352028627809e-02
9.197713169313426196e-02
9.221504187389004126e-02
9.229534487046721358e-02
9.246028523769389551e-02
9.251374530592350320e-02
9.263822050050472823e-02
9.275263232968605775e-02
9.290284907116443114e-02
9.296905843205517661e-02
9.315494581022648601e-02
9.341722808727573324e-02
9.345840539024612148e-02
9.359817122257538258e-02
9.378927820881192978e-02
9.386602375599950587e-02
9.404163698093923052e-02
9.418255832668828709e-02
9.436473111108630019e-02
9.437417198592358558e-02
9.451134861012878974e-02
9.468537187426369350e-02
9.487763961530640278e-02
9.490461517417908555e-02
9.519620106153393879e-02
9.527496752220501741e-02
9.533987001806527861e-02
9.560127067513565779e-02
9.564958775900626875e-02
9.583956158618180121e-02
9.586589536087528063e-02
9.609303074577474346e-02
9.630293539299340788e-02
9.644943423560860263e-02
9.651619011396005143e-02
9.661305510087585258e-02
9.682996262073266525e-02
9.699199854000034593e-02
9.705692552833274089e-02
9.727316788480766530e-02
9.740619808345349351e-02
9.760392002650100651e-02
9.765413317232567170e-02
9.777236673921479992e-02
9.800303693338308086e-02
9.809288757888300070e-02
9.819437349236545542e-02
9.828687748807969637e-02
9.842715064149140658e-02
9.855315001647516060e-02
9.865579658019754672e-02
9.885838706990866809e-02
9.902015532590958957e-02
9.907991150343332942e-02
9.925427146491204444e-02
9.931478221432674114e-02
9.942533489975007022e-02
9.960982756698152918e-02
9.974448950867137453e-02
9.996186414594963876e-02
1.000859172403320979e-01
1.001401669799183852e-01
1.002694315886901028e-01
1.003678747489975820e-01
1.004289652561068114e-01
1.006893747176113990e-01
1.007953815510386486e-01
1.009120154770475619e-01
1.010030668108233831e-01
1.011870848854126703e-01
1.013326068239976258e-01
1.013601456658923677e-01
1.016484802786429276e-01
1.018131618037687314e-01
1.018247298738950840e-01
1.019313007826446460e-01
1.021869830960561998e-01
1.022545560717098290e-01
1.023954497249509182e-01
1.026114709192200297e-01
1.026825760818109723e-01
1.027538785996732762e-01
1.029064520363653923e-01
1.029433351249295914e-01
1.030999649511904898e-01
1.031454644602328719e-01
1.032072827914805174e-01
1.034385449140558522e-01
1.036060241647294711e-01
1.037670573504462374e-01
1.039450080970509421e-01
1.040442062174550542e-01
1.042305641295615121e-01
1.043921423696951289e-01
1.044296259952827016e-01
1.045000915192335067e-01
1.047143889695161534e-01
1.049919692155864004e-01
1.050242855177265233e-01
1.051520738961864432e-01
1.052736626287639476e-01
1.053201162341800695e-01
1.054251677509543683e-01
1.056480009594091968e-01
1.058044818437760548e-01
1.060368772282756916e-01
1.061333327554956074e-01
1.062518707773995319e-01
1.063652440889600315e-01
1.064688111046379893e-01
1.065783190561540167e-01
1.067243622800061742e-01
1.069659474423020756e-01
1.070979550438468375e-01
1.072059513295548355e-01
1.072562866833724621e-01
1.073715682836019064e-01
1.074963303073875193e-01
1.076737708832469775e-01
1.077601118404194203e-01
1.080543878426244164e-01
1.080696921993625076e-01
1.082548036399608449e-01
1.084675414378945824e-01
1.085149607948059230e-01
1.087903385338528373e-01
1.088818984041032417e-01
1.089172253684770192e-01
1.090353598930528661e-01
1.091007137652309222e-01
1.092325564189361164e-01
1.093766890647289991e-01
1.094572000699909065e-01
1.098031811996968143e-01
1.098314313919231539e-01
1.100320036668197832e-01
1.102372177307074652e-01
1.104079644363290258e-01
1.105283297822830108e-01
1.106193593972815276e-01
1.106422053994169236e-01
1.108607558035604179e-01
1.109598781951141588e-01
1.110502657111723940e-01
1.112889169436677428e-01
1.114587127348686674e-01
1.115071043722356547e-01
1.116328234801038100e-01
1.118232854014209465e-01
1.121640930855624663e-01
1.122346325365539826e-01
1.122861403477199288e-01
1.124105375551019276e-01
1.124914748795557834e-01
1.125846155070230614e-01
1.128761043781855572e-01
1.129351278139950066e-01
1.132694644329859807e-01
1.134339482363039275e-01
1.134761664331746522e-01
1.136348665762379750e-01
1.136990132978886181e-01
1.138516128139735739e-01
1.139018712298833919e-01
1.140666037775786013e-01
1.141318202526153680e-01
1.143762002832609259e-01
1.144760953133419079e-01
1.146216693713380252e-01
1.147779377192870709e-01
1.149682427270771884e-01
1.150603368005139460e-01
1.151561592832684028e-01
1.153874006868844809e-01
1.154912149586490855e-01
1.155198358712189177e-01
1.155550836341208143e-01
1.159025793478329902e-01
1.160351184498705085e-01
1.161368601391167404e-01
1.163515974233639144e-01
1.164427149410544593e-01
1.166085459647001610e-01
1.167243220911138996e-01
1.169679533467256338e-01
1.170312094758723387e-01
1.171180973332527908e-01
1.173549089526197686e-01
1.174387209588061837e-01
1.175157269616062400e-01
1.176677351853282621e-01
1.177149574869768844e-01
1.177996965031479631e-01
1.181299474813690409e-01
1.182210238118317353e-01
1.183086341195233038e-01
1.184020800688103808e-01
1.184914292301346012e-01
1.187878493670579960e-01
1.189202461438938485e-01
1.190057394665828688e-01
1.190961354138896644e-01
1.191895907501985263e-01
1.192789998701051096e-01
1.195292430855240395e-01
1.196221573853229331e-01
1.198084215324884683e-01
1.198507228189688439e-01
1.201032790642774239e-01
1.202553433972895491e-01
1.203511153594336164e-01
1.204537694347935783e-01
1.206971450145032515e-01
1.207014627772623888e-01
1.208133661667263603e-01
1.209691022826159534e-01
1.210652516499017423e-01
1.211260711424913955e-01
1.211951530271848515e-01
1.212784418555382243e-01
1.215007313247944004e-01
1.216651469309861650e-01
1.217115800831657796e-01
1.217659696772748212e-01
1.218615803286376559e-01
1.219651487152622754e-01
1.220936449287456371e-01
1.221564986146675413e-01
1.224070405959173241e-01
1.225197352621404945e-01
1.227849584951215128e-01
1.228553651876057029e-01
1.229205826095107756e-01
1.231932285510452946e-01
1.234206159902288963e-01
1.235149722994764304e-01
1.236647749830805665e-01
1.238156688362690855e-01
1.239602521023400045e-01
1.240365041427549803e-01
1.241696087557413036e-01
1.243121146961246870e-01
1.243902373084785351e-01
1.245868473602282922e-01
1.246809373616078742e-01
1.247727948776160001e-01
1.250307626552268070e-01
1.251221063526552213e-01
1.253175650066045699e-01
1.254648386771284874e-01
1.256292876630915045e-01
1.257774456036742372e-01
1.258930153331348223e-01
1.259080942001042924e-01
1.261600970768057550e-01
1.262868279077853095e-01
1.264405170289973623e-01
1.265914803642139985e-01
1.267835075040422699e-01
1.268394762392049679e-01
1.272394839340569572e-01
1.273269242184849603e-01
1.274092565014779965e-01
1.274802344420706002e-01
1.276218383924157818e-01
1.276900897127466461e-01
1.278766777480796757e-01
1.279866711359807785e-01
1.280519810307368944e-01
1.283209850419434750e-01
1.283657554421395453e-01
1.284795181489489790e-01
1.287287096775995288e-01
1.288260004908835799e-01
1.289595757227691153e-01
1.290892837827634365e-01
1.291097621851285127e-01
1.293229138054118599e-01
1.294410666858920034e-01
1.295439604599545325e-01
1.297004715585257373e-01
1.297571784351219393e-01
1.299184016925014618e-01
1.299912766886347493e-01
1.302993529453736199e-01
1.303319523408253411e-01
1.305362188035996407e-01
1.305779533390268587e-01
1.306658951281438052e-01
1.309529956153824004e-01
1.310319488764819240e-01
1.312073357205062740e-01
1.312191904894434991e-01
1.315473566345441991e-01
1.316375524653977669e-01
1.317516270015014757e-01
1.319750900714102837e-01
1.320511414876343603e-01
1.322797124874879604e-01
1.324045953189673941e-01
1.324842904957845291e-01
1.325571284136210504e-01
1.327989068041525722e-01
1.328915075480118779e-01
1.330546145775450273e-01
1.331059475926534008e-01
1.332158476386934298e-01
1.334953308105444048e-01
1.335915319953671077e-01
1.337618551217936713e-01
1.339123453693011612e-01
1.340082932714719288e-01
1.341942104364724497e-01
1.342952401657052930e-01
1.344965339706188645e-01
1.345733190238368182e-01
1.347403109231222751e-01
1.348277684624929751e-01
1.348738001099026862e-01
1.351626289964867889e-01
1.354489049920857002e-01
1.355205164184845879e-01
1.356526265194312186e-01
1.357078539689960395e-01
1.359915668026547286e-01
1.361229384522868180e-01
1.362584073988979683e-01
1.363953744703155224e-01
1.364697142526009321e-01
1.364979777964863139e-01
1.368159259876047806e-01
1.369053762205684477e-01
1.369816771091485474e-01
1.370584261517133751e-01
1.372194401544903908e-01
1.373359655943812707e-01
1.374701661696271782e-01
1.376410917956278068e-01
1.377082429424364707e-01
1.378404189602270014e-01
1.380640128088274354e-01
1.383781153002689446e-01
1.385304830679518207e-01
1.385735158451918692e-01
1.387009006310306602e-01
1.390885153769398086e-01
1.391212212043849150e-01
1.391353787420803734e-01
1.394207380574855049e-01
1.394750431301803317e-01
1.396761523275209804e-01
1.396905526513839702e-01
1.397505758184552083e-01
1.400764579191004222e-01
1.402284183211343349e-01
1.403604910525164950e-01
1.404921909711532579e-01
1.406204345545107870e-01
1.407229624668917822e-01
1.408698062828346864e-01
1.409487252573843608e-01
1.410263014677039517e-01
1.412632792042681495e-01
1.412847489241308707e-01
1.414327499718189829e-01
1.416100701612279800e-01
1.416795648599433466e-01
1.418720621299756901e-01
1.419411074580584076e-01
1.420519339445174278e-01
1.421605120274224143e-01
1.423256426655895579e-01
1.425872749674579609e-01
1.426272882930346153e-01
1.427177331497053725e-01
1.428352036243682732e-01
1.429540464534848065e-01
1.432414398878377737e-01
1.433505248098884133e-01
1.434188387775474915e-01
1.435827443497990352e-01
1.438292885937703380e-01
1.439216080954918986e-01
1.440137048298354705e-01
1.441028628579931747e-01
1.442806128765352081e-01
1.445785325663627996e-01
1.447159804000827943e-01
1.447285085713367891e-01
1.448745331380618950e-01
1.451276663853228732e-01
1.452410745901011047e-01
1.454323109465207042e-01
1.454995859501203581e-01
1.455538558784613690e-01
1.457146552961222918e-01
1.459175920719442410e-01
1.460462496493385165e-01
1.461123263395386895e-01
1.464162560225343857e-01
1.465554025209823419e-01
1.467238774655340305e-01
1.468216845948384086e-01
1.470108663054515707e-01
1.470695517995629087e-01
1.473059609426567163e-01
1.474821691334949336e-01
1.475005195362782962e-01
1.475870032306766666e-01
1.477463195961842279e-01
1.478852749967661528e-01
1.480204036141454238e-01
1.481412494124783319e-01
1.482453589516810888e-01
1.483911299822813223e-01
1.486007376092294274e-01
1.487170765376572557e-01
1.489725830523888905e-01
1.490419661120980510e-01
1.491467168341890359e-01
1.492536784440050002e-01
1.494151262149195358e-01
1.496000818497683627e-01
1.497041637397020508e-01
1.498556630436363724e-01
1.499909945461768424e-01
1.501516717632347397e-01
1.502160893147765075e-01
1.502891405426163840e-01
1.504730506012690316e-01
1.505174066093055429e-01
1.507885840796752419e-01
1.508908218715215854e-01
1.509755249834799640e-01
1.513116767760865067e-01
1.514568170618977860e-01
1.515773745866541566e-01
1.518962781242055027e-01
1.521106647187657479e-01
1.522682327604317765e-01
1.523992341703968301e-01
1.525087519865961083e-01
1.526336909217974325e-01
1.527106884881866411e-01
1.528827454857126233e-01
1.530307363298822332e-01
1.531213310431436270e-01
1.533078849787078701e-01
1.533660465305746734e-01
1.536489859771067168e-01
1.538353802060734854e-01
1.539733108166829734e-01
1.540976239337409071e-01
1.542459190603382435e-01
1.543540709983822756e-01
1.544325210434389084e-01
1.545853335286624386e-01
1.547658769157639336e-01
1.548049831940359056e-01
1.549341976356476691e-01
1.552084515644751028e-01
1.552816212563484788e-01
1.554568978248136446e-01
1.555005365327205291e-01
1.557112657178695014e-01
1.559120475369170644e-01
1.560336755113573282e-01
1.560978066580595569e-01
1.562539133835644245e-01
1.564285324519263110e-01
1.566136479350011546e-01
1.567238822370203566e-01
1.569177811273254619e-01
1.569890705313359835e-01
1.570663056826296922e-01
1.571988613060157081e-01
1.574325262352671007e-01
1.576470767640254511e-01
1.578023190072447290e-01
1.578734115556761630e-01
1.579793130679238711e-01
1.581637165646009036e-01
1.583446771006743747e-01
1.584189301329376465e-01
1.585576356308929236e-01
1.586662474714335136e-01
1.588286680806026696e-01
1.589827025189945453e-01
1.591281187722344004e-01
1.591689049244054688e-01
1.593723345681775649e-01
1.597120657265952703e-01
1.599844588030280568e-01
1.600127756766937248e-01
1.601507984935342244e-01
1.603268425651093732e-01
1.605147539121966060e-01
1.607527473463195855e-01
1.609326794746323563e-01
1.609890944077496111e-01
1.611165595393203032e-01
1.611761381760865308e-01
1.612767716533012874e-01
1.613179805717180060e-01
1.614911980643101430e-01
1.616889881708046539e-01
1.617629481131318270e-01
1.618949794788618057e-01
1.621164415801883973e-01
1.622606552173347372e-01
1.623476449354484263e-01
1.625743947473388129e-01
1.627966207819014910e-01
1.628700955073533463e-01
1.629706006469599233e-01
1.630837485771117479e-01
1.633845198627841278e-01
1.634429611208250421e-01
1.634815919478846691e-01
1.636745598930064161e-01
1.637981826391694262e-01
1.638749074237796921e-01
1.641297157712147681e-01
1.641740297123371606e-01
1.644310369340745148e-01
1.646748993954147422e-01
1.646916919455635175e-01
1.648247144511483797e-01
1.650019413450493355e-01
1.651754234812599642e-01
1.653869072556425901e-01
1.654719857761200730e-01
1.656429338695313558e-01
1.658615618466502961e-01
1.659838807199083555e-01
1.660460340795327783e-01
1.661336916326137114e-01
1.662264997044765880e-01
1.664208048152894526e-01
1.668174911294741103e-01
1.669225664137194143e-01
1.670202772055232598e-01
1.673386700453505238e-01
1.673877046181037054e-01
1.676222272982151318e-01
1.677216245491908730e-01
1.678927772546541242e-01
1.679496085556822782e-01
1.681846251378887047e-01
1.682637546188650579e-01
1.683608917678370842e-01
1.686034315644387160e-01
1.686343973920950423e-01
1.688060813937816429e-01
1.688361508941560452e-01
1.692667957239159804e-01
1.693276651721325188e-01
1.694138987181572353e-01
1.695325634515911783e-01
1.697121543685255474e-01
1.698977774799078355e-01
1.700604705825989882e-01
1.701539860685874206e-01
1.703571697105126237e-01
1.704642077163997516e-01
1.707355126568576020e-01
1.709090122936632872e-01
1.710263461017629827e-01
1.711985238159251244e-01
1.712366884883870510e-01
1.716188523432304880e-01
1.716794619695514723e-01
1.718503183470667939e-01
1.719816247164961398e-01
1.720914457908954975e-01
1.723162607292868798e-01
1.725654696098966046e-01
1.726721303704184252e-01
1.728229200021778322e-01
1.729052427128583147e-01
1.731746720548202612e-01
1.733206466302924520e-01
1.734914862417664683e-01
1.735971910798743967e-01
1.737276645969632327e-01
1.739007500588297950e-01
1.741420238724332992e-01
1.742914881434647900e-01
1.745454734560059618e-01
1.747539291435060427e-01
1.748384562236896256e-01
1.750961105233200255e-01
1.752463595064678581e-01
1.754408977599008213e-01
1.755380475316820899e-01
1.756332606557240161e-01
1.758024238488582747e-01
1.758490809109595210e-01
1.760009168158679083e-01
1.763007400414448589e-01
1.763829482324280884e-01
1.765990112029570402e-01
1.767561249774141363e-01
1.768593201934674786e-01
1.768931313272248951e-01
1.770858722372913308e-01
1.772833516315138747e-01
1.773659256626199665e-01
1.776079922724895233e-01
1.778427629986867320e-01
1.779749766726939353e-01
1.780832638055730166e-01
1.783022497849291177e-01
1.783547508612945698e-01
1.786134740739896420e-01
1.787838503220454400e-01
1.789271693255017615e-01
1.789827143908436780e-01
1.792253635989258242e-01
1.793832502343013502e-01
1.794780298399564489e-01
1.797699325602213072e-01
1.801269302973874664e-01
1.801435884416456301e-01
1.804396013888210359e-01
1.806210734131194207e-01
1.808338541327051963e-01
1.810525164828269973e-01
1.812302668508191383e-01
1.813271078141962256e-01
1.813900307677184243e-01
1.815101031294197587e-01
1.818119040773528150e-01
1.819229499058807598e-01
1.820590337756218813e-01
1.823511824072669707e-01
1.824387386111513965e-01
1.828023159381814700e-01
1.829080027898181138e-01
1.830315593736041579e-01
1.831242493597982635e-01
1.835701743674440223e-01
1.835977362431443216e-01
1.837973146172718619e-01
1.840634140831992061e-01
1.840887849015912792e-01
1.842116484313628400e-01
1.843875559924511298e-01
1.848140980881779194e-01
1.848837342804414419e-01
1.849574804629385838e-01
1.852088372874302891e-01
1.852839401848247192e-01
1.854469497340503203e-01
1.857554833565927821e-01
1.859993284489727117e-01
1.862726730751761706e-01
1.863459850166373777e-01
1.864473000073008369e-01
1.865808622032620323e-01
1.869132292355630276e-01
1.870347104887057077e-01
1.870735236626408504e-01
1.875546770410743691e-01
1.876536431530860805e-01
1.877563074837985402e-01
1.879457341512388857e-01
1.881173051318526801e-01
1.881435317266500484e-01
1.883505713001783766e-01
1.884783814573352534e-01
1.886809704652468722e-01
1.888990840969933527e-01
1.891392286617306073e-01
1.893718500103300784e-01
1.895194820914507250e-01
1.897575692486586363e-01
1.899101638869215847e-01
1.899607055354759211e-01
1.901128019066987695e-01
1.902928995844523907e-01
1.905027988964615171e-01
1.906254270382505556e-01
1.907634741147804791e-01
1.909590115674503763e-01
1.910402318176151748e-01
1.911559464608773573e-01
1.914904213267833166e-01
1.916779045144406946e-01
1.918359652817963057e-01
1.919380557075624771e-01
1.921493516894886289e-01
1.922920925449126128e-01
1.924195608870476748e-01
1.927044579461289486e-01
1.928876004515056586e-01
1.930096026908499351e-01
1.932194730149355555e-01
1.934268259687583758e-01
1.937031330992027844e-01
1.939097824573113305e-01
1.939760487577392445e-01
1.942574088617467221e-01
1.943498856359249516e-01
1.944957641562094774e-01
1.946859498290375579e-01
1.947961555377149545e-01
1.948791210047714217e-01
1.950484474063625961e-01
1.952568172091297682e-01
1.955003577050548613e-01
1.957095882822818822e-01
1.958934190559340482e-01
1.960979700633564138e-01
1.962406344177437811e-01
1.965149136927966389e-01
1.967909251555499950e-01
1.970491283086634182e-01
1.971113411298218709e-01
1.972446437728017365e-01
1.974765766095438746e-01
1.976481048137929408e-01
1.977762422886853722e-01
1.979017009858441423e-01
1.980944697215050176e-01
1.982743709025314438e-01
1.984702164831299021e-01
1.985835173013297539e-01
1.989210904782750255e-01
1.991018868142310494e-01
1.992350974407582076e-01
1.994206167915782146e-01
1.996470533713780859e-01
1.997177858934816030e-01
1.998546962618153455e-01
2.001150883568900973e-01
2.001823299860342464e-01
2.003642195772801782e-01
2.005420678531855128e-01
2.007742314497910074e-01
2.009835102627354209e-01
2.010592345681913029e-01
2.015649694738698705e-01
2.016406308393269842e-01
2.018310452205257788e-01
2.018550409753932517e-01
2.020945019988121816e-01
2.024329906024567860e-01
2.025235532185538090e-01
2.026563104122697800e-01
2.028340244317295427e-01
2.031521722781071404e-01
2.031894831774744836e-01
2.034993546392745434e-01
2.036446805284760353e-01
2.039340720512345662e-01
2.040678597907559233e-01
2.040947318276907230e-01
2.044290117820698471e-01
2.046543464671555790e-01
2.047190349050026226e-01
2.051401192791433292e-01
2.052045438391827126e-01
2.053442717282704111e-01
2.055633173874815978e-01
2.057138683521921307e-01
2.057889659660881720e-01
2.060485652379314414e-01
2.062898952306857769e-01
2.065329164064559353e-01
2.066753861051235375e-01
2.068593088513013545e-01
2.071433282230622508e-01
2.073387639883404465e-01
2.073757491737912295e-01
2.074800859066724679e-01
2.076457943307528642e-01
2.077124426735698914e-01
2.081007537424096332e-01
2.082652065803191344e-01
2.085109704556596111e-01
2.086452671413741855e-01
2.087036456259694084e-01
2.088744821168948551e-01
2.089467240221464794e-01
2.093732710269642916e-01
2.096436593715261532e-01
2.097678893031399150e-01
2.099390894220258541e-01
2.100654713350267322e-01
2.101849305415781910e-01
2.104078559105561630e-01
2.105556291027992633e-01
2.107245530263198718e-01
2.111533616261855040e-01
2.113527263587501037e-01
2.114061120107550706e-01
2.115769812907768443e-01
2.116758038973758638e-01
2.117180564576756074e-01
2.118171795537474034e-01
2.123027560251530277e-01
2.123785155950641823e-01
2.124893484931325294e-01
2.126896839757732305e-01
2.129159214040789172e-01
2.131506459010211463e-01
2.132766787124143193e-01
2.134650859612826357e-01
2.135935370282829593e-01
2.138089540492781604e-01
2.140736144336777835e-01
2.142364582524359240e-01
2.142620365349163780e-01
2.144523869382361780e-01
2.147425028280482429e-01
2.149212503833199672e-01
2.149701586906483386e-01
2.152977934083462885e-01
2.155129715981246308e-01
2.155504478219121001e-01
2.158343227589878399e-01
2.161641331932837862e-01
2.161853230131196291e-01
2.163341192293678217e-01
2.166197463670287982e-01
2.166944339605338943e-01
2.169659430500960884e-01
2.170931453833769287e-01
2.172123489910056937e-01
2.175071237374657795e-01
2.176491546858237147e-01
2.178878754593366884e-01
2.180191720170179537e-01
2.181033215795889213e-01
2.183661652131096975e-01
2.184695200727826137e-01
2.188691121066639322e-01
2.188990186275261429e-01
2.190706651952609718e-01
2.191766422408580328e-01
2.196845340918941458e-01
2.199687318931453639e-01
2.201713254713006662e-01
2.203723132120282979e-01
2.205041623866593470e-01
2.206487930530466601e-01
2.207807422993904034e-01
2.210650184237819282e-01
2.213094204143438437e-01
2.213579180392985513e-01
2.216541722569198847e-01
2.217408093258994850e-01
2.219189992818784984e-01
2.221295926316047831e-01
2.225018526261421936e-01
2.227059712455863594e-01
2.227501265885055981e-01
2.229001416765157839e-01
2.231817885595897000e-01
2.232038798089484855e-01
2.235986499197780419e-01
2.237524232560870185e-01
2.238778209699857913e-01
2.241653562380032660e-01
2.244245277931703475e-01
2.245892607297435284e-01
2.248029900580528206e-01
2.249140927068157825e-01
2.252121783900194185e-01
2.253449025077705337e-01
2.253963169822298940e-01
2.255538652940466127e-01
2.257889806247345144e-01
2.260333564608486556e-01
2.263005357916953175e-01
2.266631227564447071e-01
2.266758042526540728e-01
2.268146439946236714e-01
2.271912332811334700e-01
2.272094476429691035e-01
2.274332945276121565e-01
2.276501895526609753e-01
2.279831166270012976e-01
2.282372686409644691e-01
2.282763186499156827e-01
2.286406335153965408e-01
2.288405698956283985e-01
2.289762219220060069e-01
2.292157016291251903e-01
2.294319526102736595e-01
2.296438855308078064e-01
2.298388849371587606e-01
2.300183701481944842e-01
2.302188203861973703e-01
2.302843758369408911e-01
2.305832678678644554e-01
2.307524748512339019e-01
2.310332801747876641e-01
2.312676564233516752e-01
2.315220504120838740e-01
2.315582087286712776e-01
2.317682379268237169e-01
2.319648181982366109e-01
2.321558897236190022e-01
2.323818825730168403e-01
2.326198601038680647e-01
2.328120037662746444e-01
2.330891053451974448e-01
2.332592094010426664e-01
2.334310760629349779e-01
2.337417555316675388e-01
2.339919105073739181e-01
2.340484237845854021e-01
2.342018971730458754e-01
2.344520455851095142e-01
2.346935172558761440e-01
2.348414643083531206e-01
2.350025532544595397e-01
2.351272809820674770e-01
2.353868043613611960e-01
2.356150095522918653e-01
2.357244063857099614e-01
2.360484700538583447e-01
2.361285256223131790e-01
2.364344843010550701e-01
2.368256424574224361e-01
2.370317904094803585e-01
2.372833515755133349e-01
2.373400400210334271e-01
2.376265355179056626e-01
2.379226431602985692e-01
2.381687192047216295e-01
2.385266552236779691e-01
2.385472995959614928e-01
2.387155002383883062e-01
2.388850181524121707e-01
2.389864648929468094e-01
2.392884892380531259e-01
2.394372601052129068e-01
2.398215801705366468e-01
2.399309603679916081e-01
2.401333815256739834e-01
2.403872844414539633e-01
2.404355391113665585e-01
2.406602992921705597e-01
2.408563665299360557e-01
2.409973181476939563e-01
2.411787245345787811e-01
2.413871884079366315e-01
2.416497517705286924e-01
2.417049093882507327e-01
2.421755098795730365e-01
2.422292776258329616e-01
2.426056808986623015e-01
2.429727788226176133e-01
2.430798822629933187e-01
2.433089935270577597e-01
2.434617983785940520e-01
2.436269865815151592e-01
2.436592487201162671e-01
2.437623940032119518e-01
2.439475776524684669e-01
2.441961402773847323e-01
2.445817523526899739e-01
2.448530125266051294e-01
2.451275734900911218e-01
2.452302775771843246e-01
2.455298650825898932e-01
2.455922091951414366e-01
2.460175475673779533e-01
2.461302403700025010e-01
2.464501309752462066e-01
2.467631024500226977e-01
2.469340461927306829e-01
2.471101076166379584e-01
2.472540414226333527e-01
2.474071011653446450e-01
2.476071706494347990e-01
2.478977210089171046e-01
2.480623523284656018e-01
2.482639168677972519e-01
2.485089101644329945e-01
2.488558908094474775e-01
2.489945362176057553e-01
2.491557922526241864e-01
2.494070083129356907e-01
2.497337699964019275e-01
2.497974747284433528e-01
2.501834174714105408e-01
2.503019072763961184e-01
2.505953259970898350e-01
2.508691773131309088e-01
2.509373501314276500e-01
2.511443862295557050e-01
2.512957476730734996e-01
2.514443127696330826e-01
2.516057078579462813e-01
2.518787704892819779e-01
2.519833577830032922e-01
2.523885810471110935e-01
2.526090318555552772e-01
2.527217855637400312e-01
2.529953258971311403e-01
2.530589291592675316e-01
2.536406565187017681e-01
2.538486493215537099e-01
2.540860479133283945e-01
2.542747625900830810e-01
2.543742032078832316e-01
2.543987408676253725e-01
2.546296819514697884e-01
2.550902115103176326e-01
2.556859203801187252e-01
2.557323500932025540e-01
2.560391832454539385e-01
2.562101049799040964e-01
2.564602476973286138e-01
2.567211980903171820e-01
2.569276543917717315e-01
2.571437185943333814e-01
2.573190552802330222e-01
2.575386086971653277e-01
2.577292666883153061e-01
2.579421377136406068e-01
2.580098876731055646e-01
2.583232123103855749e-01
2.585471945115050962e-01
2.587764044924802942e-01
2.589021681677100561e-01
2.592115803035375809e-01
2.594512106852245870e-01
2.596856894968178620e-01
2.599885619385599034e-01
2.602374371972868694e-01
2.606349241781310000e-01
2.607922830675117321e-01
2.609940129838390077e-01
2.611777297205738479e-01
2.612415581397931064e-01
2.614575294213972168e-01
2.617321792508678913e-01
2.618693707985720875e-01
2.621070433659666854e-01
2.624916905079589524e-01
2.626558262415703560e-01
2.628465695331118623e-01
2.631306924885052356e-01
2.634347784808112602e-01
2.636191765786308761e-01
2.636442930568986820e-01
2.638437635308532592e-01
2.641617084422450135e-01
2.643608132743049399e-01
2.645729451488699202e-01
2.647703427296603795e-01
2.649159451706861734e-01
2.651897520165810151e-01
2.652846392392856911e-01
2.653825348539706752e-01
2.657310573319268121e-01
2.659160222953509956e-01
2.662900984398682835e-01
2.663463360934612556e-01
2.666941759160735281e-01
2.670170874343215650e-01
2.672520941224255653e-01
2.673328861942626533e-01
2.675317224720695775e-01
2.676724492204754502e-01
2.681958293826723350e-01
2.682855151131254279e-01
2.686172121998934292e-01
2.691305219274687244e-01
2.692812732695389344e-01
2.695046727732426928e-01
2.697082051461313079e-01
2.698594682739917650e-01
2.703531571606242467e-01
2.704063404051176289e-01
2.706802743457238369e-01
2.708138083027045173e-01
2.709404842864730489e-01
2.714433806528495086e-01
2.714706186493568985e-01
2.719896455702343618e-01
2.722425275371848641e-01
2.723636511933292814e-01
2.724669244541896851e-01
2.727407810620551265e-01
2.729735267749764938e-01
2.730799843418039718e-01
2.732284556740690595e-01
2.736295031135240752e-01
2.737893512427751475e-01
2.740943052267665880e-01
2.742698426953534274e-01
2.746539393395116546e-01
2.747761759819981053e-01
2.749854688295635396e-01
2.751824326887185590e-01
2.755713262965878152e-01
2.756753866421521315e-01
2.758545026952396451e-01
2.761479307993856547e-01
2.764887903447233453e-01
2.767015959331277641e-01
2.770209617647734768e-01
2.772365103664108377e-01
2.774008157136399477e-01
2.778586718135616085e-01
2.779285599637149051e-01
2.782090588383065999e-01
2.783425659347456005e-01
2.788777153472346559e-01
2.790471235904807279e-01
2.793606644640375669e-01
2.796008432228304086e-01
2.800882065509198715e-01
2.802167393383576122e-01
2.804007947504815190e-01
2.806961249367469491e-01
2.810875219292155447e-01
2.812405607909461702e-01
2.814242668963074512e-01
2.815300058819859008e-01
2.816559768747545212e-01
2.818025177562983319e-01
2.825967473266897123e-01
2.826964659160864368e-01
2.829026013057629463e-01
2.831059829713238329e-01
2.834114505750797708e-01
2.837072072963119918e-01
2.837574814852578675e-01
2.838220037916627803e-01
2.840956947901422947e-01
2.843058077580288279e-01
2.845829643742322501e-01
2.848199874130096232e-01
2.850808309471075108e-01
2.857820936758421193e-01
2.859350675330615266e-01
2.861576830127067206e-01
2.862905373513298657e-01
2.864382795085168576e-01
2.865840559891890127e-01
2.870886367450485310e-01
2.872967995510926631e-01
2.876016534403226799e-01
2.878195584077551383e-01
2.880772936371188142e-01
2.884452267934795588e-01
2.886177523798518774e-01
2.887743311908327892e-01
2.891660099349950275e-01
2.892131815616426072e-01
2.896232786282882388e-01
2.898335520963029044e-01
2.900521132235396315e-01
2.903169788768216741e-01
2.906292689179485467e-01
2.909486950739996747e-01
2.911642996309470321e-01
2.914500592337649354e-01
2.917021593876705232e-01
2.920010609901353971e-01
2.922712073294501112e-01
2.924986438562042768e-01
2.928569005269557324e-01
2.931530427966377861e-01
2.933020877245917646e-01
2.934977983483750275e-01
2.935485025576955453e-01
2.938078188528511214e-01
2.941627067165158427e-01
2.943006833514593135e-01
2.944873373358483093e-01
2.948722088387520923e-01
2.952760030416553549e-01
2.955434662930070400e-01
2.959588320482254287e-01
2.959713706142850786e-01
2.964346985072548457e-01
2.965400874195636693e-01
2.969475319784954936e-01
2.971721845838962150e-01
2.974169987870987630e-01
2.977732012393355387e-01
2.981265877239211437e-01
2.983028795540118572e-01
2.984720167485241937e-01
2.986808704265361825e-01
2.987296611760776877e-01
2.991267893115390764e-01
2.993009054155418291e-01
2.995156479581116415e-01
2.998178881964439491e-01
3.000374016563965851e-01
3.003868421981793491e-01
3.006430969394042196e-01
3.010137028266126613e-01
3.012803375577801646e-01
3.016277610313263802e-01
3.016572291433343156e-01
3.022369542109762941e-01
3.029620424330173312e-01
3.031527734090864734e-01
3.032212159722066369e-01
3.035484084079341782e-01
3.037176538177200902e-01
3.039961583374793386e-01
3.040927942375047932e-01
3.043875871417423551e-01
3.046993007623858274e-01
3.051261679539184479e-01
3.052900189408134790e-01
3.055157959758718067e-01
3.057699971599535660e-01
3.059577845792826323e-01
3.060525194083725808e-01
3.063583258159719436e-01
3.064059745698119452e-01
3.066429388364824704e-01
3.071931933957131600e-01
3.074306725357546788e-01
3.079142512002900900e-01
3.082497080522944022e-01
3.083720483192941564e-01
3.086778275743078392e-01
3.088471074280838002e-01
3.089689857927052086e-01
3.090526602573872572e-01
3.097226766128562958e-01
3.098075391912212262e-01
3.101343338120935988e-01
3.105592849369163688e-01
3.108271963886309330e-01
3.110797206280470073e-01
3.111205538207855725e-01
3.116471249899656626e-01
3.121282756260710389e-01
3.121966666259923251e-01
3.123431636191600913e-01
3.125900652839312954e-01
3.129889150446343860e-01
3.132660111185509022e-01
3.133405431921719719e-01
3.136380002772274356e-01
3.141207096806986065e-01
3.145948152413342580e-01
3.147398053069639934e-01
3.147923734466487322e-01
3.153124734689504161e-01
3.154006825291080229e-01
3.159479386787203414e-01
3.163776197724079697e-01
3.165338739085951092e-01
3.168963608602659021e-01
3.170427625284089612e-01
3.174032277552496506e-01
3.177264604089820033e-01
3.180052273701372556e-01
3.182951615842882775e-01
3.186891943592536913e-01
3.189037768917083460e-01
3.191364855681363966e-01
3.193203916882874638e-01
3.198033654917351032e-01
3.200475358205945864e-01
3.204041302630522003e-01
3.209457317823136147e-01
3.210541033689892076e-01
3.213998998441003341e-01
3.215836517230342140e-01
3.219399852097726833e-01
3.221782119669822642e-01
3.224529136021391795e-01
3.227297299829362531e-01
3.231966184672900866e-01
3.232889201502023857e-01
3.237092666854021750e-01
3.239842991246788539e-01
3.240822554125665778e-01
3.246390088601391888e-01
3.248939013068395942e-01
3.250184373638497770e-01
3.251573293772507811e-01
3.258591560392906650e-01
3.259217472057674425e-01
3.261541937752492903e-01
3.266144207220615381e-01
3.271535849014897135e-01
3.273088378795953046e-01
3.275767983105644099e-01
3.281384035667971322e-01
3.282792523076665248e-01
3.286373808687241271e-01
3.288696553965251290e-01
3.291158956570162664e-01
3.293911889345406130e-01
3.298741985679544686e-01
3.298802770424929531e-01
3.303212617022468489e-01
3.307448237240389055e-01
3.310936188070491837e-01
3.316476101564171941e-01
3.318155517757664374e-01
3.321176718240868575e-01
3.323315276601369050e-01
3.327028588756442140e-01
3.329711785656400691e-01
3.333017290877054450e-01
3.333744064427452414e-01
3.337239985517151397e-01
3.339257924171911140e-01
3.342327946839241393e-01
3.346078251808134452e-01
3.348366882447289528e-01
3.354956298465817111e-01
3.357233527456285893e-01
3.360247689359151524e-01
3.362080292796355008e-01
3.368260734121301669e-01
3.371416923192167014e-01
3.374956081834363797e-01
3.377511715827539174e-01
3.383909676299544089e-01
3.387401418126945174e-01
3.389390341295049902e-01
3.390737394126346338e-01
3.398954973638508847e-01
3.399251352398415249e-01
3.406156436193163439e-01
3.406469983642438915e-01
3.408162970569388883e-01
3.411086200994540851e-01
3.412724854949409914e-01
3.415389389149959265e-01
3.420036590934874554e-01
3.423357743178399581e-01
3.433623707899778332e-01
3.435389837515084310e-01
3.436372128400235204e-01
3.441819577524818929e-01
3.442579359717219956e-01
3.444593962803274567e-01
3.447065269645015473e-01
3.451777028183896090e-01
3.453381425179521957e-01
3.455078642933825384e-01
3.461451973328421583e-01
3.465116151559358704e-01
3.466501423191082898e-01
3.470283096563234748e-01
3.473286853202963154e-01
3.477902631485788598e-01
3.479930079122091624e-01
3.482885876528311053e-01
3.487766628217421894e-01
3.488496026221103996e-01
3.494929611159862115e-01
3.498269086484718793e-01
3.501577679121925524e-01
3.503900567918092901e-01
3.505637495566511497e-01
3.508982083363604287e-01
3.516372892833718455e-01
3.517101955156474724e-01
3.523453093866740771e-01
3.529101204626737820e-01
3.530967025258123781e-01
3.535315911506996533e-01
3.536713786054363484e-01
3.537528670315155943e-01
3.544305751954596184e-01
3.546300645503893678e-01
3.548316860839325626e-01
3.551313992503866146e-01
3.557739248075004745e-01
3.560185540938509696e-01
3.566248688380244114e-01
3.567179875679334367e-01
3.571405307344094338e-01
3.575318959413659181e-01
3.578970993477292861e-01
3.581142439576822101e-01
3.587148299781666161e-01
3.591806926132228295e-01
3.595503417223016029e-01
3.598049730072132024e-01
3.600916772841956659e-01
3.605034498448457247e-01
3.608332885150592473e-01
3.610865500642571613e-01
3.617780813240094040e-01
3.620622154547429306e-01
3.621873881087003255e-01
3.626484247585221032e-01
3.627532418019585037e-01
3.632826159267192323e-01
3.635946463546747554e-01
3.642248907965991433e-01
3.642493871812369499e-01
3.644242531773943528e-01
3.650756313091573779e-01
3.654037589118627194e-01
3.657740758478626453e-01
3.661826403695452314e-01
3.664095752104106207e-01
3.667629812450573512e-01
3.669815661815999386e-01
3.671014276688944200e-01
3.679700156178607462e-01
3.683971812099569587e-01
3.684819851450172323e-01
3.690958859015867621e-01
3.696078625444254584e-01
3.696936689732411851e-01
3.699869149399611645e-01
3.711188900235793398e-01
3.712151728673364626e-01
3.714404977739475533e-01
3.717343148931623320e-01
3.721346113858805538e-01
3.731930765467822986e-01
3.734308556991850492e-01
3.737610853593522631e-01
3.740037852254086137e-01
3.745455178350060588e-01
3.750481945264685368e-01
3.752552365301898840e-01
3.761028186971807075e-01
3.761390092253551476e-01
3.767227648377441396e-01
3.770400283715921730e-01
3.775388257065614428e-01
3.776665185805717639e-01
3.778141074197212679e-01
3.782406439046402946e-01
3.787476597066324890e-01
3.793019864824703768e-01
3.799828575567262834e-01
3.804888369233055956e-01
3.806950637899375600e-01
3.810051317175437990e-01
3.812832639096627729e-01
3.817426735216970513e-01
3.821236241748800500e-01
3.825892793611450071e-01
3.829257410835450459e-01
3.831547851850457542e-01
3.833221644445174991e-01
3.839604512630206967e-01
3.841661830207399042e-01
3.848252022615535894e-01
3.851961315747886583e-01
3.856761437695547801e-01
3.863471219085559127e-01
3.865457825054365304e-01
3.867225626800163130e-01
3.875087896156487743e-01
3.881047162117961524e-01
3.883389329667488732e-01
3.892378092465496597e-01
3.894882756424774550e-01
3.900023839930476521e-01
3.901634007224815681e-01
3.902783631308829881e-01
3.910132036752855811e-01
3.914279902045464388e-01
3.919527982728076010e-01
3.924099673570446978e-01
3.925088716718461712e-01
3.931690852051880625e-01
3.935400368093986412e-01
3.941275525344263286e-01
3.942226968268996434e-01
3.949854184791079525e-01
3.954596194133653264e-01
3.959004289771489438e-01
3.959669051777654492e-01
3.965767991458618580e-01
3.966552167584431743e-01
3.972777381001958985e-01
3.976786316847794045e-01
3.982187696016089573e-01
3.988305605279115484e-01
3.992000854729019776e-01
3.994432706010384582e-01
3.998354687612111213e-01
4.004507769099552861e-01
4.008856712180073889e-01
4.014680631643237074e-01
4.017412134438862470e-01
4.024240122563295108e-01
4.029747438042952656e-01
4.037336852372493956e-01
4.041730987302582512e-01
4.046278841348821542e-01
4.049321629378601073e-01
4.052090562680080721e-01
4.059606038264048089e-01
4.062117181724453907e-01
4.064168839598253369e-01
4.072777801145195942e-01
4.078865584795515198e-01
4.082988507446885240e-01
4.087501872445651330e-01
4.094146207559354878e-01
4.096198824340969713e-01
4.104505675484876326e-01
4.106578130514715874e-01
4.109755680527398258e-01
4.110218852879172213e-01
4.114157123611768552e-01
4.128853416228661088e-01
4.132087486798200482e-01
4.137961846439849323e-01
4.142734550504706958e-01
4.147480561008866640e-01
4.150669576721829346e-01
4.153268080459804890e-01
4.161064348260006818e-01
4.165367044400482555e-01
4.167979431219208664e-01
4.172371634892247938e-01
4.181074142388627735e-01
4.186277058016528163e-01
4.196214336245858156e-01
4.197147249622716902e-01
4.208240004152010161e-01
4.213192173642152372e-01
4.221643477281949441e-01
4.224610155480640894e-01
4.229096923831418553e-01
4.231229674736560198e-01
4.236553390221182158e-01
4.242531382692964481e-01
4.247976269160835816e-01
4.252117562259998818e-01
4.267640787805369040e-01
4.270545367659550062e-01
4.276596431388363095e-01
4.279181884810822623e-01
4.285661359730970066e-01
4.289704279563817946e-01
4.295117389086461901e-01
4.298050201014085858e-01
4.307982309207455396e-01
4.310346357866620126e-01
4.314745651108105040e-01
4.326013096387326673e-01
4.326952003423780169e-01
4.332795779211846554e-01
4.336406503529446343e-01
4.344116328510511105e-01
4.349218062169177279e-01
4.352064792459576226e-01
4.357073245224178937e-01
4.362757362983581411e-01
4.369615160058897829e-01
4.376565967167245774e-01
4.386053821258732444e-01
4.390570438603523251e-01
4.394691906212335741e-01
4.401717459476573446e-01
4.408565570648057541e-01
4.416062047180840944e-01
4.421765162418062611e-01
4.431003646268450447e-01
4.434107767455378601e-01
4.440276971830623420e-01
4.448622828664213769e-01
4.459501269609897900e-01
4.461574846028747432e-01
4.466794180524139568e-01
4.476954954429846478e-01
4.480341244317242455e-01
4.485790209926078242e-01
4.489171517904502196e-01
4.494977427165738337e-01
4.505345181468565774e-01
4.509430352909090667e-01
4.514846899661294488e-01
4.526610330422878858e-01
4.529147482212549924e-01
4.531428836875963095e-01
4.539247547108564707e-01
4.549035695305511107e-01
4.549884819839800643e-01
4.553403210164859161e-01
4.559453858196636511e-01
4.565560845573112814e-01
4.581362159644045140e-01
4.584900165971526609e-01
4.588860625168704188e-01
4.592939655368059038e-01
4.599506087410614175e-01
4.604219294928713069e-01
4.607533680747448179e-01
4.623843712448321708e-01
4.626244101298205291e-01
4.637532527625334300e-01
4.640519053867720456e-01
4.650136288974879295e-01
4.656399385712795547e-01
4.659663440777615517e-01
4.670589082579907347e-01
4.675607173056334220e-01
4.685106805179287681e-01
4.695382112043759437e-01
4.702821333991253350e-01
4.709655405335992917e-01
4.720299009634723597e-01
4.726017470477060778e-01
4.728262076065463115e-01
4.735441216580942858e-01
4.739130799642130021e-01
4.755198209134824938e-01
4.759880496086069668e-01
4.761192375139537414e-01
4.772942462523220297e-01
4.779900798326811029e-01
4.785498846157266728e-01
4.799008081870669851e-01
4.806462982455559363e-01
4.815681247322212699e-01
4.828401652862777671e-01
4.830262775388072249e-01
4.837718061342224929e-01
4.842330001300669262e-01
4.852804453591204048e-01
4.855865273092184187e-01
4.874447387755275196e-01
4.882062072634136274e-01
4.883784589405845145e-01
4.895213748863129211e-01
4.902740621135744936e-01
4.909439576011132567e-01
4.913920402566087642e-01
4.920349657153257894e-01
4.926683299786725478e-01
4.946366493316646795e-01
4.960152804031439100e-01
4.971485472104673065e-01
4.977634659780657000e-01
4.986995128528606824e-01
4.992090658191057906e-01
4.998449248902364639e-01
4.999101721399530351e-01
5.017162295661308224e-01
5.022738389525543967e-01
5.038813984281547143e-01
5.042113627177110535e-01
5.046921076391615024e-01
5.055425359862432133e-01
5.069441967259915582e-01
5.082366337401070799e-01
5.088312686101035265e-01
5.104525462256003232e-01
5.120214108830021260e-01
5.125230532289941632e-01
5.135798397635698009e-01
5.142905481952109170e-01
5.151707706684084398e-01
5.159491430892990671e-01
5.172267010766820050e-01
5.183054492018430714e-01
5.188364352880134867e-01
5.201656160588867817e-01
5.209862002106091516e-01
5.221474560857056746e-01
5.232836024043042711e-01
5.241454125626312521e-01
5.245803762978326068e-01
5.251603080548618019e-01
5.282733917062024664e-01
5.287257094611965691e-01
5.300708603364800986e-01
5.304063023882314987e-01
5.311750530661074610e-01
5.318614240320490572e-01
5.332985296474505033e-01
5.357274395935485156e-01
5.363020522822988800e-01
5.378071088179503523e-01
5.381802951572854932e-01
5.398991779194598495e-01
5.412464353448184218e-01
5.442833370304924756e-01
5.456079078504318947e-01
5.460666624971435290e-01
5.474733784232714839e-01
5.488307825681754126e-01
5.496344674910564887e-01
5.509893369490119763e-01
5.523456543279799957e-01
5.533708462448054810e-01
5.552852317029719487e-01
5.557774265747067455e-01
5.579497574123606363e-01
5.593679018560798744e-01
5.601055221009496599e-01
5.609688647100056214e-01
5.615075808667315815e-01
5.634191944059205870e-01
5.643335742505628527e-01
5.659837941217642499e-01
5.687378988088510612e-01
5.710649855928764396e-01
5.721423253514172913e-01
5.743197263128174690e-01
5.749387564149295304e-01
5.756461162353403438e-01
5.783954742320980280e-01
5.801836317263543430e-01
5.812315077639820249e-01
5.834145813639551870e-01
5.855612019429263793e-01
5.886444599200312267e-01
5.917640405109612090e-01
5.928579816233894295e-01
5.939760876808171108e-01
5.948990326223617675e-01
5.962152451417815913e-01
5.974479169136116541e-01
5.994568580549686221e-01
6.029813161556268897e-01
6.051219754097926229e-01
6.065816509320716143e-01
6.073723120619923810e-01
6.094387638470583068e-01
6.125535896064265851e-01
6.140180442151205176e-01
6.195874407341384060e-01
6.215965452656402324e-01
6.223713060792532836e-01
6.236553596828088297e-01
6.262102826114460674e-01
6.269151005142323818e-01
6.312478974340015592e-01
6.336340676899749891e-01
6.359002968253139043e-01
6.393501180780074566e-01
6.417430310560996443e-01
6.445134291012799554e-01
6.485418519137201576e-01
6.525958502361534075e-01
6.544345157383389955e-01
6.592115681341139677e-01
6.677423364745256329e-01
6.702690017985445392e-01
6.713530264635493294e-01
6.768780726443219820e-01
6.789341182678944042e-01
6.894239912473835163e-01
6.908009446698202272e-01
6.917540640116781603e-01
7.002139955369942603e-01
7.144044680912298162e-01
7.272864047149310007e-01
7.337384210449866551e-01
7.366683281754270451e-01
7.409189684792366615e-01
7.593360035326525148e-01
7.658604154172149459e-01
7.756017619149531139e-01
8.058903082908841498e-01
8.121249980277623903e-01
8.399474733383270886e-01
8.581099232671017818e-01
8.590078376867743559e-01
8.918790181300052522e-01
1.000000000000000000e+00
