# sorted relative singular values (hessian_L_full) field=uniform eps=0 N=12 n=3456
1.321519552265413254e-03
1.321519553696250040e-03
1.498569601469086285e-03
1.498569601469109270e-03
1.498569602466807722e-03
1.498569602466828972e-03
1.982279331190519873e-03
1.982279331190523776e-03
1.982279331376137887e-03
1.982279331376212046e-03
2.643039108684774527e-03
2.643039108684808354e-03
2.643039110486812646e-03
2.643039110486872928e-03
3.303798886179075585e-03
3.303798886179103774e-03
3.303798889597543351e-03
3.303798889597566336e-03
3.787508614902794241e-03
3.787508614902801614e-03
3.787508619504572401e-03
3.787508619504609698e-03
3.964558663200502299e-03
3.964558669181178323e-03
4.997826295618012192e-03
4.997826295618071173e-03
4.997826297258507224e-03
4.997826297258555796e-03
8.294332761709471286e-03
8.294332761709483429e-03
8.294332762240244628e-03
8.294332762240282791e-03
8.294332763336846603e-03
8.294332763336891706e-03
8.294332764560099006e-03
8.294332764560118088e-03
1.176895775980659961e-02
1.176895776117214965e-02
1.275956197541462493e-02
1.275956197541465789e-02
1.275956197548498879e-02
1.275956197548500613e-02
1.275956197576109431e-02
1.275956197576112207e-02
1.275956197839783063e-02
1.275956197839788614e-02
1.334569912450866633e-02
1.334569912450870623e-02
1.334569912543952935e-02
1.334569912543960915e-02
1.713320736677227327e-02
1.713320736677241898e-02
1.713320736820960269e-02
1.713320736820963738e-02
1.713320736871986813e-02
1.713320736871990629e-02
1.713320736984538101e-02
1.713320736984547468e-02
1.765343664301356752e-02
1.765343664301361956e-02
1.765343664327018516e-02
1.765343664327025455e-02
2.019038065194106446e-02
2.019038065194114426e-02
2.019038065379576835e-02
2.019038065379588284e-02
2.019038065416503547e-02
2.019038065416508404e-02
2.019038065449946934e-02
2.019038065449948322e-02
2.124166770583271052e-02
2.124166770583273481e-02
2.124166770784487179e-02
2.124166770784488567e-02
2.175299144986403421e-02
2.175299144986418687e-02
2.175299145199208542e-02
2.175299145199225195e-02
2.353791552485508601e-02
2.353791552485513458e-02
2.353791552673377765e-02
2.353791552673387827e-02
2.942239440669644490e-02
2.942239440669652123e-02
2.942239441019740831e-02
2.942239441019754362e-02
3.156000788214517738e-02
3.156000788214525371e-02
3.156000788343460428e-02
3.156000788343461816e-02
3.167512435571904345e-02
3.167512435571925855e-02
3.167512435739217036e-02
3.167512435739222587e-02
3.167512435767450008e-02
3.167512435767466661e-02
3.167512435781733721e-02
3.167512435781739966e-02
3.200738320931922204e-02
3.200738321055833502e-02
3.204259907498624438e-02
3.204259907498648724e-02
3.204259907611824859e-02
3.204259907611831104e-02
3.204259907670837376e-02
3.204259907670842927e-02
3.204259907812209707e-02
3.204259907812227054e-02
3.259217226521112648e-02
3.259217226521123750e-02
3.259217226530554401e-02
3.259217226530577993e-02
3.259217226552329344e-02
3.259217226552341834e-02
3.259217226828454994e-02
3.259217226828462627e-02
3.315841308837443047e-02
3.315841308837454149e-02
3.315841308889447975e-02
3.315841308889457689e-02
3.315841309007789423e-02
3.315841309007805382e-02
3.315841309127840614e-02
3.315841309127857267e-02
3.357665130340137249e-02
3.357665130340144882e-02
3.357665130503319911e-02
3.357665130503338646e-02
3.373013192427052470e-02
3.373013192427058715e-02
3.373013192895886470e-02
3.373013192895907980e-02
3.530687328807975700e-02
3.530687329411925229e-02
3.629555945196065447e-02
3.629555945196070998e-02
3.629555945276211754e-02
3.629555945276214529e-02
3.938853794428825994e-02
3.938853794428854443e-02
3.938853794533615782e-02
3.938853794533639374e-02
3.938853794758757909e-02
3.938853794758775256e-02
3.938853794917644702e-02
3.938853794917655110e-02
4.339188050272313468e-02
4.339188050272329428e-02
4.339188050491166182e-02
4.339188050491189774e-02
4.801107481827306123e-02
4.801107481827314449e-02
4.801107481866708632e-02
4.801107481866728061e-02
5.008511254953715297e-02
5.008511254953721542e-02
5.008511255070312307e-02
5.008511255070313695e-02
5.285431535812318282e-02
5.285431535812344650e-02
5.285431535962574479e-02
5.285431535962600152e-02
5.285431536001183178e-02
5.285431536001185954e-02
5.285431536005033570e-02
5.285431536005036346e-02
5.501576958678369017e-02
5.501576958678388446e-02
5.501576958948549423e-02
5.501576958948563995e-02
5.501576959096182717e-02
5.501576959096186881e-02
5.501576959175150106e-02
5.501576959175156351e-02
5.755213488670039845e-02
5.755213488670041233e-02
5.755213488751070861e-02
5.755213488751080575e-02
5.755213489019957857e-02
5.755213489019972428e-02
5.755213489207465505e-02
5.755213489207473138e-02
6.045272054819405411e-02
6.045272054819412350e-02
6.045272054912192994e-02
6.045272054912207566e-02
6.045272054971724540e-02
6.045272054971728704e-02
6.045272055122658666e-02
6.045272055122666299e-02
6.076514119808792275e-02
6.076514119914772777e-02
6.366400759511987861e-02
6.366400759512003127e-02
6.366400759791056296e-02
6.366400759791060460e-02
6.366400759877133275e-02
6.366400759877134663e-02
6.366400759929451147e-02
6.366400759929466413e-02
6.372500312536516498e-02
6.372500312536520661e-02
6.372500313022190499e-02
6.372500313022193275e-02
6.401476642598759315e-02
6.401476642598763478e-02
6.401476642801484651e-02
6.401476642801513794e-02
6.584010718678583174e-02
6.584010718678584562e-02
6.584010718998316303e-02
6.584010718998320466e-02
6.890612645576861539e-02
6.890612645576899009e-02
6.890612645638666267e-02
6.890612645638669043e-02
7.086693877009654641e-02
7.086693877009662967e-02
7.086693877038910405e-02
7.086693877038910405e-02
7.086693877041903844e-02
7.086693877041927436e-02
7.086693877326527558e-02
7.086693877326541435e-02
7.123392896603962521e-02
7.123392896603969460e-02
7.123392897054120487e-02
7.123392897054128814e-02
7.235239580076095744e-02
7.235239580076102683e-02
7.235239580268289228e-02
7.235239580268308657e-02
7.235239580522055680e-02
7.235239580522061231e-02
7.235239580707249207e-02
7.235239580707254758e-02
7.641675047816998134e-02
7.641675047817017563e-02
7.641675047913099039e-02
7.641675047913107366e-02
8.001845803370218058e-02
8.001845803370218058e-02
8.001845803736259977e-02
8.001845803736269691e-02
8.129694040849159975e-02
8.129694040849162751e-02
8.129694040899605734e-02
8.129694040899615448e-02
8.129694041032294038e-02
8.129694041032303753e-02
8.129694041146598438e-02
8.129694041146601213e-02
8.294690874433159611e-02
8.294690874433165162e-02
8.294690874557869575e-02
8.294690874557891780e-02
8.294690874600485486e-02
8.294690874600488262e-02
8.294690874612861697e-02
8.294690874612864473e-02
8.401002398559034856e-02
8.401002398559043183e-02
8.401002398769956414e-02
8.401002398769966129e-02
8.401002398926449288e-02
8.401002398926463166e-02
8.401002398978499319e-02
8.401002398978511809e-02
8.481974988876213317e-02
8.481974988876232746e-02
8.481974989087172345e-02
8.481974989087193162e-02
8.848544849631083398e-02
8.848544849631091724e-02
8.848544849744262308e-02
8.848544849744270635e-02
8.893692492657163939e-02
8.893692492657169490e-02
8.893692492818239259e-02
8.893692492818244810e-02
8.976331505845196179e-02
8.976331505845201730e-02
8.976331505911640252e-02
8.976331505911648578e-02
8.976331506170644181e-02
8.976331506170667773e-02
8.976331506360819834e-02
8.976331506360828161e-02
9.114771180283337548e-02
9.114771180283348651e-02
9.114771180342276513e-02
9.114771180342293166e-02
9.173397339921277038e-02
9.173397339921277038e-02
9.173397340406878875e-02
9.173397340406902467e-02
9.306873473983323652e-02
9.306873473983329204e-02
9.306873474662324952e-02
9.306873474662337442e-02
9.427097349820945382e-02
9.427097349820956484e-02
9.427097350026519829e-02
9.427097350026532319e-02
9.427097350263731468e-02
9.427097350263777265e-02
9.427097350281234134e-02
9.427097350281238297e-02
9.468002365650605989e-02
9.468002365650633745e-02
9.468002366166795858e-02
9.468002366166800021e-02
9.507388816784706487e-02
9.507388816784710650e-02
9.507388816957350330e-02
9.507388816957354494e-02
9.507388817196706088e-02
9.507388817196751885e-02
9.507388817382686486e-02
9.507388817382694812e-02
9.602214964098586270e-02
9.602214964714142487e-02
9.623527602804289593e-02
9.623527602888068411e-02
9.951849608162903482e-02
9.951849608162909033e-02
9.951849608356212740e-02
9.951849608356237720e-02
9.951849608503020306e-02
9.951849608503028632e-02
9.951849608559237836e-02
9.951849608559246163e-02
1.008134745184714742e-01
1.008134745184715159e-01
1.008134745191119341e-01
1.008134745191120174e-01
1.008134745197137444e-01
1.008134745197137860e-01
1.008134745213563332e-01
1.008134745213563471e-01
1.013532340783012409e-01
1.013532340783013658e-01
1.013532340793082132e-01
1.013532340793085323e-01
1.034298906236537086e-01
1.034298906236539306e-01
1.034298906263061008e-01
1.034298906263063367e-01
1.034298906267070162e-01
1.034298906267071133e-01
1.034298906273249941e-01
1.034298906273250357e-01
1.047455214269634172e-01
1.047455214269635004e-01
1.047455214293956521e-01
1.047455214293959158e-01
1.088959507425236034e-01
1.088959507425237283e-01
1.088959507432267076e-01
1.088959507432268048e-01
1.091283582778082156e-01
1.091283582778083128e-01
1.091283582781992917e-01
1.091283582781993750e-01
1.123974452175387495e-01
1.123974452175387911e-01
1.123974452202263219e-01
1.123974452202264052e-01
1.164151272574183577e-01
1.164151272574186213e-01
1.164151272637922729e-01
1.164151272637923840e-01
1.178387116058956935e-01
1.178387116058957768e-01
1.178387116086298536e-01
1.178387116086299230e-01
1.200630410242490981e-01
1.200630410242493479e-01
1.200630410251789931e-01
1.200630410251791180e-01
1.200630410256076502e-01
1.200630410256078168e-01
1.200630410259342779e-01
1.200630410259343472e-01
1.205827275873672111e-01
1.205827275873673499e-01
1.205827275881167365e-01
1.205827275881167643e-01
1.215302824065194048e-01
1.215302824065196269e-01
1.215302824087576422e-01
1.215302824087578920e-01
1.223742716579184070e-01
1.223742716579184625e-01
1.223742716595204033e-01
1.223742716595205698e-01
1.223742716609098474e-01
1.223742716609098613e-01
1.223742716616336434e-01
1.223742716616337683e-01
1.251305964559139838e-01
1.251305964559140393e-01
1.251305964569431328e-01
1.251305964569432438e-01
1.251305964578267871e-01
1.251305964578270646e-01
1.251305964579379482e-01
1.251305964579381425e-01
1.252486563571884315e-01
1.252486563571884592e-01
1.252486563575240242e-01
1.252486563575243295e-01
1.252486563577590029e-01
1.252486563577591139e-01
1.252486563604870151e-01
1.252486563604871261e-01
1.256946257128951638e-01
1.256946257128951916e-01
1.256946257132221800e-01
1.256946257132222911e-01
1.277141331709742700e-01
1.277141331709743255e-01
1.277141331723689877e-01
1.277141331723690987e-01
1.277141331746496633e-01
1.277141331746496911e-01
1.277141331766055432e-01
1.277141331766055432e-01
1.307194531007363769e-01
1.307194531007364047e-01
1.307194531024142292e-01
1.307194531024142847e-01
1.307194531087689793e-01
1.307194531087690070e-01
1.307194531098702650e-01
1.307194531098702928e-01
1.319655253090314673e-01
1.319655253090315505e-01
1.319655253102417214e-01
1.319655253102417769e-01
1.328423144493806329e-01
1.328423144493807717e-01
1.328423144509218168e-01
1.328423144509220111e-01
1.340742674241804655e-01
1.340742674265681389e-01
1.355588970472649257e-01
1.355588970472652033e-01
1.355588970477142330e-01
1.355588970477142607e-01
1.355588970501887536e-01
1.355588970501889479e-01
1.355588970521415804e-01
1.355588970521420245e-01
1.361890686777873227e-01
1.361890686783756022e-01
1.436757167683169190e-01
1.436757167683170577e-01
1.436757167703120452e-01
1.436757167703123783e-01
1.443529140495019014e-01
1.443529140495019569e-01
1.443529140503320707e-01
1.443529140503322095e-01
1.445869107388266239e-01
1.445869107388266794e-01
1.445869107392228625e-01
1.445869107392229458e-01
1.448649043299948813e-01
1.448649043299951311e-01
1.448649043314907958e-01
1.448649043314909346e-01
1.448649043374929946e-01
1.448649043374930223e-01
1.448649043386439905e-01
1.448649043386441293e-01
1.454811740094052452e-01
1.454811740094056616e-01
1.454811740098160000e-01
1.454811740098162776e-01
1.486414353759571705e-01
1.486414353759576701e-01
1.486414353794487109e-01
1.486414353794492105e-01
1.496981390777937238e-01
1.496981390777939458e-01
1.496981390782761434e-01
1.496981390782763655e-01
1.496981390798057532e-01
1.496981390798058920e-01
1.496981390808664880e-01
1.496981390808667378e-01
1.502553376627814019e-01
1.502553376627816240e-01
1.502553376680953734e-01
1.502553376680955954e-01
1.502634393288042602e-01
1.502634393288043158e-01
1.502634393347705433e-01
1.502634393347705710e-01
1.505932602264859477e-01
1.505932602264860309e-01
1.505932602267717468e-01
1.505932602267718856e-01
1.505932602273813148e-01
1.505932602273815923e-01
1.505932602291882028e-01
1.505932602291882860e-01
1.507799826610960736e-01
1.507799826610960736e-01
1.507799826622613637e-01
1.507799826622614470e-01
1.507799826635749241e-01
1.507799826635751184e-01
1.507799826645353225e-01
1.507799826645355445e-01
1.519128530102054064e-01
1.519128530102058228e-01
1.519128530140925748e-01
1.519128530140931022e-01
1.520368132656377824e-01
1.520368132656378102e-01
1.520368132677951678e-01
1.520368132677952233e-01
1.544349441656792388e-01
1.544349441656793775e-01
1.544349441658147137e-01
1.544349441658148803e-01
1.591129119690406213e-01
1.591129119690409821e-01
1.591129119715429530e-01
1.591129119715429530e-01
1.591129119753639798e-01
1.591129119753640631e-01
1.591129119756531374e-01
1.591129119756534704e-01
1.618707691751740396e-01
1.618707691751744560e-01
1.618707691757458877e-01
1.618707691757459155e-01
1.618707691761774314e-01
1.618707691761775425e-01
1.618707691767329038e-01
1.618707691767334589e-01
1.663489317899985165e-01
1.663489317899987108e-01
1.663489317912194843e-01
1.663489317912200394e-01
1.663489317967988546e-01
1.663489317967989378e-01
1.663489317980439419e-01
1.663489317980442195e-01
1.670726496058266841e-01
1.670726496058267396e-01
1.670726496080345014e-01
1.670726496080345846e-01
1.670726496116905213e-01
1.670726496116906323e-01
1.670726496121583138e-01
1.670726496121585358e-01
1.676009369788633019e-01
1.676009369788637460e-01
1.676009369804437876e-01
1.676009369804441207e-01
1.680442592607941654e-01
1.680442592607942487e-01
1.680442592617675257e-01
1.680442592617676367e-01
1.680442592639296850e-01
1.680442592639298516e-01
1.680442592660230383e-01
1.680442592660233991e-01
1.686051409633546605e-01
1.686051409633551323e-01
1.686051409643972987e-01
1.686051409643975763e-01
1.696030286393780118e-01
1.696030286393780118e-01
1.696030286409158927e-01
1.696030286409162258e-01
1.717302673704987348e-01
1.717302673704988458e-01
1.717302673705154437e-01
1.717302673705156657e-01
1.741544383566524801e-01
1.741544383566526744e-01
1.741544383617467939e-01
1.741544383617468217e-01
1.754574557943245627e-01
1.754574557943247848e-01
1.754574557955815572e-01
1.754574557955816683e-01
1.781160754153667258e-01
1.781160754156936588e-01
1.795084480222070566e-01
1.795084480222071677e-01
1.795084480239612368e-01
1.795084480239614588e-01
1.795084480273780592e-01
1.795084480273781424e-01
1.795084480281244899e-01
1.795084480281248229e-01
1.822954236134968209e-01
1.822954236198229827e-01
1.828501574807717411e-01
1.828501574807718799e-01
1.828501574814348496e-01
1.828501574814350994e-01
1.828501574826711662e-01
1.828501574826717213e-01
1.828501574839122568e-01
1.828501574839123400e-01
1.838734140611569534e-01
1.838734140611571477e-01
1.838734140612610368e-01
1.838734140612613144e-01
1.846669771208439281e-01
1.846669771208439559e-01
1.846669771216621625e-01
1.846669771216623290e-01
1.908034072195541608e-01
1.908034072195542163e-01
1.908034072297867256e-01
1.908034072297870587e-01
1.920481255620842542e-01
1.920481255620844208e-01
1.920481255622666084e-01
1.920481255622668582e-01
1.920481255646027952e-01
1.920481255646029062e-01
1.920481255666217080e-01
1.920481255666217635e-01
1.921619738281155065e-01
1.921619738281156731e-01
1.921619738336289573e-01
1.921619738336291239e-01
1.923227536735108989e-01
1.923227536735108989e-01
1.923227536738627008e-01
1.923227536738629229e-01
1.923227536744241961e-01
1.923227536744242794e-01
1.923227536769687718e-01
1.923227536769689383e-01
1.924705520701228689e-01
1.924705520701231187e-01
1.924705520726214258e-01
1.924705520726221475e-01
1.933449623147367735e-01
1.933449623147369401e-01
1.933449623156144603e-01
1.933449623156145436e-01
1.933449623207269819e-01
1.933449623207270929e-01
1.933449623221007996e-01
1.933449623221013824e-01
1.954095430203527384e-01
1.954095430203528772e-01
1.954095430215337104e-01
1.954095430215340712e-01
1.954095430246621801e-01
1.954095430246624576e-01
1.954095430257662691e-01
1.954095430257663524e-01
1.965146689799787683e-01
1.965146689799789070e-01
1.965146689802370061e-01
1.965146689802372004e-01
1.973896377687774928e-01
1.973896377687775205e-01
1.973896377785764322e-01
1.973896377785766820e-01
1.975203215693414338e-01
1.975203215693416003e-01
1.975203215732863893e-01
1.975203215732866946e-01
1.989405336608431329e-01
1.989405336608434938e-01
1.989405336641378308e-01
1.989405336641382194e-01
2.002582697430098091e-01
2.002582697430100034e-01
2.002582697434667214e-01
2.002582697434672487e-01
2.011114011375970401e-01
2.011114011375970956e-01
2.011114011395005452e-01
2.011114011395006007e-01
2.019791047019468544e-01
2.019791047019471042e-01
2.019791047020792762e-01
2.019791047020793318e-01
2.042836030260739288e-01
2.042836030260740954e-01
2.042836030271755199e-01
2.042836030271761028e-01
2.057432229416515657e-01
2.057432229416518155e-01
2.057432229418468816e-01
2.057432229418471870e-01
2.057432229422817005e-01
2.057432229422818670e-01
2.057432229430782300e-01
2.057432229430785631e-01
2.066650440069082439e-01
2.066650440069086048e-01
2.066650440070214867e-01
2.066650440070218198e-01
2.066650440075269990e-01
2.066650440075270823e-01
2.066650440095181285e-01
2.066650440095185448e-01
2.077503492609676650e-01
2.077503492609678037e-01
2.077503492701054388e-01
2.077503492701057441e-01
2.101376463229259473e-01
2.101376463229262526e-01
2.101376463233071423e-01
2.101376463233078085e-01
2.134945894356579110e-01
2.134945894356581608e-01
2.134945894361534868e-01
2.134945894361535701e-01
2.134945894381886644e-01
2.134945894381887199e-01
2.134945894404432498e-01
2.134945894404434164e-01
2.136119355692420174e-01
2.136119355692422117e-01
2.136119355697719824e-01
2.136119355697722322e-01
2.136119355725853985e-01
2.136119355725854541e-01
2.136119355740979386e-01
2.136119355740982995e-01
2.137940815139045825e-01
2.137940815139047768e-01
2.137940815154085739e-01
2.137940815154086016e-01
2.137940815155669749e-01
2.137940815155670304e-01
2.137940815160843111e-01
2.137940815160844776e-01
2.162672542841286571e-01
2.162672542841288237e-01
2.162672542859824520e-01
2.162672542859825076e-01
2.165342020235559162e-01
2.165342020235559439e-01
2.165342020236872000e-01
2.165342020236872833e-01
2.165342020248462729e-01
2.165342020248463006e-01
2.165342020263874012e-01
2.165342020263877620e-01
2.193818682107152862e-01
2.193818682107836759e-01
2.195646809162246360e-01
2.195646809162249691e-01
2.195646809167575708e-01
2.195646809167577096e-01
2.195646809178586067e-01
2.195646809178588565e-01
2.195646809198395222e-01
2.195646809198396610e-01
2.210790026023104204e-01
2.210790026023108368e-01
2.210790026106239647e-01
2.210790026106239647e-01
2.216602583726252906e-01
2.216602583726253739e-01
2.216602583728236597e-01
2.216602583728246589e-01
2.239538305542735364e-01
2.239538305542736474e-01
2.239538305547617569e-01
2.239538305547617569e-01
2.239538305593788137e-01
2.239538305593788969e-01
2.239538305609048985e-01
2.239538305609052316e-01
2.245917369901371252e-01
2.245917369901374583e-01
2.245917369911938632e-01
2.245917369911945294e-01
2.254401748179104270e-01
2.254401748245378201e-01
2.283565739857317256e-01
2.283565739857319477e-01
2.283565739866260103e-01
2.283565739866261213e-01
2.292502514545033121e-01
2.292502514545037284e-01
2.292502514600439079e-01
2.292502514600448238e-01
2.312287162475309410e-01
2.312287162538703977e-01
2.323760027798491001e-01
2.323760027798491279e-01
2.323760027858397248e-01
2.323760027858400579e-01
2.328667739118581992e-01
2.328667739118584490e-01
2.328667739120140190e-01
2.328667739120142410e-01
2.328667739143478743e-01
2.328667739143478743e-01
2.328667739162933181e-01
2.328667739162935957e-01
2.340647023174883545e-01
2.340647023174883823e-01
2.340647023179435460e-01
2.340647023179438513e-01
2.340647023197230947e-01
2.340647023197232890e-01
2.340647023206823274e-01
2.340647023206827160e-01
2.351299603695958806e-01
2.351299603695965190e-01
2.351299603716671960e-01
2.351299603716673903e-01
2.351299603790007742e-01
2.351299603790011072e-01
2.351299603792658122e-01
2.351299603792659232e-01
2.364048521133453873e-01
2.364048521133458869e-01
2.364048521207334219e-01
2.364048521207338382e-01
2.365701539340480664e-01
2.365701539340480664e-01
2.365701539395812236e-01
2.365701539395816677e-01
2.368306100417429116e-01
2.368306100417431614e-01
2.368306100435564610e-01
2.368306100435568773e-01
2.368306100507788781e-01
2.368306100507789613e-01
2.368306100508516809e-01
2.368306100508522916e-01
2.389072997782073216e-01
2.389072997782073771e-01
2.389072997799303599e-01
2.389072997799308873e-01
2.394048855304231616e-01
2.394048855304234669e-01
2.394048855354435901e-01
2.394048855354439787e-01
2.395312488569029119e-01
2.395312488569029119e-01
2.395312488583082322e-01
2.395312488583083710e-01
2.395312488651225591e-01
2.395312488651228089e-01
2.395312488653544014e-01
2.395312488653545402e-01
2.403664837261768328e-01
2.403664837322277981e-01
2.405881900907440030e-01
2.405881900907443915e-01
2.405881900949108365e-01
2.405881900949118080e-01
2.418141557494663529e-01
2.418141557494671023e-01
2.418141557517450579e-01
2.418141557517457518e-01
2.430424602102172760e-01
2.430424602102175813e-01
2.430424602110936305e-01
2.430424602110937415e-01
2.430424602172849280e-01
2.430424602172851778e-01
2.430424602179115379e-01
2.430424602179118432e-01
2.432089310747634903e-01
2.432089310747635735e-01
2.432089310795794990e-01
2.432089310795801929e-01
2.443947280906934583e-01
2.443947280906940134e-01
2.443947280934700705e-01
2.443947280934704036e-01
2.471200568156770583e-01
2.471200568156776134e-01
2.471200568159409583e-01
2.471200568159409861e-01
2.471200568214112769e-01
2.471200568214114157e-01
2.471200568224945771e-01
2.471200568224955485e-01
2.474612943732150128e-01
2.474612943732154013e-01
2.474612943746194449e-01
2.474612943746195004e-01
2.484887954723083436e-01
2.484887954723089820e-01
2.484887954758724926e-01
2.484887954758730200e-01
2.487734654249193766e-01
2.487734654249195987e-01
2.487734654253154210e-01
2.487734654253163091e-01
2.489237601205052663e-01
2.489237601205053496e-01
2.489237601206794603e-01
2.489237601206803208e-01
2.489237601209429163e-01
2.489237601209429995e-01
2.489237601219767282e-01
2.489237601219770335e-01
2.497005170680577368e-01
2.497005170680577923e-01
2.497005170684510611e-01
2.497005170684516162e-01
2.497005170691422027e-01
2.497005170691424525e-01
2.497005170709813704e-01
2.497005170709818700e-01
2.513892514118458155e-01
2.513892514118464261e-01
2.513892514127302191e-01
2.513892514127303301e-01
2.513892514141364831e-01
2.513892514141365386e-01
2.513892514159688507e-01
2.513892514159694058e-01
2.513892514165506076e-01
2.513892514165507741e-01
2.513892514171004455e-01
2.513892514171005566e-01
2.513892514179745796e-01
2.513892514179748572e-01
2.513892514181030879e-01
2.513892514181032545e-01
2.513892514191144456e-01
2.513892514191148342e-01
2.513892514203933115e-01
2.513892514203937556e-01
2.513892514204413287e-01
2.513892514204414397e-01
2.513892514218655228e-01
2.513892514218656338e-01
2.513892514226835906e-01
2.513892514226840347e-01
2.513892514232894948e-01
2.513892514232897724e-01
2.513892514246163223e-01
2.513892514246165444e-01
2.513892514248180499e-01
2.513892514248182719e-01
2.513892514257557442e-01
2.513892514257560218e-01
2.513892514266303779e-01
2.513892514266304334e-01
2.513892514266506395e-01
2.513892514266509171e-01
2.513892514271799383e-01
2.513892514271800493e-01
2.513892514280569590e-01
2.513892514280576251e-01
2.513892514289408631e-01
2.513892514289410851e-01
2.514830792093011858e-01
2.514830792093014078e-01
2.514830792096912071e-01
2.514830792096915957e-01
2.514830792140031468e-01
2.514830792140036464e-01
2.514830792155748340e-01
2.514830792155749450e-01
2.518057795122503606e-01
2.518057795122509157e-01
2.518057795161456891e-01
2.518057795161462997e-01
2.518994631108126270e-01
2.518994631108131821e-01
2.518994631116439065e-01
2.518994631116442395e-01
2.518994631129884976e-01
2.518994631129891082e-01
2.518994631153619324e-01
2.518994631153621544e-01
2.521432433785942284e-01
2.521432433785942839e-01
2.521432433809322471e-01
2.521432433809325802e-01
2.521637555147483445e-01
2.521637555207528747e-01
2.526657041144962368e-01
2.526657041144967364e-01
2.526657041209203758e-01
2.526657041209210974e-01
2.538051482245113344e-01
2.538051482245113899e-01
2.538051482290940020e-01
2.538051482290946681e-01
2.542487627739900002e-01
2.542487627739901113e-01
2.542487627752874069e-01
2.542487627752879620e-01
2.556434312136436904e-01
2.556434312136437459e-01
2.556434312199812320e-01
2.556434312199815651e-01
2.556793009581325160e-01
2.556793009581327381e-01
2.556793009582511433e-01
2.556793009582514764e-01
2.556793009603142153e-01
2.556793009603144373e-01
2.556793009624083179e-01
2.556793009624083179e-01
2.558336190795693077e-01
2.558336190795694187e-01
2.558336190806095312e-01
2.558336190806100863e-01
2.558336190835072688e-01
2.558336190835077684e-01
2.558336190855645120e-01
2.558336190855649561e-01
2.561632403994364426e-01
2.561632403994367202e-01
2.561632403995154905e-01
2.561632403995158791e-01
2.561632404036275346e-01
2.561632404036276456e-01
2.561632404053158507e-01
2.561632404053160172e-01
2.564673801893747607e-01
2.564673801893748717e-01
2.564673801898527672e-01
2.564673801898534333e-01
2.573935655373618681e-01
2.573935655375311771e-01
2.598770490263532795e-01
2.598770490263534461e-01
2.598770490279968537e-01
2.598770490279972423e-01
2.598770490295838620e-01
2.598770490295840285e-01
2.598770490320906346e-01
2.598770490320914672e-01
2.599708413233796644e-01
2.599708413233802751e-01
2.599708413291407227e-01
2.599708413291414444e-01
2.611982298310183137e-01
2.611982298310188133e-01
2.611982298310268624e-01
2.611982298310273065e-01
2.611982298329235119e-01
2.611982298329237895e-01
2.611982298353492937e-01
2.611982298353503484e-01
2.617479435215878114e-01
2.617479435215878114e-01
2.617479435244262631e-01
2.617479435244273178e-01
2.622074901439646055e-01
2.622074901439651606e-01
2.622074901498392396e-01
2.622074901498396282e-01
2.633414359370534474e-01
2.633414359370536140e-01
2.633414359392128867e-01
2.633414359392129422e-01
2.633414359396784032e-01
2.633414359396791804e-01
2.633414359425708673e-01
2.633414359425713669e-01
2.634401423419130972e-01
2.634401423419135413e-01
2.634401423447751966e-01
2.634401423447761403e-01
2.646259785221787286e-01
2.646259785221790062e-01
2.646259785237212725e-01
2.646259785237219386e-01
2.654563455020841345e-01
2.654563455020851337e-01
2.654563455074814837e-01
2.654563455074826495e-01
2.655058771093902759e-01
2.655058771093905534e-01
2.655058771099220172e-01
2.655058771099226278e-01
2.655058771100176629e-01
2.655058771100180515e-01
2.655058771122030259e-01
2.655058771122034145e-01
2.657692092110938709e-01
2.657692092174890330e-01
2.659950732339678714e-01
2.659950732339678714e-01
2.659950732361304748e-01
2.659950732361310299e-01
2.659950732365215509e-01
2.659950732365216619e-01
2.659950732393172035e-01
2.659950732393174810e-01
2.665595178711235858e-01
2.665595178711243629e-01
2.665595178781393626e-01
2.665595178781399732e-01
2.671741131344955167e-01
2.671741131344955722e-01
2.671741131358817967e-01
2.671741131358827404e-01
2.676612020810209547e-01
2.676612020810210657e-01
2.676612020828937899e-01
2.676612020828939564e-01
2.676612020838217143e-01
2.676612020838222139e-01
2.676612020862645935e-01
2.676612020862651486e-01
2.678751765844678001e-01
2.678751765844679111e-01
2.678751765848367272e-01
2.678751765848372268e-01
2.678751765857667611e-01
2.678751765857673162e-01
2.678751765881042801e-01
2.678751765881051683e-01
2.681485348509446420e-01
2.681485348509447530e-01
2.681485348525015078e-01
2.681485348525023404e-01
2.687707122516060365e-01
2.687707122516065916e-01
2.687707122570880958e-01
2.687707122570889284e-01
2.691245726768205504e-01
2.691245726768207169e-01
2.691245726775779445e-01
2.691245726775786107e-01
2.694741713085369028e-01
2.694741713085369583e-01
2.694741713099908509e-01
2.694741713099912950e-01
2.694741713104260028e-01
2.694741713104263914e-01
2.694741713131944549e-01
2.694741713131950100e-01
2.710252242113429522e-01
2.710252242113435073e-01
2.710252242144313706e-01
2.710252242144323698e-01
2.720699730823993856e-01
2.720699730823996076e-01
2.720699730856616649e-01
2.720699730856617760e-01
2.723448908032565785e-01
2.723448908032568561e-01
2.723448908049780348e-01
2.723448908049787565e-01
2.723781373737725331e-01
2.723781373737726996e-01
2.723781373765640779e-01
2.723781373765650771e-01
2.725694863309522376e-01
2.725694863309524041e-01
2.725694863361037279e-01
2.725694863361040610e-01
2.731215822472710109e-01
2.731215822472722321e-01
2.731215822555318473e-01
2.731215822555330131e-01
2.754219577917103035e-01
2.754219577917104700e-01
2.754219577933049723e-01
2.754219577933050278e-01
2.754219577938052388e-01
2.754219577938055719e-01
2.754219577938585850e-01
2.754219577938595842e-01
2.758127458620466266e-01
2.758127458620469596e-01
2.758127458674352606e-01
2.758127458674358712e-01
2.763020282529879967e-01
2.763020282529880522e-01
2.763020282546299611e-01
2.763020282546307382e-01
2.774790984422553231e-01
2.774790984422554896e-01
2.774790984457679577e-01
2.774790984457687348e-01
2.792142965594265891e-01
2.792142965594267556e-01
2.792142965688400036e-01
2.792142965688408363e-01
2.802372499583613008e-01
2.802372499655955140e-01
2.802577926453102553e-01
2.802577926453102553e-01
2.802577926461884417e-01
2.802577926461890523e-01
2.802577926463267755e-01
2.802577926463269420e-01
2.802577926484417503e-01
2.802577926484427495e-01
2.828761242687169442e-01
2.828761242687176658e-01
2.828761242693353939e-01
2.828761242693358380e-01
2.836611488025317374e-01
2.836611488025321814e-01
2.836611488071503762e-01
2.836611488071510978e-01
2.844303035898175791e-01
2.844303035898179677e-01
2.844303036002163165e-01
2.844303036002174823e-01
2.844617099533340854e-01
2.844617099533341409e-01
2.844617099549806016e-01
2.844617099549807682e-01
2.844617099553184425e-01
2.844617099553186645e-01
2.844617099580861730e-01
2.844617099580862840e-01
2.852160809422618071e-01
2.852160809422620291e-01
2.852160809445102307e-01
2.852160809445107303e-01
2.859472928441262884e-01
2.859472928441268991e-01
2.859472928483584586e-01
2.859472928483587917e-01
2.861076990998153713e-01
2.861076990998157044e-01
2.861076991005309655e-01
2.861076991005310211e-01
2.879066945549870193e-01
2.879066945549870749e-01
2.879066945553109824e-01
2.879066945553110379e-01
2.879066945586088999e-01
2.879066945586090664e-01
2.879066945604585315e-01
2.879066945604588090e-01
2.884232546003215880e-01
2.884232546003225317e-01
2.884232546114747220e-01
2.884232546114751661e-01
2.886992007543154326e-01
2.886992007543154881e-01
2.886992007547558026e-01
2.886992007547561356e-01
2.886992007548312422e-01
2.886992007548315753e-01
2.886992007560080231e-01
2.886992007560086893e-01
2.887058281110115865e-01
2.887058281175556851e-01
2.889999831184579260e-01
2.889999831184586476e-01
2.889999831229677629e-01
2.889999831229687621e-01
2.897627526551544430e-01
2.897627526555252020e-01
2.909293065827114888e-01
2.909293065827115998e-01
2.909293065943361345e-01
2.909293065943364676e-01
2.917910954066160190e-01
2.917910954066166851e-01
2.917910954082010289e-01
2.917910954082010289e-01
2.917910954085790043e-01
2.917910954085791153e-01
2.917910954086235242e-01
2.917910954086236908e-01
2.918777645528875531e-01
2.918777645528877751e-01
2.918777645535265974e-01
2.918777645535270415e-01
2.921804103767898231e-01
2.921804103767902672e-01
2.921804103794469198e-01
2.921804103794474194e-01
2.926371345050390871e-01
2.926371345050392536e-01
2.926371345054389339e-01
2.926371345054393780e-01
2.931273235582176895e-01
2.931273235582177450e-01
2.931273235601224991e-01
2.931273235601229987e-01
2.945898096408425260e-01
2.945898096492081120e-01
2.959048044193736682e-01
2.959048044193742233e-01
2.959048044208366646e-01
2.959048044208371642e-01
2.959048044217629236e-01
2.959048044217635898e-01
2.959048044241990860e-01
2.959048044241998077e-01
2.963701601366825478e-01
2.963701601366828253e-01
2.963701601405684949e-01
2.963701601405692165e-01
2.980342074175414413e-01
2.980342074175414968e-01
2.980342074192347535e-01
2.980342074192356971e-01
3.009825583119239978e-01
3.009825583119242753e-01
3.009825583131914839e-01
3.009825583131921500e-01
3.013755317063457340e-01
3.013755317063461781e-01
3.013755317095304642e-01
3.013755317095308528e-01
3.028900684977967050e-01
3.028900684977969826e-01
3.028900684997752890e-01
3.028900684997754000e-01
3.028900685003229620e-01
3.028900685003229620e-01
3.028900685040951668e-01
3.028900685040952223e-01
3.030750229389427286e-01
3.030750229389435613e-01
3.030750229402903173e-01
3.030750229402903728e-01
3.030750229415854480e-01
3.030750229415857810e-01
3.030750229438134991e-01
3.030750229438143872e-01
3.031794107615858880e-01
3.031794107615861100e-01
3.031794107648839720e-01
3.031794107648840275e-01
3.036655394923891138e-01
3.036655394923892803e-01
3.036655394944587361e-01
3.036655394944593467e-01
3.040597022513100711e-01
3.040597022513100711e-01
3.040597022567746999e-01
3.040597022567750884e-01
3.060787197200475207e-01
3.060787197200484089e-01
3.060787197233768020e-01
3.060787197233774126e-01
3.062820833282279276e-01
3.062820833282279831e-01
3.062820833291874933e-01
3.062820833291874933e-01
3.062820833295200051e-01
3.062820833295203937e-01
3.062820833315386682e-01
3.062820833315389457e-01
3.066187081836942996e-01
3.066187081836945771e-01
3.066187081846007967e-01
3.066187081846014628e-01
3.073651149406217420e-01
3.073651149406218530e-01
3.073651149425509210e-01
3.073651149425515317e-01
3.078749377364927708e-01
3.078749377460762715e-01
3.081533442006777479e-01
3.081533442006782475e-01
3.081533442011815116e-01
3.081533442011817892e-01
3.081533442024547709e-01
3.081533442024556035e-01
3.081533442050505278e-01
3.081533442050513050e-01
3.087187932739730023e-01
3.087187932739733354e-01
3.087187932748695074e-01
3.087187932748697294e-01
3.113685101094676444e-01
3.113685101094685326e-01
3.113685101118114917e-01
3.113685101118118803e-01
3.121639857500855819e-01
3.121639857500856929e-01
3.121639857530658646e-01
3.121639857530660866e-01
3.137811489772948659e-01
3.137811489772952545e-01
3.137811489784574359e-01
3.137811489784574914e-01
3.137811489785935493e-01
3.137811489785941599e-01
3.137811489792842190e-01
3.137811489792846631e-01
3.142365642881054799e-01
3.142365642881058685e-01
3.142365642907837819e-01
3.142365642907841705e-01
3.144555544920108470e-01
3.144555544925324853e-01
3.147243271770425177e-01
3.147243271770426287e-01
3.147243271778482621e-01
3.147243271778484841e-01
3.147243271790612362e-01
3.147243271790617358e-01
3.147243271801846709e-01
3.147243271801852260e-01
3.171673779383698544e-01
3.171673779383701874e-01
3.171673779390650205e-01
3.171673779390653536e-01
3.171673779415450367e-01
3.171673779415450922e-01
3.171673779435433826e-01
3.171673779435436602e-01
3.173867719161970746e-01
3.173867719161974632e-01
3.173867719203168902e-01
3.173867719203174453e-01
3.177819223716113473e-01
3.177819223716119579e-01
3.177819223736924048e-01
3.177819223736935705e-01
3.192225460649331104e-01
3.192225460756422106e-01
3.224535667522391291e-01
3.224535667522397397e-01
3.224535667526742255e-01
3.224535667526744476e-01
3.224535667542599571e-01
3.224535667542603457e-01
3.224535667564325525e-01
3.224535667564329966e-01
3.225703139111442130e-01
3.225703139111443241e-01
3.225703139115860818e-01
3.225703139115866369e-01
3.225703139119501239e-01
3.225703139119503460e-01
3.225703139130250974e-01
3.225703139130255415e-01
3.228799180203952846e-01
3.228799180203961172e-01
3.228799180214051434e-01
3.228799180214056985e-01
3.234186718640552072e-01
3.234186718640555958e-01
3.234186718646919756e-01
3.234186718646920866e-01
3.234186718649990078e-01
3.234186718649995629e-01
3.234186718670671867e-01
3.234186718670680749e-01
3.261359807444835224e-01
3.261359807444843550e-01
3.261359807453996229e-01
3.261359807453996784e-01
3.261359807460907367e-01
3.261359807460914029e-01
3.261359807479302098e-01
3.261359807479303208e-01
3.266878522547468355e-01
3.266878522547470021e-01
3.266878522605680679e-01
3.266878522605687896e-01
3.278955066762075932e-01
3.278955066878148084e-01
3.285836004451185843e-01
3.285836004451185843e-01
3.285836004459642967e-01
3.285836004459644077e-01
3.290728023295373394e-01
3.290728023295377280e-01
3.290728023312042283e-01
3.290728023312049499e-01
3.290956825109259687e-01
3.290956825109260797e-01
3.290956825113507400e-01
3.290956825113508510e-01
3.290956825134121466e-01
3.290956825134121466e-01
3.290956825142568598e-01
3.290956825142569708e-01
3.299204314947404293e-01
3.299204314953619877e-01
3.333333333171064616e-01
3.333333333292896605e-01
3.337790448435790647e-01
3.337790448435796753e-01
3.337790448486419037e-01
3.337790448486422368e-01
3.340573604432278132e-01
3.340573604432278687e-01
3.340573604442235722e-01
3.340573604442236832e-01
3.348583388154143803e-01
3.348583388154151019e-01
3.348583388173062003e-01
3.348583388173063669e-01
3.348583388173907438e-01
3.348583388173912434e-01
3.348583388178108522e-01
3.348583388178122400e-01
3.351856685642922717e-01
3.351856685642933265e-01
3.351856685655027479e-01
3.351856685655030255e-01
3.369905073250216154e-01
3.369905073250217820e-01
3.369905073263448902e-01
3.369905073263450013e-01
3.369905073268261164e-01
3.369905073268264495e-01
3.369905073269779394e-01
3.369905073269780504e-01
3.371499754220427247e-01
3.371499754220428358e-01
3.371499754238427848e-01
3.371499754238433955e-01
3.371499754246607417e-01
3.371499754246612413e-01
3.371499754281684913e-01
3.371499754281685468e-01
3.378213270400992618e-01
3.378213270400994284e-01
3.378213270441101090e-01
3.378213270441104421e-01
3.381602622404654701e-01
3.381602622404658032e-01
3.381602622467148045e-01
3.381602622467150820e-01
3.385707423176644859e-01
3.385707423176652076e-01
3.385707423185532194e-01
3.385707423185534970e-01
3.385707423194694310e-01
3.385707423194699306e-01
3.385707423211968825e-01
3.385707423211976042e-01
3.404726717214709986e-01
3.404726717214711096e-01
3.404726717259526358e-01
3.404726717259533020e-01
3.420943343602779740e-01
3.420943343602780295e-01
3.420943343612894427e-01
3.420943343612898868e-01
3.420943343630736266e-01
3.420943343630738487e-01
3.420943343651994262e-01
3.420943343652002588e-01
3.468430743845766218e-01
3.468430743845766218e-01
3.468430743904507008e-01
3.468430743904509228e-01
3.471588289670641814e-01
3.471588289670642924e-01
3.471588289674523153e-01
3.471588289674525929e-01
3.471588289687678741e-01
3.471588289687682072e-01
3.471588289708885666e-01
3.471588289708893993e-01
3.484088564816468225e-01
3.484088564816468225e-01
3.484088564820912448e-01
3.484088564820916889e-01
3.484088564826745005e-01
3.484088564826746670e-01
3.484088564836718693e-01
3.484088564836720914e-01
3.491223582121956714e-01
3.491223582121961710e-01
3.491223582121996127e-01
3.491223582121996682e-01
3.512168133107421708e-01
3.512168133107421708e-01
3.512168133168023232e-01
3.512168133168024342e-01
3.514074801861573061e-01
3.514074801861578057e-01
3.514074801871187037e-01
3.514074801871188147e-01
3.514074801878189214e-01
3.514074801878191434e-01
3.514074801905709977e-01
3.514074801905717194e-01
3.562321508532978465e-01
3.562321508532982905e-01
3.562321508563973671e-01
3.562321508563978112e-01
3.565846104378808112e-01
3.565846104378813664e-01
3.565846104388842863e-01
3.565846104388849525e-01
3.600553544132399364e-01
3.600553544132404360e-01
3.600553544160905450e-01
3.600553544160909891e-01
3.605497256021733543e-01
3.605497256021735764e-01
3.605497256074647328e-01
3.605497256074654544e-01
3.611141335192887269e-01
3.611141335192887825e-01
3.611141335205418912e-01
3.611141335205421687e-01
3.611141335217961101e-01
3.611141335217966097e-01
3.611141335240199424e-01
3.611141335240200534e-01
3.617481827833137764e-01
3.617481827833142205e-01
3.617481827889298396e-01
3.617481827889307833e-01
3.619902577845331426e-01
3.619902577845335312e-01
3.619902577853871817e-01
3.619902577853875147e-01
3.645912997758794516e-01
3.645912997758794516e-01
3.645912997763247620e-01
3.645912997763257057e-01
3.645912997770453523e-01
3.645912997770457409e-01
3.645912997779942044e-01
3.645912997779942599e-01
3.658357549943423992e-01
3.658357549943425657e-01
3.658357549954677768e-01
3.658357549954678878e-01
3.658357549961928634e-01
3.658357549961934185e-01
3.658357549966805289e-01
3.658357549966808620e-01
3.660117547834483842e-01
3.660117547834484952e-01
3.660117547858397491e-01
3.660117547858401932e-01
3.660117547877744237e-01
3.660117547877745348e-01
3.660117547895936907e-01
3.660117547895939127e-01
3.685200320014650477e-01
3.685200320014652142e-01
3.685200320085107450e-01
3.685200320085114667e-01
3.718251747917817318e-01
3.718251747917817873e-01
3.718251747932831974e-01
3.718251747932846962e-01
3.730275550215096381e-01
3.730275550215102487e-01
3.730275550229140702e-01
3.730275550229142922e-01
3.730275550238374427e-01
3.730275550238377202e-01
3.730275550261220041e-01
3.730275550261228923e-01
3.739156171939927997e-01
3.739156171939934659e-01
3.739156171954938213e-01
3.739156171954942653e-01
3.740736428373514499e-01
3.740736428373516165e-01
3.740736428399438762e-01
3.740736428399442648e-01
3.740736428414871417e-01
3.740736428414876968e-01
3.740736428434385252e-01
3.740736428434391914e-01
3.741213880928192514e-01
3.741213880928201396e-01
3.741213880939215919e-01
3.741213880939224801e-01
3.767646003962129564e-01
3.767646003962132895e-01
3.767646003968576629e-01
3.767646003968579405e-01
3.767646003975366198e-01
3.767646003975369529e-01
3.767646003994093995e-01
3.767646003994097326e-01
3.770838771419559032e-01
3.770838771419570135e-01
3.770838771435906511e-01
3.770838771435913173e-01
3.779915320612460272e-01
3.779915320612466378e-01
3.779915320631538900e-01
3.779915320631551667e-01
3.782456332848064817e-01
3.782456332848081471e-01
3.782456332893568418e-01
3.782456332893578965e-01
3.820405848473369947e-01
3.820405848473371613e-01
3.820405848480857292e-01
3.820405848480861177e-01
3.820405848487367084e-01
3.820405848487368194e-01
3.820405848488745981e-01
3.820405848488752087e-01
3.827966821574959599e-01
3.827966821574967926e-01
3.827966821610486736e-01
3.827966821610491732e-01
3.838391743473222872e-01
3.838391743473224538e-01
3.838391743488490659e-01
3.838391743488492325e-01
3.842602564362511131e-01
3.842602564362520012e-01
3.842602564372076257e-01
3.842602564372078477e-01
3.845394739810439888e-01
3.845394739810444884e-01
3.845394739890012348e-01
3.845394739890012903e-01
3.860903483216209797e-01
3.860903483216211463e-01
3.860903483235459954e-01
3.860903483235459954e-01
3.868170713715052278e-01
3.868170713715054498e-01
3.868170713744119027e-01
3.868170713744122358e-01
3.868170713753438794e-01
3.868170713753443790e-01
3.868170713775033187e-01
3.868170713775039293e-01
3.881749851460461476e-01
3.881749851460464806e-01
3.881749851467911627e-01
3.881749851467926615e-01
3.881749851479077695e-01
3.881749851479083246e-01
3.881749851501579140e-01
3.881749851501588022e-01
3.882417287057788879e-01
3.882417287057793320e-01
3.882417287071298628e-01
3.882417287071301959e-01
3.882417287073413048e-01
3.882417287073419709e-01
3.882417287102277181e-01
3.882417287102277181e-01
3.890653057309069740e-01
3.890653057309081397e-01
3.890653057324843789e-01
3.890653057324846009e-01
3.890653057336814213e-01
3.890653057336825871e-01
3.890653057368494983e-01
3.890653057368504419e-01
3.903213305817303524e-01
3.903213305817307965e-01
3.903213305874487782e-01
3.903213305874494443e-01
3.982244772627253626e-01
3.982244772627258067e-01
3.982244772714585990e-01
3.982244772714585990e-01
3.985269433523630500e-01
3.985269433523635496e-01
3.985269433534066597e-01
3.985269433534076589e-01
3.986538138294118405e-01
3.986538138294124511e-01
3.986538138331201520e-01
3.986538138331213177e-01
4.022228022776420664e-01
4.022228022785038215e-01
4.032933716361488119e-01
4.032933716361493115e-01
4.032933716394597190e-01
4.032933716394602186e-01
4.032933716396079893e-01
4.032933716396085999e-01
4.032933716420348258e-01
4.032933716420356030e-01
4.060922029339119055e-01
4.060922029339129047e-01
4.060922029371697994e-01
4.060922029371705766e-01
4.085672060688574914e-01
4.085672060756548873e-01
4.086848578743497717e-01
4.086848578743504379e-01
4.086848578836753676e-01
4.086848578836759782e-01
4.152437385540596049e-01
4.152437385540598824e-01
4.152437385637567369e-01
4.152437385637569034e-01
4.163410509965149719e-01
4.163410509965164708e-01
4.163410509980005614e-01
4.163410509980026708e-01
4.163410509981623764e-01
4.163410509981632091e-01
4.163410510009902255e-01
4.163410510009912247e-01
4.203558749507341763e-01
4.203558749507343428e-01
4.203558749535561967e-01
4.203558749535570849e-01
4.210976560282913561e-01
4.210976560282930770e-01
4.210976560314545480e-01
4.210976560314558248e-01
4.221917658059189948e-01
4.221917658059191059e-01
4.221917658065696410e-01
4.221917658065709178e-01
4.221917658075653446e-01
4.221917658075664548e-01
4.221917658092705916e-01
4.221917658092725900e-01
4.223199557578841690e-01
4.223199557578841690e-01
4.223199557609106924e-01
4.223199557609121357e-01
4.223199557616604261e-01
4.223199557616619249e-01
4.223199557636473922e-01
4.223199557636476698e-01
4.251920832872581046e-01
4.251920832872587708e-01
4.251920832876645018e-01
4.251920832876656675e-01
4.251920832893601454e-01
4.251920832893613111e-01
4.251920832912667869e-01
4.251920832912690074e-01
4.288199688171764334e-01
4.288199688171766000e-01
4.288199688175685087e-01
4.288199688175691748e-01
4.288199688199248460e-01
4.288199688199250681e-01
4.288199688206500992e-01
4.288199688206502658e-01
4.293828274406087386e-01
4.293828274406089052e-01
4.293828274436048420e-01
4.293828274436051751e-01
4.337607322436627388e-01
4.337607322436628499e-01
4.337607322494909656e-01
4.337607322494927975e-01
4.339395220812013454e-01
4.339395220812026222e-01
4.339395220826411936e-01
4.339395220826415267e-01
4.339395220830358779e-01
4.339395220830364885e-01
4.339395220856938629e-01
4.339395220856944735e-01
4.346441290001977764e-01
4.346441290001981095e-01
4.346441290023422277e-01
4.346441290023431714e-01
4.364435220634815815e-01
4.364435220634824697e-01
4.364435220696201156e-01
4.364435220696210038e-01
4.387637364482911417e-01
4.387637364482930291e-01
4.387637364516948635e-01
4.387637364516949745e-01
4.418847144751059108e-01
4.418847144751071321e-01
4.418847144770562951e-01
4.418847144770564617e-01
4.421233754937271554e-01
4.421233754937271554e-01
4.421233754966173990e-01
4.421233754966177321e-01
4.425743114724479677e-01
4.425743114724497995e-01
4.425743114750191887e-01
4.425743114750214646e-01
4.425743114767184960e-01
4.425743114767189401e-01
4.425743114780836263e-01
4.425743114780844034e-01
4.452901885720998987e-01
4.452901885721008424e-01
4.452901885769126045e-01
4.452901885769131596e-01
4.485370917013616898e-01
4.485370917013630776e-01
4.485370917043374761e-01
4.485370917043377537e-01
4.487139143902193483e-01
4.487139143902199034e-01
4.487139143912522998e-01
4.487139143912522998e-01
4.487139143919343653e-01
4.487139143919351425e-01
4.487139143942571740e-01
4.487139143942572850e-01
4.503163039352957586e-01
4.503163039352967023e-01
4.503163039381612442e-01
4.503163039381624100e-01
4.508803496628936425e-01
4.508803496628937535e-01
4.508803496690207968e-01
4.508803496690222401e-01
4.542322385528100859e-01
4.542322385528109741e-01
4.542322385541330831e-01
4.542322385541350815e-01
4.542322385557892583e-01
4.542322385557903131e-01
4.542322385585659816e-01
4.542322385585664812e-01
4.568458255294280401e-01
4.568458255294296499e-01
4.568458255300871795e-01
4.568458255300873461e-01
4.568458255313225247e-01
4.568458255313240235e-01
4.568458255329015394e-01
4.568458255329030937e-01
4.587007395983849212e-01
4.587007395983851987e-01
4.587007396014925464e-01
4.587007396014927130e-01
4.603766010398533948e-01
4.603766010398540054e-01
4.603766010424401589e-01
4.603766010424408806e-01
4.618124066193156629e-01
4.618124066193166066e-01
4.618124066204646883e-01
4.618124066204660205e-01
4.624574325213910431e-01
4.624574325213912096e-01
4.624574325272643449e-01
4.624574325272668984e-01
4.626832066827460399e-01
4.626832066827468726e-01
4.626832066848693970e-01
4.626832066848701741e-01
4.626832066875037897e-01
4.626832066875040672e-01
4.626832066882579642e-01
4.626832066882581307e-01
4.656448145679438766e-01
4.656448145679444317e-01
4.656448145705551211e-01
4.656448145705565644e-01
4.682908391393256209e-01
4.682908391393264536e-01
4.682908391406870319e-01
4.682908391406884752e-01
4.686159485670169378e-01
4.686159485670171043e-01
4.686159485696966276e-01
4.686159485696969607e-01
4.716833317569183448e-01
4.716833317569183448e-01
4.716833317592325492e-01
4.716833317592328823e-01
4.718799799423609165e-01
4.718799799423633590e-01
4.718799799456409594e-01
4.718799799456431243e-01
4.763828354532746445e-01
4.763828354532750886e-01
4.763828354554440203e-01
4.763828354554447420e-01
4.763828354590677328e-01
4.763828354590678993e-01
4.763828354603503734e-01
4.763828354603509840e-01
4.785493450123566306e-01
4.785493450123574077e-01
4.785493450130182125e-01
4.785493450130185455e-01
4.785493450144042704e-01
4.785493450144051031e-01
4.785493450159045148e-01
4.785493450159045148e-01
4.788338191126716992e-01
4.788338191126720322e-01
4.788338191131381594e-01
4.788338191131401023e-01
4.807329674776958939e-01
4.807329674776966710e-01
4.807329674831775645e-01
4.807329674831789523e-01
4.813075183690200820e-01
4.813075183690214143e-01
4.813075183707318239e-01
4.813075183707319349e-01
4.813075183742275276e-01
4.813075183742296370e-01
4.813075183744172647e-01
4.813075183744192631e-01
4.859491374377093442e-01
4.859491374377104544e-01
4.859491374399103614e-01
4.859491374399121932e-01
4.859491374433507205e-01
4.859491374433523858e-01
4.859491374445615852e-01
4.859491374445627510e-01
4.871421507544774765e-01
4.871421507544781981e-01
4.871421507579564159e-01
4.871421507579573595e-01
4.886027854849226970e-01
4.886027854849237517e-01
4.886027854863794206e-01
4.886027854863802533e-01
4.918432600300903235e-01
4.918432600300904345e-01
4.918432600301431701e-01
4.918432600301446689e-01
4.948806472619194374e-01
4.948806472619198260e-01
4.948806472643359489e-01
4.948806472643371701e-01
4.970718494215323191e-01
4.970718494215326522e-01
4.970718494219558137e-01
4.970718494219566463e-01
4.970718494240005114e-01
4.970718494240013996e-01
4.970718494257111986e-01
4.970718494257123643e-01
4.972222513393060317e-01
4.972222513393061427e-01
4.972222513406646671e-01
4.972222513406650557e-01
4.972222513446081238e-01
4.972222513446084013e-01
4.972222513448980030e-01
4.972222513448999459e-01
4.999999999914739868e-01
4.999999999914750970e-01
4.999999999918531279e-01
4.999999999918541271e-01
5.002664068734988811e-01
5.002664068734993252e-01
5.002664068747746384e-01
5.002664068747755266e-01
5.002664068750879434e-01
5.002664068750896087e-01
5.002664068774722583e-01
5.002664068774731465e-01
5.010808887500892705e-01
5.010808887500916020e-01
5.010808887523426902e-01
5.010808887523439115e-01
5.010808887554950575e-01
5.010808887554965008e-01
5.010808887565921799e-01
5.010808887565938452e-01
5.034289054195439927e-01
5.034289054195445479e-01
5.034289054232341520e-01
5.034289054232345961e-01
5.043275110539210404e-01
5.043275110539221506e-01
5.043275110589066079e-01
5.043275110589083843e-01
5.088090859361900087e-01
5.088090859361913409e-01
5.088090859417716549e-01
5.088090859417720990e-01
5.093892719522755685e-01
5.093892719522762347e-01
5.093892719533666957e-01
5.093892719533666957e-01
5.093892719575040529e-01
5.093892719575056072e-01
5.093892719581609718e-01
5.093892719581614159e-01
5.104851970046492271e-01
5.104851970046515586e-01
5.104851970107162629e-01
5.104851970107168180e-01
5.118856672835073729e-01
5.118856672835077060e-01
5.118856672856509915e-01
5.118856672856517687e-01
5.147871311058808130e-01
5.147871311058810351e-01
5.147871311095628677e-01
5.147871311095642000e-01
5.151908021454713049e-01
5.151908021454726372e-01
5.151908021515502201e-01
5.151908021515506642e-01
5.170191444110591172e-01
5.170191444110600054e-01
5.170191444119826008e-01
5.170191444119830448e-01
5.170191444162437477e-01
5.170191444162444139e-01
5.170191444171270412e-01
5.170191444171280404e-01
5.193243950342943949e-01
5.193243950342946169e-01
5.193243950348678251e-01
5.193243950348681581e-01
5.193243950375066031e-01
5.193243950375070472e-01
5.193243950408752418e-01
5.193243950408766851e-01
5.196306077449155403e-01
5.196306077449157623e-01
5.196306077488166419e-01
5.196306077488171971e-01
5.206601282143746845e-01
5.206601282143752396e-01
5.206601282166937184e-01
5.206601282166946065e-01
5.206601282194799341e-01
5.206601282194802671e-01
5.206601282204313952e-01
5.206601282204320613e-01
5.263723674031277611e-01
5.263723674031278721e-01
5.263723674087694704e-01
5.263723674087705806e-01
5.269715316049617959e-01
5.269715316049624620e-01
5.269715316053227294e-01
5.269715316053245058e-01
5.269715316079698342e-01
5.269715316079702783e-01
5.269715316085766821e-01
5.269715316085777923e-01
5.280867688774417701e-01
5.280867688774422142e-01
5.280867688784901537e-01
5.280867688784913749e-01
5.280867688806580862e-01
5.280867688806591964e-01
5.280867688830063189e-01
5.280867688830079842e-01
5.315384184460287820e-01
5.315384184460306694e-01
5.315384184504529097e-01
5.315384184504532428e-01
5.343482262906296132e-01
5.343482262977037323e-01
5.346589386326434656e-01
5.346589386326447979e-01
5.346589386367402996e-01
5.346589386367407437e-01
5.348354571055133899e-01
5.348354571055140561e-01
5.348354571059802387e-01
5.348354571059807938e-01
5.348354571088459464e-01
5.348354571088461684e-01
5.348354571119984247e-01
5.348354571119988687e-01
5.395931944439117389e-01
5.395931944439117389e-01
5.395931944453736806e-01
5.395931944453746798e-01
5.395931944454062101e-01
5.395931944454077644e-01
5.395931944478351561e-01
5.395931944478371545e-01
5.432861325329351176e-01
5.432861325329354507e-01
5.432861325353318671e-01
5.432861325353318671e-01
5.432861325376988626e-01
5.432861325376989736e-01
5.432861325384847895e-01
5.432861325384853446e-01
5.460828519743717857e-01
5.460828519743721188e-01
5.460828519755821508e-01
5.460828519755822619e-01
5.461224670977280482e-01
5.461224670977288254e-01
5.461224671008341192e-01
5.461224671008341192e-01
5.461224671013259480e-01
5.461224671013267251e-01
5.461224671035472822e-01
5.461224671035486145e-01
5.475151810929044238e-01
5.475151810929049789e-01
5.475151810971673472e-01
5.475151810971675692e-01
5.481072890167184575e-01
5.481072890167196787e-01
5.481072890175104906e-01
5.481072890175106016e-01
5.481072890176282852e-01
5.481072890176289514e-01
5.481072890212179693e-01
5.481072890212180804e-01
5.484546705670453326e-01
5.484546705670456657e-01
5.484546705721833337e-01
5.484546705721839999e-01
5.503569768318000710e-01
5.503569768318005151e-01
5.503569768348766100e-01
5.503569768348772762e-01
5.503569768353524516e-01
5.503569768353527847e-01
5.503569768374434457e-01
5.503569768374436677e-01
5.516202422272271644e-01
5.516202422272283856e-01
5.516202422336986544e-01
5.516202422336989875e-01
5.540009313859609597e-01
5.540009313859627360e-01
5.540009313917040323e-01
5.540009313917051426e-01
5.570804616343477678e-01
5.570804616343487670e-01
5.570804616373777884e-01
5.570804616373790097e-01
5.570804616378276508e-01
5.570804616378290941e-01
5.570804616397114772e-01
5.570804616397118103e-01
5.573515771138444208e-01
5.573515771138459751e-01
5.573515771182352418e-01
5.573515771182360190e-01
5.581370496181899954e-01
5.581370496181904395e-01
5.581370496188173824e-01
5.581370496188196029e-01
5.581370496192070707e-01
5.581370496192072927e-01
5.581370496225259714e-01
5.581370496225266375e-01
5.582816709968942970e-01
5.582816709968946300e-01
5.582816709973318359e-01
5.582816709973328351e-01
5.582816709996754057e-01
5.582816709996757387e-01
5.582816710012188377e-01
5.582816710012201700e-01
5.592817053038121600e-01
5.592817053038126041e-01
5.592817053041134745e-01
5.592817053041141406e-01
5.592817053073334543e-01
5.592817053073353417e-01
5.592817053101518665e-01
5.592817053101520886e-01
5.604744999403956651e-01
5.604744999403966643e-01
5.604744999442280440e-01
5.604744999442287101e-01
5.635229409832028802e-01
5.635229409832031022e-01
5.635229409876728601e-01
5.635229409876737483e-01
5.636004370853205936e-01
5.636004370853240353e-01
5.636004370913260120e-01
5.636004370913263450e-01
5.642232105437219314e-01
5.642232105437221534e-01
5.642232105451582269e-01
5.642232105451608914e-01
5.642232105452996693e-01
5.642232105453014457e-01
5.642232105476177040e-01
5.642232105476178150e-01
5.647250767999502097e-01
5.647250767999509868e-01
5.647250768015756872e-01
5.647250768015770195e-01
5.656668390616285125e-01
5.656668390616285125e-01
5.656668390639415511e-01
5.656668390639416621e-01
5.658203503381139532e-01
5.658203503381142863e-01
5.658203503410839108e-01
5.658203503410841329e-01
5.658203503414991342e-01
5.658203503414999114e-01
5.658203503431159520e-01
5.658203503431166181e-01
5.673865965523300359e-01
5.673865965523317012e-01
5.673865965548089418e-01
5.673865965548092749e-01
5.673865965567352898e-01
5.673865965567356229e-01
5.673865965573468007e-01
5.673865965573469117e-01
5.740114882477581615e-01
5.740114882477588276e-01
5.740114882481262004e-01
5.740114882481270886e-01
5.740114882489448789e-01
5.740114882489451009e-01
5.740114882518394523e-01
5.740114882518397854e-01
5.759680002256818421e-01
5.759680002256821751e-01
5.759680002285832989e-01
5.759680002285842981e-01
5.759680002289595535e-01
5.759680002289605527e-01
5.759680002302655089e-01
5.759680002302666191e-01
5.780717906582033550e-01
5.780717906582035770e-01
5.780717906640776560e-01
5.780717906640783221e-01
5.795255053452398331e-01
5.795255053452412763e-01
5.795255053491598085e-01
5.795255053491623620e-01
5.867551097658074699e-01
5.867551097658078030e-01
5.867551097674837957e-01
5.867551097674840177e-01
5.867551097720413722e-01
5.867551097720415942e-01
5.867551097728725962e-01
5.867551097728734844e-01
5.868237801918710916e-01
5.868237801918713137e-01
5.868237801946998289e-01
5.868237801947007171e-01
5.868237801950335619e-01
5.868237801950348942e-01
5.868237801960101141e-01
5.868237801960103361e-01
5.875341398212162725e-01
5.875341398212167165e-01
5.875341398218137945e-01
5.875341398218140165e-01
5.891796193055099939e-01
5.891796193055103270e-01
5.891796193087630584e-01
5.891796193087640576e-01
5.895440069675554895e-01
5.895440069675560446e-01
5.895440069734313449e-01
5.895440069734331212e-01
5.903447869347042687e-01
5.903447869347046018e-01
5.903447869351360344e-01
5.903447869351362565e-01
5.907897893714304516e-01
5.907897893714317838e-01
5.907897893715228221e-01
5.907897893715238213e-01
5.907897893751937746e-01
5.907897893751951068e-01
5.907897893775920783e-01
5.907897893775926335e-01
5.913251755624888695e-01
5.913251755624892025e-01
5.913251755650474895e-01
5.913251755650482666e-01
5.913251755665389631e-01
5.913251755665391851e-01
5.913251755669779453e-01
5.913251755669780563e-01
5.945660113079516140e-01
5.945660113079517251e-01
5.945660113079868081e-01
5.945660113079870301e-01
5.945660113093550470e-01
5.945660113093558241e-01
5.945660113117036127e-01
5.945660113117067214e-01
5.948109147079966297e-01
5.948109147079980730e-01
5.948109147081666048e-01
5.948109147081668269e-01
5.976464843692652629e-01
5.976464843692655959e-01
5.976464843720200593e-01
5.976464843720212805e-01
5.976464843723132692e-01
5.976464843723142684e-01
5.976464843729607512e-01
5.976464843729617504e-01
5.978287228502691120e-01
5.978287228502693340e-01
5.978287228519059138e-01
5.978287228519068019e-01
5.978287228564320710e-01
5.978287228564346245e-01
5.978287228571251832e-01
5.978287228571264045e-01
6.006223683048683704e-01
6.006223683048687034e-01
6.006223683050401219e-01
6.006223683050420092e-01
6.007748092714042532e-01
6.007748092714051413e-01
6.007748092777492888e-01
6.007748092777519533e-01
6.009162093532149918e-01
6.009162093532161020e-01
6.009162093588888975e-01
6.009162093588914511e-01
6.014812677928322859e-01
6.014812677928327300e-01
6.014812677942457109e-01
6.014812677942458219e-01
6.049755174110671430e-01
6.049755174110674760e-01
6.049755174115162282e-01
6.049755174115166723e-01
6.049755174140866165e-01
6.049755174140872827e-01
6.049755174155013737e-01
6.049755174155031501e-01
6.057866360564533315e-01
6.057866360564536645e-01
6.057866360572190523e-01
6.057866360572192743e-01
6.057866360599213351e-01
6.057866360599223343e-01
6.057866360618264778e-01
6.057866360618286983e-01
6.073776462351674343e-01
6.073776462351684335e-01
6.073776462357365347e-01
6.073776462357372008e-01
6.077035776813591861e-01
6.077035776813592971e-01
6.077035776840479242e-01
6.077035776840484793e-01
6.077035776843027204e-01
6.077035776843030535e-01
6.077035776846446691e-01
6.077035776846454462e-01
6.123272852809292788e-01
6.123272852809305000e-01
6.123272852820094148e-01
6.123272852820114132e-01
6.135041907223877100e-01
6.135041907223879321e-01
6.135041907250213811e-01
6.135041907250217141e-01
6.135041907261116201e-01
6.135041907261116201e-01
6.135041907263912853e-01
6.135041907263920624e-01
6.146127706695094783e-01
6.146127706695105886e-01
6.146127706705035720e-01
6.146127706705041271e-01
6.153519240988087891e-01
6.153519240988094552e-01
6.153519241003831963e-01
6.153519241003836404e-01
6.153519241048678312e-01
6.153519241048680533e-01
6.153519241053406752e-01
6.153519241053410083e-01
6.157498754971331145e-01
6.157498754971342247e-01
6.157498754998553814e-01
6.157498754998563806e-01
6.163193063630547641e-01
6.163193063630556523e-01
6.163193063656854376e-01
6.163193063656867698e-01
6.163193063659068160e-01
6.163193063659074822e-01
6.163193063659891946e-01
6.163193063659907489e-01
6.173831538034206812e-01
6.173831538034220134e-01
6.173831538037526379e-01
6.173831538037543032e-01
6.173831538066678615e-01
6.173831538066698599e-01
6.173831538071655745e-01
6.173831538071679059e-01
6.183348672521314926e-01
6.183348672521317146e-01
6.183348672524775491e-01
6.183348672524779932e-01
6.183348672541315594e-01
6.183348672541315594e-01
6.183348672558582892e-01
6.183348672558587333e-01
6.205588331967735183e-01
6.205588331967741844e-01
6.205588331978607597e-01
6.205588331978623140e-01
6.218337782803895486e-01
6.218337782803902147e-01
6.218337782818057491e-01
6.218337782818059711e-01
6.229180972724697174e-01
6.229180972724724930e-01
6.229180972750572032e-01
6.229180972750580914e-01
6.229180972751368062e-01
6.229180972751381384e-01
6.229180972752530465e-01
6.229180972752543788e-01
6.270609826294484268e-01
6.270609826294486489e-01
6.270609826319455404e-01
6.270609826319475388e-01
6.270609826320057145e-01
6.270609826320073799e-01
6.270609826321869029e-01
6.270609826321881242e-01
6.270745488384071864e-01
6.270745488384071864e-01
6.270745488385481847e-01
6.270745488385492949e-01
6.270745488425940595e-01
6.270745488425966130e-01
6.270745488445135241e-01
6.270745488445145233e-01
6.285504549288518650e-01
6.285504549288541964e-01
6.285504549306601962e-01
6.285504549306618616e-01
6.287540074716629901e-01
6.287540074716635452e-01
6.287540074780737509e-01
6.287540074780744170e-01
6.289111090218271194e-01
6.289111090218284517e-01
6.289111090259295045e-01
6.289111090259301706e-01
6.304093888230344334e-01
6.304093888230356546e-01
6.304093888284553193e-01
6.304093888284577618e-01
6.304129390023344159e-01
6.304129390023350821e-01
6.304129390083684781e-01
6.304129390083713647e-01
6.324612351422835843e-01
6.324612351422845835e-01
6.324612351449798719e-01
6.324612351449812042e-01
6.324612351457289394e-01
6.324612351457317150e-01
6.324612351458743786e-01
6.324612351458769322e-01
6.342194468324715562e-01
6.342194468324715562e-01
6.342194468329270807e-01
6.342194468329275248e-01
6.342194468356393555e-01
6.342194468356417980e-01
6.342194468369760640e-01
6.342194468369775073e-01
6.343090989113951972e-01
6.343090989113961964e-01
6.343090989135375946e-01
6.343090989135395930e-01
6.380362282933390583e-01
6.380362282933399465e-01
6.380362282948343067e-01
6.380362282948345287e-01
6.380362282992637635e-01
6.380362282992654288e-01
6.380362282994538337e-01
6.380362282994573864e-01
6.384450921543853852e-01
6.384450921543853852e-01
6.384450921566546810e-01
6.384450921566561243e-01
6.387223251253517642e-01
6.387223251253523193e-01
6.387223251277510672e-01
6.387223251277527325e-01
6.414941870653227962e-01
6.414941870653233513e-01
6.414941870678830815e-01
6.414941870678848579e-01
6.434839138901390365e-01
6.434839138901419231e-01
6.434839138955781301e-01
6.434839138955807947e-01
6.436670618676707534e-01
6.436670618676728628e-01
6.436670618684223744e-01
6.436670618684227074e-01
6.436670618703421720e-01
6.436670618703425051e-01
6.436670618714089853e-01
6.436670618714089853e-01
6.461172681121437611e-01
6.461172681121440942e-01
6.461172681180626931e-01
6.461172681180630262e-01
6.469566371864907683e-01
6.469566371864924337e-01
6.469566371892375711e-01
6.469566371892387924e-01
6.469566371897262913e-01
6.469566371897286228e-01
6.469566371897685908e-01
6.469566371897715884e-01
6.501398391138876187e-01
6.501398391138897281e-01
6.501398391164548984e-01
6.501398391164567858e-01
6.501398391195721826e-01
6.501398391195729598e-01
6.501398391209158856e-01
6.501398391209185501e-01
6.522429461179094501e-01
6.522429461179112264e-01
6.522429461203900214e-01
6.522429461203914647e-01
6.522429461235746961e-01
6.522429461235753623e-01
6.522429461246922466e-01
6.522429461246928017e-01
6.555860502330812523e-01
6.555860502330828066e-01
6.555860502354200481e-01
6.555860502354208252e-01
6.555860502387140798e-01
6.555860502387149680e-01
6.555860502394685874e-01
6.555860502394709188e-01
6.557910133772590910e-01
6.557910133772596462e-01
6.557910133791848839e-01
6.557910133791854390e-01
6.560475977607579390e-01
6.560475977607607145e-01
6.560475977635378264e-01
6.560475977635389366e-01
6.560475977638389189e-01
6.560475977638426937e-01
6.560475977638615674e-01
6.560475977638652312e-01
6.581456046855641562e-01
6.581456046929167192e-01
6.598408630290963917e-01
6.598408630290987231e-01
6.598408630333121305e-01
6.598408630333146840e-01
6.599384199927711414e-01
6.599384199927732508e-01
6.599384199949255292e-01
6.599384199949274166e-01
6.599384199983633348e-01
6.599384199983643340e-01
6.599384199986484401e-01
6.599384199986498833e-01
6.627073748988143720e-01
6.627073748988151491e-01
6.627073749046891171e-01
6.627073749046918927e-01
6.628617747194198717e-01
6.628617747194209819e-01
6.628617747204016419e-01
6.628617747204031962e-01
6.642622835581810659e-01
6.642622835581829532e-01
6.642622835595837216e-01
6.642622835595856090e-01
6.642622835638226642e-01
6.642622835638265499e-01
6.642622835639550027e-01
6.642622835639572232e-01
6.644230230626473332e-01
6.644230230626482214e-01
6.644230230677858895e-01
6.644230230677886651e-01
6.649807751705855141e-01
6.649807751705859582e-01
6.649807751773846309e-01
6.649807751773856301e-01
6.650006577765326110e-01
6.650006577765364968e-01
6.650006577784751682e-01
6.650006577784774997e-01
6.650006577818177167e-01
6.650006577818189379e-01
6.650006577820772868e-01
6.650006577820800624e-01
6.656165045584754303e-01
6.656165045584767626e-01
6.656165045588641194e-01
6.656165045588656737e-01
6.656165045632097543e-01
6.656165045632125299e-01
6.656165045646252887e-01
6.656165045646285083e-01
6.666666666592735435e-01
6.666666666592754309e-01
6.666666666609841752e-01
6.666666666609861736e-01
6.675536357228033513e-01
6.675536357228045725e-01
6.675536357237208396e-01
6.675536357237229490e-01
6.675536357290318135e-01
6.675536357290324796e-01
6.675536357294418188e-01
6.675536357294450385e-01
6.688405151471956689e-01
6.688405151471968901e-01
6.688405151483419742e-01
6.688405151483445277e-01
6.688405151505272261e-01
6.688405151505276702e-01
6.688405151509405622e-01
6.688405151509427826e-01
6.693028867963688455e-01
6.693028867963690676e-01
6.693028867984117669e-01
6.693028867984130992e-01
6.704258696829307196e-01
6.704258696829324959e-01
6.704258696846426835e-01
6.704258696846446819e-01
6.704258696875782242e-01
6.704258696875803336e-01
6.704258696884228819e-01
6.704258696884259905e-01
6.737752110110623027e-01
6.737752110110634129e-01
6.737752110172683384e-01
6.737752110172731124e-01
6.757117838225195072e-01
6.757117838225199513e-01
6.757117838230798368e-01
6.757117838230829454e-01
6.758437868147997296e-01
6.758437868148016170e-01
6.758437868162832096e-01
6.758437868162843198e-01
6.758437868188141850e-01
6.758437868188161834e-01
6.758437868202413767e-01
6.758437868202454846e-01
6.763205245077507088e-01
6.763205245136356680e-01
6.797316893332485677e-01
6.797316893332518983e-01
6.797316893341276423e-01
6.797316893341310839e-01
6.797316893394633741e-01
6.797316893394660386e-01
6.797316893397762350e-01
6.797316893397794546e-01
6.808860867238681891e-01
6.808860867238702985e-01
6.808860867251406157e-01
6.808860867251421700e-01
6.808860867272931161e-01
6.808860867272953366e-01
6.808860867292638730e-01
6.808860867292665375e-01
6.823541779679823671e-01
6.823541779679841435e-01
6.823541779684715314e-01
6.823541779684746400e-01
6.823541779717002820e-01
6.823541779717010591e-01
6.823541779731738810e-01
6.823541779731759904e-01
6.850697220078536542e-01
6.850697220078542093e-01
6.850697220144642552e-01
6.850697220144655875e-01
6.852112014570007625e-01
6.852112014570042042e-01
6.852112014580929999e-01
6.852112014580941102e-01
6.852112014599219814e-01
6.852112014599243128e-01
6.852112014623570335e-01
6.852112014623599201e-01
6.885270281178944574e-01
6.885270281178963447e-01
6.885270281188428099e-01
6.885270281188461405e-01
6.885270281204257659e-01
6.885270281204287635e-01
6.885270281232167555e-01
6.885270281232205303e-01
6.888964486244386620e-01
6.888964486244389951e-01
6.888964486302499024e-01
6.888964486302526780e-01
6.906101523916874374e-01
6.906101523916892138e-01
6.906101523925501917e-01
6.906101523925518570e-01
6.906101523939789377e-01
6.906101523939799369e-01
6.906101523969936373e-01
6.906101523969944145e-01
6.921716820592881403e-01
6.921716820592884734e-01
6.921716820608021514e-01
6.921716820608030396e-01
6.921716820630411382e-01
6.921716820630445799e-01
6.921716820632288769e-01
6.921716820632304312e-01
6.922081172834708696e-01
6.922081172834710916e-01
6.922081172847772690e-01
6.922081172847779351e-01
6.922081172886157541e-01
6.922081172886166422e-01
6.922081172890868217e-01
6.922081172890881540e-01
6.936861487950188865e-01
6.936861488008941867e-01
6.943739441243945709e-01
6.943739441243947930e-01
6.943739441246999933e-01
6.943739441247024358e-01
6.943739441278440339e-01
6.943739441278451441e-01
6.943739441282498204e-01
6.943739441282502645e-01
6.945110620240000365e-01
6.945110620240028121e-01
6.945110620249222988e-01
6.945110620249234090e-01
6.971280083949155104e-01
6.971280083949178419e-01
6.971280084009300326e-01
6.971280084009351397e-01
6.990066646169926790e-01
6.990066646169947884e-01
6.990066646178122456e-01
6.990066646178128007e-01
6.990066646231886116e-01
6.990066646231901659e-01
6.990066646233454861e-01
6.990066646233484837e-01
7.005931249300583197e-01
7.005931249300589858e-01
7.005931249349007794e-01
7.005931249349029999e-01
7.038194544013627318e-01
7.038194544013639531e-01
7.038194544019937826e-01
7.038194544019950039e-01
7.038194544066381786e-01
7.038194544066396219e-01
7.038194544075597747e-01
7.038194544075607739e-01
7.054584943932172836e-01
7.054584943932183938e-01
7.054584943945899633e-01
7.054584943945899633e-01
7.097104618555315492e-01
7.097104618555343247e-01
7.097104618615319716e-01
7.097104618615346361e-01
7.121185185463122513e-01
7.121185185463133616e-01
7.121185185481372359e-01
7.121185185481394564e-01
7.121185185500764625e-01
7.121185185500766845e-01
7.121185185507739046e-01
7.121185185507753479e-01
7.167218993822794815e-01
7.167218993822799256e-01
7.167218993886571576e-01
7.167218993886612655e-01
7.199747017958482154e-01
7.199747017958498807e-01
7.199747017970598018e-01
7.199747017970600238e-01
7.199747018005031585e-01
7.199747018005038246e-01
7.199747018013118449e-01
7.199747018013132882e-01
7.210994512287396407e-01
7.210994512346037277e-01
7.227077292637166250e-01
7.227077292637170691e-01
7.227077292694563670e-01
7.227077292694569222e-01
7.239648107999567817e-01
7.239648107999574478e-01
7.239648108006957461e-01
7.239648108006959681e-01
7.239648108060871001e-01
7.239648108060878773e-01
7.239648108061280674e-01
7.239648108061288445e-01
7.244068816902856645e-01
7.244068816902881069e-01
7.244068816959774448e-01
7.244068816959803314e-01
7.262927872289876019e-01
7.262927872289882680e-01
7.262927872304356658e-01
7.262927872304365540e-01
7.262927872354731917e-01
7.262927872354733028e-01
7.262927872360775972e-01
7.262927872360790404e-01
7.266189086483810788e-01
7.266189086483834103e-01
7.266189086484625692e-01
7.266189086484639015e-01
7.268542192996606532e-01
7.268542192996615414e-01
7.268542193010384400e-01
7.268542193010398833e-01
7.268542193061419132e-01
7.268542193061421353e-01
7.268542193065826718e-01
7.268542193065835599e-01
7.273734107253433390e-01
7.273734107253448933e-01
7.273734107274079097e-01
7.273734107274080207e-01
7.273734107291138784e-01
7.273734107291138784e-01
7.273734107302031182e-01
7.273734107302035623e-01
7.277471778704097671e-01
7.277471778704101002e-01
7.277471778716778639e-01
7.277471778716778639e-01
7.277471778768812571e-01
7.277471778768849209e-01
7.277471778770642219e-01
7.277471778770647770e-01
7.289106271939602699e-01
7.289106271939611581e-01
7.289106271950823723e-01
7.289106271950827054e-01
7.289106272002650044e-01
7.289106272002660036e-01
7.289106272004259868e-01
7.289106272004263198e-01
7.296267932745815754e-01
7.296267932745824636e-01
7.296267932805634571e-01
7.296267932805644563e-01
7.302650997271517008e-01
7.302650997271520339e-01
7.302650997281052714e-01
7.302650997281060485e-01
7.302650997330497606e-01
7.302650997330504268e-01
7.302650997336074257e-01
7.302650997336092020e-01
7.317181604065282619e-01
7.317181604065287059e-01
7.317181604073018653e-01
7.317181604073023093e-01
7.317181604119931126e-01
7.317181604119935567e-01
7.317181604129761041e-01
7.317181604129772143e-01
7.331707403745534313e-01
7.331707403745539864e-01
7.331707403751469565e-01
7.331707403751477337e-01
7.331707403795830746e-01
7.331707403795837408e-01
7.331707403809903933e-01
7.331707403809913925e-01
7.345238995473478694e-01
7.345238995473488686e-01
7.345238995477733068e-01
7.345238995477743060e-01
7.345238995519719483e-01
7.345238995519726144e-01
7.345238995537758386e-01
7.345238995537759497e-01
7.356855547101934789e-01
7.356855547101942561e-01
7.356855547104739212e-01
7.356855547104745874e-01
7.356855547144702800e-01
7.356855547144707241e-01
7.356855547166143428e-01
7.356855547166150089e-01
7.364745241359136330e-01
7.364745241359151873e-01
7.364745241404724307e-01
7.364745241404738740e-01
7.365767190312683121e-01
7.365767190312684232e-01
7.365767190314354007e-01
7.365767190314380652e-01
7.365767190352796590e-01
7.365767190352802141e-01
7.365767190376838469e-01
7.365767190376840690e-01
7.369417354940848153e-01
7.369417354940850373e-01
7.369417354962973787e-01
7.369417354962979338e-01
7.369417354978591295e-01
7.369417354978593515e-01
7.369417354991928404e-01
7.369417354991932845e-01
7.371368375636080383e-01
7.371368375636088155e-01
7.371368375637079584e-01
7.371368375637086245e-01
7.371368375674516304e-01
7.371368375674520745e-01
7.371368375700193543e-01
7.371368375700194653e-01
7.376964976588745726e-01
7.376964976588746836e-01
7.376964976655981943e-01
7.376964976655988604e-01
7.391606120923023271e-01
7.391606120923023271e-01
7.391606120931561996e-01
7.391606120931570878e-01
7.391606120980763750e-01
7.391606120980764860e-01
7.391606120985437789e-01
7.391606120985444450e-01
7.457062993600728218e-01
7.457062993600745981e-01
7.457062993611969226e-01
7.457062993611978108e-01
7.457062993642769033e-01
7.457062993642795679e-01
7.457062993653953420e-01
7.457062993653960081e-01
7.528265398512220541e-01
7.528265398512223872e-01
7.528265398518708684e-01
7.528265398518712015e-01
7.528265398571034606e-01
7.528265398571037936e-01
7.528265398573745770e-01
7.528265398573749101e-01
7.529289211018986849e-01
7.529289211018999062e-01
7.529289211021366057e-01
7.529289211021386041e-01
7.529289211058447506e-01
7.529289211058469711e-01
7.529289211069248866e-01
7.529289211069262189e-01
7.531062899741084449e-01
7.531062899741087779e-01
7.531062899743969918e-01
7.531062899743972139e-01
7.531062899777132280e-01
7.531062899777146713e-01
7.531062899780481823e-01
7.531062899780494035e-01
7.541677542956339853e-01
7.541677542956339853e-01
7.541677542960618652e-01
7.541677542960618652e-01
7.541677542967430981e-01
7.541677542967438752e-01
7.541677542976327198e-01
7.541677542976329418e-01
7.541677542986660043e-01
7.541677542986666705e-01
7.541677542997761163e-01
7.541677542997771155e-01
7.541677543008871165e-01
7.541677543008873386e-01
7.541677543019214003e-01
7.541677543019217334e-01
7.541677543019978947e-01
7.541677543019985608e-01
7.541677543023929120e-01
7.541677543023945773e-01
7.541677543028091346e-01
7.541677543028095787e-01
7.541677543030232966e-01
7.541677543030249620e-01
7.541677543034899234e-01
7.541677543034904785e-01
7.541677543038453058e-01
7.541677543038455278e-01
7.541677543039184695e-01
7.541677543039184695e-01
7.541677543048012078e-01
7.541677543048019849e-01
7.541677543058270539e-01
7.541677543058294964e-01
7.541677543068538991e-01
7.541677543068546763e-01
7.541677543078104673e-01
7.541677543078108004e-01
7.541677543086319213e-01
7.541677543086329205e-01
7.541677543092620839e-01
7.541677543092633051e-01
7.541677543096567682e-01
7.541677543096593217e-01
7.554173385830832421e-01
7.554173385830856846e-01
7.554173385890402548e-01
7.554173385890406989e-01
7.564297301899071124e-01
7.564297301899083337e-01
7.564297301964441056e-01
7.564297301964445497e-01
7.564912665921494916e-01
7.564912665980059181e-01
7.617013051857104422e-01
7.617013051857131067e-01
7.617013051913742450e-01
7.617013051913755772e-01
7.627462883802569316e-01
7.627462883802580418e-01
7.627462883871133359e-01
7.627462883871166666e-01
7.647694324079702399e-01
7.647694324079703510e-01
7.647694324097659146e-01
7.647694324097670249e-01
7.677035375786802618e-01
7.677035375786805949e-01
7.677035375797300887e-01
7.677035375797305328e-01
7.677035375825019825e-01
7.677035375825025376e-01
7.677035375838847653e-01
7.677035375838862086e-01
7.693354644433230138e-01
7.693354644433277878e-01
7.693354644443686219e-01
7.693354644443709534e-01
7.693354644495226102e-01
7.693354644495241645e-01
7.693354644496026573e-01
7.693354644496048778e-01
7.694021406293661824e-01
7.694021406293682919e-01
7.694021406364693894e-01
7.694021406364700555e-01
7.696873443749533417e-01
7.696873443749537858e-01
7.696873443792469072e-01
7.696873443792484615e-01
7.700208927318505925e-01
7.700208927318505925e-01
7.700208927321777752e-01
7.700208927321794405e-01
7.721806966741887601e-01
7.721806966818065554e-01
7.835871392518286571e-01
7.835871392518297673e-01
7.835871392523818812e-01
7.835871392523837686e-01
7.835871392574476069e-01
7.835871392574483840e-01
7.835871392579599748e-01
7.835871392579618622e-01
7.845255595336497745e-01
7.845255595336511067e-01
7.845255595346403155e-01
7.845255595346419808e-01
7.845255595371795065e-01
7.845255595371800617e-01
7.845255595387603531e-01
7.845255595387651271e-01
7.852438306065759877e-01
7.852438306065779861e-01
7.852438306125073542e-01
7.852438306125141265e-01
7.861388862867372262e-01
7.861388862867378924e-01
7.861388862926257382e-01
7.861388862926290688e-01
7.898898231353730370e-01
7.898898231353747024e-01
7.898898231356501487e-01
7.898898231356528132e-01
7.898898231390757418e-01
7.898898231390771851e-01
7.898898231393662872e-01
7.898898231393693958e-01
7.903204270853736446e-01
7.903204270853763092e-01
7.903204270920508590e-01
7.903204270920517471e-01
7.923919234912216725e-01
7.923919234912233378e-01
7.923919234924079458e-01
7.923919234924106103e-01
7.923919234975291825e-01
7.923919234975324022e-01
7.923919234977415682e-01
7.923919234977442327e-01
7.940011939761157933e-01
7.940011939761171256e-01
7.940011939774554994e-01
7.940011939774558325e-01
7.950764526419360489e-01
7.950764526419363820e-01
7.950764526428923951e-01
7.950764526428930612e-01
7.950764526452831493e-01
7.950764526452847036e-01
7.950764526469936699e-01
7.950764526469970006e-01
7.973076276792654404e-01
7.973076276851203126e-01
7.980563651961002369e-01
7.980563651961039007e-01
7.980563652001738673e-01
7.980563652001766428e-01
8.031533802991874804e-01
8.031533802991884796e-01
8.031533802998268579e-01
8.031533802998283011e-01
8.031670775091801495e-01
8.031670775091829251e-01
8.031670775147635721e-01
8.031670775147640162e-01
8.068456633660515687e-01
8.068456633660545663e-01
8.068456633673288803e-01
8.068456633673295464e-01
8.068456633723792848e-01
8.068456633723818383e-01
8.068456633727755234e-01
8.068456633727776328e-01
8.130489725478976526e-01
8.130489725479003171e-01
8.130489725479226326e-01
8.130489725479244090e-01
8.130489725520417821e-01
8.130489725520422262e-01
8.130489725527844103e-01
8.130489725527866307e-01
8.141554295328575774e-01
8.141554295328591317e-01
8.141554295333141011e-01
8.141554295333177649e-01
8.141554295382191775e-01
8.141554295382192885e-01
8.141554295389715756e-01
8.141554295389726859e-01
8.162099193110421425e-01
8.162099193110438078e-01
8.162099193178227186e-01
8.162099193178253831e-01
8.170346724468193766e-01
8.170346724468199318e-01
8.170346724527323135e-01
8.170346724527338678e-01
8.197387667243750675e-01
8.197387667243759557e-01
8.197387667282773904e-01
8.197387667282782786e-01
8.239122188844073547e-01
8.239122188844089090e-01
8.239122188852405770e-01
8.239122188852420203e-01
8.248010787962761770e-01
8.248010787962795076e-01
8.248010788022853701e-01
8.248010788022879236e-01
8.289060848237566059e-01
8.289060848237577162e-01
8.289060848308189566e-01
8.289060848308216212e-01
8.304674102453638573e-01
8.304674102453655227e-01
8.304674102523559309e-01
8.304674102523585955e-01
8.324372953932440700e-01
8.324372953932458463e-01
8.324372954000903713e-01
8.324372954000931468e-01
8.333333333266981224e-01
8.333333333266982335e-01
8.333333333304945301e-01
8.333333333304955293e-01
8.407117499197173105e-01
8.407117499255757354e-01
8.424869382017718955e-01
8.424869382017752262e-01
8.424869382021421549e-01
8.424869382021453745e-01
8.424869382068991275e-01
8.424869382068995716e-01
8.424869382078743474e-01
8.424869382078751245e-01
8.443018781677966711e-01
8.443018781677970042e-01
8.443018781733040434e-01
8.443018781733057088e-01
8.460661460628614572e-01
8.460661460628644548e-01
8.460661460644474108e-01
8.460661460644494092e-01
8.486283728385117797e-01
8.486283728385137781e-01
8.486283728443999586e-01
8.486283728444056207e-01
8.583230973679552012e-01
8.583230973679629727e-01
8.583230973753114279e-01
8.583230973753204207e-01
8.589209425291454147e-01
8.589209425291463029e-01
8.589209425292848588e-01
8.589209425292864131e-01
8.589209425335775361e-01
8.589209425335807557e-01
8.589209425340654791e-01
8.589209425340672555e-01
8.615459032222336777e-01
8.615459032222363422e-01
8.615459032235462944e-01
8.615459032235489589e-01
8.667089859954614228e-01
8.667089859954622000e-01
8.667089859957566311e-01
8.667089859957572973e-01
8.667089860003831525e-01
8.667089860003844848e-01
8.667089860015465552e-01
8.667089860015486646e-01
8.692882580351405375e-01
8.692882580429917017e-01
8.779114035443622566e-01
8.779114035443625896e-01
8.779114035502381119e-01
8.779114035502433300e-01
8.793819707444083811e-01
8.793819707444091582e-01
8.793819707516323803e-01
8.793819707516330464e-01
8.823773927820697249e-01
8.823773927820700580e-01
8.823773927875158130e-01
8.823773927875179224e-01
8.837694289663273750e-01
8.837694289721764740e-01
8.852335700222527803e-01
8.852335700222537795e-01
8.852335700224913673e-01
8.852335700224922554e-01
8.852335700270212993e-01
8.852335700270221874e-01
8.852335700283280318e-01
8.852335700283296971e-01
8.876534242210387671e-01
8.876534242210414316e-01
8.876534242212765768e-01
8.876534242212786863e-01
8.876534242256645113e-01
8.876534242256665097e-01
8.876534242259946916e-01
8.876534242259946916e-01
8.968527852509708964e-01
8.968527852509735609e-01
8.968527852511706255e-01
8.968527852511761767e-01
8.968527852556442692e-01
8.968527852556448243e-01
8.968527852570420400e-01
8.968527852570422620e-01
9.012376076057772023e-01
9.012376076057788676e-01
9.012376076129747782e-01
9.012376076129754443e-01
9.029476749639501199e-01
9.029476749639531175e-01
9.029476749698112092e-01
9.029476749698142068e-01
9.038485397121456266e-01
9.038485397121504006e-01
9.038485397134428112e-01
9.038485397134464749e-01
9.080838477356646399e-01
9.080838477356688587e-01
9.080838477370890560e-01
9.080838477370942741e-01
9.109966185500341096e-01
9.109966185500393276e-01
9.109966185573553643e-01
9.109966185573588060e-01
9.148999265233894729e-01
9.148999265233926925e-01
9.148999265287837135e-01
9.148999265287857119e-01
9.220953448492255067e-01
9.220953448492350546e-01
9.220953448550798237e-01
9.220953448550847087e-01
9.236248132527815624e-01
9.236248132586489801e-01
9.261563798959726590e-01
9.261563798959786542e-01
9.261563799035290590e-01
9.261563799035308353e-01
9.341055303552630029e-01
9.341055303552660005e-01
9.341055303611107696e-01
9.341055303611154326e-01
9.397568519612405913e-01
9.397568519612407023e-01
9.397568519665937536e-01
9.397568519665964182e-01
9.433666635514806886e-01
9.433666635595079342e-01
9.455603379653707563e-01
9.455603379653779728e-01
9.455603379726965629e-01
9.455603379727103297e-01
9.469251709761318248e-01
9.469251709761321578e-01
9.469251709774479941e-01
9.469251709774567649e-01
9.553418012553999139e-01
9.553418012554019123e-01
9.553418012607267640e-01
9.553418012607310938e-01
9.576676382378209729e-01
9.576676382436910551e-01
9.686397541387139487e-01
9.686397541387160581e-01
9.686397541463852567e-01
9.686397541463892535e-01
9.836865200714884905e-01
9.836865200773663442e-01
9.897612945632883186e-01
9.897612945714282517e-01
9.999999999941197038e-01
1.000000000000000000e+00
