# sorted relative singular values (reduced_hessian) field=gauss eps=0.25 N=12 n=3311
1.825632826061151983e-03
1.874677379483725200e-03
1.932968331263102205e-03
2.040116159905131909e-03
2.085655800340255068e-03
2.143719451280640554e-03
2.196223807282438999e-03
2.265273929683305539e-03
2.313857503468255260e-03
2.410504993942706297e-03
2.500040966657823480e-03
2.529964265424262861e-03
2.646277137073660846e-03
2.668377998231154409e-03
2.738100706400835218e-03
3.003286837240478312e-03
3.039747959886669043e-03
3.136300739123379106e-03
3.192181214253146573e-03
3.277167571717860221e-03
3.375531362474235714e-03
3.402704325362002416e-03
3.771877844569533535e-03
3.905442490577500352e-03
4.498461940759208855e-03
5.007132783169596958e-03
5.059012543986674167e-03
5.204004548438572256e-03
5.338123542315307418e-03
5.447667597575018769e-03
5.517905689369698510e-03
5.626217480333587338e-03
5.702682800486228235e-03
5.809877065924927593e-03
7.779819639083763658e-03
7.955091098978569336e-03
8.114554573803873724e-03
8.427152243421286854e-03
8.604132403444302718e-03
8.911909302330545124e-03
9.008973488142179437e-03
9.049568177603196928e-03
9.131464102895186022e-03
9.432301996735885374e-03
1.011872926196216022e-02
1.039177157772248027e-02
1.055252423592022495e-02
1.072965830541829264e-02
1.088681033526426971e-02
1.100275573719000123e-02
1.118231253240073095e-02
1.123835183818594659e-02
1.153672051102503683e-02
1.176713418927346870e-02
1.187983972513708200e-02
1.197040534126629641e-02
1.209977444197740497e-02
1.224519378231402576e-02
1.229234252790395443e-02
1.261605363717364751e-02
1.279609173684858811e-02
1.287351532231233164e-02
1.352222941688118081e-02
1.357364615668473808e-02
1.364545463966444598e-02
1.378549139116720668e-02
1.390351602009067336e-02
1.411255663590717420e-02
1.423188053448609137e-02
1.431402803281445549e-02
1.435458195908332311e-02
1.445687165307868449e-02
1.462989476047891861e-02
1.485111629833454037e-02
1.512913333539473923e-02
1.518285762231053396e-02
1.527735895420729087e-02
1.573356509156455946e-02
1.574217230699341552e-02
1.617231081492288489e-02
1.662769092522749237e-02
1.664580360270925125e-02
1.679470949013661327e-02
1.715197704846989357e-02
1.751775692792926359e-02
1.759363213634891968e-02
1.782361425632882079e-02
1.808521116585334529e-02
1.822948817636292976e-02
1.835226500745939376e-02
1.841643009674686152e-02
1.879325454000328396e-02
1.889934778306692070e-02
1.907584927313133588e-02
1.918988217783636901e-02
1.930242980616865209e-02
1.972989869069869187e-02
1.986434857635808321e-02
2.002317183017187849e-02
2.016698148528020193e-02
2.041023650664906819e-02
2.055606190089977539e-02
2.065884362829464166e-02
2.076945166464522208e-02
2.087960715770969741e-02
2.097582589533314446e-02
2.102902991687811973e-02
2.126378478357806440e-02
2.139354078122874397e-02
2.149724446035361156e-02
2.165608254365629370e-02
2.193631043262259106e-02
2.202213793771259226e-02
2.204967566904772469e-02
2.212912105494187209e-02
2.216397415514764768e-02
2.239820055436557086e-02
2.246069855438516047e-02
2.265675282795428375e-02
2.285313051368605478e-02
2.301023221783407222e-02
2.314634255776654853e-02
2.330514803751703584e-02
2.333402320394785054e-02
2.349170853731602851e-02
2.362255744544337552e-02
2.383186767230046493e-02
2.396918698898419312e-02
2.408180098273355121e-02
2.411477015793354189e-02
2.425478083226045856e-02
2.440631197200375871e-02
2.455084878621415292e-02
2.493413649162422654e-02
2.504201272645951645e-02
2.528713689582167898e-02
2.544827603998595436e-02
2.561577157517757816e-02
2.577251396532966726e-02
2.590508670520772980e-02
2.605250760831859247e-02
2.631767777594693630e-02
2.650301091604568421e-02
2.675470196310479956e-02
2.760373833555274103e-02
2.769267782338666675e-02
2.882908999334764591e-02
2.905833575485556805e-02
3.017167418839599574e-02
3.025467580284160740e-02
3.046770711456038214e-02
3.062526094248426908e-02
3.088732056282448776e-02
3.167677171866572355e-02
3.191854753004640805e-02
3.208865553359701445e-02
3.267956089450921309e-02
3.300622828406524212e-02
3.315955234504967125e-02
3.358232597633813155e-02
3.376964668595656277e-02
3.385893283293674172e-02
3.394570866986819369e-02
3.414319622639811619e-02
3.421117813731060220e-02
3.457753777815183310e-02
3.474979960243173432e-02
3.500895473631574634e-02
3.503650713013121976e-02
3.543108400167557098e-02
3.557961752888880863e-02
3.560199674930449726e-02
3.578996222138839528e-02
3.588930064951337956e-02
3.600362482974924644e-02
3.631341751424509851e-02
3.648055167700951784e-02
3.665808882347684067e-02
3.678326208040490902e-02
3.703711652547428401e-02
3.728432287536878609e-02
3.738707431343563786e-02
3.758192993967098688e-02
3.759491045703190759e-02
3.770524699631733201e-02
3.789747971934172982e-02
3.801345536765623340e-02
3.819384411695823933e-02
3.855728783937228260e-02
3.875628332300600637e-02
3.883479804469489038e-02
3.926202186221413454e-02
3.938165312714635158e-02
3.949973784795685755e-02
3.967450391670673815e-02
3.994469831716066649e-02
4.004633863357267426e-02
4.017556948028713076e-02
4.025791106701938349e-02
4.079591568973298804e-02
4.110711151488718323e-02
4.117581881835876562e-02
4.141998992180711409e-02
4.157497256029136362e-02
4.162868528868227114e-02
4.182162144441750606e-02
4.198947754284336475e-02
4.218937860765748643e-02
4.221459905382184130e-02
4.243129164450171187e-02
4.289117030572513201e-02
4.316244117521656626e-02
4.328748074673076374e-02
4.334743256811368628e-02
4.373482979361788953e-02
4.383047056530341851e-02
4.401915617523049357e-02
4.410506065894498340e-02
4.423891688404470862e-02
4.427520980703436582e-02
4.442455676870726150e-02
4.454249834852484768e-02
4.478144444016254888e-02
4.488785219344651467e-02
4.520549575755148514e-02
4.534710084970256655e-02
4.541753761267747214e-02
4.560160442464829267e-02
4.581010360690928457e-02
4.596823196913079473e-02
4.610741873843533789e-02
4.622538449269759930e-02
4.657344056719978087e-02
4.686929521710021807e-02
4.701386312249346972e-02
4.733746820101433772e-02
4.738340514072299225e-02
4.740825159130229033e-02
4.805271988029659325e-02
4.824784970566043524e-02
4.833451146135155085e-02
4.861738978874462214e-02
4.881795107102220727e-02
4.903927744811117234e-02
4.910895823173016400e-02
4.959508559467284278e-02
4.972417196309197873e-02
4.991088059265316734e-02
5.005015802152650017e-02
5.038636919620573945e-02
5.052866146776056194e-02
5.073058153907688411e-02
5.116327933717113030e-02
5.131688498550115302e-02
5.140611040795910885e-02
5.154519782260087724e-02
5.176085861447598385e-02
5.202768385630873738e-02
5.213425451358196655e-02
5.231493025800320468e-02
5.254569431966355647e-02
5.277223641817360006e-02
5.282942565102315829e-02
5.308573161289039527e-02
5.326669023036757766e-02
5.358278977718695241e-02
5.362260577276949103e-02
5.375282865655200970e-02
5.390465003371731900e-02
5.419787884891669877e-02
5.430082381331208241e-02
5.432695934858691733e-02
5.445999329637173786e-02
5.457347667818534392e-02
5.474887413759815802e-02
5.493134817715631529e-02
5.508861187515386865e-02
5.526200957269648134e-02
5.543967204694441597e-02
5.557013099236483844e-02
5.581870505051622633e-02
5.597954154640990415e-02
5.607136023183055540e-02
5.622577942280514163e-02
5.649771210898246743e-02
5.660323206532871798e-02
5.680477966520560557e-02
5.716006360210350301e-02
5.720653692903850812e-02
5.741610794951657049e-02
5.752578472152457961e-02
5.762810629040830690e-02
5.799087735092028906e-02
5.808848713648798179e-02
5.819879828702610031e-02
5.831703513150530982e-02
5.850401808372075046e-02
5.864301226480993917e-02
5.889440999164188839e-02
5.905622372849757967e-02
5.940735959503795627e-02
5.948305635529619467e-02
5.969788972251335174e-02
5.978744169073729742e-02
6.005273314635012349e-02
6.016027949070789499e-02
6.038302916085332844e-02
6.041953592805055645e-02
6.049450763917121887e-02
6.078895232292758771e-02
6.089875770959465168e-02
6.119247737893552391e-02
6.131376030903663149e-02
6.167414066085011304e-02
6.168102616960847995e-02
6.217974416536661830e-02
6.239769757740826900e-02
6.247206574793880834e-02
6.267040509731841569e-02
6.273639578525339044e-02
6.286701531780146401e-02
6.296305371159498232e-02
6.315042342689755617e-02
6.323950862086365199e-02
6.378339411795234948e-02
6.379830226075237920e-02
6.390312684931366560e-02
6.419615155332149270e-02
6.431693179615753653e-02
6.452820679915927116e-02
6.475043852865126903e-02
6.489785415069349028e-02
6.495149457688957628e-02
6.499820535567894797e-02
6.522263928724346405e-02
6.554417645083204791e-02
6.588531438316012900e-02
6.602205937386977641e-02
6.630785049073695259e-02
6.642075341979981895e-02
6.654668959305846954e-02
6.668206406925984708e-02
6.682503297052583280e-02
6.718133145493890290e-02
6.746064042542125605e-02
6.753532314359129984e-02
6.773864032421322845e-02
6.791673410910213649e-02
6.803463675561420565e-02
6.816834757065670658e-02
6.833084419427655487e-02
6.844765462607754758e-02
6.867496719881298339e-02
6.888171390979944131e-02
6.914964138170892616e-02
6.935542654198405266e-02
6.941684416463089757e-02
6.964190187033490742e-02
6.981595242582973315e-02
6.999383493155739155e-02
7.020874763304514599e-02
7.034589184712572441e-02
7.042336653490265108e-02
7.053641574394568792e-02
7.078332366628035943e-02
7.094488308927648923e-02
7.118889088256126485e-02
7.129835425934007154e-02
7.138164045655144563e-02
7.157991492803564282e-02
7.195811724259955355e-02
7.204119003672758426e-02
7.216027216851891857e-02
7.226503195959504966e-02
7.260198173412529821e-02
7.271296057603351959e-02
7.308743960827548958e-02
7.316929138577143998e-02
7.329739618081700103e-02
7.351171237794870694e-02
7.379152825816175099e-02
7.391889762150823107e-02
7.408734400647762341e-02
7.439022493537406078e-02
7.465672039313552000e-02
7.484351504411784761e-02
7.510944944415706703e-02
7.535476412645480959e-02
7.558150288459558608e-02
7.570813175971040365e-02
7.599787106251994218e-02
7.616077995581103932e-02
7.623761419074134849e-02
7.635682950186258033e-02
7.668933351932967490e-02
7.689775753554974058e-02
7.702402917390706316e-02
7.725772107898140617e-02
7.743321522105525712e-02
7.764620112890585624e-02
7.767950078373773992e-02
7.781265669055999201e-02
7.808600963438652731e-02
7.815584945806175465e-02
7.845906325263188319e-02
7.876204434731845505e-02
7.893895830240435507e-02
7.896164504012016805e-02
7.913861591224262415e-02
7.928550972316618373e-02
7.946078617802293520e-02
7.994947100331208090e-02
8.009922437227137704e-02
8.020704550371052233e-02
8.072192884133377877e-02
8.088665376454146072e-02
8.128521196260983517e-02
8.136613609352465193e-02
8.152156718361820709e-02
8.161116559118859748e-02
8.172093473643873840e-02
8.208561277443821025e-02
8.213798513821171654e-02
8.235102300135470343e-02
8.260592899075985818e-02
8.270705719759853525e-02
8.280770062356047900e-02
8.296832131315766412e-02
8.313185746125165143e-02
8.320415993085583661e-02
8.346013124482391798e-02
8.372174604121128405e-02
8.397716381284639486e-02
8.407066209016293701e-02
8.430401683470596652e-02
8.463166624126511328e-02
8.473501334912632299e-02
8.479841416426765754e-02
8.503197351316017782e-02
8.520337309756992328e-02
8.530765904170771463e-02
8.543364629528844845e-02
8.547912049707896698e-02
8.576253551002240016e-02
8.602104699039486713e-02
8.612122630388685529e-02
8.617903733041235026e-02
8.626368253778744777e-02
8.642729780820626595e-02
8.665375781328414628e-02
8.678541764876783471e-02
8.687526110261820089e-02
8.697485611271553452e-02
8.727266769627203824e-02
8.732937801241463793e-02
8.745881532949871529e-02
8.762191765509917685e-02
8.774948032200081960e-02
8.790336233981402292e-02
8.813556848738278438e-02
8.828191060839633841e-02
8.842766681293577624e-02
8.856486838825854135e-02
8.873598262303160344e-02
8.894017629200522135e-02
8.898359755478897626e-02
8.914396916009346972e-02
8.927132465256069904e-02
8.947527367302283985e-02
8.958359209395917733e-02
8.975680384858808480e-02
8.998033373050179362e-02
9.015515482408584247e-02
9.018268749554733676e-02
9.030740512953813748e-02
9.054555290561787373e-02
9.071505001496445175e-02
9.075559307535946418e-02
9.092935707047092309e-02
9.101825143078186298e-02
9.140757954356427961e-02
9.157455769941043322e-02
9.160746029098133791e-02
9.168466736797127592e-02
9.185035872721791783e-02
9.195353450851330435e-02
9.217059459570896285e-02
9.220181950810626970e-02
9.227595835203730723e-02
9.257405325264261853e-02
9.277167943404852901e-02
9.311180084423102687e-02
9.339736040359590541e-02
9.346005563495456137e-02
9.360870204712606890e-02
9.368839759651481636e-02
9.393864996539777468e-02
9.403716546453497194e-02
9.429306404736191582e-02
9.447848624910519522e-02
9.477519299572954858e-02
9.499383055670120035e-02
9.506993118482530425e-02
9.521682502660082370e-02
9.534670164897574018e-02
9.550901646771903231e-02
9.580994990660403332e-02
9.593430415658474320e-02
9.620161489348151573e-02
9.639490211461045066e-02
9.649991168331004121e-02
9.691296537550843360e-02
9.702201256409495600e-02
9.708224958819541839e-02
9.712972599002206442e-02
9.734854939200672519e-02
9.753764569247158622e-02
9.780080360172779819e-02
9.802072205617037848e-02
9.812924617021721863e-02
9.833472761140499285e-02
9.848908009690883480e-02
9.860485342537061992e-02
9.872511456414799491e-02
9.888653391568875961e-02
9.916189873827498114e-02
9.929542191158613473e-02
9.940454103046605927e-02
9.946796982758092376e-02
9.964792960038174052e-02
9.969357312726680187e-02
9.999337604065422491e-02
1.002184736006995203e-01
1.004489884928539550e-01
1.006100106966752727e-01
1.007397639084685603e-01
1.007997285400038107e-01
1.010283304260914533e-01
1.011324392777031844e-01
1.013034497534931744e-01
1.014296360657997581e-01
1.016484220057462529e-01
1.017644835072660237e-01
1.019310482276703234e-01
1.021667071614695277e-01
1.024739537684370566e-01
1.025438038648944505e-01
1.027094768834298510e-01
1.028628707814193272e-01
1.029470198534716413e-01
1.029621409310572666e-01
1.032998258780394030e-01
1.035381026861956905e-01
1.036828186185134032e-01
1.039027077814279193e-01
1.039684019472686682e-01
1.042026923696260932e-01
1.043257361816910672e-01
1.044197303700918900e-01
1.044660140803488346e-01
1.046811425980969379e-01
1.047214346822331055e-01
1.049196559925146127e-01
1.050890151913715653e-01
1.052310468236553748e-01
1.055211803142831889e-01
1.056450540811158384e-01
1.057548514175312426e-01
1.058176518377377112e-01
1.059644619310170510e-01
1.061949766212350599e-01
1.062519979992023467e-01
1.063515778645023752e-01
1.064822653213510772e-01
1.065613095927618881e-01
1.066517003240290140e-01
1.067634970787797177e-01
1.069851334000285759e-01
1.071384757075535127e-01
1.072564322319294050e-01
1.074927881540340552e-01
1.076891237923024713e-01
1.077524476960097927e-01
1.079365510181075349e-01
1.081237952750303682e-01
1.082139655710201848e-01
1.083770955781992312e-01
1.084105357889866006e-01
1.084546153371340610e-01
1.085898620907905787e-01
1.087487364482441488e-01
1.088644998144068093e-01
1.090664434328872251e-01
1.092065192952062086e-01
1.093192398417982547e-01
1.095107750190159740e-01
1.096454653079088626e-01
1.097406487662212909e-01
1.097765784078177653e-01
1.099170091084679252e-01
1.100715272944470940e-01
1.101345638390338888e-01
1.103432760871845136e-01
1.104403012766674158e-01
1.105048159738193508e-01
1.106466189397120325e-01
1.108424949732904757e-01
1.110369704763681520e-01
1.111134048777963207e-01
1.113255970407007883e-01
1.114145864971620714e-01
1.114553447979327039e-01
1.115458444483200806e-01
1.118492759531624081e-01
1.118936727440500295e-01
1.122683864114653457e-01
1.122970243187325634e-01
1.124318467781564301e-01
1.125368317615601105e-01
1.127350570940410524e-01
1.128542413044493764e-01
1.131136234232958948e-01
1.132746488492551301e-01
1.133405640233725864e-01
1.133927156497728933e-01
1.135661805946477920e-01
1.136096274244046134e-01
1.137853120194545486e-01
1.138200102531410352e-01
1.139495386460326332e-01
1.140374323545796098e-01
1.142379628921366547e-01
1.143959574776203664e-01
1.144885130007984586e-01
1.146505822251452922e-01
1.147489303913531850e-01
1.148522685613393712e-01
1.151491649026737951e-01
1.151982619863444052e-01
1.152223746171588542e-01
1.154813077123265919e-01
1.155481213651733813e-01
1.156279607826333350e-01
1.157814967649482829e-01
1.158922987498177404e-01
1.159385099093375587e-01
1.160935518127744343e-01
1.162711402381779585e-01
1.163669600454762532e-01
1.164798612941466832e-01
1.165352322586176992e-01
1.166274039844025223e-01
1.168309160701803545e-01
1.168855625160201139e-01
1.170641644531438819e-01
1.171650376395775711e-01
1.173054457060298816e-01
1.173986186276946841e-01
1.174231805858016592e-01
1.175761407886188048e-01
1.177651971745956871e-01
1.179150744859340655e-01
1.179461692113986382e-01
1.180932115883021050e-01
1.182271595517270374e-01
1.183057713556175533e-01
1.184727878891068120e-01
1.185696170567678287e-01
1.187120119999321849e-01
1.188556000902056264e-01
1.189412615238381737e-01
1.191253656552287293e-01
1.192370855595851903e-01
1.193101910610932792e-01
1.194110516001416072e-01
1.196082274318907707e-01
1.197281308204949379e-01
1.197717837062956536e-01
1.198735143209536946e-01
1.201435610058883136e-01
1.202690535821246687e-01
1.204317895752297363e-01
1.205080288589597953e-01
1.206509268919972178e-01
1.206897632932891762e-01
1.208697921497492445e-01
1.208836243781092334e-01
1.211349204198419321e-01
1.212295255645894354e-01
1.213328289376318092e-01
1.214288165866187347e-01
1.214981689534237047e-01
1.216447128081292045e-01
1.216765353784557691e-01
1.217843488792216405e-01
1.220658879983052419e-01
1.221836208592775169e-01
1.223556211001640415e-01
1.225000762867877041e-01
1.225112169988107763e-01
1.226219638168359882e-01
1.228595238548381152e-01
1.230223311557956112e-01
1.231933880717096946e-01
1.232789720977101600e-01
1.234589122275131651e-01
1.235378983968201255e-01
1.236799068638509275e-01
1.237254277192204044e-01
1.239423111075168560e-01
1.240511331319306410e-01
1.242065842529851555e-01
1.243131666262241725e-01
1.244168904105344559e-01
1.244612334356822586e-01
1.247294656329593493e-01
1.248411768663967580e-01
1.248565480539128580e-01
1.250270078536696861e-01
1.251705538972927578e-01
1.252710219470284381e-01
1.253400942584252664e-01
1.255036112228964107e-01
1.256887040146338619e-01
1.257526411129375465e-01
1.258596471051480203e-01
1.259858509566571250e-01
1.260014307297086245e-01
1.262416946446892341e-01
1.263224566236185731e-01
1.263943282726965045e-01
1.265734826864705620e-01
1.268233315953203322e-01
1.268272206951089609e-01
1.270794593774883796e-01
1.271594085477498748e-01
1.272645351051139018e-01
1.274924887791472894e-01
1.275309693316835635e-01
1.276112216042096792e-01
1.277180173587078305e-01
1.278213600079413093e-01
1.279441161767240487e-01
1.281030429181837238e-01
1.281553957798470256e-01
1.282895971910249788e-01
1.283946400464191506e-01
1.285100115008031008e-01
1.286613332497684448e-01
1.287562362202683552e-01
1.289131542939677688e-01
1.289860529396577304e-01
1.290531797738896091e-01
1.292275860564978118e-01
1.293718254178763682e-01
1.294454545973486581e-01
1.296086964687525600e-01
1.296426520319693132e-01
1.298328912415218916e-01
1.298787917519189095e-01
1.300080534205317329e-01
1.301614203536576031e-01
1.302296245474743874e-01
1.303007125907607311e-01
1.305287648997536798e-01
1.305737187625688744e-01
1.306850538157636188e-01
1.307668227821049134e-01
1.308582809308599937e-01
1.310388784243691207e-01
1.313081682347675694e-01
1.314237157266474054e-01
1.315524790647034092e-01
1.317030870360756112e-01
1.318780198433014417e-01
1.319064195130146278e-01
1.320995193579264926e-01
1.321679569427802181e-01
1.323274801229076536e-01
1.323506809291398745e-01
1.326121277780195340e-01
1.326339824171178239e-01
1.327008865019471129e-01
1.327975588248148098e-01
1.331526619187581584e-01
1.333705432940288371e-01
1.334445046794732193e-01
1.336039548167889113e-01
1.338057925903191892e-01
1.338751193026739839e-01
1.339318818301042380e-01
1.340375436126710063e-01
1.340673477632255139e-01
1.341259207865488079e-01
1.344360513379447841e-01
1.344712472271912818e-01
1.345156087591001248e-01
1.347092127430971897e-01
1.347806997550935471e-01
1.350253683443882191e-01
1.351944305879615726e-01
1.352826313676270542e-01
1.353570942278037592e-01
1.354290750429896772e-01
1.355943230425976087e-01
1.356988973433800594e-01
1.357724088039680976e-01
1.360002002547364974e-01
1.361312617624932941e-01
1.362330269008294736e-01
1.363787279027403876e-01
1.365444523377993269e-01
1.367855252337387972e-01
1.368928094857107813e-01
1.369097290613523477e-01
1.369864647080220876e-01
1.372310433264579133e-01
1.373988938474879073e-01
1.374158189333774538e-01
1.375516604971217527e-01
1.376639918748696345e-01
1.377655848781926540e-01
1.378926208364974482e-01
1.379398158265258412e-01
1.381682838720099393e-01
1.382172880917816871e-01
1.383423417350453932e-01
1.384213778662310712e-01
1.385533078835607113e-01
1.387190962073014677e-01
1.388516478150941535e-01
1.389341947174119463e-01
1.390284497780025497e-01
1.393584666547553197e-01
1.394245010181512923e-01
1.396176350220192930e-01
1.397392690545531668e-01
1.398608717798081047e-01
1.399672187319008498e-01
1.401741041591659243e-01
1.402146140795011431e-01
1.402726396094389483e-01
1.405268124339006941e-01
1.406785540047182093e-01
1.407678119560165919e-01
1.408005238811412263e-01
1.409514620411845554e-01
1.411375404350131979e-01
1.411853114594939229e-01
1.414257926695879075e-01
1.415108631814586404e-01
1.416372877992966850e-01
1.418170282732819643e-01
1.418829176337534637e-01
1.419751216022599460e-01
1.421248482684486503e-01
1.423260517216629328e-01
1.423666735844340281e-01
1.424675933655571436e-01
1.425527309697452172e-01
1.427774855548901989e-01
1.428005064535058100e-01
1.429266373304630966e-01
1.430401407483501697e-01
1.431641615720009586e-01
1.432212303153434230e-01
1.433671680169505414e-01
1.434811031840072248e-01
1.436282768463728321e-01
1.436964261907992813e-01
1.439705934974903345e-01
1.440890271333084005e-01
1.441490994192639319e-01
1.442471155201288380e-01
1.443587752017030379e-01
1.444455180180936882e-01
1.445794338445663685e-01
1.446861601290782284e-01
1.447469598101435717e-01
1.448358292981988815e-01
1.449815797363117331e-01
1.450744572307307301e-01
1.451284484221476156e-01
1.452187795729333597e-01
1.454192812249233968e-01
1.455348081343586231e-01
1.456443079446485545e-01
1.456733038896819987e-01
1.457746069189970461e-01
1.459675418286292548e-01
1.460202139243919617e-01
1.461429653477074597e-01
1.462693960009392724e-01
1.463245859808271210e-01
1.465674984891343624e-01
1.467145415851424661e-01
1.468392772469619134e-01
1.469076570218325883e-01
1.469886015915693456e-01
1.471143425892460777e-01
1.471974809306930421e-01
1.474246813368030318e-01
1.474893580527371906e-01
1.475513180823715687e-01
1.477056788431587164e-01
1.477797869479988424e-01
1.479144385718340338e-01
1.479880516937888413e-01
1.481501955522824543e-01
1.483758086509174290e-01
1.484550856126726492e-01
1.485947008023597582e-01
1.486367518550044398e-01
1.487095598402192465e-01
1.488372216111104318e-01
1.489239708988442101e-01
1.490836128369274483e-01
1.492760017504027870e-01
1.492987173314131721e-01
1.494624736806427490e-01
1.495548217617740927e-01
1.496497266127417847e-01
1.499126348182258373e-01
1.500059303129874788e-01
1.500465690949704112e-01
1.501932656919573450e-01
1.502896581318271529e-01
1.504195127802453458e-01
1.505130518466972211e-01
1.506130985388564880e-01
1.509142048439530426e-01
1.509705444663828056e-01
1.510778295797188808e-01
1.511240309828667527e-01
1.514075556550475710e-01
1.514544447888542256e-01
1.515466175115217085e-01
1.517540380502727104e-01
1.518802964147171197e-01
1.519201907342301872e-01
1.519641421644648827e-01
1.521556035281590169e-01
1.522928417058906359e-01
1.523910082276233313e-01
1.525282931961512156e-01
1.526453097859144514e-01
1.526599755803137448e-01
1.527730406101230620e-01
1.528505601270213898e-01
1.529303527402680329e-01
1.530913727002674585e-01
1.532176310580816436e-01
1.532620482900740044e-01
1.535104242019625920e-01
1.536905716835191560e-01
1.538106468859311848e-01
1.538582557485330959e-01
1.540309739863149063e-01
1.542414104332850422e-01
1.544301674156248749e-01
1.546113002059285035e-01
1.546829799111459347e-01
1.548249563758752612e-01
1.549019037581214897e-01
1.549938633243434227e-01
1.551124448846165627e-01
1.551505766984376811e-01
1.553777537493651606e-01
1.555036698099814263e-01
1.556135562353986312e-01
1.558209845885905331e-01
1.558527381077027263e-01
1.559809673988110934e-01
1.560841890467842552e-01
1.562042966913865238e-01
1.562930054907183952e-01
1.564716233706545112e-01
1.565728490427597264e-01
1.568663881397540094e-01
1.570078964623002893e-01
1.570910920747206896e-01
1.572174433030243679e-01
1.573891717958417202e-01
1.574118635252502452e-01
1.574923205538775461e-01
1.575667147573763804e-01
1.577651806559488279e-01
1.578616342907804004e-01
1.579816699450492246e-01
1.581445802819331781e-01
1.581919355022793350e-01
1.583383411772053273e-01
1.584150481826154255e-01
1.585422348539338722e-01
1.585693938798075908e-01
1.586873442383631982e-01
1.587663224382776794e-01
1.588914070551733504e-01
1.589921778800649776e-01
1.591670096494836317e-01
1.591826908503571059e-01
1.593570398600392957e-01
1.595152726978122382e-01
1.596255347100831168e-01
1.596936449749358222e-01
1.598155274028058292e-01
1.599440039042163975e-01
1.600384573539263278e-01
1.602183439952304667e-01
1.602548023742784433e-01
1.604095268262573926e-01
1.604668012963985646e-01
1.606234089508958851e-01
1.607466762937564964e-01
1.608337844366479197e-01
1.609519880848301332e-01
1.610724618075907721e-01
1.611462907791560706e-01
1.612204293345364248e-01
1.615115787169774664e-01
1.615295874885340766e-01
1.616794682029693564e-01
1.618232980439786028e-01
1.618559936222783713e-01
1.620058745770727726e-01
1.620709221168196712e-01
1.622627684495258626e-01
1.623391923684680549e-01
1.624689569826952285e-01
1.626585135040403973e-01
1.627966842087103794e-01
1.628540733330522683e-01
1.629587795124214367e-01
1.631033820853767524e-01
1.631488339501665497e-01
1.632724809519097153e-01
1.634340734179565158e-01
1.635172377923115317e-01
1.637655495324024102e-01
1.638561942589431275e-01
1.640317483203055648e-01
1.641032308351926539e-01
1.641674676568308788e-01
1.643225851552977956e-01
1.644248874116328030e-01
1.645037244456389047e-01
1.646699994259909205e-01
1.647359970823019937e-01
1.649146760722583760e-01
1.649631405761632641e-01
1.651373261270490389e-01
1.652194718361595649e-01
1.652495282338739546e-01
1.653914261714629907e-01
1.654962024712601787e-01
1.655700599932338479e-01
1.656963669627791735e-01
1.658400616935402083e-01
1.661704059671098299e-01
1.662995025509277636e-01
1.664031079988012030e-01
1.664739896265074182e-01
1.666353080004963905e-01
1.668045965168616085e-01
1.669331059376878423e-01
1.670384470862587567e-01
1.671544021892730492e-01
1.673000339341782772e-01
1.673700025537236125e-01
1.673979925622558762e-01
1.676895446483810115e-01
1.677738568161801780e-01
1.678908334625199561e-01
1.679565594343556678e-01
1.680890562586690451e-01
1.681241891175798975e-01
1.682977152053574954e-01
1.684935005438683020e-01
1.685732312071561989e-01
1.688453751073357156e-01
1.689208002617354765e-01
1.690000807393172433e-01
1.692000745271365070e-01
1.693792364941619222e-01
1.694516305503992459e-01
1.695746199011832767e-01
1.697486861076810127e-01
1.698710613261189828e-01
1.701104475164270935e-01
1.701180419324537785e-01
1.703017378598146170e-01
1.704167904375265274e-01
1.705646538087877417e-01
1.706329023235941822e-01
1.708352866047260776e-01
1.709941632682018542e-01
1.710759319882430851e-01
1.711098218532298987e-01
1.712632183015853626e-01
1.713080290111813619e-01
1.714508785336731622e-01
1.716282968840223411e-01
1.717512525253959421e-01
1.718415741792672924e-01
1.718737676140352222e-01
1.720584000512892231e-01
1.721432452581238559e-01
1.723057947197047246e-01
1.723879507313585135e-01
1.725304007657541827e-01
1.726123955258440923e-01
1.726958436319268320e-01
1.727331593705343782e-01
1.729065253618299325e-01
1.730427171996170299e-01
1.732509993663357839e-01
1.733453572371583540e-01
1.734819427438187844e-01
1.736164288344269335e-01
1.736901871410029274e-01
1.737980447921641802e-01
1.739524749959305283e-01
1.741422180019269184e-01
1.741653150093639968e-01
1.741994271460525490e-01
1.743714950269679431e-01
1.746788915861609282e-01
1.747239453956307420e-01
1.748552893008688547e-01
1.749869104995306068e-01
1.750511383770498308e-01
1.751305705887443442e-01
1.752646701598236934e-01
1.753982112402058813e-01
1.755628058927510282e-01
1.756274663450822227e-01
1.756810249615501918e-01
1.758661321865787608e-01
1.760320240152333238e-01
1.761260306651116214e-01
1.761578946883402830e-01
1.763071207133458385e-01
1.764255932893120382e-01
1.765439760697694038e-01
1.765847711406489662e-01
1.767743398833158952e-01
1.768929106250627659e-01
1.769476738101909419e-01
1.771869880278627574e-01
1.774403359193740259e-01
1.774829343184639585e-01
1.775219507575033218e-01
1.777337468466790027e-01
1.777786805434715123e-01
1.780914895944095688e-01
1.781798363517873018e-01
1.783435625391089629e-01
1.784996736118517335e-01
1.786146544895845234e-01
1.787100309946393073e-01
1.788184214922457216e-01
1.788509106511446678e-01
1.789892178981061510e-01
1.791029579542363359e-01
1.792247864150398606e-01
1.792938359741242660e-01
1.794508728825426058e-01
1.795520682986195271e-01
1.796673732430275894e-01
1.798378432408838379e-01
1.799558283045024631e-01
1.801194293528253498e-01
1.801971204344578747e-01
1.802865944663731290e-01
1.804546002737729138e-01
1.805778100986654144e-01
1.807179764096791819e-01
1.807251067061327043e-01
1.808860781644464621e-01
1.810827262961866579e-01
1.812060153071946289e-01
1.812474024899537739e-01
1.813317349428944791e-01
1.815298958030152066e-01
1.816730556252710849e-01
1.818738529034355234e-01
1.819922477216534273e-01
1.821291429662221795e-01
1.822242793562615648e-01
1.825055976960810455e-01
1.826264691020329234e-01
1.827034705568951201e-01
1.827720349482892803e-01
1.829581807273399641e-01
1.830004694239967811e-01
1.830986121097666341e-01
1.834416166803951032e-01
1.834950699360339554e-01
1.836281921524614558e-01
1.836706091074850611e-01
1.838409433731545695e-01
1.839958596823649262e-01
1.841194019712022456e-01
1.842259967215533201e-01
1.843367928815861367e-01
1.844338677038405427e-01
1.845120336233108949e-01
1.845613771561028238e-01
1.847676602927303680e-01
1.848907200890443914e-01
1.849743103253897736e-01
1.851352921419195940e-01
1.853070602408191658e-01
1.854039881954151203e-01
1.855404535329964744e-01
1.856839559646655535e-01
1.859174162291205856e-01
1.859289524131346738e-01
1.861046532917655094e-01
1.863049794536848214e-01
1.864694156531491731e-01
1.866264024323700532e-01
1.867233763297599658e-01
1.867936722639450542e-01
1.870260395500594752e-01
1.871001800202642396e-01
1.872542568217025749e-01
1.874305033673813459e-01
1.874863875545028369e-01
1.877398143078120862e-01
1.877961504135851889e-01
1.878628865639042911e-01
1.879759950929002221e-01
1.881549594102032708e-01
1.882995674052189428e-01
1.884851440356083985e-01
1.885494303882507550e-01
1.887356473669412338e-01
1.888977439328073937e-01
1.890600211300894062e-01
1.891475498206367789e-01
1.892570180521410128e-01
1.893679782157200731e-01
1.893755021283586581e-01
1.896696201643106039e-01
1.897523946781623227e-01
1.898277561495051169e-01
1.899270574130186851e-01
1.900718064365005677e-01
1.902992954638621503e-01
1.904518047851267160e-01
1.906602237787926313e-01
1.908161550656942984e-01
1.908333640918463692e-01
1.909998002567908915e-01
1.910684397755820496e-01
1.912246026242317709e-01
1.913901453396537056e-01
1.914900046980796411e-01
1.916220776603882459e-01
1.918457162687583484e-01
1.918946073960226539e-01
1.921544074846479044e-01
1.922412795602031210e-01
1.924075777861461445e-01
1.925292649799198175e-01
1.925994015194054387e-01
1.926964792618012512e-01
1.928809969696512749e-01
1.930590184067568771e-01
1.931600774565422063e-01
1.932118846021926295e-01
1.934858320930220310e-01
1.936421116849261215e-01
1.936986595956932122e-01
1.938014056770531457e-01
1.939197038980557120e-01
1.940564773858331482e-01
1.941399563618674551e-01
1.943693166229933100e-01
1.947062021189203962e-01
1.947450866705836559e-01
1.948960304195453130e-01
1.950782812814060851e-01
1.953425650889320520e-01
1.953926332784434727e-01
1.955575748779890544e-01
1.956200212276029415e-01
1.957541300076089397e-01
1.961028685065386301e-01
1.961272008210356854e-01
1.962323509232939966e-01
1.963488530409923660e-01
1.965355595412689171e-01
1.966266211019333798e-01
1.967688759461366788e-01
1.968709749972407386e-01
1.971166406814071348e-01
1.972561278024547449e-01
1.974387842128212112e-01
1.976906259017416345e-01
1.977270463051885030e-01
1.978679910963673239e-01
1.979609092398152692e-01
1.981631098767263066e-01
1.982756898895891573e-01
1.984566397239145019e-01
1.986442412360976406e-01
1.986762825693316470e-01
1.988066090745004844e-01
1.990573409876182920e-01
1.992291926833328897e-01
1.994788687468667387e-01
1.995541705545671729e-01
1.996818774960383847e-01
1.997446712295016524e-01
2.000078706496380698e-01
2.002658856481669969e-01
2.003317005541374596e-01
2.004342431785041678e-01
2.007235790906436723e-01
2.008872127534777619e-01
2.010371001868645757e-01
2.011848546949242533e-01
2.014129311065477601e-01
2.014776939584941307e-01
2.016130627503698036e-01
2.017223710692661320e-01
2.019267243592758332e-01
2.020424604906346788e-01
2.022460009195064246e-01
2.022935105690785995e-01
2.023334407497701104e-01
2.025903051543759825e-01
2.026754615144611416e-01
2.027715017694270705e-01
2.028445269686426633e-01
2.029916406566669718e-01
2.033015303544556118e-01
2.034096439477778850e-01
2.036082596440981218e-01
2.038774376159654955e-01
2.040144800157276672e-01
2.040708525119898920e-01
2.041719848671007531e-01
2.043399946176263360e-01
2.044541729642753436e-01
2.045798365144107234e-01
2.046725674773319237e-01
2.049206806462987585e-01
2.051146671292889412e-01
2.053357162152038562e-01
2.055152949805297280e-01
2.055680364898131440e-01
2.057116601889225627e-01
2.057564990944058814e-01
2.059717832413235639e-01
2.059988043495638299e-01
2.062196829585248581e-01
2.063691904486791018e-01
2.066200119526928614e-01
2.067168344569777494e-01
2.070523593339690660e-01
2.072542744523743763e-01
2.075289690733290726e-01
2.076166791831580427e-01
2.077536662952716717e-01
2.079354554868684257e-01
2.080336552547616957e-01
2.080904366317200271e-01
2.082757678348498565e-01
2.086027540083720266e-01
2.087109096586191592e-01
2.087683042493403696e-01
2.089234092242499841e-01
2.090632984470130462e-01
2.092645887087531964e-01
2.093350371893134276e-01
2.095749268317331493e-01
2.097281116664805878e-01
2.098703502331464021e-01
2.100276004980462241e-01
2.101719365603465506e-01
2.104380587624510301e-01
2.104807697841283021e-01
2.108340605896682762e-01
2.109053182874319754e-01
2.110800139383803564e-01
2.112088608233926301e-01
2.112377604847288093e-01
2.114289349737099588e-01
2.114888732686624473e-01
2.117297211312831329e-01
2.119946057639331971e-01
2.120356372844228177e-01
2.122168043326302933e-01
2.122382540710908427e-01
2.123936431358865173e-01
2.124464100760504737e-01
2.125246447185868970e-01
2.128663444120096337e-01
2.130165282865104925e-01
2.130662209982262800e-01
2.133460448994622949e-01
2.135291114379854749e-01
2.136078336842639203e-01
2.138471350621847233e-01
2.138734371472322260e-01
2.142624342148632122e-01
2.143566986666362861e-01
2.145455125262414886e-01
2.146241267260376451e-01
2.147843718994383588e-01
2.150441800195991571e-01
2.151104873846259313e-01
2.153746095210273548e-01
2.155162635988273345e-01
2.156534992056102495e-01
2.159620823915744392e-01
2.161177558612513983e-01
2.162853121211268104e-01
2.164434507092709570e-01
2.165764702514051954e-01
2.166200610908582125e-01
2.169496256313987737e-01
2.170969853424954965e-01
2.171640710551940856e-01
2.173756753570050271e-01
2.174771594370593364e-01
2.177655628803822629e-01
2.179728569383303505e-01
2.181608755596043669e-01
2.183941550540753618e-01
2.184976411491826587e-01
2.186874665320730216e-01
2.188069182814417202e-01
2.190309810505750576e-01
2.190730331852592250e-01
2.191953892418284366e-01
2.192724662397942115e-01
2.194244594977459717e-01
2.196341885418969520e-01
2.196928659331416067e-01
2.198657000166929498e-01
2.200560443313642478e-01
2.202992453841995379e-01
2.206278423558779012e-01
2.207894455490389818e-01
2.209287258323532066e-01
2.211052004691207995e-01
2.212321670734084256e-01
2.213656064448510097e-01
2.214587126434967301e-01
2.218408882793851400e-01
2.221595067767868359e-01
2.222198679556539880e-01
2.225264661195948401e-01
2.226222163752807071e-01
2.228499946247287644e-01
2.229917079465751628e-01
2.230038912754233882e-01
2.232422985694899054e-01
2.232695345029444278e-01
2.235610731445887567e-01
2.236760382917963030e-01
2.237433520673172971e-01
2.238625748985048070e-01
2.239660111468816661e-01
2.242033949938568582e-01
2.242817554225063070e-01
2.244560784258361752e-01
2.246737396287500632e-01
2.247256569847848606e-01
2.249385844359667319e-01
2.251670938706602509e-01
2.252904747899192872e-01
2.254589528988098224e-01
2.255582712029028658e-01
2.257592211222247958e-01
2.260072427838758224e-01
2.260941302514504758e-01
2.262617439778461803e-01
2.264463246089825632e-01
2.265396310645429179e-01
2.266365834461175621e-01
2.269428519572783964e-01
2.270128193654989690e-01
2.271726549564521136e-01
2.275196092489333854e-01
2.277604738230626924e-01
2.279106737524798365e-01
2.280204939796605101e-01
2.281729554621102773e-01
2.282169365605963285e-01
2.285609935110077262e-01
2.286754411780405616e-01
2.289124634506256306e-01
2.290843719089553088e-01
2.292261106328810638e-01
2.292964605439047898e-01
2.294010042931537152e-01
2.296600450596531229e-01
2.296948679268659421e-01
2.297653772003903083e-01
2.299719832972456357e-01
2.301975816613554826e-01
2.303425747805183388e-01
2.305102765904408768e-01
2.306993141956147353e-01
2.309892175466358444e-01
2.311779174732533637e-01
2.313099359970630653e-01
2.314018014997007155e-01
2.315995987983122395e-01
2.318534542510866103e-01
2.320217782867013134e-01
2.321262612483881715e-01
2.325079283980551470e-01
2.325747242675432480e-01
2.329089708847267015e-01
2.330326356022468515e-01
2.330471832874869698e-01
2.332247611193616343e-01
2.333176386815883352e-01
2.338489988796248753e-01
2.339522409886834742e-01
2.341549424960716608e-01
2.342414583889498858e-01
2.344643309074944670e-01
2.346838177469490472e-01
2.348477164843840448e-01
2.348641504718566031e-01
2.352319154849640548e-01
2.353862044948252241e-01
2.355747917051886353e-01
2.357471847674582066e-01
2.359688133722603331e-01
2.361338823180904323e-01
2.363262462156700272e-01
2.364595927886451177e-01
2.366219486581511156e-01
2.366619634606690337e-01
2.368302209536579106e-01
2.370373030566428896e-01
2.373637705604698389e-01
2.376200753788871856e-01
2.379074530463216597e-01
2.380108214878835227e-01
2.381612211457195538e-01
2.384150217383527171e-01
2.385669158488468999e-01
2.386493948356247230e-01
2.387723793174447717e-01
2.390681875167235682e-01
2.390935846855390678e-01
2.393781680190594785e-01
2.395699992432439307e-01
2.397220612440832954e-01
2.400043757645880793e-01
2.400887952293888072e-01
2.402257007853863813e-01
2.402581476234154079e-01
2.405012603051620845e-01
2.405883700354848331e-01
2.407565521981164802e-01
2.411879709787544401e-01
2.413458476280618548e-01
2.415509528482344126e-01
2.418221349311900636e-01
2.421384097221191412e-01
2.423758394882061240e-01
2.424477578637082853e-01
2.425638926644307913e-01
2.427612419410058175e-01
2.429365173005546552e-01
2.433855574287990542e-01
2.436404878738640534e-01
2.436609548890536769e-01
2.438839872204017767e-01
2.439488768240783145e-01
2.441483384164749859e-01
2.443886338562425153e-01
2.446137631019194292e-01
2.447418916683020973e-01
2.449355482784353888e-01
2.450803511922436950e-01
2.451980064391036662e-01
2.454461028857440053e-01
2.457898187796754841e-01
2.460429382858652925e-01
2.460896454826790869e-01
2.463647149851206364e-01
2.464263254107449397e-01
2.468082058681296820e-01
2.469167440169204308e-01
2.471903679533818399e-01
2.472091854482269813e-01
2.473260738586406382e-01
2.475609969442976455e-01
2.478295323685428542e-01
2.479486290488776279e-01
2.481660669290184085e-01
2.482798975309382927e-01
2.484940448209370656e-01
2.486069771263050010e-01
2.488095897895075126e-01
2.489717673561452627e-01
2.491465476529195755e-01
2.493060103432929164e-01
2.494720368548595246e-01
2.499065828615249507e-01
2.501375734496690262e-01
2.502183356333641528e-01
2.504047429629390198e-01
2.504552358440860216e-01
2.507720312763146442e-01
2.510426475002375257e-01
2.512066554757675374e-01
2.514022272233621957e-01
2.516297378517675098e-01
2.519538314079598496e-01
2.520907580279365678e-01
2.523837603928021367e-01
2.524866445449495123e-01
2.527279256279600927e-01
2.528287843410822466e-01
2.530903143167136937e-01
2.532821818169935235e-01
2.536481739573230310e-01
2.537269164558904055e-01
2.538268680209688211e-01
2.538731294931735882e-01
2.543214152436341635e-01
2.544078078746486171e-01
2.546243069221845179e-01
2.546898828214100297e-01
2.549085746368794925e-01
2.549896431519361184e-01
2.551505671158758037e-01
2.554880274968475695e-01
2.556561115962350250e-01
2.557031045529770119e-01
2.560773080847050798e-01
2.561179556778014899e-01
2.563890162694470454e-01
2.564773692522155368e-01
2.567709521308780829e-01
2.568228995483082255e-01
2.570455374783708891e-01
2.573185741623359446e-01
2.575407056755754653e-01
2.577214089807601249e-01
2.578062154917180604e-01
2.579001384469841174e-01
2.579300864250939074e-01
2.583023622634130212e-01
2.584200084897385619e-01
2.588157750671348789e-01
2.588316103845936800e-01
2.589723400168334466e-01
2.590807025064962854e-01
2.593366026974688876e-01
2.595924055744012193e-01
2.597086440716013800e-01
2.598750808044083538e-01
2.600644355095005356e-01
2.603357277740155351e-01
2.603485555127689199e-01
2.605779007152176918e-01
2.609626202534372497e-01
2.610213019405481782e-01
2.612463906932973035e-01
2.615222727558113025e-01
2.616971962881438074e-01
2.620972888610034190e-01
2.622124008297531672e-01
2.623921589586965530e-01
2.625570904230699054e-01
2.626359315126051142e-01
2.630515935895616497e-01
2.631115057667536838e-01
2.632125212050864249e-01
2.633227960327217398e-01
2.635577701726765087e-01
2.637094272797504413e-01
2.640594825938369916e-01
2.643249950587394648e-01
2.645569015918757816e-01
2.646926386262248299e-01
2.650473750888618363e-01
2.651610055305692049e-01
2.652058237632238802e-01
2.655964157962441008e-01
2.656536709264997742e-01
2.658478061485481936e-01
2.660658638203421966e-01
2.661853481601892946e-01
2.663808045092481702e-01
2.666024795577774942e-01
2.668254902473830015e-01
2.670493344375302058e-01
2.673050383096003957e-01
2.674137271526469406e-01
2.675768721675850226e-01
2.676192705562734919e-01
2.679300915186693666e-01
2.681701246894846458e-01
2.684934775747884750e-01
2.687080090511497765e-01
2.687817231433963228e-01
2.690693212768981990e-01
2.693234098417712219e-01
2.694124701233899244e-01
2.694973298386004190e-01
2.697897240386451512e-01
2.698485761647974601e-01
2.700679148018177433e-01
2.702193230145935043e-01
2.703202857306303830e-01
2.705840749276635648e-01
2.708146512882861900e-01
2.709174620521533905e-01
2.710259953935544308e-01
2.712400701835356309e-01
2.714327722077685690e-01
2.716807277007639576e-01
2.717399349551591348e-01
2.719987842654897903e-01
2.720723989313014735e-01
2.723768287515292430e-01
2.725768203788995758e-01
2.729978720030867834e-01
2.731876513980135424e-01
2.732586778326190347e-01
2.732800939035816001e-01
2.734286479963777827e-01
2.736807516380255212e-01
2.742156554460815632e-01
2.744081862977961750e-01
2.745347447255259699e-01
2.747361587850524201e-01
2.748943942260626550e-01
2.751723498710114679e-01
2.754450198643557668e-01
2.756187211119089930e-01
2.759573874486320744e-01
2.761150366703475911e-01
2.762111386875901187e-01
2.762877002744588695e-01
2.764383848626711382e-01
2.765533157191852887e-01
2.768424171951982538e-01
2.769555238019686949e-01
2.771685743662335444e-01
2.773656097915988550e-01
2.776131954313592054e-01
2.777491149935240045e-01
2.778135274621245654e-01
2.781254835161748873e-01
2.783478811183615620e-01
2.786703888245014582e-01
2.787582561676396065e-01
2.790083916019074350e-01
2.792382160406026159e-01
2.796479990274310379e-01
2.797592477134789868e-01
2.799123965956112903e-01
2.799762719008564993e-01
2.802776856971110342e-01
2.805801893852412077e-01
2.807100480528618158e-01
2.809719792017338347e-01
2.811290379831910546e-01
2.813523882236406148e-01
2.816426553580814729e-01
2.817851822481801105e-01
2.819917357699357474e-01
2.820315457914155388e-01
2.822755753060027795e-01
2.824278190992878801e-01
2.826785921777469346e-01
2.828280694262670369e-01
2.831695270375939044e-01
2.832319487394378554e-01
2.837113628338110982e-01
2.837954757833023867e-01
2.841124422670106564e-01
2.843069181377880783e-01
2.843969351750407770e-01
2.846331610043801308e-01
2.848004515744808618e-01
2.850402776528566662e-01
2.851465985648686807e-01
2.854157850065702218e-01
2.858333209443840728e-01
2.859153735612058322e-01
2.860733009343011113e-01
2.862824506398395363e-01
2.863932434482801548e-01
2.866522858157644627e-01
2.867311320297920574e-01
2.871364005623133209e-01
2.873008309106421798e-01
2.874492255699957477e-01
2.875533490557311000e-01
2.877781793836874935e-01
2.881733281323671791e-01
2.884065131338255372e-01
2.886876391245804530e-01
2.888288705859226035e-01
2.890023632285931843e-01
2.892039277883665105e-01
2.892764927174779066e-01
2.895333579871434138e-01
2.896916412201699376e-01
2.900325800778585372e-01
2.902180133027399411e-01
2.903310375670703491e-01
2.904483993320053914e-01
2.906219425890159136e-01
2.909428123245487718e-01
2.911311669877221231e-01
2.912922820571977600e-01
2.916522380278924742e-01
2.917998257402034668e-01
2.920440921769578702e-01
2.922208377377449873e-01
2.922768854885570700e-01
2.925331904985606912e-01
2.927881600166709619e-01
2.928730613915890291e-01
2.932604822731368910e-01
2.934041276622753047e-01
2.934765176211868720e-01
2.935190814541043802e-01
2.940890179687901118e-01
2.941029325371880554e-01
2.943364412616175096e-01
2.945394867501328617e-01
2.946734192181091339e-01
2.947859703593335157e-01
2.950517771712696247e-01
2.951240112908311564e-01
2.955095691153071247e-01
2.956958316699409006e-01
2.958208234634358558e-01
2.959230800639868764e-01
2.962309173516034511e-01
2.964208220084802448e-01
2.965767048659693761e-01
2.968627905347427376e-01
2.970756639887644490e-01
2.970833522029849294e-01
2.973257846822149886e-01
2.975832398175614624e-01
2.976549574776035101e-01
2.978781137584069483e-01
2.979653781070718543e-01
2.982125574302252335e-01
2.983026360846047775e-01
2.983537921586523201e-01
2.985455302785674503e-01
2.988036377153888701e-01
2.988355670815699416e-01
2.991758441215522923e-01
2.995938759224746617e-01
2.998045880108520245e-01
2.999797049280420458e-01
3.001457478346109542e-01
3.002173629446496239e-01
3.004989071319026372e-01
3.005440163859087188e-01
3.010442736208197023e-01
3.012022028734546719e-01
3.012338511699305110e-01
3.015449883267442566e-01
3.016905159483702636e-01
3.019208359264275443e-01
3.020053133957272262e-01
3.021650198727238723e-01
3.024834060718998852e-01
3.025408396149840695e-01
3.028143123823378025e-01
3.029145070214318003e-01
3.030732936417234180e-01
3.032673081492291978e-01
3.034056972000249153e-01
3.036085293898970194e-01
3.040043421400428492e-01
3.041257726877937828e-01
3.043689540104035918e-01
3.045121596692612620e-01
3.045975943454486412e-01
3.049297578341829684e-01
3.050480139687943848e-01
3.054973133453486311e-01
3.056094618392314888e-01
3.057580361108266920e-01
3.060169241313230870e-01
3.062154007565676128e-01
3.063107106852828720e-01
3.063589823389366029e-01
3.066970744126280013e-01
3.068779278895908957e-01
3.071365152777361662e-01
3.072946526707334702e-01
3.073707471000272640e-01
3.074598017721541510e-01
3.075425838677243173e-01
3.078218105654728087e-01
3.080803398689016537e-01
3.083472990788543866e-01
3.084055432027677512e-01
3.086273345290630465e-01
3.089604350249749998e-01
3.091602254881041234e-01
3.092535866929546073e-01
3.094084557897517351e-01
3.095184840914987356e-01
3.098082897052660267e-01
3.100496882145199473e-01
3.103781700435492841e-01
3.105005908893648803e-01
3.107244474523558342e-01
3.109503343383075991e-01
3.111328039676096724e-01
3.114923236440159671e-01
3.115391150457896829e-01
3.116318531272836423e-01
3.120222902321102554e-01
3.121710107726646810e-01
3.122678909095577549e-01
3.124417752393052750e-01
3.126073396707801932e-01
3.126478021256202666e-01
3.129028371253361751e-01
3.131776642852645565e-01
3.134969211330527750e-01
3.136610097248543338e-01
3.137669276905368787e-01
3.140122656662167611e-01
3.140769375757053172e-01
3.141821317257912916e-01
3.147381063774899457e-01
3.148495616938981612e-01
3.149888331573868494e-01
3.152633948093244709e-01
3.156497238652938297e-01
3.157491717998633929e-01
3.157897737147223882e-01
3.160655583292719117e-01
3.161160949688969213e-01
3.162708072902440382e-01
3.164920792116799331e-01
3.166856509089226446e-01
3.170420153673087493e-01
3.170937886506701719e-01
3.173364814556200453e-01
3.175695844463857220e-01
3.177268879210079500e-01
3.179271028583673941e-01
3.180528703121575651e-01
3.182601395929589017e-01
3.183675011045921099e-01
3.186402965914640895e-01
3.187206089673355058e-01
3.188245198597449148e-01
3.189851808144352763e-01
3.192223842971024239e-01
3.194225846741356456e-01
3.198169918506171272e-01
3.199653222888554915e-01
3.200183341968804718e-01
3.203934350573999779e-01
3.206632906321116305e-01
3.207020853351383316e-01
3.209204284233719839e-01
3.210182766269677468e-01
3.211981784308417520e-01
3.214861908141962155e-01
3.218767286131904992e-01
3.220065454499130841e-01
3.221822804117737693e-01
3.223577854228584783e-01
3.225424690881451006e-01
3.226127365893416421e-01
3.227784943425570097e-01
3.229756845950301769e-01
3.231696411568096283e-01
3.234156281060964200e-01
3.236544750802800574e-01
3.239728013972814624e-01
3.240032885834580045e-01
3.240823174020056041e-01
3.242732482442951536e-01
3.245891978108517706e-01
3.247426552614638973e-01
3.249144058054042050e-01
3.250712371786416144e-01
3.253820389976218586e-01
3.254665700789471927e-01
3.258703529950247590e-01
3.261073983615708771e-01
3.261667745361191417e-01
3.263332722304466693e-01
3.265349919682433155e-01
3.268154840922570248e-01
3.270004827790716773e-01
3.271195469046970228e-01
3.273365209157641509e-01
3.274729146644808075e-01
3.275656790475122704e-01
3.278804871256529307e-01
3.281583499907447798e-01
3.282498202897528028e-01
3.284586646248915942e-01
3.287237287367184568e-01
3.289967024863229006e-01
3.291130831502785958e-01
3.294116660436568478e-01
3.295860004452736969e-01
3.296351368302433693e-01
3.298842690546284762e-01
3.300044307883420736e-01
3.303181917389455546e-01
3.303689147342741550e-01
3.305984910421910783e-01
3.309875590375450094e-01
3.311119143275370047e-01
3.312815791208429950e-01
3.315376617890725131e-01
3.316673416077243197e-01
3.318108115834107474e-01
3.319159052389496489e-01
3.321255439900933082e-01
3.324876089597254558e-01
3.327257747998020321e-01
3.327783465845046140e-01
3.329245915560152258e-01
3.333752973594582558e-01
3.334967205155194847e-01
3.336158204842693542e-01
3.338270333329246831e-01
3.340817838063561140e-01
3.342494411842052426e-01
3.344338791308990033e-01
3.345088574606301379e-01
3.348078088204507474e-01
3.350389628100193251e-01
3.352135235323197571e-01
3.352408427516073708e-01
3.354697515879908609e-01
3.358007246128441592e-01
3.360059402173231069e-01
3.361705338647988373e-01
3.364329275935125652e-01
3.366039660389831267e-01
3.367284510830315103e-01
3.370840183000941570e-01
3.373255547480434324e-01
3.374367446158726414e-01
3.376211200279937708e-01
3.377433091492131334e-01
3.378350540678327074e-01
3.379829274837835573e-01
3.382093624117312736e-01
3.384581264450783333e-01
3.386498626480386465e-01
3.388369180647780587e-01
3.392099792970505456e-01
3.393533777057504697e-01
3.394496252076362186e-01
3.396357335863239291e-01
3.397999887673425756e-01
3.398803775489293577e-01
3.401808646527459956e-01
3.405284760106247477e-01
3.406907082451263724e-01
3.408337777274264013e-01
3.409729911353774345e-01
3.413382754324467139e-01
3.413448862723105770e-01
3.416615307971284099e-01
3.417124406771422929e-01
3.419222931969270185e-01
3.421108878957505040e-01
3.423350800005305339e-01
3.424884049554413612e-01
3.427995105748859461e-01
3.430191183744732975e-01
3.432984012593101597e-01
3.433397677783527890e-01
3.435926782314220329e-01
3.436948908656762280e-01
3.441215735076016413e-01
3.442743962441149885e-01
3.442903111941864602e-01
3.442920203740823526e-01
3.446728413388953083e-01
3.447989928395187031e-01
3.451569083249042547e-01
3.453102319905920203e-01
3.453774046345349236e-01
3.455195263937095307e-01
3.457769614057492613e-01
3.461087718509671673e-01
3.461853476527528839e-01
3.463820986457327722e-01
3.464833483774359957e-01
3.467883022384307679e-01
3.468740195119452419e-01
3.469403581143961635e-01
3.472163126558370227e-01
3.472508857232807222e-01
3.477019236858112095e-01
3.478378787764164204e-01
3.478532293712450763e-01
3.481423880319529651e-01
3.482802834497887301e-01
3.484841314670212853e-01
3.487805957007190094e-01
3.489182257681813781e-01
3.490262067181444383e-01
3.494746487142634805e-01
3.496284072942646981e-01
3.497355417762240681e-01
3.501525044361598615e-01
3.502737613392445382e-01
3.506449847974083545e-01
3.507144839013420223e-01
3.510330375655833501e-01
3.511767559947785444e-01
3.513547836490616416e-01
3.516882822665659547e-01
3.519015072429714786e-01
3.521684511709785026e-01
3.522626963122811317e-01
3.524735931386073773e-01
3.527186053677138222e-01
3.527620516563512720e-01
3.529480674380146010e-01
3.530632535864949850e-01
3.534497841400640050e-01
3.535770728102156091e-01
3.535999653958701305e-01
3.538129398974331763e-01
3.539242203169973844e-01
3.544082997964239090e-01
3.546722204627745789e-01
3.548920275026503091e-01
3.549430262370684708e-01
3.549967265229637126e-01
3.551971685310445492e-01
3.552912509824776577e-01
3.555912621564178422e-01
3.558050446203620543e-01
3.559477796877867917e-01
3.561733008716080340e-01
3.565452727470759253e-01
3.565856811403940729e-01
3.566670980833306359e-01
3.569568179320710688e-01
3.569853674350655925e-01
3.573278505272164396e-01
3.575671586307195282e-01
3.577612550906316136e-01
3.578934931121023899e-01
3.579921936941899419e-01
3.583180644197228037e-01
3.585784792483756034e-01
3.587943611299452273e-01
3.589691444766530126e-01
3.590822516271558462e-01
3.593436682627856316e-01
3.595772321880212896e-01
3.598513573165602053e-01
3.599586256960669028e-01
3.600029974941807986e-01
3.602860421336419594e-01
3.605137815500491505e-01
3.606479757350473103e-01
3.608313469013579300e-01
3.609123821746275107e-01
3.613591389520728892e-01
3.615312828194692796e-01
3.616863778611575930e-01
3.618128054549035189e-01
3.620119656108020667e-01
3.621075490817646791e-01
3.623789130918753654e-01
3.625745896358656406e-01
3.627848490985232655e-01
3.628864366294497490e-01
3.632443272520751165e-01
3.634772642953589816e-01
3.636768840470049891e-01
3.637355233605809590e-01
3.638978818046811337e-01
3.639612894004886634e-01
3.643653623912785355e-01
3.647875405387240866e-01
3.650246026171851677e-01
3.651283573483205536e-01
3.653667092887932788e-01
3.654936914501745737e-01
3.656579079168039148e-01
3.657947873423968432e-01
3.660089180445891266e-01
3.664515271488759107e-01
3.665600424653832623e-01
3.667997157692353127e-01
3.670319396900912912e-01
3.671860984670020644e-01
3.676369089921546207e-01
3.676640612832274280e-01
3.679231050293796934e-01
3.681455275298246566e-01
3.682367804906854780e-01
3.686156921776138629e-01
3.687115592778665851e-01
3.687614262796487519e-01
3.688577079925290381e-01
3.690957264401314442e-01
3.693733863019718067e-01
3.695945796233362501e-01
3.697262106866102127e-01
3.700133582652478936e-01
3.701851692870412047e-01
3.703248634119132299e-01
3.704044803818579701e-01
3.707428083463935597e-01
3.709134969219279321e-01
3.709700796122503141e-01
3.712684262005415126e-01
3.716440285828405132e-01
3.718329839560952088e-01
3.720397211033625307e-01
3.721716972309745963e-01
3.722607629579589017e-01
3.723895896710444076e-01
3.725201350668420064e-01
3.729520829713802166e-01
3.731555910166067802e-01
3.733550486383002687e-01
3.736047223576777765e-01
3.736387778008921079e-01
3.738099897090121360e-01
3.739996310521504497e-01
3.742146593483155481e-01
3.745085981976729039e-01
3.747140846363857802e-01
3.749518842085280967e-01
3.751660084952815333e-01
3.753468662040276849e-01
3.754954527367649342e-01
3.756926260172540610e-01
3.758183865865749040e-01
3.761019430384609508e-01
3.763040165048173735e-01
3.768962195105148849e-01
3.769259793495290944e-01
3.771175396961182202e-01
3.772488717161252558e-01
3.775039252001212708e-01
3.777148934467854380e-01
3.777950814273821623e-01
3.780077802697281997e-01
3.781463719275739988e-01
3.782563036050913263e-01
3.783044629731141528e-01
3.786158572580439197e-01
3.788744518991058463e-01
3.792825035572583992e-01
3.794471195814494435e-01
3.796235855319055053e-01
3.797500816853803807e-01
3.799114476605375268e-01
3.800761551087650236e-01
3.802899058769942386e-01
3.804727976694861069e-01
3.807033167689224396e-01
3.809608896003539025e-01
3.810191511404017461e-01
3.812205263833914337e-01
3.814067083602773467e-01
3.817089529493288280e-01
3.818257918647210980e-01
3.819810396297299016e-01
3.822999006112600129e-01
3.824520284502553880e-01
3.825473093829124815e-01
3.826568586819353301e-01
3.830622826347097054e-01
3.831887602393944658e-01
3.835222808138561978e-01
3.836458398792063074e-01
3.838680318161927785e-01
3.839666612432848791e-01
3.840633192782019756e-01
3.845517607888581657e-01
3.847558750605175049e-01
3.848235653567674275e-01
3.848666140266426283e-01
3.850634476332505662e-01
3.852247387188612038e-01
3.853262749708090684e-01
3.857392214168096634e-01
3.857936552052807500e-01
3.860028799676502032e-01
3.862436241479685339e-01
3.863477957994652656e-01
3.864019677109785667e-01
3.865986379823970198e-01
3.869108837919590926e-01
3.870848551628336409e-01
3.875314778413277983e-01
3.876781906580488712e-01
3.877763273250407483e-01
3.880121320392915796e-01
3.881491059531283483e-01
3.881736151896604259e-01
3.882727813712317233e-01
3.884837848488584267e-01
3.887511002644020164e-01
3.889330936436848352e-01
3.891050271622245038e-01
3.892559933667973926e-01
3.895861143260034298e-01
3.897162465857310631e-01
3.900768379192894320e-01
3.901304602039214475e-01
3.903503225613061400e-01
3.906336996613162249e-01
3.908982072565145849e-01
3.910230298373224000e-01
3.912511823497447638e-01
3.914588995493376022e-01
3.915551145930203925e-01
3.918078086680250594e-01
3.921630706777523012e-01
3.922763286566247620e-01
3.924354150806661501e-01
3.924501471067113889e-01
3.927216424526063787e-01
3.929640939391740306e-01
3.931057788904746553e-01
3.935783770935770143e-01
3.937913935032913426e-01
3.939397093851195741e-01
3.940640334498063946e-01
3.944335274497719479e-01
3.944716904248681821e-01
3.946321786364511697e-01
3.947429622610293398e-01
3.950495557269991798e-01
3.953157357621563395e-01
3.954152180103275849e-01
3.956878849243420926e-01
3.957609649630965953e-01
3.960037104264811370e-01
3.962317236924989272e-01
3.965593956408384191e-01
3.967203362678809464e-01
3.968735717657492779e-01
3.970365362003095422e-01
3.970605286223510277e-01
3.973414670344835864e-01
3.976218371768355242e-01
3.980197167426646754e-01
3.980723940479132805e-01
3.983561309408508722e-01
3.986097606590854880e-01
3.988149332645039014e-01
3.991115967195801861e-01
3.991474179403428080e-01
3.995247697788033570e-01
3.996487634735872430e-01
3.997470079548689492e-01
4.000479861910279933e-01
4.002198026596622826e-01
4.003569696946716050e-01
4.005081170797015755e-01
4.006085550643141424e-01
4.009679822591338261e-01
4.010680964083634947e-01
4.013867568221511362e-01
4.015766603351085262e-01
4.017700502310825317e-01
4.018912502252116603e-01
4.020930799477447914e-01
4.023014459850259850e-01
4.024559335622125977e-01
4.028043095312811572e-01
4.031144905097581166e-01
4.033763848279174336e-01
4.035437248822222878e-01
4.037066405042675221e-01
4.039588881366040773e-01
4.042143998272247352e-01
4.044151806233939883e-01
4.046976470427572914e-01
4.047996086197003796e-01
4.048882857489042864e-01
4.051544288081135314e-01
4.052124661189570043e-01
4.053769169113199955e-01
4.055831643294074418e-01
4.057833081930811714e-01
4.060677156764119222e-01
4.062174755053570840e-01
4.064221614040879338e-01
4.066972683443751957e-01
4.069516993853655729e-01
4.071716061626938221e-01
4.075297618122298293e-01
4.075428863202792407e-01
4.078123269521795047e-01
4.079816907519653868e-01
4.082372926840208138e-01
4.083785875728541126e-01
4.086363002695792002e-01
4.086778267622024341e-01
4.091081696972825310e-01
4.093250884878888995e-01
4.094627406238599554e-01
4.095994389536517510e-01
4.098825700735744260e-01
4.099534254714319870e-01
4.101403631945751416e-01
4.102283898737021373e-01
4.104478509633669447e-01
4.106846521205284040e-01
4.108704263921986732e-01
4.111436977811736004e-01
4.113415205588814572e-01
4.114564871449834516e-01
4.115281535615552544e-01
4.120806353364642738e-01
4.122047423112530917e-01
4.122411421589041169e-01
4.127098693484123615e-01
4.129219686817988122e-01
4.129964641732155606e-01
4.132127754223033911e-01
4.133345341107672044e-01
4.136059972146652886e-01
4.136745636659128755e-01
4.140313003165592698e-01
4.141901247531495356e-01
4.146180607493588077e-01
4.147235353382650036e-01
4.150057459514921443e-01
4.152045675907502509e-01
4.155665707838936407e-01
4.156062786395713360e-01
4.156844888063108701e-01
4.160324647756604155e-01
4.160741677089573320e-01
4.164275555204990931e-01
4.167089966083266650e-01
4.167966473381997661e-01
4.171389234476280961e-01
4.172802166140344715e-01
4.173428365922668970e-01
4.175716180428715174e-01
4.178334926488060375e-01
4.180989945156841636e-01
4.184903668203666105e-01
4.185942615006503775e-01
4.187390485297693421e-01
4.188877320383178060e-01
4.193411732002324532e-01
4.194782817468856728e-01
4.195959880140852083e-01
4.197069889377798013e-01
4.199063894342948688e-01
4.200551463774175320e-01
4.203822557797280979e-01
4.204248561309761878e-01
4.208535290807527418e-01
4.209415751355344848e-01
4.210197580743753054e-01
4.211742963132315554e-01
4.213200820671926805e-01
4.215767304712237928e-01
4.219270197116979926e-01
4.221049506262273265e-01
4.222351928485503225e-01
4.224889164323528123e-01
4.226377662532818658e-01
4.226711399237726430e-01
4.229663777325569085e-01
4.231128333597107272e-01
4.235173764436570565e-01
4.235462970376129288e-01
4.236850326528732169e-01
4.240206821964020989e-01
4.241869050376200212e-01
4.245418121160038361e-01
4.248207874510096516e-01
4.249669477562840747e-01
4.253082532765524171e-01
4.254770968128588349e-01
4.257041790060950848e-01
4.257978492538921911e-01
4.261227039875414846e-01
4.264411574330729260e-01
4.265884651924420901e-01
4.267256667952173399e-01
4.269338250919102462e-01
4.272516534722354820e-01
4.273088434371501987e-01
4.275319284632786432e-01
4.279095187188013405e-01
4.281210327937490234e-01
4.282575563146366338e-01
4.284404231201833224e-01
4.285988946567539370e-01
4.288021468290509342e-01
4.289794954690864803e-01
4.291674913334841412e-01
4.293206940788017456e-01
4.297969750148980528e-01
4.299509361146049979e-01
4.301829849320218946e-01
4.303047177272412704e-01
4.303722609116593101e-01
4.306558688453058781e-01
4.307979298601333773e-01
4.309029239696138269e-01
4.310081615354467433e-01
4.314408496255675018e-01
4.317222441017227741e-01
4.319419184560104874e-01
4.320606889081854973e-01
4.325443747806202999e-01
4.325913899900769022e-01
4.327629456965459975e-01
4.329855464650009811e-01
4.331601282655467844e-01
4.335133885755650951e-01
4.336163810878744251e-01
4.338282486456607190e-01
4.339566872601567926e-01
4.342565467048955519e-01
4.343623932372939200e-01
4.345111609088128657e-01
4.346316295795450424e-01
4.347728161569341387e-01
4.349722331015959398e-01
4.353927686098491567e-01
4.355141780777000982e-01
4.357239874981319594e-01
4.361170067713635579e-01
4.361466244140151938e-01
4.362247783536626344e-01
4.365906536819144090e-01
4.366532964172509246e-01
4.370953568485272389e-01
4.374272237075675362e-01
4.377036937348616208e-01
4.379173520156347532e-01
4.382471881035606143e-01
4.386202092486101711e-01
4.387757776391115749e-01
4.387916890822888272e-01
4.389135478669344281e-01
4.392440805330583009e-01
4.394000485136700940e-01
4.397084022987898799e-01
4.399475048510605446e-01
4.402139473208283027e-01
4.402908715097450520e-01
4.405299609911211278e-01
4.407912957079482830e-01
4.411360942196330681e-01
4.412504990329064181e-01
4.415547592820897593e-01
4.416142515828839765e-01
4.419840971863885359e-01
4.421571630072346770e-01
4.424929014368991220e-01
4.427215345986985073e-01
4.429314584185499726e-01
4.430307060665154006e-01
4.434559468411353178e-01
4.436157837689997940e-01
4.438528736310778378e-01
4.440519383466631220e-01
4.443312555364293814e-01
4.445096640808556820e-01
4.447111718481242537e-01
4.447912072378185089e-01
4.449949368196630672e-01
4.453781833011021818e-01
4.454184742162536903e-01
4.455943153940026824e-01
4.458215227647436274e-01
4.459877496883838388e-01
4.463705667843365088e-01
4.466783931091583004e-01
4.468994728604901989e-01
4.470474883653365872e-01
4.474323122193188951e-01
4.475425503045288855e-01
4.476875739206536697e-01
4.479715349625101872e-01
4.482092013847572831e-01
4.483957750299226164e-01
4.484788933683099832e-01
4.488435450597554888e-01
4.489788284599284807e-01
4.491704705421576960e-01
4.492990573160349776e-01
4.495626604955779704e-01
4.499970595747065927e-01
4.500718174003536243e-01
4.504036209211135788e-01
4.504828240416244856e-01
4.508408420514614101e-01
4.509849240489300359e-01
4.513271689292410738e-01
4.514787506061544442e-01
4.515732070915645102e-01
4.517355553773022003e-01
4.520843175361431432e-01
4.523793895654379393e-01
4.525974541540487839e-01
4.526286613271271464e-01
4.530773622572155102e-01
4.531626202817830018e-01
4.533847315732236205e-01
4.535341334106262612e-01
4.539852203389296292e-01
4.541027323913970903e-01
4.541665642921596246e-01
4.543293259149534524e-01
4.548005473948407706e-01
4.550795260985880941e-01
4.553250448113906335e-01
4.554480485046016880e-01
4.559908844799946959e-01
4.561664290516681541e-01
4.563655212826469021e-01
4.565159543045350654e-01
4.565739052013395582e-01
4.569690679710639580e-01
4.570958886710549396e-01
4.577411685486953430e-01
4.578371168139258596e-01
4.580302030948933956e-01
4.581701361562969255e-01
4.584483070361458079e-01
4.586823543085229993e-01
4.587337684608487343e-01
4.591246951354843175e-01
4.594249753090141608e-01
4.594690742245485238e-01
4.598268529319745057e-01
4.601211445333845962e-01
4.603254070557701860e-01
4.605433649415375807e-01
4.606946821450280671e-01
4.608170003111920487e-01
4.609805587638897695e-01
4.615288181992918681e-01
4.616574175095338184e-01
4.617973005306106327e-01
4.622108431261282568e-01
4.623202193284395300e-01
4.625972879728787457e-01
4.626942026409459063e-01
4.629202043458791049e-01
4.634170178010148522e-01
4.636235469513159124e-01
4.637882745661299211e-01
4.638887276396853609e-01
4.642075676333121681e-01
4.646093046175336361e-01
4.646745013082344555e-01
4.648729809422514347e-01
4.651333298551683093e-01
4.653496202048220121e-01
4.656078277347694416e-01
4.658646108692839904e-01
4.659565137049066497e-01
4.663648025762396898e-01
4.665390587524419486e-01
4.666374488840852042e-01
4.668716811049817839e-01
4.669685890922272153e-01
4.675171895127374078e-01
4.676502851325507470e-01
4.677931533876990566e-01
4.680117215774190487e-01
4.681959377223097740e-01
4.685773435465606096e-01
4.692583453485755229e-01
4.695055508076373951e-01
4.695437993341017857e-01
4.698238360319320628e-01
4.699710141876882741e-01
4.700580787346121392e-01
4.704672235260435320e-01
4.705970495818729837e-01
4.709573929254313174e-01
4.712277267609733533e-01
4.716246868838151474e-01
4.718579238525279496e-01
4.721124480367345777e-01
4.722823676460478071e-01
4.725688291137667418e-01
4.727583860269652938e-01
4.730313544557734895e-01
4.732159559583260511e-01
4.735047460997326985e-01
4.737724875623191001e-01
4.739909339411114142e-01
4.741343288570720738e-01
4.742902619577334944e-01
4.744820773224642241e-01
4.746644198941282200e-01
4.750641685829016803e-01
4.754323087417143823e-01
4.757024463029157491e-01
4.757968737211024646e-01
4.763459584843049432e-01
4.765654329756647267e-01
4.766086339857644738e-01
4.768071840630704328e-01
4.770196987459223714e-01
4.771699258899563811e-01
4.774534508942845368e-01
4.777506555572828550e-01
4.779042442054275974e-01
4.780496584380687919e-01
4.781889840172772188e-01
4.783578275267543756e-01
4.787804780202055133e-01
4.789648618711936923e-01
4.790637795885493988e-01
4.796502288248376544e-01
4.797158671802908558e-01
4.797705413995561607e-01
4.802255020946853969e-01
4.804925403719833010e-01
4.807652896245768193e-01
4.809235966971765475e-01
4.812252833249054951e-01
4.816482844368865646e-01
4.817041881139650372e-01
4.820192126743180761e-01
4.822720202850099280e-01
4.824039738018822132e-01
4.828243132720999031e-01
4.831893951098469864e-01
4.836195096318892106e-01
4.837652531479212925e-01
4.839360987380559309e-01
4.843032123242165810e-01
4.844214440767678487e-01
4.845798599160278108e-01
4.849539310772295608e-01
4.852199963815859718e-01
4.852823885775275903e-01
4.854928261470317086e-01
4.855980123239717616e-01
4.857691589255023756e-01
4.861433765268868279e-01
4.865818047940601576e-01
4.868042319166832610e-01
4.869827349459707189e-01
4.871502464700306900e-01
4.875308372483492803e-01
4.876329668021277541e-01
4.879291528782342402e-01
4.881233757887127878e-01
4.884999187700312939e-01
4.887584002318009491e-01
4.890777269067176358e-01
4.895516503823030274e-01
4.895974600283429790e-01
4.896788615423131596e-01
4.899504064870620068e-01
4.900071908827209333e-01
4.902537593655664216e-01
4.907929195891977403e-01
4.908672288617337287e-01
4.911693906472754390e-01
4.915455874001136150e-01
4.917793606630001535e-01
4.919022005860927416e-01
4.919674819004521971e-01
4.923973547226708769e-01
4.925382412162958579e-01
4.927015755459362989e-01
4.928302265632272805e-01
4.931584793397654209e-01
4.934567871420032503e-01
4.938249076327309584e-01
4.940141249032114490e-01
4.942452417961196720e-01
4.945699187565874566e-01
4.948921274533310544e-01
4.950728375161254635e-01
4.954888540132114660e-01
4.956239867297452806e-01
4.961626218972414737e-01
4.963079189803250579e-01
4.967537640477981964e-01
4.971465453017261393e-01
4.971826064665980094e-01
4.973440003758339278e-01
4.975530302627239054e-01
4.978337179658270384e-01
4.980616391338259508e-01
4.983923955324543464e-01
4.986347624853132432e-01
4.988215453744010430e-01
4.990019869769968808e-01
4.993791932567285263e-01
4.996159004624655120e-01
5.000070684760836714e-01
5.002491257287167148e-01
5.003317467388589401e-01
5.005114175427447520e-01
5.009445669876892993e-01
5.012434667877671002e-01
5.014400073465774543e-01
5.015827161412959034e-01
5.018284346253834016e-01
5.022278498769510158e-01
5.024597461039060908e-01
5.027326895594680378e-01
5.028117101277711498e-01
5.032384280520229014e-01
5.035259445244528731e-01
5.038565967531729584e-01
5.039372629681164728e-01
5.040581167388794581e-01
5.043782567756566193e-01
5.044281909916051854e-01
5.047277160632988036e-01
5.051601763504365294e-01
5.054306043787250013e-01
5.058905656577573628e-01
5.062287404664629342e-01
5.062610563403167063e-01
5.064621425999248361e-01
5.068029905189060935e-01
5.070580356992732129e-01
5.073375185351874928e-01
5.074727673757853941e-01
5.077682404176215858e-01
5.079901893184326500e-01
5.082161982951075574e-01
5.086750899286760497e-01
5.088432433204280736e-01
5.093990932062067989e-01
5.094829919176323552e-01
5.096076901025970995e-01
5.099923272647295391e-01
5.103707140429645239e-01
5.107470594992844504e-01
5.108758981866191595e-01
5.111351780547003232e-01
5.112899926293568154e-01
5.114933822267772046e-01
5.118358395980941999e-01
5.121779898484876137e-01
5.125767075992586630e-01
5.127239048265337384e-01
5.129628798594096928e-01
5.133906245173015526e-01
5.135203244282156021e-01
5.139612130103422549e-01
5.141141536654352251e-01
5.146175375750978720e-01
5.149588239138279677e-01
5.154029794715179191e-01
5.155667947662266881e-01
5.158364598580846838e-01
5.160750225827898108e-01
5.162253802435012862e-01
5.164223361081837771e-01
5.166894077125238072e-01
5.167544781868478321e-01
5.170149494190370287e-01
5.175038286038453617e-01
5.177858892003150970e-01
5.181083781791383513e-01
5.181602434007497315e-01
5.185834198526481087e-01
5.189727698516534149e-01
5.193364322155795687e-01
5.196858418137982882e-01
5.198964210109269235e-01
5.200900900745543121e-01
5.202705112512758800e-01
5.206057820273410908e-01
5.212592405441922594e-01
5.214567115133155184e-01
5.218776474492461404e-01
5.219539460234271511e-01
5.223067617121652795e-01
5.224118551329035576e-01
5.226224917586431706e-01
5.231252605324153704e-01
5.234336598051373413e-01
5.237269261271306764e-01
5.240804618367563839e-01
5.244241274278906850e-01
5.244510526557317753e-01
5.248348795154228474e-01
5.250888438175447259e-01
5.257211237421425265e-01
5.257544466200014810e-01
5.260342925753019871e-01
5.266352344148849118e-01
5.268470526011093114e-01
5.271622504783051166e-01
5.273942206788696518e-01
5.279397873895100846e-01
5.280357487960738450e-01
5.283194304333902469e-01
5.286308111808412091e-01
5.287132163396154327e-01
5.288803663385343024e-01
5.297562521565177818e-01
5.300353404842146343e-01
5.300756856231712000e-01
5.303807099212131115e-01
5.308292791182587234e-01
5.309442910944567329e-01
5.316205688837775112e-01
5.318317364702678240e-01
5.321818722375035726e-01
5.322973343001256019e-01
5.326316972926057325e-01
5.328406548353037397e-01
5.332731934760832626e-01
5.336190177559619885e-01
5.338608401871457465e-01
5.345025590199548038e-01
5.345818790935213949e-01
5.354523951576403151e-01
5.354834254396735327e-01
5.356664272380801117e-01
5.361665900574406063e-01
5.363446284811357323e-01
5.365529500966942367e-01
5.370706527473390057e-01
5.374240049555252252e-01
5.378108615008975191e-01
5.379245200325268872e-01
5.381497826718205646e-01
5.383985107979533113e-01
5.387772263035864873e-01
5.391550144451694448e-01
5.393619024106854898e-01
5.395459241152256169e-01
5.399517832655230665e-01
5.401148249335095963e-01
5.406930816862708378e-01
5.412390900366959023e-01
5.413974436148204505e-01
5.417702689246468584e-01
5.420645889500244063e-01
5.423990111640077938e-01
5.424445268877287063e-01
5.430453473789852437e-01
5.433685985926415274e-01
5.439728056250430210e-01
5.440782411177154110e-01
5.444388568482572133e-01
5.448903941110133653e-01
5.454435428750192827e-01
5.457724314433529678e-01
5.460151010521141490e-01
5.464041422829846173e-01
5.468043208360490182e-01
5.472824398073430352e-01
5.476628460905127449e-01
5.477228200150798809e-01
5.483148450867629808e-01
5.485291451439204824e-01
5.491001552186381973e-01
5.492415745383881776e-01
5.495929359759728072e-01
5.498641275514216664e-01
5.501477352199403148e-01
5.506895893081569238e-01
5.508579204610303259e-01
5.510637109710992965e-01
5.517995354992777379e-01
5.518939631207654406e-01
5.522522784612523550e-01
5.524194816680205733e-01
5.527786430027563647e-01
5.533501056893745940e-01
5.536359592342551261e-01
5.544064606596770250e-01
5.546053653148953488e-01
5.550859596208456148e-01
5.553035598940443407e-01
5.557121867513968860e-01
5.561441932322138681e-01
5.566615368762533045e-01
5.568476133686159901e-01
5.572333331450127769e-01
5.574995050035606026e-01
5.578605714138163973e-01
5.582220069412734409e-01
5.584845354350662650e-01
5.590649262720065460e-01
5.591880277848231273e-01
5.594558530596689394e-01
5.598701903245607570e-01
5.600698903729448563e-01
5.605045327889381923e-01
5.608517540610401531e-01
5.610542506612669067e-01
5.614656873956371808e-01
5.616467936625724189e-01
5.625436255011816433e-01
5.632107095200080682e-01
5.634269435963964456e-01
5.637959675551129646e-01
5.641932869391336203e-01
5.647899334242129088e-01
5.651154170055608938e-01
5.653441434727831671e-01
5.659639834519644142e-01
5.664059797213758518e-01
5.666265665698444476e-01
5.669373026672531735e-01
5.671929412352191280e-01
5.676666773587185633e-01
5.685181511213578398e-01
5.686110127811867532e-01
5.694440805354447077e-01
5.695668887234247579e-01
5.700047606548876988e-01
5.703403293096618309e-01
5.708084534732189574e-01
5.712475276956415771e-01
5.713397949546139554e-01
5.720968566154976953e-01
5.724837117771096606e-01
5.727963250876592083e-01
5.734410738466667601e-01
5.739078664728151091e-01
5.741904101331611887e-01
5.747489320505839716e-01
5.748736735888571037e-01
5.751221312714337452e-01
5.755741634670764606e-01
5.758305619700125888e-01
5.759555799858190328e-01
5.766979220116060789e-01
5.771886246553407096e-01
5.777361518954567954e-01
5.781765789939908862e-01
5.783180056110700518e-01
5.789115070164860821e-01
5.791285008874499374e-01
5.796362147215421423e-01
5.799118196808978887e-01
5.804748305985765189e-01
5.808302286007205328e-01
5.815467254481362369e-01
5.820048649156397413e-01
5.825535853496280891e-01
5.829114634862846422e-01
5.832024851581930625e-01
5.837341014745613954e-01
5.840421809430988986e-01
5.844376489410225695e-01
5.845606638674478717e-01
5.852254107581600362e-01
5.857557455473187957e-01
5.864402033952185178e-01
5.872669530960039630e-01
5.876015541493139205e-01
5.879261179930915793e-01
5.879781456917870797e-01
5.886463295524664296e-01
5.891291959981942439e-01
5.895470221553192891e-01
5.904235710280441030e-01
5.907370705021031121e-01
5.910380088518485397e-01
5.915203607004652087e-01
5.917825666854834576e-01
5.927558433105917235e-01
5.933880047536778113e-01
5.937169608523522601e-01
5.938976819256830408e-01
5.947511638336010487e-01
5.952284386459656407e-01
5.954058843936310685e-01
5.965751203875219177e-01
5.966245197082187257e-01
5.969580496059264663e-01
5.974745906812113372e-01
5.980411055088058481e-01
5.985302170220185847e-01
5.986251332075117615e-01
5.995556781109068201e-01
5.997867438699414633e-01
6.000900060764743360e-01
6.012067666778657671e-01
6.013811435462111943e-01
6.016864402040972282e-01
6.020835212562256622e-01
6.025812601263039747e-01
6.034746866378855046e-01
6.039430673311902975e-01
6.046600712336998029e-01
6.050824847252965766e-01
6.054934458332786873e-01
6.066276566532964321e-01
6.066901606997808782e-01
6.076098085960509598e-01
6.085153681627378797e-01
6.085820974871370970e-01
6.090296710017256698e-01
6.094150668671290960e-01
6.100326153533814910e-01
6.105200482828337938e-01
6.112081936562113738e-01
6.115849044496116660e-01
6.119627337608927187e-01
6.123612700914794482e-01
6.128167662559462769e-01
6.134845474168384438e-01
6.144706845228005143e-01
6.147436403044037601e-01
6.149517268167632444e-01
6.159712129595535934e-01
6.163876346236488724e-01
6.171523289742590901e-01
6.178739515725529818e-01
6.185174916447285787e-01
6.196028873342833698e-01
6.202273713335215710e-01
6.209533029898964829e-01
6.216264408275927744e-01
6.222570884593267015e-01
6.230859635755273684e-01
6.234781009292317266e-01
6.235760178041702684e-01
6.242125790404511321e-01
6.249956332879380572e-01
6.258212707182086998e-01
6.262270331672511459e-01
6.268450438565262850e-01
6.271245507638588679e-01
6.277715003017461104e-01
6.286756122889561871e-01
6.291429222532813892e-01
6.295208455319319940e-01
6.297119765828327331e-01
6.310542248394879206e-01
6.315775641963546905e-01
6.323038815075359143e-01
6.331471223900746459e-01
6.341161534990691351e-01
6.343539420242049198e-01
6.346815896171802418e-01
6.353059406571770484e-01
6.357434386710212326e-01
6.374928402162802765e-01
6.377560025734227978e-01
6.389527841906686989e-01
6.392417562072675308e-01
6.398563539867400118e-01
6.407459853384946946e-01
6.409902518790686621e-01
6.417347750450858035e-01
6.427796807579154725e-01
6.436423941211578681e-01
6.439564910496095029e-01
6.445162841220739569e-01
6.457501042082578468e-01
6.462326314622871548e-01
6.469033949961837671e-01
6.475402160120558026e-01
6.483810042157990283e-01
6.499049755666290729e-01
6.505024578146603176e-01
6.512471338674342691e-01
6.513889919849579213e-01
6.521488986244267094e-01
6.528194396271834732e-01
6.534817817049783928e-01
6.550542931796073942e-01
6.555826426912114702e-01
6.563097204939318807e-01
6.569327720117688063e-01
6.572984987395671386e-01
6.579648847050466598e-01
6.586412377290277176e-01
6.594657586604425470e-01
6.596003393389291425e-01
6.602691480376414734e-01
6.622181483150247905e-01
6.625552031805236330e-01
6.628588444618672693e-01
6.647419791271554912e-01
6.652032704315122835e-01
6.661369103288690141e-01
6.680360047585323091e-01
6.685940772639211716e-01
6.693736848720063248e-01
6.698343801258013208e-01
6.712323113389425666e-01
6.715373348011652865e-01
6.728442210975262849e-01
6.735126759887986037e-01
6.749845538574048565e-01
6.754712836155319922e-01
6.767327164603008649e-01
6.772351524014845747e-01
6.781004787104166764e-01
6.801931322318431894e-01
6.810259440404580200e-01
6.813230843301901762e-01
6.824526583804153557e-01
6.834131935322563800e-01
6.838549526692913050e-01
6.850928105166539384e-01
6.867225206926043102e-01
6.877751060886075907e-01
6.882534586009294575e-01
6.901159861654149186e-01
6.922939616169405674e-01
6.946085768427626705e-01
6.963112391000574330e-01
6.967689102030466541e-01
6.976676558181768018e-01
6.982424876837887151e-01
7.007097635560771698e-01
7.008527303651685969e-01
7.034288450325977271e-01
7.034870847134500060e-01
7.054491097750282824e-01
7.064095168593274021e-01
7.068023153805600423e-01
7.075464537119510178e-01
7.086050573452656876e-01
7.098587285668154223e-01
7.107230273156366351e-01
7.112278158915227300e-01
7.115337262394355600e-01
7.135232902044430503e-01
7.151319586238232828e-01
7.180725116214656811e-01
7.189230317756845068e-01
7.203645160437202044e-01
7.239839842343577248e-01
7.257306489376321723e-01
7.265799014667829736e-01
7.275920516802636406e-01
7.286081100608753358e-01
7.291382399597702291e-01
7.303870256030037256e-01
7.329484986463026264e-01
7.349207317361994285e-01
7.372828411174369156e-01
7.382413898363829885e-01
7.416007532542607805e-01
7.449493364055231881e-01
7.461310446929574347e-01
7.493887895118073184e-01
7.503686810601288837e-01
7.523674344674756709e-01
7.542540121527214758e-01
7.553275166974495747e-01
7.562683853002868384e-01
7.572102791920389819e-01
7.577205968978224515e-01
7.588159457446891354e-01
7.623096627455684393e-01
7.644248903357250269e-01
7.678444073689149052e-01
7.691595250729422739e-01
7.766393615384870053e-01
7.785691905661025203e-01
7.857220602919237074e-01
7.878954367098549572e-01
7.911178880009828163e-01
7.946629108465145253e-01
7.983257590393078029e-01
8.013709689087896715e-01
8.105613652176707484e-01
8.210532420108668239e-01
8.219819919487928450e-01
8.285046751000458842e-01
8.305020722596024862e-01
8.442447436408795358e-01
8.452204819556793369e-01
8.529483603035393768e-01
8.576365307674994609e-01
8.730684162183592889e-01
8.973676537923460650e-01
9.053874350757056266e-01
9.171660704260247154e-01
9.317063589304394045e-01
9.894788154688310966e-01
1.000000000000000000e+00
