# sorted relative singular values (hessian_L_full) field=uniform eps=0 N=12 n=3456
3.684860742166652843e-19
1.615412138942059302e-18
2.046983631282188642e-18
2.210634013597472137e-18
3.099621152633746229e-18
3.830008524821467676e-18
4.395345703826528726e-18
5.081362895403773297e-18
5.729238559403755287e-18
6.229767925240813724e-18
7.051601135709020142e-18
7.231054755482845340e-18
7.741127085236493495e-18
8.298644423686973963e-18
9.398294374976095118e-18
9.565012900098133571e-18
1.039433156124249634e-17
1.132107989921724573e-17
1.148759166900904775e-17
1.190043060240571648e-17
1.267180712893787619e-17
1.341609505109404007e-17
1.371358305999784362e-17
1.427191999012449201e-17
1.509098979894868748e-17
1.611637360135545126e-17
1.651550536974987639e-17
1.730674082463647398e-17
1.837796644930565713e-17
1.851292809855403043e-17
1.899666746415527873e-17
2.003050230235174238e-17
2.025655960084424438e-17
2.066037129678158448e-17
2.141822322657895737e-17
2.206518932389610285e-17
2.281805316202097679e-17
2.337518203580499881e-17
2.429338085123483453e-17
2.446194651653084878e-17
2.479751952871245357e-17
2.553616073395486659e-17
2.595710625590682481e-17
2.735362349666824508e-17
2.762553147264317654e-17
2.872950088251479653e-17
2.880730343553405248e-17
2.971507817139577947e-17
3.035145369302077374e-17
3.177243029141351040e-17
3.213725570090726345e-17
3.298718581864223096e-17
3.301300510520058034e-17
3.453930338479686715e-17
3.496492533961602083e-17
3.591669520557276101e-17
3.646872980831688105e-17
3.700966633520545907e-17
3.811345609623520618e-17
3.854553313059252667e-17
3.945344193143279968e-17
3.997354787262760202e-17
4.047873308749918612e-17
4.082099796904498068e-17
4.188193011154278703e-17
4.278722924380852487e-17
4.329468395316456670e-17
4.360383060897145852e-17
4.454836385732813434e-17
4.504861348219955510e-17
4.652489771321597716e-17
4.689926457145875644e-17
4.772137166343043400e-17
4.796498125103794727e-17
4.868891619974175183e-17
4.952697485548546760e-17
5.048866420145811537e-17
5.144253251381120173e-17
5.181300961836283571e-17
5.242494033613259743e-17
5.304851049940662367e-17
5.436756952057583333e-17
5.517850382925239512e-17
5.606948466473797182e-17
5.741991220327845834e-17
5.793431309128997584e-17
5.868932371300647544e-17
5.915236550159345004e-17
5.964118315111198895e-17
5.993548632103074219e-17
6.139419492823495115e-17
6.271604178378939675e-17
6.305263706338550870e-17
6.349578095326868040e-17
6.495009337059598752e-17
6.591496129313535978e-17
6.644757512945442169e-17
6.727534732786758502e-17
6.772759421739383211e-17
6.842575520985630048e-17
6.923371244679966674e-17
6.998741390690713497e-17
7.070922749977925233e-17
7.162646088300277799e-17
7.317216275967285107e-17
7.415265464477372522e-17
7.507083779160827824e-17
7.561913657292663765e-17
7.620788093882030344e-17
7.675369358266331468e-17
7.720923117588890099e-17
7.878456364542722967e-17
8.024877458400680722e-17
8.193727939365562661e-17
8.275291859384129165e-17
8.314999647681373702e-17
8.418508110435302170e-17
8.527433005575391550e-17
8.581154049019024276e-17
8.676860296582555254e-17
8.803052629988007099e-17
8.971017896824331182e-17
9.022033304838492060e-17
9.116543784154644362e-17
9.210864259363431819e-17
9.328530390239683675e-17
9.450968689352230721e-17
9.492642389738264804e-17
9.616032355902019849e-17
9.692740086130871142e-17
9.828091519533341042e-17
9.930167866369596672e-17
9.967303624430761281e-17
1.005759662324671458e-16
1.016364043570197817e-16
1.033210158133488958e-16
1.038493807767151363e-16
1.046697609175997525e-16
1.062201569532568381e-16
1.071147004621175369e-16
1.077253119709021612e-16
1.105402596939960183e-16
1.109682785589226992e-16
1.119152977792995916e-16
1.127843684649720641e-16
1.141196469873433904e-16
1.147065263095573748e-16
1.174857790918660944e-16
1.192236887226357159e-16
1.200867428419056922e-16
1.228058648717678473e-16
1.231453990244046787e-16
1.245636635542348506e-16
1.250091646578340096e-16
1.267919171191658217e-16
1.283897781539061485e-16
1.288637251080869428e-16
1.311796815043654397e-16
1.319359574557790149e-16
1.321162237376492285e-16
1.344005178350641387e-16
1.356559152237471975e-16
1.362443059970783598e-16
1.384561288620015764e-16
1.402814141256837900e-16
1.407180661596923375e-16
1.417446411393351304e-16
1.429657462227154811e-16
1.439247321157104190e-16
1.458631915017630448e-16
1.483794959218737000e-16
1.494170108357346417e-16
1.507805571092594737e-16
1.521385496836126245e-16
1.538272521124226814e-16
1.547737360050081685e-16
1.563258054934305330e-16
1.582351857640490976e-16
1.595732438804620682e-16
1.611257691492771300e-16
1.632177081996068516e-16
1.646086281401358269e-16
1.657389892073054197e-16
1.680960285493387188e-16
1.689993868450342280e-16
1.700366020112197058e-16
1.709950083386390188e-16
1.730838941118920438e-16
1.737870297237877024e-16
1.754547721691873582e-16
1.770358898855431495e-16
1.787152668131823324e-16
1.799201771336295422e-16
1.804831516044302011e-16
1.852976124108789416e-16
1.867174963641384227e-16
1.871232595551606219e-16
1.915680837194430781e-16
1.917198527093166625e-16
1.950690058520125627e-16
1.973774667451910419e-16
1.979953465105741800e-16
2.000430377571551339e-16
2.018344832585568377e-16
2.036940892377564606e-16
2.043483956857249105e-16
2.062862469192297849e-16
2.080548916071780547e-16
2.112914423099242503e-16
2.124542655839000284e-16
2.139181428722821693e-16
2.166784550184088430e-16
2.174865793152353156e-16
2.204638007710370546e-16
2.235415276468958607e-16
2.267398524245857251e-16
2.275603712978962087e-16
2.294686948280355187e-16
2.314375165747819956e-16
2.350951392834375080e-16
2.375453949773313180e-16
2.383044843877303692e-16
2.405777436167707790e-16
2.425157352260065028e-16
2.464089360317469763e-16
2.471937383333128691e-16
2.513524216127571349e-16
2.548650608016321096e-16
2.561680323493715842e-16
2.593795648187812120e-16
2.632029893130454987e-16
2.652900076159937784e-16
2.671298554548935747e-16
2.682702199623159948e-16
2.691934596558958757e-16
2.726088580563248903e-16
2.774117926089919100e-16
2.797476533261489684e-16
2.845782831396805979e-16
2.879476837273192609e-16
2.926411814895358810e-16
2.943920436193407849e-16
2.965363448571661821e-16
2.976488942240958558e-16
2.999994105272727569e-16
3.043921121583273975e-16
3.063190860389371415e-16
3.112009520613377558e-16
3.162723714229765153e-16
3.174415066047517963e-16
3.208569404966341968e-16
3.233556458697394984e-16
3.297596019640008461e-16
3.316642626009507974e-16
3.333427615339020713e-16
3.384373682980299970e-16
3.410568294216981430e-16
3.440368526646970881e-16
3.499159015568810153e-16
3.549450417274933492e-16
3.603258827656377983e-16
3.629097292011656877e-16
3.641357692726958922e-16
3.697620864716960319e-16
3.774990399382339621e-16
3.839314836664099199e-16
3.854187444335634446e-16
3.895528964800883032e-16
3.994958387631234339e-16
4.027352286170642504e-16
4.059097302978916491e-16
4.112250175088903030e-16
4.166977561987548130e-16
4.205056886002113779e-16
4.264567420825538662e-16
4.360672003215724576e-16
4.440428889622315248e-16
4.443740838324264145e-16
4.587907112500399129e-16
4.744663542334929104e-16
4.827797398139720787e-16
4.895563658547714912e-16
5.014253088588799641e-16
5.088334476839664035e-16
5.193340647878829523e-16
5.271830837479615403e-16
5.689746022104900334e-16
6.131059420801095134e-16
1.331425068566985598e-04
1.331425068567125460e-04
1.331425068567245265e-04
1.331425068567379977e-04
1.331425068567424971e-04
1.331425068567519839e-04
1.331425068567623109e-04
1.331425068567733969e-04
1.419311207913238903e-04
1.419311207913367110e-04
1.419311207913490709e-04
1.419311207913549256e-04
1.419311207913691016e-04
1.419311207913716223e-04
1.419311207913782360e-04
1.419311207914018987e-04
1.647401165591411891e-04
1.647401165591725497e-04
1.647401165591795970e-04
1.647401165591854788e-04
1.647401165591913335e-04
1.647401165591944776e-04
1.647401165591977574e-04
1.647401165592119062e-04
1.905860428840812631e-04
1.905860428840911022e-04
1.905860428841059558e-04
1.905860428841193457e-04
1.905860428841255798e-04
1.905860428841367200e-04
1.905860428841439841e-04
1.905860428841462339e-04
1.974522905042840190e-04
1.974522905043025859e-04
1.974522905043172227e-04
1.974522905043206650e-04
1.974522905043280918e-04
1.974522905043377954e-04
1.974522905043518900e-04
1.974522905043565792e-04
4.968946002364316335e-04
4.968946002364403071e-04
4.968946002364467039e-04
4.968946002364528838e-04
4.968946002364607985e-04
4.968946002364642680e-04
4.968946002364738089e-04
4.968946002364887709e-04
5.284928097255707545e-04
5.284928097255858249e-04
5.284928097255900533e-04
5.284928097255947154e-04
5.284928097256055574e-04
5.284928097256141226e-04
5.284928097256218205e-04
5.284928097256347225e-04
5.959538906074897521e-04
5.959538906075034130e-04
5.959538906075171824e-04
5.959538906075224950e-04
5.959538906075312770e-04
5.959538906075351802e-04
5.959538906075407096e-04
5.959538906075552379e-04
6.209092301351211386e-04
6.209092301351345827e-04
6.209092301351449910e-04
6.209092301351583267e-04
6.209092301351673256e-04
6.209092301351710119e-04
6.209092301351753487e-04
6.209092301351935633e-04
9.937892004728671701e-04
9.937892004728845173e-04
9.937892004728994793e-04
9.937892004729059845e-04
9.937892004729124897e-04
9.937892004729252833e-04
9.937892004729315717e-04
9.937892004729447989e-04
1.051235126220692291e-03
1.051235126220701182e-03
1.051235126220720047e-03
1.051235126220722649e-03
1.051235126220727853e-03
1.051235126220731323e-03
1.051235126220747586e-03
1.051235126220763632e-03
1.117805139604358382e-03
1.117805139604383102e-03
1.117805139604387222e-03
1.117805139604394812e-03
1.117805139604400016e-03
1.117805139604409774e-03
1.117805139604431024e-03
1.117805139604437529e-03
1.185717254603721980e-03
1.185717254603727618e-03
1.185717254603733907e-03
1.185717254603760361e-03
1.185717254603767951e-03
1.185717254603772721e-03
1.185717254603782696e-03
1.185717254603792454e-03
1.261367521245904512e-03
1.261367521245923161e-03
1.261367521245926630e-03
1.261367521245938339e-03
1.261367521245944194e-03
1.261367521245952217e-03
1.261367521245967613e-03
1.261367521245990598e-03
1.458170902610374849e-03
1.458170902610381571e-03
1.458170902610395449e-03
1.458170902610397401e-03
1.458170902610400220e-03
1.458170902610408676e-03
1.458170902610434914e-03
1.458170902610470693e-03
1.490683800709347809e-03
1.490683800709354965e-03
1.490683800709364073e-03
1.490683800709367976e-03
1.490683800709369927e-03
1.490683800709377517e-03
1.490683800709393996e-03
1.490683800709411127e-03
1.554996776269327577e-03
1.554996776269337118e-03
1.554996776269352080e-03
1.554996776269359669e-03
1.554996776269366825e-03
1.554996776269372679e-03
1.554996776269383305e-03
1.554996776269394797e-03
1.683054988852499467e-03
1.683054988852511827e-03
1.683054988852525705e-03
1.683054988852534812e-03
1.683054988852545220e-03
1.683054988852552810e-03
1.683054988852562351e-03
1.683054988852599864e-03
1.747801558992116699e-03
1.747801558992138817e-03
1.747801558992170476e-03
1.747801558992173728e-03
1.747801558992179149e-03
1.747801558992189341e-03
1.747801558992194328e-03
1.747801558992226854e-03
1.854435894089048655e-03
1.854435894089069255e-03
1.854435894089070556e-03
1.854435894089084434e-03
1.854435894089089638e-03
1.854435894089095493e-03
1.854435894089100914e-03
1.854435894089116960e-03
1.987578400945831051e-03
1.987578400945832352e-03
3.224729607597691741e-03
3.224729607597701282e-03
3.224729607597710823e-03
3.224729607597718629e-03
3.224729607597722966e-03
3.224729607597738145e-03
3.224729607597751155e-03
3.224729607597761130e-03
3.418058468546408130e-03
3.418058468546422441e-03
3.418058468546438921e-03
3.418058468546442824e-03
3.418058468546448028e-03
3.418058468546459304e-03
3.418058468546472748e-03
3.418058468546497034e-03
3.923027381479647288e-03
3.923027381479662033e-03
3.923027381479684585e-03
3.923027381479689789e-03
3.923027381479701065e-03
3.923027381479706269e-03
3.923027381479711473e-03
3.923027381479739228e-03
4.425157037592288532e-03
4.425157037592303277e-03
4.425157037592314553e-03
4.425157037592326696e-03
4.425157037592333635e-03
4.425157037592344043e-03
4.425157037592356186e-03
4.425157037592360523e-03
4.508363176109131225e-03
4.508363176109144235e-03
4.508363176109160715e-03
4.508363176109174593e-03
4.508363176109176328e-03
4.508363176109181532e-03
4.508363176109190205e-03
4.508363176109220563e-03
4.697651187540706659e-03
4.697651187540740486e-03
4.697651187540749160e-03
4.697651187540761303e-03
4.697651187540766507e-03
4.697651187540771711e-03
4.697651187540781252e-03
4.697651187540798599e-03
4.700162621584799173e-03
4.700162621584812184e-03
4.700162621584819123e-03
4.700162621584832133e-03
4.700162621584837337e-03
4.700162621584846878e-03
4.700162621584865093e-03
4.700162621584879838e-03
5.285455137895815961e-03
5.285455137895850655e-03
5.285455137895861931e-03
5.285455137895867135e-03
5.285455137895877543e-03
5.285455137895883615e-03
5.285455137895905299e-03
5.285455137895920044e-03
5.515049097548293394e-03
5.515049097548311609e-03
5.515049097548320282e-03
5.515049097548323752e-03
5.515049097548331558e-03
5.515049097548331558e-03
5.515049097548354110e-03
5.515049097548381865e-03
6.122060920737098025e-03
6.122060920737118841e-03
6.122060920737124913e-03
6.122060920737143128e-03
6.122060920737146597e-03
6.122060920737149199e-03
6.122060920737173485e-03
6.122060920737191700e-03
6.460534636353134665e-03
6.460534636353144206e-03
6.460534636353159818e-03
6.460534636353159818e-03
6.460534636353160685e-03
6.460534636353175431e-03
6.460534636353197982e-03
6.460534636353206656e-03
7.348761420524515912e-03
7.348761420524566219e-03
7.348761420524574893e-03
7.348761420524574893e-03
7.348761420524581832e-03
7.348761420524589638e-03
7.348761420524594842e-03
7.348761420524620863e-03
8.395786629149568081e-03
8.395786629149580224e-03
8.395786629149601041e-03
8.395786629149611449e-03
8.395786629149621857e-03
8.395786629149621857e-03
8.395786629149634001e-03
8.395786629149692981e-03
8.790893379312093164e-03
8.790893379312108777e-03
8.790893379312117450e-03
8.790893379312129594e-03
8.790893379312134798e-03
8.790893379312141737e-03
8.790893379312162553e-03
8.790893379312172962e-03
8.850314075184629106e-03
8.850314075184637780e-03
8.850314075184651658e-03
8.850314075184655127e-03
8.850314075184663801e-03
8.850314075184674209e-03
8.850314075184691556e-03
8.850314075184715842e-03
9.347810930167050822e-03
9.347810930167056026e-03
9.347810930167068169e-03
9.347810930167085516e-03
9.347810930167092455e-03
9.347810930167104598e-03
9.347810930167120211e-03
9.347810930167144497e-03
9.695661211978234828e-03
9.695661211978243502e-03
9.695661211978252175e-03
9.695661211978259114e-03
9.695661211978271257e-03
9.695661211978274727e-03
9.695661211978299013e-03
9.695661211978305952e-03
9.940294534211769131e-03
9.940294534211772601e-03
9.940294534211800356e-03
9.940294534211817704e-03
9.940294534211822908e-03
9.940294534211826377e-03
9.940294534211828112e-03
9.940294534211861072e-03
1.018575955910540343e-02
1.018575955910543292e-02
1.018575955910544159e-02
1.018575955910544679e-02
1.018575955910545200e-02
1.018575955910545373e-02
1.018575955910547282e-02
1.018575955910548322e-02
1.147782369238836697e-02
1.147782369238838952e-02
1.147782369238839646e-02
1.147782369238842422e-02
1.147782369238842595e-02
1.147782369238843289e-02
1.147782369238844677e-02
1.147782369238847106e-02
1.203485473622632577e-02
1.203485473622632577e-02
1.203485473622635873e-02
1.203485473622636567e-02
1.203485473622638129e-02
1.203485473622638649e-02
1.203485473622638996e-02
1.203485473622641251e-02
1.273335610949805595e-02
1.273335610949808197e-02
1.273335610949809932e-02
1.273335610949810626e-02
1.273335610949812013e-02
1.273335610949812707e-02
1.273335610949816177e-02
1.273335610949821207e-02
1.302616225345063286e-02
1.302616225345064847e-02
1.302616225345065888e-02
1.302616225345066409e-02
1.302616225345067623e-02
1.302616225345068317e-02
1.302616225345068837e-02
1.302616225345073174e-02
1.327547111277694279e-02
1.327547111277695840e-02
1.327547111277698616e-02
1.327547111277699136e-02
1.327547111277700177e-02
1.327547111277700698e-02
1.327547111277703126e-02
1.327547111277705208e-02
1.369078649271658968e-02
1.369078649271660009e-02
1.369078649271661396e-02
1.369078649271662958e-02
1.369078649271663131e-02
1.369078649271663652e-02
1.369078649271664692e-02
1.369078649271666080e-02
1.372098803223987216e-02
1.372098803223988257e-02
1.372098803223988951e-02
1.372098803223990339e-02
1.372098803223991900e-02
1.372098803223992594e-02
1.372098803223993461e-02
1.372098803223993808e-02
1.383776573865199908e-02
1.383776573865200428e-02
1.383776573865202336e-02
1.383776573865203897e-02
1.383776573865203897e-02
1.383776573865204418e-02
1.383776573865205459e-02
1.383776573865209969e-02
1.426723434584267584e-02
1.426723434584269840e-02
1.426723434584271227e-02
1.426723434584271227e-02
1.426723434584271921e-02
1.426723434584272789e-02
1.426723434584273309e-02
1.426723434584275391e-02
1.435511664602857028e-02
1.435511664602861712e-02
1.435511664602862232e-02
1.435511664602863273e-02
1.435511664602865181e-02
1.435511664602865181e-02
1.435511664602865702e-02
1.435511664602869344e-02
1.492484458791948007e-02
1.492484458791948354e-02
1.492484458791948874e-02
1.492484458791950436e-02
1.492484458791950956e-02
1.492484458791953038e-02
1.492484458791955640e-02
1.492484458791957548e-02
1.603386181488359805e-02
1.603386181488361539e-02
1.603386181488362233e-02
1.603386181488363274e-02
1.603386181488365009e-02
1.603386181488366743e-02
1.603386181488368825e-02
1.603386181488372988e-02
1.651491089576553536e-02
1.651491089576553883e-02
1.651491089576557006e-02
1.651491089576557006e-02
1.651491089576557353e-02
1.651491089576558394e-02
1.651491089576560128e-02
1.651491089576563251e-02
1.770062815036935883e-02
1.770062815036937964e-02
1.794511529328851260e-02
1.794511529328853341e-02
1.794511529328853341e-02
1.794511529328855076e-02
1.794511529328856117e-02
1.794511529328857505e-02
1.794511529328859240e-02
1.794511529328861321e-02
1.807514352754984593e-02
1.807514352754985634e-02
1.807514352754985981e-02
1.807514352754988757e-02
1.807514352754989104e-02
1.807514352754990491e-02
1.807514352754991879e-02
1.807514352754997430e-02
1.870814360019996264e-02
1.870814360019997999e-02
1.870814360019998693e-02
1.870814360020000428e-02
1.870814360020000428e-02
1.870814360020001468e-02
1.870814360020002509e-02
1.870814360020010489e-02
1.905020031672342504e-02
1.905020031672342851e-02
1.905020031672344238e-02
1.905020031672345626e-02
1.905020031672346320e-02
1.905020031672346667e-02
1.905020031672347708e-02
1.905020031672352565e-02
2.073528081510951637e-02
2.073528081510956148e-02
2.073528081510957188e-02
2.073528081510957882e-02
2.073528081510959617e-02
2.073528081510960658e-02
2.073528081510961352e-02
2.073528081510964821e-02
2.210262554405909366e-02
2.210262554405910754e-02
2.210262554405912835e-02
2.210262554405913182e-02
2.210262554405915264e-02
2.210262554405917693e-02
2.210262554405917693e-02
2.210262554405920468e-02
2.251320457960053270e-02
2.251320457960053964e-02
2.251320457960055352e-02
2.251320457960060556e-02
2.284784240322286150e-02
2.284784240322287885e-02
2.284784240322288579e-02
2.284784240322291007e-02
2.284784240322291354e-02
2.284784240322294477e-02
2.284784240322295865e-02
2.284784240322301763e-02
2.297612055226430292e-02
2.297612055226430985e-02
2.297612055226432026e-02
2.297612055226432720e-02
2.297612055226434108e-02
2.297612055226435149e-02
2.297612055226437924e-02
2.297612055226441394e-02
2.323043786004798730e-02
2.323043786004801853e-02
2.323043786004803934e-02
2.323043786004806016e-02
2.323043786004806363e-02
2.323043786004808445e-02
2.323043786004810526e-02
2.323043786004815037e-02
2.406970947245265155e-02
2.406970947245268624e-02
2.406970947245270012e-02
2.406970947245271747e-02
2.406970947245271747e-02
2.406970947245274869e-02
2.406970947245276951e-02
2.406970947245278339e-02
2.407484827982570713e-02
2.407484827982572101e-02
2.407484827982573836e-02
2.407484827982574876e-02
2.407484827982576611e-02
2.407484827982579734e-02
2.407484827982580081e-02
2.407484827982581121e-02
2.452724898470878823e-02
2.452724898470882639e-02
2.452724898470885762e-02
2.452724898470885762e-02
2.452724898470886802e-02
2.452724898470887496e-02
2.452724898470888884e-02
2.452724898470890966e-02
2.530332952216241341e-02
2.530332952216242035e-02
2.530332952216244463e-02
2.530332952216244463e-02
2.530332952216245504e-02
2.530332952216246545e-02
2.530332952216247239e-02
2.530332952216251749e-02
2.535408375409069215e-02
2.535408375409070950e-02
2.535408375409072684e-02
2.535408375409074766e-02
2.535408375409075113e-02
2.535408375409075113e-02
2.535408375409077888e-02
2.535408375409078929e-02
2.593228712524258892e-02
2.593228712524260279e-02
2.593228712524261320e-02
2.593228712524262014e-02
2.593228712524262361e-02
2.593228712524264443e-02
2.593228712524266177e-02
2.593228712524272075e-02
2.682723221301314478e-02
2.682723221301315519e-02
2.682723221301316560e-02
2.682723221301317601e-02
2.682723221301318642e-02
2.682723221301319683e-02
2.682723221301321070e-02
2.682723221301327315e-02
2.689663307972791836e-02
2.689663307972793918e-02
2.689663307972795653e-02
2.689663307972797041e-02
2.689663307972797734e-02
2.689663307972799469e-02
2.689663307972801551e-02
2.689663307972806061e-02
2.696010207886532367e-02
2.696010207886535490e-02
2.696010207886535837e-02
2.696010207886537918e-02
2.696010207886538612e-02
2.696010207886541041e-02
2.696010207886541735e-02
2.696010207886544163e-02
2.814476643418674373e-02
2.814476643418677496e-02
2.814476643418677843e-02
2.814476643418680618e-02
2.814476643418680618e-02
2.814476643418680965e-02
2.814476643418682700e-02
2.814476643418693455e-02
2.819603257583967043e-02
2.819603257583969472e-02
2.819603257583970166e-02
2.819603257583971553e-02
2.819603257583973288e-02
2.819603257583974329e-02
2.819603257583974329e-02
2.819603257583981268e-02
2.919346831518315061e-02
2.919346831518315755e-02
2.919346831518318183e-02
2.919346831518319918e-02
2.919346831518322000e-02
2.919346831518322347e-02
2.919346831518324428e-02
2.919346831518330673e-02
2.947140415654948831e-02
2.947140415654951953e-02
2.947140415654955076e-02
2.947140415654955770e-02
2.947140415654958198e-02
2.947140415654958198e-02
2.947140415654959933e-02
2.947140415654960974e-02
2.980064025364987518e-02
2.980064025364991334e-02
2.980064025364993416e-02
2.980064025364994457e-02
2.980064025364995497e-02
2.980064025364995844e-02
2.980064025364997579e-02
2.980064025365001049e-02
3.022868948683131093e-02
3.022868948683135951e-02
3.022868948683137685e-02
3.022868948683138032e-02
3.022868948683140114e-02
3.022868948683141155e-02
3.022868948683142890e-02
3.022868948683154339e-02
3.168125710593135136e-02
3.168125710593140687e-02
3.168125710593140687e-02
3.168125710593141381e-02
3.168125710593145544e-02
3.168125710593147626e-02
3.168125710593147626e-02
3.168125710593153871e-02
3.221803721274557608e-02
3.221803721274560384e-02
3.221803721274567323e-02
3.221803721274572874e-02
3.269617356675180025e-02
3.269617356675184883e-02
3.269617356675186270e-02
3.269617356675188352e-02
3.269617356675189740e-02
3.269617356675191128e-02
3.269617356675192515e-02
3.269617356675203618e-02
3.276723612849674616e-02
3.276723612849676004e-02
3.276723612849677392e-02
3.276723612849678086e-02
3.276723612849681555e-02
3.276723612849682943e-02
3.276723612849684331e-02
3.276723612849689188e-02
3.299687562647576206e-02
3.299687562647577593e-02
3.299687562647577593e-02
3.299687562647579675e-02
3.299687562647579675e-02
3.299687562647583144e-02
3.299687562647583144e-02
3.299687562647589389e-02
3.323933657831738830e-02
3.323933657831741606e-02
3.323933657831742994e-02
3.323933657831745075e-02
3.323933657831746463e-02
3.323933657831747157e-02
3.323933657831748545e-02
3.323933657831756178e-02
3.435583864857978675e-02
3.435583864857979369e-02
3.435583864857981451e-02
3.435583864857982839e-02
3.435583864857984226e-02
3.435583864857984920e-02
3.435583864857987002e-02
3.435583864858002962e-02
3.439400840491990685e-02
3.439400840491993461e-02
3.439400840491994155e-02
3.439400840492004563e-02
3.457591609918349990e-02
3.457591609918351377e-02
3.457591609918352071e-02
3.457591609918352765e-02
3.457591609918356235e-02
3.457591609918356235e-02
3.457591609918357622e-02
3.457591609918380521e-02
3.567398563218224239e-02
3.567398563218225627e-02
3.567398563218227014e-02
3.567398563218229096e-02
3.567398563218230484e-02
3.567398563218235341e-02
3.567398563218237423e-02
3.567398563218249219e-02
3.610456420867902416e-02
3.610456420867905886e-02
3.610456420867907273e-02
3.610456420867907967e-02
3.610456420867907967e-02
3.610456420867911437e-02
3.610456420867912825e-02
3.610456420867920457e-02
3.618470025607772173e-02
3.618470025607773560e-02
3.618470025607775642e-02
3.618470025607777030e-02
3.618470025607779805e-02
3.618470025607781887e-02
3.618470025607782581e-02
3.618470025607792295e-02
3.620125124899075536e-02
3.620125124899075536e-02
3.620125124899076230e-02
3.620125124899085250e-02
3.648334848834825644e-02
3.648334848834826338e-02
3.648334848834830502e-02
3.648334848834831196e-02
3.648334848834832583e-02
3.648334848834833277e-02
3.648334848834835359e-02
3.648334848834845767e-02
3.734589733291242969e-02
3.734589733291246438e-02
3.734589733291246438e-02
3.734589733291247132e-02
3.734589733291248520e-02
3.734589733291249214e-02
3.734589733291253377e-02
3.734589733291258234e-02
3.758077432993629785e-02
3.758077432993631867e-02
3.758077432993632561e-02
3.758077432993633948e-02
3.758077432993636724e-02
3.758077432993638806e-02
3.758077432993645051e-02
3.758077432993658928e-02
3.796660713093154282e-02
3.796660713093154976e-02
3.796660713093155670e-02
3.796660713093157058e-02
3.796660713093159140e-02
3.796660713093159834e-02
3.796660713093165385e-02
3.796660713093173711e-02
3.816601049398578999e-02
3.816601049398580386e-02
3.816601049398590101e-02
3.816601049398592183e-02
3.859195402339198749e-02
3.859195402339202219e-02
3.859195402339202913e-02
3.859195402339203607e-02
3.859195402339207076e-02
3.859195402339209852e-02
3.859195402339212627e-02
3.859195402339224423e-02
3.902144862788222562e-02
3.902144862788229501e-02
3.902144862788230195e-02
3.902144862788244767e-02
3.934903356141271347e-02
3.934903356141274122e-02
3.934903356141274816e-02
3.934903356141275510e-02
3.934903356141278979e-02
3.934903356141280367e-02
3.934903356141285224e-02
3.934903356141298408e-02
4.113472443452299149e-02
4.113472443452299149e-02
4.113472443452305394e-02
4.113472443452308169e-02
4.113472443452311639e-02
4.113472443452312333e-02
4.113472443452314414e-02
4.113472443452330374e-02
4.162974073163898392e-02
4.162974073163899780e-02
4.162974073163901167e-02
4.162974073163904637e-02
4.162974073163906025e-02
4.162974073163906025e-02
4.162974073163910188e-02
4.162974073163935862e-02
4.204907755727516766e-02
4.204907755727523011e-02
4.204907755727525787e-02
4.204907755727526480e-02
4.204907755727529256e-02
4.204907755727529256e-02
4.204907755727539664e-02
4.204907755727552154e-02
4.262409102793713461e-02
4.262409102793723176e-02
4.262409102793729421e-02
4.262409102793741217e-02
4.352250173734575206e-02
4.352250173734578675e-02
4.352250173734581451e-02
4.352250173734587696e-02
4.352250173734587696e-02
4.352250173734591165e-02
4.352250173734591859e-02
4.352250173734596717e-02
4.422863736292574621e-02
4.422863736292578091e-02
4.422863736292578091e-02
4.422863736292580866e-02
4.422863736292585030e-02
4.422863736292587111e-02
4.422863736292591275e-02
4.422863736292610010e-02
4.491468933730761309e-02
4.491468933730768942e-02
4.491468933730772412e-02
4.491468933730775187e-02
4.491468933730775187e-02
4.491468933730778657e-02
4.491468933730789065e-02
4.491468933730814739e-02
4.569568480644579933e-02
4.569568480644582015e-02
4.569568480644584790e-02
4.569568480644587566e-02
4.569568480644588260e-02
4.569568480644588954e-02
4.569568480644601444e-02
4.569568480644618791e-02
4.674552095426652565e-02
4.674552095426658116e-02
4.674552095426668524e-02
4.674552095426674769e-02
4.796988176670517051e-02
4.796988176670521214e-02
4.796988176670523296e-02
4.796988176670523296e-02
4.796988176670539950e-02
4.796988176670543419e-02
4.796988176670543419e-02
4.796988176670562154e-02
4.813941894490568474e-02
4.813941894490576107e-02
4.902319603462202552e-02
4.902319603462210185e-02
4.902319603462220593e-02
4.902319603462239328e-02
5.099246580348719415e-02
5.099246580348721497e-02
5.099246580348725660e-02
5.099246580348727742e-02
5.099246580348733293e-02
5.099246580348741620e-02
5.099246580348747865e-02
5.099246580348776314e-02
5.110352605072186749e-02
5.110352605072190219e-02
5.110352605072202709e-02
5.110352605072225607e-02
5.120742446636385864e-02
5.120742446636387252e-02
5.120742446636387252e-02
5.120742446636391415e-02
5.120742446636395578e-02
5.120742446636399742e-02
5.120742446636402517e-02
5.120742446636434436e-02
5.351828494785351026e-02
5.351828494785356577e-02
5.351828494785358659e-02
5.351828494785365598e-02
5.351828494785370455e-02
5.351828494785371149e-02
5.351828494785375312e-02
5.351828494785387108e-02
5.541020012918117243e-02
5.541020012918127652e-02
5.541020012918128346e-02
5.541020012918149856e-02
5.643037138887774945e-02
5.643037138887775639e-02
5.643037138887777027e-02
5.643037138887799925e-02
5.891309873015966592e-02
5.891309873015970061e-02
5.891309873015980469e-02
5.891309873015981857e-02
5.891309873015988102e-02
5.891309873015990878e-02
5.891309873015997123e-02
5.891309873016016552e-02
5.938636073775577923e-02
5.938636073775586943e-02
5.938636073775591107e-02
5.938636073775598739e-02
6.208647972943577564e-02
6.208647972943579646e-02
6.208647972943581728e-02
6.208647972943583809e-02
6.208647972943585891e-02
6.208647972943587279e-02
6.208647972943589360e-02
6.208647972943609483e-02
6.277686768624483882e-02
6.277686768624490821e-02
6.277686768624492208e-02
6.277686768624500535e-02
6.361645472931598544e-02
6.361645472931602707e-02
6.361645472931606871e-02
6.361645472931615197e-02
6.536539093860456451e-02
6.536539093860473104e-02
6.536539093860478655e-02
6.536539093860481431e-02
6.537037484798495501e-02
6.537037484798507991e-02
6.537037484798509379e-02
6.537037484798512155e-02
6.697208202223414730e-02
6.697208202223423057e-02
6.697208202223423057e-02
6.697208202223424445e-02
6.697208202223428608e-02
6.697208202223436935e-02
6.697208202223445261e-02
6.697208202223446649e-02
6.698729810778079885e-02
6.698729810778093763e-02
6.698729810778099314e-02
6.698729810778113192e-02
6.813711868355026846e-02
6.813711868355032397e-02
6.813711868355035173e-02
6.813711868355035173e-02
6.854352720966871981e-02
6.854352720966878920e-02
6.854352720966881696e-02
6.854352720966887247e-02
6.854352720966894186e-02
6.854352720966896961e-02
6.854352720966899737e-02
6.854352720966906676e-02
6.975750030520416756e-02
6.975750030520422307e-02
6.975750030520425082e-02
6.975750030520429246e-02
6.975750030520433409e-02
6.975750030520436185e-02
6.975750030520452838e-02
6.975750030520457001e-02
7.120793331423647121e-02
7.120793331423655448e-02
7.120793331423655448e-02
7.120793331423659611e-02
7.120793331423665162e-02
7.120793331423666550e-02
7.120793331423672101e-02
7.120793331423680428e-02
7.170639633795766743e-02
7.170639633795770906e-02
7.170639633795775070e-02
7.170639633795783396e-02
7.236940051215555447e-02
7.236940051215559611e-02
7.236940051215560998e-02
7.236940051215567937e-02
7.236940051215570713e-02
7.236940051215577652e-02
7.236940051215584591e-02
7.236940051215599856e-02
7.550058281500098001e-02
7.550058281500102164e-02
7.550058281500109103e-02
7.550058281500117430e-02
7.569444765332868086e-02
7.569444765332876413e-02
7.569444765332876413e-02
7.569444765332880576e-02
7.569444765332884739e-02
7.569444765332888903e-02
7.569444765332901393e-02
7.569444765332902780e-02
7.582001504955877824e-02
7.582001504955895865e-02
7.582001504955902804e-02
7.582001504955908355e-02
7.636253534260734055e-02
7.636253534260736830e-02
7.636253534260743769e-02
7.636253534260747933e-02
7.636253534260753484e-02
7.636253534260759035e-02
7.636253534260765974e-02
7.636253534260767362e-02
7.961178552407896514e-02
7.961178552407900677e-02
7.961178552407915943e-02
7.961178552407924269e-02
8.019216614023062795e-02
8.019216614023068346e-02
8.019216614023076672e-02
8.019216614023090550e-02
8.040609908776163994e-02
8.040609908776173709e-02
8.040609908776177872e-02
8.040609908776179260e-02
8.040609908776179260e-02
8.040609908776186199e-02
8.040609908776190362e-02
8.040609908776204240e-02
8.057168381137354285e-02
8.057168381137363999e-02
8.057168381137382041e-02
8.057168381137382041e-02
8.057168381137382041e-02
8.057168381137384816e-02
8.057168381137390367e-02
8.057168381137398694e-02
8.248812151109843893e-02
8.248812151109846669e-02
8.248812151109856383e-02
8.248812151109859159e-02
8.248812151109861934e-02
8.248812151109867485e-02
8.248812151109871649e-02
8.248812151109875812e-02
8.402042333226157622e-02
8.402042333226163173e-02
8.402042333226164561e-02
8.402042333226164561e-02
8.452775450987186356e-02
8.452775450987189132e-02
8.452775450987198846e-02
8.452775450987208561e-02
8.526930869215458564e-02
8.526930869215466890e-02
8.526930869215466890e-02
8.526930869215466890e-02
8.526930869215466890e-02
8.526930869215471054e-02
8.526930869215480768e-02
8.526930869215489095e-02
8.568146425737376004e-02
8.568146425737376004e-02
8.568146425737380167e-02
8.568146425737380167e-02
8.568146425737380167e-02
8.568146425737387106e-02
8.568146425737391270e-02
8.568146425737403760e-02
8.853979532879092951e-02
8.853979532879094339e-02
8.853979532879105441e-02
8.853979532879117931e-02
9.139136961289183458e-02
9.139136961289200112e-02
9.196606283260425063e-02
9.196606283260433390e-02
9.196606283260443104e-02
9.196606283260455594e-02
9.213810596834866307e-02
9.213810596834874633e-02
9.213810596834874633e-02
9.213810596834881572e-02
9.213810596834887123e-02
9.213810596834887123e-02
9.213810596834896838e-02
9.213810596834914879e-02
9.334852092751966257e-02
9.334852092751980135e-02
9.334852092751989849e-02
9.334852092751994013e-02
9.334852092752002339e-02
9.334852092752006503e-02
9.334852092752006503e-02
9.334852092752017605e-02
9.458442194940072656e-02
9.458442194940074044e-02
9.458442194940085146e-02
9.458442194940094860e-02
9.622596983305670149e-02
9.622596983305692353e-02
9.622596983305709006e-02
9.622596983305717333e-02
9.678061310786972848e-02
9.678061310786988114e-02
9.678061310786993665e-02
9.678061310786996441e-02
9.678061310786997828e-02
9.678061310786997828e-02
9.678061310786997828e-02
9.678061310787000604e-02
9.855086119831465985e-02
9.855086119831490965e-02
9.855086119831490965e-02
9.855086119831497904e-02
9.855086119831503455e-02
9.855086119831506231e-02
9.855086119831514557e-02
9.855086119831527047e-02
1.003112505360176376e-01
1.003112505360177487e-01
1.003112505360178180e-01
1.003112505360178597e-01
1.003112505360179985e-01
1.003112505360179985e-01
1.003112505360179985e-01
1.003112505360180817e-01
1.024148489327276756e-01
1.024148489327277589e-01
1.024148489327278283e-01
1.024148489327278699e-01
1.024148489327278699e-01
1.024148489327278699e-01
1.024148489327279254e-01
1.024148489327281197e-01
1.039713033307897855e-01
1.039713033307898271e-01
1.039713033307899243e-01
1.039713033307899243e-01
1.050289977589353718e-01
1.050289977589353996e-01
1.050289977589354412e-01
1.050289977589354828e-01
1.067424666708329251e-01
1.067424666708331193e-01
1.067424666708332026e-01
1.067424666708333691e-01
1.067424666708333969e-01
1.067424666708334385e-01
1.067424666708334385e-01
1.067424666708334802e-01
1.085541007682332693e-01
1.085541007682333803e-01
1.085541007682334219e-01
1.085541007682334774e-01
1.085541007682335191e-01
1.085541007682335191e-01
1.085541007682335884e-01
1.085541007682336301e-01
1.088703210052979625e-01
1.088703210052980042e-01
1.088703210052980458e-01
1.088703210052981291e-01
1.088703210052981291e-01
1.088703210052981707e-01
1.088703210052981984e-01
1.088703210052982401e-01
1.089515070014157594e-01
1.089515070014158565e-01
1.089515070014159814e-01
1.089515070014160786e-01
1.089515070014161480e-01
1.089515070014161618e-01
1.089515070014161896e-01
1.089515070014162451e-01
1.121244234446893695e-01
1.121244234446894389e-01
1.121244234446894805e-01
1.121244234446894805e-01
1.121244234446894805e-01
1.121244234446894944e-01
1.121244234446895222e-01
1.121244234446897026e-01
1.127475825275782856e-01
1.127475825275782856e-01
1.127475825275784105e-01
1.127475825275784105e-01
1.127475825275784382e-01
1.127475825275785215e-01
1.127475825275785493e-01
1.127475825275788407e-01
1.132527663482947172e-01
1.132527663482947589e-01
1.132527663482947727e-01
1.132527663482948560e-01
1.132527663482948838e-01
1.132527663482948976e-01
1.132527663482950503e-01
1.132527663482950780e-01
1.149596111848057572e-01
1.149596111848058405e-01
1.149596111848058405e-01
1.149596111848059515e-01
1.149596111848059793e-01
1.149596111848060348e-01
1.149596111848060348e-01
1.149596111848061875e-01
1.157682864595487165e-01
1.157682864595488692e-01
1.157682864595489108e-01
1.157682864595489247e-01
1.157682864595489525e-01
1.157682864595489663e-01
1.157682864595489663e-01
1.157682864595489941e-01
1.181537203106503703e-01
1.181537203106505368e-01
1.181537203106505785e-01
1.181537203106508283e-01
1.182360611669886208e-01
1.182360611669886485e-01
1.182360611669886624e-01
1.182360611669886902e-01
1.182360611669887457e-01
1.182360611669888290e-01
1.182360611669889816e-01
1.182360611669891898e-01
1.220180527244464352e-01
1.220180527244466850e-01
1.220180527244469626e-01
1.220180527244470042e-01
1.220180527244471014e-01
1.220180527244472124e-01
1.220180527244472124e-01
1.220180527244473651e-01
1.222243998454581176e-01
1.222243998454581593e-01
1.222243998454582148e-01
1.222243998454582425e-01
1.222243998454582842e-01
1.222243998454583258e-01
1.222243998454584507e-01
1.222243998454584507e-01
1.230809669690547947e-01
1.230809669690548780e-01
1.230809669690551694e-01
1.230809669690553221e-01
1.240508929201632471e-01
1.240508929201633720e-01
1.240508929201634553e-01
1.240508929201635802e-01
1.240508929201636079e-01
1.240508929201637467e-01
1.240508929201637744e-01
1.240508929201641353e-01
1.281561440875609581e-01
1.281561440875609859e-01
1.281561440875609859e-01
1.281561440875610136e-01
1.281561440875610414e-01
1.281561440875610691e-01
1.281561440875610691e-01
1.281561440875612634e-01
1.283601868431119286e-01
1.283601868431122894e-01
1.283601868431124282e-01
1.283601868431126780e-01
1.288499394466300629e-01
1.288499394466300629e-01
1.288499394466302295e-01
1.288499394466302572e-01
1.288499394466303127e-01
1.288499394466303127e-01
1.288499394466304515e-01
1.288499394466310066e-01
1.320169209661437859e-01
1.320169209661438137e-01
1.320169209661440080e-01
1.320169209661440912e-01
1.320169209661442022e-01
1.320169209661442578e-01
1.320169209661443133e-01
1.320169209661443133e-01
1.339441640444681003e-01
1.339441640444681558e-01
1.339441640444681836e-01
1.339441640444682113e-01
1.339441640444683779e-01
1.339441640444684611e-01
1.339441640444686554e-01
1.339441640444687387e-01
1.350431398123324300e-01
1.350431398123325966e-01
1.350431398123325966e-01
1.350431398123326521e-01
1.350431398123328186e-01
1.350431398123329574e-01
1.350431398123330129e-01
1.350431398123333737e-01
1.351049089587995633e-01
1.351049089587997298e-01
1.351049089587997576e-01
1.351049089588003682e-01
1.375551946793801550e-01
1.375551946793803493e-01
1.375551946793804881e-01
1.375551946793813207e-01
1.382700604178520865e-01
1.382700604178521697e-01
1.382700604178522252e-01
1.382700604178523085e-01
1.382700604178523085e-01
1.382700604178523085e-01
1.382700604178524750e-01
1.382700604178526971e-01
1.391448204265087751e-01
1.391448204265089139e-01
1.391448204265089417e-01
1.391448204265090249e-01
1.391448204265090249e-01
1.391448204265091082e-01
1.391448204265092747e-01
1.391448204265096911e-01
1.394289413452617921e-01
1.394289413452619864e-01
1.394289413452619864e-01
1.394289413452619864e-01
1.394289413452620696e-01
1.394289413452621529e-01
1.394289413452621806e-01
1.394289413452626525e-01
1.417844707110108571e-01
1.417844707110112179e-01
1.417844707110112179e-01
1.417844707110115510e-01
1.446579213741298886e-01
1.446579213741298886e-01
1.446579213741303882e-01
1.446579213741306658e-01
1.447388010243113032e-01
1.447388010243118861e-01
1.449152015277922201e-01
1.449152015277923589e-01
1.449152015277925809e-01
1.449152015277926642e-01
1.449152015277927197e-01
1.449152015277928307e-01
1.449152015277930805e-01
1.449152015277934136e-01
1.456300288641956264e-01
1.456300288641957374e-01
1.456300288641962370e-01
1.456300288641965979e-01
1.460773817594794854e-01
1.460773817594797075e-01
1.460773817594798185e-01
1.460773817594799573e-01
1.460773817594799850e-01
1.460773817594800406e-01
1.460773817594804846e-01
1.460773817594810120e-01
1.473405543586900901e-01
1.473405543586901179e-01
1.473405543586902011e-01
1.473405543586902011e-01
1.473405543586903677e-01
1.473405543586905064e-01
1.473405543586907007e-01
1.473405543586910615e-01
1.507598991711607272e-01
1.507598991711608105e-01
1.507598991711608383e-01
1.507598991711608938e-01
1.507598991711610881e-01
1.507598991711611158e-01
1.507598991711613656e-01
1.507598991711615044e-01
1.527751408639377861e-01
1.527751408639381747e-01
1.527751408639381747e-01
1.527751408639382580e-01
1.527751408639384523e-01
1.527751408639385355e-01
1.527751408639390629e-01
1.527751408639393127e-01
1.536222733990916245e-01
1.536222733990917078e-01
1.536222733990917078e-01
1.536222733990918465e-01
1.536222733990920131e-01
1.536222733990921241e-01
1.536222733990924294e-01
1.536222733990928457e-01
1.590475642101527864e-01
1.590475642101529807e-01
1.590475642101529807e-01
1.590475642101530918e-01
1.590475642101531195e-01
1.590475642101532583e-01
1.590475642101539522e-01
1.590475642101540354e-01
1.590752733427024113e-01
1.590752733427026888e-01
1.590752733427031329e-01
1.590752733427032162e-01
1.600169051146998755e-01
1.600169051147000976e-01
1.600169051147002364e-01
1.600169051147005139e-01
1.600169051147005972e-01
1.600169051147008470e-01
1.600169051147013466e-01
1.600169051147019295e-01
1.649762430221966281e-01
1.649762430221967391e-01
1.649762430221967946e-01
1.649762430221968779e-01
1.649762430221969889e-01
1.649762430221971277e-01
1.649762430221979881e-01
1.649762430221982101e-01
1.661044745862818306e-01
1.661044745862819416e-01
1.661044745862820804e-01
1.661044745862821082e-01
1.661044745862821914e-01
1.661044745862822192e-01
1.661044745862824135e-01
1.661044745862833849e-01
1.671853390817858720e-01
1.671853390817859275e-01
1.671853390817859275e-01
1.671853390817859553e-01
1.671853390817863716e-01
1.671853390817866214e-01
1.671853390817871765e-01
1.671853390817875373e-01
1.674125157453331125e-01
1.674125157453331680e-01
1.674125157453332513e-01
1.674125157453343060e-01
1.680408466645231524e-01
1.680408466645232635e-01
1.680408466645232635e-01
1.680408466645232912e-01
1.680408466645232912e-01
1.680408466645233745e-01
1.680408466645242072e-01
1.680408466645242627e-01
1.707289725066404862e-01
1.707289725066406805e-01
1.707289725066408193e-01
1.707289725066409580e-01
1.707289725066411801e-01
1.707289725066413466e-01
1.707289725066413466e-01
1.707289725066415131e-01
1.720338015566647560e-01
1.720338015566648115e-01
1.720338015566650613e-01
1.720338015566652001e-01
1.720338015566653389e-01
1.720338015566654222e-01
1.720338015566655332e-01
1.720338015566668100e-01
1.744566592275991757e-01
1.744566592275997863e-01
1.744566592275998140e-01
1.744566592276000638e-01
1.760244585602490641e-01
1.760244585602491751e-01
1.760244585602492584e-01
1.760244585602492862e-01
1.760244585602495637e-01
1.760244585602500078e-01
1.760244585602501188e-01
1.760244585602501743e-01
1.766970419171670081e-01
1.766970419171675355e-01
1.766970419171677575e-01
1.766970419171682294e-01
1.793518689552018042e-01
1.793518689552019152e-01
1.793518689552019707e-01
1.793518689552019985e-01
1.793518689552021927e-01
1.793518689552023038e-01
1.793518689552025536e-01
1.793518689552026091e-01
1.831487769897486018e-01
1.831487769897487683e-01
1.831487769897491014e-01
1.831487769897494344e-01
1.831487769897494899e-01
1.831487769897495455e-01
1.831487769897497397e-01
1.831487769897498508e-01
1.859888875718038459e-01
1.859888875718039014e-01
1.859888875718040402e-01
1.859888875718040957e-01
1.859888875718045120e-01
1.859888875718045675e-01
1.859888875718050116e-01
1.859888875718054280e-01
1.863208179831908895e-01
1.863208179831910283e-01
1.863208179831910838e-01
1.863208179831911115e-01
1.863208179831911948e-01
1.863208179831913336e-01
1.863208179831917499e-01
1.863208179831918887e-01
1.890459609480157621e-01
1.890459609480157621e-01
1.890459609480160397e-01
1.890459609480162895e-01
1.907209556672142259e-01
1.907209556672142259e-01
1.907209556672143091e-01
1.907209556672144479e-01
1.911087098332159839e-01
1.911087098332159839e-01
1.911087098332161505e-01
1.911087098332162337e-01
1.911087098332164003e-01
1.911087098332165668e-01
1.911087098332167611e-01
1.911087098332169276e-01
1.913134665492781661e-01
1.913134665492782216e-01
1.913134665492783881e-01
1.913134665492784992e-01
1.935612262157399288e-01
1.935612262157399566e-01
1.935612262157399566e-01
1.935612262157400398e-01
1.935612262157400953e-01
1.935612262157401786e-01
1.935612262157402896e-01
1.935612262157406227e-01
1.948851811647870358e-01
1.948851811647873133e-01
1.948851811647873133e-01
1.948851811647878962e-01
1.966033422781248707e-01
1.966033422781251205e-01
1.966033422781253703e-01
1.966033422781256479e-01
1.979173035367661482e-01
1.979173035367663425e-01
1.979173035367663425e-01
1.979173035367664257e-01
2.006984373933178578e-01
2.006984373933182186e-01
2.006984373933182741e-01
2.006984373933186350e-01
2.006984373933187182e-01
2.006984373933187182e-01
2.006984373933190235e-01
2.006984373933195787e-01
2.009162460667025807e-01
2.009162460667027472e-01
2.009162460667027472e-01
2.009162460667029138e-01
2.009162460667029970e-01
2.009162460667030803e-01
2.009162460667031080e-01
2.009162460667040795e-01
2.009374662544501922e-01
2.009374662544502477e-01
2.009374662544505252e-01
2.009374662544506085e-01
2.009374662544506918e-01
2.009374662544510803e-01
2.009374662544511081e-01
2.009374662544516910e-01
2.048296978654562395e-01
2.048296978654567668e-01
2.067936821396642033e-01
2.067936821396642311e-01
2.067936821396644531e-01
2.067936821396648417e-01
2.075669866008089393e-01
2.075669866008092168e-01
2.075669866008092723e-01
2.075669866008093278e-01
2.075669866008094111e-01
2.075669866008095221e-01
2.075669866008096609e-01
2.075669866008100772e-01
2.083057114823166633e-01
2.083057114823168854e-01
2.083057114823169964e-01
2.083057114823173572e-01
2.110187930789894917e-01
2.110187930789894917e-01
2.110187930789900745e-01
2.110187930789904631e-01
2.121837080971348544e-01
2.121837080971351319e-01
2.121837080971353540e-01
2.121837080971354095e-01
2.121837080971356870e-01
2.121837080971357425e-01
2.121837080971358536e-01
2.121837080971359368e-01
2.154476124467980536e-01
2.154476124467980536e-01
2.154476124467981923e-01
2.154476124467982201e-01
2.154476124467984421e-01
2.154476124467984421e-01
2.154476124467984699e-01
2.154476124467989140e-01
2.158678955657219456e-01
2.158678955657220844e-01
2.158678955657222509e-01
2.158678955657222509e-01
2.158678955657224730e-01
2.158678955657224730e-01
2.158678955657225562e-01
2.158678955657226395e-01
2.178782399591241148e-01
2.178782399591241981e-01
2.178782399591242536e-01
2.178782399591244201e-01
2.179030140028319074e-01
2.179030140028319629e-01
2.179030140028320461e-01
2.179030140028320739e-01
2.179030140028322959e-01
2.179030140028322959e-01
2.179030140028323792e-01
2.179030140028327955e-01
2.187475691836794078e-01
2.187475691836794633e-01
2.187475691836794633e-01
2.187475691836795466e-01
2.187475691836796854e-01
2.187475691836798519e-01
2.187475691836800462e-01
2.187475691836808511e-01
2.216329155499184855e-01
2.216329155499184855e-01
2.216329155499186798e-01
2.216329155499190684e-01
2.216699952362836123e-01
2.216699952362837789e-01
2.216699952362839454e-01
2.216699952362840287e-01
2.252977362708529219e-01
2.252977362708530329e-01
2.252977362708532549e-01
2.252977362708533104e-01
2.252977362708535602e-01
2.252977362708537268e-01
2.252977362708538100e-01
2.252977362708540876e-01
2.297682225967992709e-01
2.297682225967992709e-01
2.297682225967993264e-01
2.297682225967995207e-01
2.297682225967995207e-01
2.297682225967996039e-01
2.297682225967999925e-01
2.297682225968001313e-01
2.342864597450944053e-01
2.342864597450947939e-01
2.342864597450950437e-01
2.342864597450954323e-01
2.364721223339771583e-01
2.364721223339774081e-01
2.364721223339774914e-01
2.364721223339775746e-01
2.364721223339776301e-01
2.364721223339777134e-01
2.364721223339780742e-01
2.364721223339782130e-01
2.370368141031726772e-01
2.370368141031728160e-01
2.370368141031731768e-01
2.370368141031733433e-01
2.370907471278433931e-01
2.370907471278435874e-01
2.370907471278436429e-01
2.370907471278440592e-01
2.380753662449683339e-01
2.380753662449684172e-01
2.380753662449685837e-01
2.380753662449686670e-01
2.380753662449686947e-01
2.380753662449687502e-01
2.380753662449688335e-01
2.380753662449692221e-01
2.416959328381286798e-01
2.416959328381288463e-01
2.416959328381289296e-01
2.416959328381289851e-01
2.416959328381290129e-01
2.416959328381290129e-01
2.416959328381291516e-01
2.416959328381297067e-01
2.422166081143681537e-01
2.422166081143682370e-01
2.422166081143684868e-01
2.422166081143687921e-01
2.422166081143689031e-01
2.422166081143690974e-01
2.422166081143699301e-01
2.422166081143702909e-01
2.439469600394749971e-01
2.439469600394750526e-01
2.439469600394752191e-01
2.439469600394753301e-01
2.441771479819384028e-01
2.441771479819387636e-01
2.441771479819388191e-01
2.441771479819388468e-01
2.441771479819391799e-01
2.441771479819392354e-01
2.441771479819394297e-01
2.441771479819395685e-01
2.474643645332954001e-01
2.474643645332954833e-01
2.474643645332955666e-01
2.474643645332956499e-01
2.474643645332956499e-01
2.474643645332956499e-01
2.474643645332956776e-01
2.474643645332960107e-01
2.481017858403267440e-01
2.481017858403268272e-01
2.481017858403269660e-01
2.481017858403269938e-01
2.481017858403272991e-01
2.481017858403273824e-01
2.481017858403275489e-01
2.481017858403276322e-01
2.499432127956478511e-01
2.499432127956480176e-01
2.499432127956481009e-01
2.499432127956483507e-01
2.499432127956483507e-01
2.499432127956486838e-01
2.499432127956489336e-01
2.499432127956490168e-01
2.500000000000001110e-01
2.500000000000004441e-01
2.500000000000005551e-01
2.500000000000012768e-01
2.501904284202799422e-01
2.501904284202802198e-01
2.501904284202803863e-01
2.501904284202804418e-01
2.508429846530568219e-01
2.508429846530572660e-01
2.508429846530573215e-01
2.508429846530573770e-01
2.508429846530574880e-01
2.508429846530575436e-01
2.508429846530577656e-01
2.508429846530578211e-01
2.514749570041424631e-01
2.514749570041425186e-01
2.514749570041426852e-01
2.514749570041428517e-01
2.514959483736813883e-01
2.514959483736815549e-01
2.514959483736816659e-01
2.514959483736816659e-01
2.514959483736817214e-01
2.514959483736819990e-01
2.514959483736824430e-01
2.514959483736826096e-01
2.520612699967845205e-01
2.520612699967845760e-01
2.520612699967850201e-01
2.520612699967857973e-01
2.533411349268223089e-01
2.533411349268226975e-01
2.533411349268230861e-01
2.533411349268230861e-01
2.552319926871599032e-01
2.552319926871600142e-01
2.552319926871605138e-01
2.552319926871607358e-01
2.552319926871608469e-01
2.552319926871609024e-01
2.552319926871610134e-01
2.552319926871614575e-01
2.560048480593156150e-01
2.560048480593158371e-01
2.560048480593163367e-01
2.560048480593165032e-01
2.560048480593166698e-01
2.560048480593168363e-01
2.560048480593168363e-01
2.560048480593171139e-01
2.561121853675143445e-01
2.561121853675143445e-01
2.561121853675144000e-01
2.561121853675144000e-01
2.561121853675145110e-01
2.561121853675147331e-01
2.561121853675147331e-01
2.561121853675149551e-01
2.564431826925049340e-01
2.564431826925051006e-01
2.564431826925051006e-01
2.564431826925052116e-01
2.564431826925052671e-01
2.564431826925053781e-01
2.564431826925055447e-01
2.564431826925056002e-01
2.565906313966144769e-01
2.565906313966144769e-01
2.565906313966146990e-01
2.565906313966148100e-01
2.565906313966150321e-01
2.565906313966150321e-01
2.565906313966151986e-01
2.565906313966152541e-01
2.567203736862241903e-01
2.567203736862242458e-01
2.567203736862245234e-01
2.567203736862248564e-01
2.567203736862249119e-01
2.567203736862249674e-01
2.567203736862252450e-01
2.567203736862253560e-01
2.577997409962350384e-01
2.577997409962350384e-01
2.577997409962351494e-01
2.577997409962353714e-01
2.577997409962353714e-01
2.577997409962356490e-01
2.577997409962356490e-01
2.577997409962362596e-01
2.587086231318487251e-01
2.587086231318493357e-01
2.587086231318494467e-01
2.587086231318496687e-01
2.587086231318497798e-01
2.587086231318498353e-01
2.587086231318498353e-01
2.587086231318498908e-01
2.610610821665316217e-01
2.610610821665316217e-01
2.610610821665318437e-01
2.610610821665319548e-01
2.610610821665320103e-01
2.610610821665321768e-01
2.610610821665321768e-01
2.610610821665323988e-01
2.621377897041661242e-01
2.621377897041662908e-01
2.621377897041666793e-01
2.621377897041669014e-01
2.646643335583492851e-01
2.646643335583495071e-01
2.646643335583496737e-01
2.646643335583497292e-01
2.650859147730311172e-01
2.650859147730314502e-01
2.650859147730315057e-01
2.650859147730316168e-01
2.678752982810966854e-01
2.678752982810966854e-01
2.678752982810969629e-01
2.678752982810971295e-01
2.678752982810971850e-01
2.678752982810972405e-01
2.678752982810973515e-01
2.678752982810975181e-01
2.678883280889367557e-01
2.678883280889374219e-01
2.679111368654227276e-01
2.679111368654227832e-01
2.679111368654231162e-01
2.679111368654231162e-01
2.679111368654232272e-01
2.679111368654233383e-01
2.679111368654233383e-01
2.679111368654235048e-01
2.691847516349832325e-01
2.691847516349833436e-01
2.691847516349836766e-01
2.691847516349836766e-01
2.691847516349837877e-01
2.691847516349837877e-01
2.691847516349840652e-01
2.691847516349845648e-01
2.694891952816120262e-01
2.694891952816123593e-01
2.694891952816126923e-01
2.694891952816128589e-01
2.701795954465069372e-01
2.701795954465072702e-01
2.701795954465072702e-01
2.701795954465074368e-01
2.701795954465074923e-01
2.701795954465075478e-01
2.701795954465077698e-01
2.701795954465097127e-01
2.702098179175994042e-01
2.702098179175996817e-01
2.702098179175997927e-01
2.702098179175999593e-01
2.702098179176001813e-01
2.702098179176004034e-01
2.702098179176005699e-01
2.702098179176010140e-01
2.777294762527216521e-01
2.777294762527221517e-01
2.777294762527223182e-01
2.777294762527223737e-01
2.777294762527224292e-01
2.777294762527224847e-01
2.777294762527225958e-01
2.777294762527228178e-01
2.844194372340766441e-01
2.844194372340766996e-01
2.844194372340767551e-01
2.844194372340770882e-01
2.865010968156360693e-01
2.865010968156361804e-01
2.865010968156364579e-01
2.865010968156367355e-01
2.865010968156367910e-01
2.865010968156367910e-01
2.865010968156369020e-01
2.865010968156369020e-01
2.865878092088615103e-01
2.865878092088618989e-01
2.865878092088620099e-01
2.865878092088620654e-01
2.865878092088620654e-01
2.865878092088621765e-01
2.865878092088622320e-01
2.865878092088622320e-01
2.892025994227526708e-01
2.892025994227531149e-01
2.892025994227531704e-01
2.892025994227531704e-01
2.892025994227531704e-01
2.892025994227532260e-01
2.892025994227534480e-01
2.892025994227545582e-01
2.903418393236094075e-01
2.903418393236097406e-01
2.903418393236097961e-01
2.903418393236098516e-01
2.903418393236098516e-01
2.903418393236099071e-01
2.903418393236099626e-01
2.903418393236100181e-01
2.905043199454979130e-01
2.905043199454981906e-01
2.905043199454983016e-01
2.905043199454988567e-01
2.907927236669648474e-01
2.907927236669650140e-01
2.907927236669653470e-01
2.907927236669653470e-01
2.912600577283914749e-01
2.912600577283915304e-01
2.912600577283917525e-01
2.912600577283920300e-01
2.912600577283921410e-01
2.912600577283924186e-01
2.912600577283925851e-01
2.912600577283928627e-01
2.971333842078969778e-01
2.971333842078971998e-01
2.971333842078973109e-01
2.971333842078974219e-01
2.971333842078974219e-01
2.971333842078975329e-01
2.971333842078976439e-01
2.971333842078977550e-01
2.971624225418968979e-01
2.971624225418972864e-01
2.971624225418974530e-01
2.971624225418983412e-01
2.990566365554945261e-01
2.990566365554945261e-01
2.990566365554946926e-01
2.990566365554946926e-01
2.990566365554948591e-01
2.990566365554950257e-01
2.990566365554951367e-01
2.990566365554954698e-01
3.004672185674174267e-01
3.004672185674174822e-01
3.004672185674177598e-01
3.004672185674184259e-01
3.068969352335710332e-01
3.068969352335710887e-01
3.068969352335714218e-01
3.068969352335714218e-01
3.072567209048057690e-01
3.072567209048059356e-01
3.072567209048059911e-01
3.072567209048061576e-01
3.072567209048063241e-01
3.072567209048064907e-01
3.072567209048067682e-01
3.072567209048067682e-01
3.078498605003344712e-01
3.078498605003345268e-01
3.078498605003348598e-01
3.078498605003352484e-01
3.078498605003354149e-01
3.078498605003356370e-01
3.078498605003360811e-01
3.078498605003361921e-01
3.105084918687852080e-01
3.105084918687855411e-01
3.105084918687855411e-01
3.105084918687857631e-01
3.105084918687860407e-01
3.105084918687860962e-01
3.105084918687862627e-01
3.105084918687865958e-01
3.108647504289403507e-01
3.108647504289408503e-01
3.108647504289408503e-01
3.108647504289410723e-01
3.129984685138630374e-01
3.129984685138636480e-01
3.129984685138639811e-01
3.129984685138639811e-01
3.135684887494457618e-01
3.135684887494459283e-01
3.135684887494459838e-01
3.135684887494471496e-01
3.149605448575962807e-01
3.149605448575968358e-01
3.149605448575968358e-01
3.149605448575968358e-01
3.149605448575970024e-01
3.149605448575970579e-01
3.149605448575971134e-01
3.149605448575973909e-01
3.172329897368558749e-01
3.172329897368562079e-01
3.172329897368563745e-01
3.172329897368564855e-01
3.181505466854042119e-01
3.181505466854048780e-01
3.181505466854048780e-01
3.181505466854049335e-01
3.181505466854050446e-01
3.181505466854050446e-01
3.181505466854054331e-01
3.181505466854055997e-01
3.216852271112100037e-01
3.216852271112103367e-01
3.216852271112107253e-01
3.216852271112107253e-01
3.216852271112111139e-01
3.216852271112112804e-01
3.216852271112113359e-01
3.216852271112114470e-01
3.235049779702416917e-01
3.235049779702421358e-01
3.235049779702422468e-01
3.235049779702423578e-01
3.235049779702425243e-01
3.235049779702426354e-01
3.235049779702433015e-01
3.235049779702434125e-01
3.256593857957688076e-01
3.256593857957694738e-01
3.256593857957694738e-01
3.256593857957695848e-01
3.256593857957698068e-01
3.256593857957698623e-01
3.256593857957699178e-01
3.256593857957700844e-01
3.260808984046579817e-01
3.260808984046587589e-01
3.260808984046588144e-01
3.260808984046589809e-01
3.268545210042467231e-01
3.268545210042468896e-01
3.268545210042477778e-01
3.268545210042479443e-01
3.268545210042479998e-01
3.268545210042479998e-01
3.268545210042482219e-01
3.268545210042494431e-01
3.299524860443934782e-01
3.299524860443948104e-01
3.335872378937062566e-01
3.335872378937069782e-01
3.335872378937072558e-01
3.335872378937072558e-01
3.360816933290465269e-01
3.360816933290468045e-01
3.363127491266868496e-01
3.363127491266871272e-01
3.363127491266873492e-01
3.363127491266873492e-01
3.363127491266875158e-01
3.363127491266878488e-01
3.363127491266883484e-01
3.363127491266885705e-01
3.368287623464289449e-01
3.368287623464292779e-01
3.368287623464292779e-01
3.368287623464293890e-01
3.382703963061895469e-01
3.382703963061897134e-01
3.382703963061898800e-01
3.382703963061900465e-01
3.382703963061903241e-01
3.382703963061906016e-01
3.382703963061907682e-01
3.382703963061916008e-01
3.408326990133305201e-01
3.408326990133306311e-01
3.408326990133308532e-01
3.408326990133313528e-01
3.408326990133314083e-01
3.408326990133315193e-01
3.408326990133316303e-01
3.408326990133318524e-01
3.446236117342406646e-01
3.446236117342411087e-01
3.446236117342411642e-01
3.446236117342411642e-01
3.446236117342412197e-01
3.446236117342413308e-01
3.446236117342416083e-01
3.446236117342422189e-01
3.449078262876125733e-01
3.449078262876130729e-01
3.449078262876131284e-01
3.449078262876133505e-01
3.449078262876135725e-01
3.449078262876135725e-01
3.449078262876136836e-01
3.449078262876139611e-01
3.489133184551972411e-01
3.489133184551972411e-01
3.489133184551974631e-01
3.489133184551976297e-01
3.489133184551976852e-01
3.489133184551977407e-01
3.489133184551980182e-01
3.489133184551981848e-01
3.547081835009655015e-01
3.547081835009660011e-01
3.547081835009661677e-01
3.547081835009663342e-01
3.547081835009665007e-01
3.547081835009668893e-01
3.547081835009669448e-01
3.547081835009671669e-01
3.611901653062352113e-01
3.611901653062360995e-01
3.611901653062360995e-01
3.611901653062365991e-01
3.611901653062367101e-01
3.611901653062368212e-01
3.611901653062368212e-01
3.611901653062370987e-01
3.628442388348550596e-01
3.628442388348552816e-01
3.628442388348555592e-01
3.628442388348563918e-01
3.646809569670173001e-01
3.646809569670175222e-01
3.646809569670176332e-01
3.646809569670176887e-01
3.646809569670178552e-01
3.646809569670178552e-01
3.646809569670182993e-01
3.646809569670190210e-01
3.679182811446146673e-01
3.679182811446147783e-01
3.679182811446150003e-01
3.679182811446150003e-01
3.679182811446157775e-01
3.679182811446159995e-01
3.679182811446161105e-01
3.679182811446163881e-01
3.680689602021652851e-01
3.680689602021654516e-01
3.680689602021655071e-01
3.680689602021658402e-01
3.680689602021658402e-01
3.680689602021663398e-01
3.680689602021668394e-01
3.680689602021669504e-01
3.693202017871108356e-01
3.693202017871110576e-01
3.693202017871114462e-01
3.693202017871117793e-01
3.699550466636293833e-01
3.699550466636296053e-01
3.699550466636296053e-01
3.699550466636296608e-01
3.699550466636297164e-01
3.699550466636298274e-01
3.699550466636301049e-01
3.699550466636306045e-01
3.707851224125339740e-01
3.707851224125341960e-01
3.707851224125344181e-01
3.707851224125345291e-01
3.707851224125345291e-01
3.707851224125346956e-01
3.707851224125348066e-01
3.707851224125351397e-01
3.721526787604905739e-01
3.721526787604906850e-01
3.721526787604906850e-01
3.721526787604907960e-01
3.721526787604910180e-01
3.721526787604910735e-01
3.721526787604911846e-01
3.721526787604912956e-01
3.750340367960058874e-01
3.750340367960059429e-01
3.750340367960059429e-01
3.750340367960060539e-01
3.750340367960062760e-01
3.750340367960063870e-01
3.750340367960065535e-01
3.750340367960066645e-01
3.761635257934153320e-01
3.761635257934159426e-01
3.761635257934160537e-01
3.761635257934162202e-01
3.761635257934164978e-01
3.761635257934164978e-01
3.761635257934171084e-01
3.761635257934172749e-01
3.814419113344269530e-01
3.814419113344271750e-01
3.814419113344273415e-01
3.814419113344277856e-01
3.814419113344278967e-01
3.814419113344278967e-01
3.814419113344278967e-01
3.814419113344281187e-01
3.820810289773852175e-01
3.820810289773852730e-01
3.820810289773855506e-01
3.820810289773857726e-01
3.820810289773859392e-01
3.820810289773861057e-01
3.820810289773862167e-01
3.820810289773869384e-01
3.824838187425465552e-01
3.824838187425475544e-01
3.824838187425476099e-01
3.824838187425477765e-01
3.824838187425479430e-01
3.824838187425479430e-01
3.824838187425481095e-01
3.824838187425481095e-01
3.850805605293359801e-01
3.850805605293362577e-01
3.850805605293366463e-01
3.850805605293366463e-01
3.852720313320989187e-01
3.852720313320991408e-01
3.852720313320993073e-01
3.852720313320994183e-01
3.871224524314794135e-01
3.871224524314799131e-01
3.876615546967852044e-01
3.876615546967855375e-01
3.876615546967855375e-01
3.876615546967857040e-01
3.877236315559529078e-01
3.877236315559531854e-01
3.877236315559532409e-01
3.877236315559538515e-01
3.879513398089874388e-01
3.879513398089877718e-01
3.879513398089878828e-01
3.879513398089880494e-01
3.879513398089880494e-01
3.879513398089883824e-01
3.879513398089886600e-01
3.879513398089896592e-01
3.880442827694563501e-01
3.880442827694564611e-01
3.880442827694565167e-01
3.880442827694565167e-01
3.880442827694566277e-01
3.880442827694566832e-01
3.880442827694568497e-01
3.880442827694574603e-01
3.901255820920128681e-01
3.901255820920132011e-01
3.901255820920135342e-01
3.901255820920147555e-01
3.951482297082217765e-01
3.951482297082223316e-01
3.951482297082224426e-01
3.951482297082224426e-01
3.951482297082226092e-01
3.951482297082228312e-01
3.951482297082236639e-01
3.951482297082241080e-01
3.974709508051144091e-01
3.974709508051152418e-01
3.974709508051155193e-01
3.974709508051158524e-01
3.974709508051160745e-01
3.974709508051162410e-01
3.974709508051162410e-01
3.974709508051163520e-01
4.053147268763993005e-01
4.053147268763997446e-01
4.053147268764005773e-01
4.053147268764007438e-01
4.066125596904799910e-01
4.066125596904799910e-01
4.066125596904804906e-01
4.066125596904804906e-01
4.066125596904806572e-01
4.066125596904809902e-01
4.066125596904810457e-01
4.066125596904816009e-01
4.074685918966391429e-01
4.074685918966399756e-01
4.074685918966400866e-01
4.074685918966402531e-01
4.074685918966403642e-01
4.074685918966404197e-01
4.074685918966407527e-01
4.074685918966415299e-01
4.092067766582505595e-01
4.092067766582507260e-01
4.092067766582507815e-01
4.092067766582509480e-01
4.092067766582510591e-01
4.092067766582512256e-01
4.092067766582515587e-01
4.092067766582519472e-01
4.135873642793262417e-01
4.135873642793264637e-01
4.135873642793269078e-01
4.135873642793269633e-01
4.135873642793270744e-01
4.135873642793272409e-01
4.135873642793274629e-01
4.135873642793280736e-01
4.151560638180712415e-01
4.151560638180714635e-01
4.151560638180720186e-01
4.151560638180726848e-01
4.190223671036701347e-01
4.190223671036703013e-01
4.190223671036704123e-01
4.190223671036704678e-01
4.190223671036705788e-01
4.190223671036708009e-01
4.190223671036710784e-01
4.190223671036720776e-01
4.203024116362654716e-01
4.203024116362655271e-01
4.203024116362658047e-01
4.203024116362659157e-01
4.231670853657165665e-01
4.231670853657171216e-01
4.231670853657180653e-01
4.231670853657182318e-01
4.249512843966008480e-01
4.249512843966008480e-01
4.249512843966009035e-01
4.249512843966010700e-01
4.249512843966012365e-01
4.249512843966014031e-01
4.249512843966023468e-01
4.249512843966029574e-01
4.312516056201526338e-01
4.312516056201530779e-01
4.312516056201532444e-01
4.312516056201534109e-01
4.312516056201534664e-01
4.312516056201535775e-01
4.312516056201538550e-01
4.312516056201539105e-01
4.330144983813158377e-01
4.330144983813172255e-01
4.330144983813178916e-01
4.330144983813181137e-01
4.338004808658303402e-01
4.338004808658306732e-01
4.338004808658309508e-01
4.338004808658311728e-01
4.338004808658312839e-01
4.338004808658313394e-01
4.338004808658317280e-01
4.338004808658317835e-01
4.342347033021230485e-01
4.342347033021230485e-01
4.342347033021230485e-01
4.342347033021235481e-01
4.342347033021237146e-01
4.342347033021237701e-01
4.342347033021240477e-01
4.342347033021243807e-01
4.358060280056641478e-01
4.358060280056644253e-01
4.364672092147581783e-01
4.364672092147595106e-01
4.364672092147597882e-01
4.364672092147597882e-01
4.364672092147602878e-01
4.364672092147607874e-01
4.364672092147607874e-01
4.364672092147613980e-01
4.368900865925857691e-01
4.368900865925870458e-01
4.368900865925878785e-01
4.368900865925882115e-01
4.399577920130397501e-01
4.399577920130397501e-01
4.399577920130399167e-01
4.399577920130400277e-01
4.399577920130400832e-01
4.399577920130401942e-01
4.399577920130404163e-01
4.399577920130405273e-01
4.412629875620216469e-01
4.412629875620229236e-01
4.412629875620233122e-01
4.412629875620234232e-01
4.412629875620237008e-01
4.412629875620239228e-01
4.412629875620240893e-01
4.412629875620245334e-01
4.432658310998353612e-01
4.432658310998355833e-01
4.432658310998357498e-01
4.432658310998359164e-01
4.432658310998360274e-01
4.432658310998360829e-01
4.432658310998360829e-01
4.432658310998368045e-01
4.485157559558093920e-01
4.485157559558095586e-01
4.485157559558098916e-01
4.485157559558103357e-01
4.485157559558103357e-01
4.485157559558103357e-01
4.485157559558108908e-01
4.485157559558113904e-01
4.491050164619057039e-01
4.491050164619063700e-01
4.491050164619068141e-01
4.491050164619068141e-01
4.498050610731232357e-01
4.498050610731232912e-01
4.498050610731232912e-01
4.498050610731234578e-01
4.498050610731237353e-01
4.498050610731241239e-01
4.498050610731242349e-01
4.498050610731252341e-01
4.531768523631833356e-01
4.531768523631835577e-01
4.531768523631842238e-01
4.531768523631842238e-01
4.533773803990093776e-01
4.533773803990097107e-01
4.533773803990101547e-01
4.533773803990103213e-01
4.533773803990106543e-01
4.533773803990106543e-01
4.533773803990109319e-01
4.533773803990111539e-01
4.576806238943529337e-01
4.576806238943532668e-01
4.576806238943538774e-01
4.576806238943549876e-01
4.587862085165258508e-01
4.587862085165261838e-01
4.587862085165262949e-01
4.587862085165264614e-01
4.587862085165265169e-01
4.587862085165266279e-01
4.587862085165266834e-01
4.587862085165267945e-01
4.612545027715298507e-01
4.612545027715304058e-01
4.612545027715304058e-01
4.612545027715306833e-01
4.612545027715306833e-01
4.612545027715311829e-01
4.612545027715313495e-01
4.612545027715314050e-01
4.629642351023358637e-01
4.629642351023360303e-01
4.629642351023361968e-01
4.629642351023364744e-01
4.629642351023365299e-01
4.629642351023373070e-01
4.629642351023375291e-01
4.629642351023378066e-01
4.665803502659466306e-01
4.665803502659468527e-01
4.665803502659469637e-01
4.665803502659471858e-01
4.665803502659474633e-01
4.665803502659478519e-01
4.665803502659482960e-01
4.665803502659484625e-01
4.685729194901873118e-01
4.685729194901880890e-01
4.685729194901885886e-01
4.685729194901885886e-01
4.685729194901894212e-01
4.685729194901894212e-01
4.685729194901897543e-01
4.685729194901900874e-01
4.690213494793410987e-01
4.690213494793416538e-01
4.690213494793419868e-01
4.690213494793423199e-01
4.692314190057924606e-01
4.692314190057925161e-01
4.692314190057930157e-01
4.692314190057933487e-01
4.729442446679540946e-01
4.729442446679556489e-01
4.749629552704018876e-01
4.749629552704019986e-01
4.749629552704022206e-01
4.749629552704023316e-01
4.749629552704023316e-01
4.749629552704027202e-01
4.749629552704028868e-01
4.749629552704037194e-01
4.770228537867088892e-01
4.770228537867091112e-01
4.770228537867096108e-01
4.770228537867100549e-01
4.772258200281067619e-01
4.772258200281074281e-01
4.772258200281078722e-01
4.772258200281078722e-01
4.779295490836185656e-01
4.779295490836197868e-01
4.779295490836198979e-01
4.779295490836199534e-01
4.779295490836205085e-01
4.779295490836205640e-01
4.779295490836208971e-01
4.779295490836212301e-01
4.790467389675279186e-01
4.790467389675284737e-01
4.790467389675286958e-01
4.790467389675293619e-01
4.791818457146839738e-01
4.791818457146841959e-01
4.791818457146841959e-01
4.791818457146848620e-01
4.791818457146848620e-01
4.791818457146849730e-01
4.791818457146853061e-01
4.791818457146855836e-01
4.797248688354026069e-01
4.797248688354029955e-01
4.797248688354037727e-01
4.797248688354039947e-01
4.802103957914409804e-01
4.802103957914413135e-01
4.802103957914415355e-01
4.802103957914417021e-01
4.802103957914420351e-01
4.802103957914421462e-01
4.802103957914422017e-01
4.802103957914423127e-01
4.839859788514727645e-01
4.839859788514734307e-01
4.839859788514738748e-01
4.839859788514738748e-01
4.839859788514739303e-01
4.839859788514740968e-01
4.839859788514742633e-01
4.839859788514749295e-01
4.878939200789474961e-01
4.878939200789475517e-01
4.878939200789481068e-01
4.878939200789483288e-01
4.878939200789498276e-01
4.878939200789502717e-01
4.878939200789504382e-01
4.878939200789509933e-01
4.905972928972540670e-01
4.905972928972543445e-01
4.905972928972545111e-01
4.905972928972555103e-01
4.905972928972566760e-01
4.905972928972568425e-01
4.905972928972574532e-01
4.905972928972578972e-01
4.921001949195309422e-01
4.921001949195314973e-01
4.921001949195324965e-01
4.921001949195327185e-01
4.921001949195327185e-01
4.921001949195332736e-01
4.921001949195332736e-01
4.921001949195332736e-01
4.933474844010834470e-01
4.933474844010840576e-01
4.933474844010843907e-01
4.933474844010843907e-01
4.933474844010847238e-01
4.933474844010853344e-01
4.933474844010855564e-01
4.933474844010868332e-01
4.962035716806549868e-01
4.962035716806554309e-01
4.999999999999983902e-01
4.999999999999993339e-01
4.999999999999997224e-01
4.999999999999997224e-01
4.999999999999997224e-01
5.000000000000006661e-01
5.000000000000007772e-01
5.000000000000013323e-01
5.003060712648745856e-01
5.003060712648752517e-01
5.003060712648753627e-01
5.003060712648755848e-01
5.003060712648755848e-01
5.003060712648756958e-01
5.003060712648760289e-01
5.003060712648765840e-01
5.040014392132432519e-01
5.040014392132433629e-01
5.040014392132438070e-01
5.040014392132451393e-01
5.042183845862077129e-01
5.042183845862080460e-01
5.042183845862091562e-01
5.042183845862093783e-01
5.043600727043159315e-01
5.043600727043161536e-01
5.043600727043163756e-01
5.043600727043163756e-01
5.043600727043169307e-01
5.043600727043174858e-01
5.043600727043178189e-01
5.043600727043222598e-01
5.065568661395589700e-01
5.065568661395609684e-01
5.065568661395614125e-01
5.065568661395615235e-01
5.068190821715249372e-01
5.068190821715256034e-01
5.068190821715261585e-01
5.068190821715264915e-01
5.112638710497228178e-01
5.112638710497232619e-01
5.112638710497245942e-01
5.112638710497245942e-01
5.116556536661351906e-01
5.116556536661356347e-01
5.116556536661357457e-01
5.116556536661374111e-01
5.134407473724480475e-01
5.134407473724510451e-01
5.136960417761310405e-01
5.136960417761315956e-01
5.136960417761321507e-01
5.136960417761332609e-01
5.141780103276067937e-01
5.141780103276077929e-01
5.141780103276085701e-01
5.141780103276089031e-01
5.141780103276090141e-01
5.141780103276094582e-01
5.141780103276099023e-01
5.141780103276109015e-01
5.145132412467998684e-01
5.145132412468000904e-01
5.145132412468000904e-01
5.145132412468004235e-01
5.212239562877279964e-01
5.212239562877287735e-01
5.212239562877293286e-01
5.212239562877294397e-01
5.212239562877297727e-01
5.212239562877305499e-01
5.212239562877305499e-01
5.212239562877308829e-01
5.233699776827955841e-01
5.233699776827956951e-01
5.233699776827959171e-01
5.233699776827969163e-01
5.259092233101132496e-01
5.259092233101135827e-01
5.259092233101139158e-01
5.259092233101139158e-01
5.299334549464072008e-01
5.299334549464073119e-01
5.299334549464076449e-01
5.299334549464087551e-01
5.388824913068619438e-01
5.388824913068622768e-01
5.388824913068624989e-01
5.388824913068632760e-01
5.388824913068634981e-01
5.388824913068639422e-01
5.388824913068639422e-01
5.388824913068642752e-01
5.404196358351991414e-01
5.404196358352008067e-01
5.408090186772791519e-01
5.408090186772792629e-01
5.408090186772803731e-01
5.408090186772807062e-01
5.408090186772808172e-01
5.408090186772815944e-01
5.408090186772819274e-01
5.408090186772824826e-01
5.431192061233511836e-01
5.431192061233519608e-01
5.431192061233521828e-01
5.431192061233535151e-01
5.434986668288985801e-01
5.434986668288986911e-01
5.434986668289021328e-01
5.434986668289023548e-01
5.468729904908428141e-01
5.468729904908438133e-01
5.468729904908441464e-01
5.468729904908441464e-01
5.468729904908442574e-01
5.468729904908450346e-01
5.468729904908457007e-01
5.468729904908463668e-01
5.490206799021895012e-01
5.490206799021908335e-01
5.490206799021913886e-01
5.490206799021924988e-01
5.492252973256567250e-01
5.492252973256577242e-01
5.492252973256580573e-01
5.492252973256581683e-01
5.492252973256582793e-01
5.492252973256586124e-01
5.492252973256597226e-01
5.492252973256598336e-01
5.526285256280057956e-01
5.526285256280065727e-01
5.526285256280070168e-01
5.526285256280071279e-01
5.526285256280076830e-01
5.526285256280076830e-01
5.526285256280081271e-01
5.526285256280093483e-01
5.571769294133533945e-01
5.571769294133536166e-01
5.571769294133538386e-01
5.571769294133539496e-01
5.571769294133540606e-01
5.571769294133541717e-01
5.571769294133542827e-01
5.571769294133547268e-01
5.607320054867981352e-01
5.607320054867984682e-01
5.607320054867988013e-01
5.607320054867994674e-01
5.610371091570783841e-01
5.610371091570789392e-01
5.610371091570808266e-01
5.610371091570814928e-01
5.642373159452643838e-01
5.642373159452648279e-01
5.642373159452657161e-01
5.642373159452664932e-01
5.642373159452668263e-01
5.642373159452669373e-01
5.642373159452673814e-01
5.642373159452674924e-01
5.721628670016410956e-01
5.721628670016410956e-01
5.721628670016424278e-01
5.721628670016425389e-01
5.731622640322343587e-01
5.731622640322345807e-01
5.731622640322355799e-01
5.731622640322370232e-01
5.736565656357491827e-01
5.736565656357492937e-01
5.736565656357507370e-01
5.736565656357509591e-01
5.736565656357524023e-01
5.736565656357526244e-01
5.736565656357529575e-01
5.736565656357540677e-01
5.773526645084199327e-01
5.773526645084225972e-01
5.773526645084225972e-01
5.773526645084225972e-01
5.825201154567840600e-01
5.825201154567843931e-01
5.846858961122908260e-01
5.846858961122918252e-01
5.846858961122924914e-01
5.846858961122926024e-01
5.846858961122930465e-01
5.846858961122934906e-01
5.846858961122942677e-01
5.846858961122965992e-01
5.900081742349254643e-01
5.900081742349256864e-01
5.900081742349267966e-01
5.900081742349267966e-01
5.900081742349270186e-01
5.900081742349270186e-01
5.900081742349271297e-01
5.900081742349292391e-01
5.936770023428705745e-01
5.936770023428714627e-01
5.936770023428740162e-01
5.936770023428743492e-01
5.954502585483766319e-01
5.954502585483779642e-01
5.954502585483787414e-01
5.954502585483788524e-01
5.954502585483789634e-01
5.954502585483790744e-01
5.954502585483796295e-01
5.954502585483812949e-01
5.984702959378677134e-01
5.984702959378683795e-01
5.984702959378688236e-01
5.984702959378690457e-01
6.003916917036880019e-01
6.003916917036883349e-01
6.003916917036884460e-01
6.003916917036885570e-01
6.003916917036885570e-01
6.003916917036895562e-01
6.003916917036905554e-01
6.003916917036914436e-01
6.008627311927101644e-01
6.008627311927126069e-01
6.008627311927129400e-01
6.008627311927129400e-01
6.008627311927133841e-01
6.008627311927138281e-01
6.008627311927142722e-01
6.008627311927150494e-01
6.019475896824393324e-01
6.019475896824404426e-01
6.019475896824408867e-01
6.019475896824409977e-01
6.019475896824418859e-01
6.019475896824418859e-01
6.019475896824424410e-01
6.019475896824431072e-01
6.028527196451891612e-01
6.028527196451901604e-01
6.028527196451926029e-01
6.028527196451931580e-01
6.033643625885838357e-01
6.033643625885849460e-01
6.033643625885862782e-01
6.033643625885862782e-01
6.033643625885863893e-01
6.033643625885866113e-01
6.033643625885871664e-01
6.033643625885877215e-01
6.203810464189887242e-01
6.203810464189898344e-01
6.203810464189899454e-01
6.203810464189906115e-01
6.214870942471275583e-01
6.214870942471286686e-01
6.214870942471296678e-01
6.214870942471306670e-01
6.214870942471308890e-01
6.214870942471308890e-01
6.214870942471313331e-01
6.214870942471314441e-01
6.221059860285917953e-01
6.221059860285917953e-01
6.221059860285936827e-01
6.221059860285943488e-01
6.268818388337479286e-01
6.268818388337484837e-01
6.268818388337488168e-01
6.268818388337497050e-01
6.268818388337503711e-01
6.268818388337508152e-01
6.268818388337508152e-01
6.268818388337529246e-01
6.360304717156100018e-01
6.360304717156122223e-01
6.360304717156134435e-01
6.360304717156147758e-01
6.363010933708065364e-01
6.363010933708097561e-01
6.380511240375639215e-01
6.380511240375652537e-01
6.380511240375656978e-01
6.380511240375681403e-01
6.445342717837581059e-01
6.445342717837589941e-01
6.445342717837593272e-01
6.445342717837596602e-01
6.445342717837598823e-01
6.445342717837603264e-01
6.445342717837605484e-01
6.445342717837614366e-01
6.495444711951090522e-01
6.495444711951098293e-01
6.495444711951101624e-01
6.495444711951106065e-01
6.495444711951106065e-01
6.495444711951116057e-01
6.495444711951118277e-01
6.495444711951142702e-01
6.510811159561276096e-01
6.510811159561280537e-01
6.510811159561297190e-01
6.510811159561309402e-01
6.550833460661907859e-01
6.550833460661917851e-01
6.550833460661922292e-01
6.550833460661930063e-01
6.550833460661931174e-01
6.550833460661932284e-01
6.550833460661932284e-01
6.550833460661932284e-01
6.602081372165420348e-01
6.602081372165435891e-01
6.602081372165439221e-01
6.602081372165445883e-01
6.602081372165453654e-01
6.602081372165462536e-01
6.602081372165468087e-01
6.602081372165479189e-01
6.643789207578735256e-01
6.643789207578755240e-01
6.643789207578763012e-01
6.643789207578765232e-01
6.648987466497529031e-01
6.648987466497529031e-01
6.648987466497549015e-01
6.648987466497564558e-01
6.727736589289324831e-01
6.727736589289330382e-01
6.727736589289344815e-01
6.727736589289345925e-01
6.727736589289349256e-01
6.727736589289354807e-01
6.727736589289372571e-01
6.727736589289374791e-01
6.820179392160574672e-01
6.820179392160576892e-01
6.820179392160581333e-01
6.820179392160584664e-01
6.820179392160586884e-01
6.820179392160591325e-01
6.820179392160596876e-01
6.820179392160610199e-01
6.822032366717840635e-01
6.822032366717842855e-01
6.822032366717857288e-01
6.822032366717870611e-01
6.822032366717878382e-01
6.822032366717882823e-01
6.822032366717885044e-01
6.822032366717896146e-01
6.848121249956284906e-01
6.848121249956313772e-01
6.848121249956315992e-01
6.848121249956324874e-01
6.848121249956331535e-01
6.848121249956334866e-01
6.848121249956334866e-01
6.848121249956334866e-01
6.860176549957330838e-01
6.860176549957330838e-01
6.860176549957333059e-01
6.860176549957359704e-01
6.978266369103987010e-01
6.978266369104002553e-01
7.020895063335578223e-01
7.020895063335599318e-01
7.020895063335609310e-01
7.020895063335622632e-01
7.028593792352836322e-01
7.028593792352844094e-01
7.028593792352845204e-01
7.028593792352861858e-01
7.069149477293186212e-01
7.069149477293195094e-01
7.069149477293198425e-01
7.069149477293223960e-01
7.069149477293232842e-01
7.069149477293232842e-01
7.069149477293233952e-01
7.069149477293251715e-01
7.109770270523536606e-01
7.109770270523561031e-01
7.109770270523571023e-01
7.109770270523574354e-01
7.109770270523576574e-01
7.109770270523582125e-01
7.109770270523606550e-01
7.109770270523608771e-01
7.117802966181330238e-01
7.117802966181346891e-01
7.117802966181361324e-01
7.117802966181361324e-01
7.150081535938270783e-01
7.150081535938278554e-01
7.150081535938285215e-01
7.150081535938290767e-01
7.150081535938305199e-01
7.150081535938310751e-01
7.150081535938315191e-01
7.150081535938320743e-01
7.241589414978040207e-01
7.241589414978043537e-01
7.241589414978061301e-01
7.241589414978086836e-01
7.290118934237405091e-01
7.290118934237412862e-01
7.290118934237412862e-01
7.290118934237413972e-01
7.290118934237417303e-01
7.290118934237441728e-01
7.290118934237459491e-01
7.290118934237493908e-01
7.293995646430518898e-01
7.293995646430545543e-01
7.293995646430557755e-01
7.293995646430563307e-01
7.318408801184222989e-01
7.318408801184261847e-01
7.318408801184270729e-01
7.318408801184291823e-01
7.418370239374627584e-01
7.418370239374634245e-01
7.418370239374647568e-01
7.418370239374669772e-01
7.418370239374669772e-01
7.418370239374673103e-01
7.418370239374679764e-01
7.418370239374681985e-01
7.480494788761028468e-01
7.480494788761045122e-01
7.480494788761071767e-01
7.480494788761102853e-01
7.499999999999978906e-01
7.500000000000015543e-01
7.500000000000017764e-01
7.500000000000053291e-01
7.611653851384551084e-01
7.611653851384574399e-01
7.611653851384581060e-01
7.611653851384594383e-01
7.617459184813946127e-01
7.617459184813960560e-01
7.617459184813969442e-01
7.617459184813969442e-01
7.617459184813972772e-01
7.617459184813974993e-01
7.617459184813981654e-01
7.617459184814012740e-01
7.628838226688529067e-01
7.628838226688562374e-01
7.717645284294714081e-01
7.717645284294729624e-01
7.717645284294749608e-01
7.717645284294801789e-01
7.936320206194517057e-01
7.936320206194517057e-01
7.936320206194542592e-01
7.936320206194555915e-01
7.970684026367933495e-01
7.970684026367936825e-01
7.970684026367947927e-01
7.970684026367965691e-01
7.970684026367965691e-01
7.970684026367976793e-01
7.970684026367986785e-01
7.970684026368018982e-01
7.974345492598208240e-01
7.974345492598218232e-01
7.974345492598218232e-01
7.974345492598229335e-01
7.974345492598238216e-01
7.974345492598250429e-01
7.974345492598253760e-01
7.974345492598271523e-01
8.115148522868985692e-01
8.115148522868990133e-01
8.115148522869028991e-01
8.115148522869038983e-01
8.197988872488394252e-01
8.197988872488413126e-01
8.197988872488414236e-01
8.197988872488416456e-01
8.197988872488419787e-01
8.197988872488439771e-01
8.197988872488448653e-01
8.197988872488466416e-01
8.271453014619164490e-01
8.271453014619172261e-01
8.271453014619175592e-01
8.271453014619196686e-01
8.271747285586555920e-01
8.271747285586565912e-01
8.441674582956967265e-01
8.441674582956973927e-01
8.441674582956977257e-01
8.441674582956988360e-01
8.441674582957001682e-01
8.441674582957018336e-01
8.441674582957020556e-01
8.441674582957030548e-01
8.499430777361276501e-01
8.499430777361293154e-01
8.499430777361318690e-01
8.499430777361337563e-01
8.529222977992769739e-01
8.529222977992798604e-01
8.529222977992803045e-01
8.529222977992825250e-01
8.740170731610529264e-01
8.740170731610565902e-01
8.740170731610572563e-01
8.740170731610596988e-01
8.743689712941330461e-01
8.743689712941362657e-01
8.743689712941370429e-01
8.743689712941379311e-01
8.801275480964030340e-01
8.801275480964049214e-01
8.801275480964053655e-01
8.801275480964056985e-01
8.801275480964059206e-01
8.801275480964073639e-01
8.801275480964091402e-01
8.801275480964118048e-01
8.865316621996705004e-01
8.865316621996772728e-01
9.026600408978409096e-01
9.026600408978423529e-01
9.026600408978436851e-01
9.026600408978447954e-01
9.026600408978451284e-01
9.026600408978456835e-01
9.026600408978471268e-01
9.026600408978503465e-01
9.034729000026728851e-01
9.034729000026754386e-01
9.034729000026758827e-01
9.034729000026767709e-01
9.104224492192921625e-01
9.104224492192941609e-01
9.104224492192954932e-01
9.104224492192961593e-01
9.330127018922111937e-01
9.330127018922165227e-01
9.330127018922210747e-01
9.330127018922214077e-01
9.371458389803818401e-01
9.371458389803823952e-01
9.420631921927797858e-01
9.420631921927801189e-01
9.420631921927804520e-01
9.420631921927811181e-01
9.662417995360135237e-01
9.662417995360141898e-01
9.662417995360145229e-01
9.662417995360169654e-01
9.757878401579016536e-01
9.757878401579016536e-01
1.000000000000000000e+00
1.000000000000000000e+00
