# sorted relative singular values (hessian_L_full) field=gauss eps=0.25 N=12 n=3456
1.701887749108992086e-03
1.873271016865532546e-03
1.913840388987190317e-03
2.037367057680808911e-03
2.062835304118877493e-03
2.141459471108745401e-03
2.179573487064900318e-03
2.256047463795141789e-03
2.281541943137316286e-03
2.343431125343401443e-03
2.455448568405832650e-03
2.503082621380784724e-03
2.594619499278361975e-03
2.620083933078126096e-03
2.663427873830126209e-03
2.697080325360134371e-03
2.964909556431051356e-03
3.007910891817236303e-03
3.063401770602983219e-03
3.151500969740955727e-03
3.183541547289366405e-03
3.274641049902549551e-03
3.401880747388151723e-03
3.494518219366027356e-03
3.750259989880368790e-03
3.900312234161961052e-03
4.454882106117367783e-03
5.014632215383097412e-03
5.059059969192551166e-03
5.201461356017999041e-03
5.351297745466911809e-03
5.460638918276676350e-03
5.526959218545251032e-03
5.624373652411846121e-03
5.691810514987118326e-03
5.759233863864021002e-03
7.771906052775500416e-03
7.947466901777408207e-03
8.106985814301545176e-03
8.421373370221680796e-03
8.598331532163355773e-03
8.904471504353304520e-03
9.002394318705947418e-03
9.046673393456454784e-03
9.124583797337951219e-03
9.399255095885208217e-03
1.011544853419889603e-02
1.038678237965952843e-02
1.058029157872197347e-02
1.074366818728629720e-02
1.097810672840095550e-02
1.120552357478697691e-02
1.151979108149450357e-02
1.174917646450137146e-02
1.185681112377188172e-02
1.195455380293149183e-02
1.208054206757365294e-02
1.220019153453529882e-02
1.227782555612910199e-02
1.259024239217993411e-02
1.278134466776883159e-02
1.283158432947655893e-02
1.349043121964907735e-02
1.352423947384523081e-02
1.354022487887538394e-02
1.368105296797321284e-02
1.385968518927282837e-02
1.396579833633877776e-02
1.413448363918833398e-02
1.420681411806814197e-02
1.429023658378102829e-02
1.441094113293981890e-02
1.456800801328642786e-02
1.480826179767365421e-02
1.492160215856805187e-02
1.515597045177022491e-02
1.522312763476340106e-02
1.538870110820332940e-02
1.564976259654621976e-02
1.570907921310613770e-02
1.653245924878953346e-02
1.657397581730398611e-02
1.669103257371933741e-02
1.711384242211651252e-02
1.739522382853399968e-02
1.749828734972723454e-02
1.777272627698550309e-02
1.784360371668967937e-02
1.804952681577606105e-02
1.821363644933285050e-02
1.834421207868591058e-02
1.877082425847181185e-02
1.883418652832338086e-02
1.900907360078055511e-02
1.911311490724111259e-02
1.922258355712793201e-02
1.949895269545348642e-02
1.982274040845238838e-02
1.984402624509867472e-02
2.004005644525771665e-02
2.014088355646878256e-02
2.042825872287212102e-02
2.056575980354536856e-02
2.067979572742406971e-02
2.082743779732807235e-02
2.087943117983107749e-02
2.095231194041298137e-02
2.118826422767744119e-02
2.134209222124746480e-02
2.143593632308553321e-02
2.151583296478989937e-02
2.161138263300626736e-02
2.192165362959903191e-02
2.197040932174403743e-02
2.207219238682359835e-02
2.208941389792105914e-02
2.225061816643642693e-02
2.234380895610288409e-02
2.246267333931606380e-02
2.262880626143272747e-02
2.277329275794975905e-02
2.292696559356213748e-02
2.308738712745053018e-02
2.314867989225653788e-02
2.328890420800675681e-02
2.345063575968420536e-02
2.352454323010734483e-02
2.359971207938556248e-02
2.389198158011780759e-02
2.405980154607357743e-02
2.407766016767399347e-02
2.422275553189986649e-02
2.436642092764406201e-02
2.450467226575094026e-02
2.490554225530503332e-02
2.501626648611955314e-02
2.520354161098465468e-02
2.535077275557202567e-02
2.552199379487364583e-02
2.575233887247358605e-02
2.590004640961326293e-02
2.593742769378734256e-02
2.602409024623117406e-02
2.629542254822097788e-02
2.673655986042835705e-02
2.698625599932985911e-02
2.760356254726986647e-02
2.798933816102520955e-02
2.880310315116931322e-02
2.978911174484898464e-02
3.015885628262169812e-02
3.022677379340238737e-02
3.043971428842338206e-02
3.056323350069036285e-02
3.086101351947733926e-02
3.160631716685458059e-02
3.185998794156170294e-02
3.205325252686404974e-02
3.262033832680916179e-02
3.291939163199102125e-02
3.309259761166395003e-02
3.348860106435475742e-02
3.366152315560084346e-02
3.375223269749585975e-02
3.385227531019943670e-02
3.409795260077843476e-02
3.416300701870894629e-02
3.450180177579178359e-02
3.468513277674276085e-02
3.496105276819700541e-02
3.498850521940698177e-02
3.538952956416367007e-02
3.552153435816248622e-02
3.554462871558505821e-02
3.571535649299426018e-02
3.580757325382132733e-02
3.596020088978246765e-02
3.626918998709478814e-02
3.644589621058312578e-02
3.664902310452142903e-02
3.674993611996766468e-02
3.694406266830557034e-02
3.718928451004591129e-02
3.730635439783736018e-02
3.733911042950414233e-02
3.751688489664071341e-02
3.758943910424761281e-02
3.768063968548864690e-02
3.779285713564062982e-02
3.798077248265955413e-02
3.822544981090106320e-02
3.862491875769829414e-02
3.867953741128646317e-02
3.886889829628540488e-02
3.923883556447562565e-02
3.936713936503057065e-02
3.950473659414745903e-02
3.952001762746318314e-02
3.973647546473112885e-02
3.988549480306641942e-02
3.995091329427691296e-02
4.011416344982340898e-02
4.024481596210070788e-02
4.067652901506144808e-02
4.102528205303469094e-02
4.108116156786339318e-02
4.128830049412964692e-02
4.135270839840792662e-02
4.153290028829056957e-02
4.174903755447927078e-02
4.186254823196235153e-02
4.206669994148595770e-02
4.212305230583262422e-02
4.235226586276560207e-02
4.263147931806002960e-02
4.279916867631089472e-02
4.302524712207175805e-02
4.313541502574616548e-02
4.336935707521101524e-02
4.368043300406117962e-02
4.375189647357267259e-02
4.396495829180026987e-02
4.402326093022896486e-02
4.407531736647490178e-02
4.417457388621925246e-02
4.427202593104320044e-02
4.445381918803675142e-02
4.466662374120428797e-02
4.484942844685444602e-02
4.510587466927324513e-02
4.523520456830688180e-02
4.534750857166405108e-02
4.556109803073501302e-02
4.582957110762822528e-02
4.595368958809495363e-02
4.608995150958378889e-02
4.636805343981852817e-02
4.664382820967538645e-02
4.681189007317449607e-02
4.701811174496174639e-02
4.722405771901916349e-02
4.728609502009799292e-02
4.797963930099574670e-02
4.819823701604430272e-02
4.825881041410119004e-02
4.855504118977765904e-02
4.874255795602730479e-02
4.892305842716655750e-02
4.916807430503829235e-02
4.950240510053554449e-02
4.970357073835451195e-02
4.983347297815046012e-02
5.012791353001778971e-02
5.022016858010100449e-02
5.041462145298255398e-02
5.060960295475386977e-02
5.112332953028349974e-02
5.124068007918476664e-02
5.136052241390905160e-02
5.156096585363404566e-02
5.187529848123247772e-02
5.201187729620727895e-02
5.222535736574372700e-02
5.242343825857399137e-02
5.261987610529061943e-02
5.268797103809896160e-02
5.277648108808866839e-02
5.282640047928278959e-02
5.323210833444894791e-02
5.352735334385283483e-02
5.367503157374747813e-02
5.378531840287632121e-02
5.398122835272178843e-02
5.415116572226415237e-02
5.432368578775977758e-02
5.447777853242877222e-02
5.459428753836700204e-02
5.490071054207344703e-02
5.493626198501604802e-02
5.527651333316910276e-02
5.537167310459434333e-02
5.541944325129766202e-02
5.543862528388621841e-02
5.557173518616302654e-02
5.585135390612457063e-02
5.604724013950014572e-02
5.615040187051175552e-02
5.663894744467441039e-02
5.681733955785719936e-02
5.692296502551940501e-02
5.706004536775339392e-02
5.713551900283166118e-02
5.741726344175309554e-02
5.757725073531284876e-02
5.779037122726216752e-02
5.792169944467288889e-02
5.800283820327588324e-02
5.807513427516520360e-02
5.827637280445056162e-02
5.852623100568384029e-02
5.881398921619459402e-02
5.902203812905834623e-02
5.915938679403330569e-02
5.944105489846483736e-02
5.954513827266498527e-02
5.969282285220049722e-02
5.972825802343945112e-02
5.981542470799823541e-02
6.008679199651278252e-02
6.015786411149701834e-02
6.035099970445621104e-02
6.059157974226820481e-02
6.067663219968973815e-02
6.079750073821460488e-02
6.100346490385368664e-02
6.116222838271427598e-02
6.128804664691275134e-02
6.147963200949730506e-02
6.150945142073962341e-02
6.176525317746965615e-02
6.204838241663333809e-02
6.220837843244082094e-02
6.234622127537921277e-02
6.246324188778604874e-02
6.248911944339997221e-02
6.268721470231293502e-02
6.288800428654145458e-02
6.296134161726077427e-02
6.320466852915679334e-02
6.327203251379411031e-02
6.339623688440806926e-02
6.343882550657281572e-02
6.368057647892623463e-02
6.391575094480930752e-02
6.420867373745528517e-02
6.437734505751804837e-02
6.449543440985852638e-02
6.469980713183885734e-02
6.477619126372577418e-02
6.490601202003513925e-02
6.519511493844779015e-02
6.526652544281726087e-02
6.563009761376556450e-02
6.576255055662356963e-02
6.586006264141471001e-02
6.598964384115912907e-02
6.615439632880032450e-02
6.635641306267531236e-02
6.642794162536466707e-02
6.687551392301627207e-02
6.695879403772024563e-02
6.720211480627369394e-02
6.745510243396392325e-02
6.757163957388465092e-02
6.775892166828269281e-02
6.786790142777775203e-02
6.799184006454224438e-02
6.815983615955403807e-02
6.829261308914510997e-02
6.842935212230416564e-02
6.865001976168606801e-02
6.900848705554823992e-02
6.911424336060542628e-02
6.940127004987742265e-02
6.943863138646905186e-02
6.952629674848262442e-02
6.967379459318188972e-02
6.987438251300047420e-02
7.022599130342489782e-02
7.032980532412611008e-02
7.043258219304411594e-02
7.057108173875757673e-02
7.082332486496413504e-02
7.093782781417028172e-02
7.107298065060191350e-02
7.115725785247269120e-02
7.142249396487738988e-02
7.155764367048518537e-02
7.169399468354302474e-02
7.185273273642268921e-02
7.206600574545943272e-02
7.218987874954671535e-02
7.246837757744375996e-02
7.251561540684250962e-02
7.256310821364019004e-02
7.276314501753469721e-02
7.286407677379276582e-02
7.291230195653287949e-02
7.311763372702156927e-02
7.339154815736112503e-02
7.344883200095631004e-02
7.364740550742719660e-02
7.376006184588400350e-02
7.403656348268676524e-02
7.428346731504648082e-02
7.441346366557478886e-02
7.459276204571615998e-02
7.468807748746716935e-02
7.515929331509785261e-02
7.536156252292787461e-02
7.562465963482338516e-02
7.582720632242571923e-02
7.599519004541505085e-02
7.600289419476062569e-02
7.615994012089599696e-02
7.641569200834975872e-02
7.666100138576484313e-02
7.681558972568325316e-02
7.688820697971063267e-02
7.702582153535392218e-02
7.724320875540474640e-02
7.743474869038177721e-02
7.760550618440109627e-02
7.774512548895970432e-02
7.787434557659869694e-02
7.819633017886565285e-02
7.836487207663173082e-02
7.857972131577954655e-02
7.858962672172245534e-02
7.883753845050557596e-02
7.897270794425813312e-02
7.912925518929210533e-02
7.946852200756136797e-02
7.963499217139070885e-02
7.999722645397298881e-02
8.010971048375487014e-02
8.048146324859357936e-02
8.079447646660872784e-02
8.109965118228609771e-02
8.124413565367911982e-02
8.146975718516148712e-02
8.167992070202244326e-02
8.177724342327394313e-02
8.184739102069865657e-02
8.188244374442822660e-02
8.226286448791504669e-02
8.250415071556256585e-02
8.263706220866204322e-02
8.277900124521286873e-02
8.291510902561662066e-02
8.311944903381977834e-02
8.330932922468223256e-02
8.360841308764067892e-02
8.406013538914877681e-02
8.408223616665144728e-02
8.429344862116729120e-02
8.433806827364848102e-02
8.455064710440222953e-02
8.466552595339371656e-02
8.486153283865539854e-02
8.488469809892872087e-02
8.503336679571503465e-02
8.526514436602979086e-02
8.537277009408349160e-02
8.555427453973592222e-02
8.572489713022539426e-02
8.580884917491188313e-02
8.594477460474436725e-02
8.618143549940271431e-02
8.643473898202394534e-02
8.651102345721942144e-02
8.667452059905060568e-02
8.686236911791914150e-02
8.693951473418008724e-02
8.705097500780825670e-02
8.723093003815289570e-02
8.742620933969515173e-02
8.755383486864493081e-02
8.767890294827711262e-02
8.797661452962401984e-02
8.823761813309329016e-02
8.849497262938203768e-02
8.867855884655671816e-02
8.871348680366154815e-02
8.897082629953977084e-02
8.915005300484322992e-02
8.933747564171100330e-02
8.944987858897880673e-02
8.963541405162217535e-02
8.973642719361642206e-02
8.989859632382928012e-02
9.007585586746523487e-02
9.028924476703667490e-02
9.030739122000330799e-02
9.080354299011993147e-02
9.096159777198771501e-02
9.109493586559608280e-02
9.116073137220831457e-02
9.140145282571333907e-02
9.158332190041393317e-02
9.166151702243328925e-02
9.176081884059998639e-02
9.194274247090804264e-02
9.196139401944174174e-02
9.206000082706278231e-02
9.235361043476950083e-02
9.279240347139566802e-02
9.285538460850255305e-02
9.311073436647693269e-02
9.320754703712116895e-02
9.324835870731548737e-02
9.338442336417408784e-02
9.353264556064566637e-02
9.364930889381443968e-02
9.376755678826231843e-02
9.394626877043263380e-02
9.407421076550472050e-02
9.425728110190800813e-02
9.439238022611071144e-02
9.449209181243904687e-02
9.475244138416247242e-02
9.486546195712679264e-02
9.508423052918534013e-02
9.520714825552548111e-02
9.545788750142493451e-02
9.564537138840244201e-02
9.574946567759323734e-02
9.588655550376348757e-02
9.615167056117758515e-02
9.633572754358189771e-02
9.648182226238292969e-02
9.680276789637190515e-02
9.683828779234102124e-02
9.685614146196062924e-02
9.702009745655235107e-02
9.724191984854387016e-02
9.725164982298074856e-02
9.745336857774744566e-02
9.773145212836796547e-02
9.793196005209187094e-02
9.796854264477188046e-02
9.816700071918506298e-02
9.833653743089763866e-02
9.846527584670745903e-02
9.865197187458692174e-02
9.869885088867522138e-02
9.892783625319660767e-02
9.904006250416552692e-02
9.918919537421830301e-02
9.924820309851054012e-02
9.936517247152966414e-02
9.958732147495846787e-02
9.980554890946791158e-02
9.997350818665885763e-02
1.001705753173509766e-01
1.003892381365813491e-01
1.004915627525443250e-01
1.007184106756928987e-01
1.007211568625477754e-01
1.008360498982627251e-01
1.009506145041945274e-01
1.010898077287860630e-01
1.013025883483843481e-01
1.015438951462357409e-01
1.016203834803046380e-01
1.017216134964987889e-01
1.018587109231325893e-01
1.020370804773928497e-01
1.022705969996496322e-01
1.024809893274386541e-01
1.026196712829884755e-01
1.026356138341491947e-01
1.028927566592192783e-01
1.029723140196092540e-01
1.031858681268829625e-01
1.032443550394849113e-01
1.034269077084062766e-01
1.035113236343584014e-01
1.036118550388278881e-01
1.036930714544363058e-01
1.039515450175952094e-01
1.041120213591949228e-01
1.042424192836861885e-01
1.043323297454006177e-01
1.044050352203568371e-01
1.046477255970256898e-01
1.047142672643041755e-01
1.048456781451269637e-01
1.052886006249725281e-01
1.053816556137567584e-01
1.056189938643536108e-01
1.056433365570533522e-01
1.057094170480133155e-01
1.057947945415200486e-01
1.058978954259386929e-01
1.061117252415690743e-01
1.062355697094556906e-01
1.062599867326796121e-01
1.064065835065747256e-01
1.065559424655840026e-01
1.066627483936563314e-01
1.068264180500054922e-01
1.070724932122362749e-01
1.072151670035975390e-01
1.072453270135594050e-01
1.073305983237849565e-01
1.075180181438088467e-01
1.077538187181736745e-01
1.077916207544898641e-01
1.079668607133364433e-01
1.080163546393216462e-01
1.081554926266306838e-01
1.082162278880634959e-01
1.083383010158396470e-01
1.085409672195872810e-01
1.086592126461926461e-01
1.088460966767075544e-01
1.089444250154781024e-01
1.090111934102726277e-01
1.092223289237361228e-01
1.093758840373315749e-01
1.094970972362195871e-01
1.095775857089261729e-01
1.096909724849080697e-01
1.097565688035108677e-01
1.098583127144246024e-01
1.098841042675437474e-01
1.101532274978391512e-01
1.102750578415090665e-01
1.104100187791218490e-01
1.104319847611038991e-01
1.105995913825413707e-01
1.108043840751131159e-01
1.110106362663470236e-01
1.110899154105805947e-01
1.112643642860170201e-01
1.113138279073430381e-01
1.115948044454740107e-01
1.117860282895383889e-01
1.118786689198141143e-01
1.119981469927694845e-01
1.121858335826061287e-01
1.122379587144088503e-01
1.123716770806646448e-01
1.126054578938130435e-01
1.126978325045732976e-01
1.128743284703276895e-01
1.130152749909178328e-01
1.131363724354238764e-01
1.132579088276506468e-01
1.134375584274103788e-01
1.135127796915486459e-01
1.136208645485296403e-01
1.136791480708823077e-01
1.138216456811702720e-01
1.140128649369318292e-01
1.140877409189330893e-01
1.142241018351450310e-01
1.142370689907438175e-01
1.144428265877050349e-01
1.145689461470285192e-01
1.147121646350597740e-01
1.148577505175633062e-01
1.148773131403009601e-01
1.151850863886571541e-01
1.153619320251285385e-01
1.154913653919897726e-01
1.155600332424522730e-01
1.156732964127714369e-01
1.157303707248369395e-01
1.157771301060107477e-01
1.158437129344941363e-01
1.160246921989495361e-01
1.161222544096219278e-01
1.162777954120615964e-01
1.164659467414272537e-01
1.164835566550325163e-01
1.165935474398109017e-01
1.166942197785788837e-01
1.167797557038826317e-01
1.168927046253503965e-01
1.170763843842248658e-01
1.172345278212928860e-01
1.173625405096753310e-01
1.174170252474876497e-01
1.174891172240874471e-01
1.177189493298322898e-01
1.178168564812479835e-01
1.180268584764753992e-01
1.180739265215584172e-01
1.182713690509623466e-01
1.184059422889435081e-01
1.185253810280775394e-01
1.185514447645422687e-01
1.186361524394830835e-01
1.187778755890087357e-01
1.188907005368284586e-01
1.190289494401980536e-01
1.191317575987475841e-01
1.192638442084659606e-01
1.194673312016475142e-01
1.195691359710575746e-01
1.197013579338029599e-01
1.197994756021667218e-01
1.199819633027529170e-01
1.200143258406416308e-01
1.203050113652704978e-01
1.203651357835252428e-01
1.204403433347918662e-01
1.204941398058082674e-01
1.206072794550606397e-01
1.206368087400779138e-01
1.208564571324547976e-01
1.209633775149587392e-01
1.211772627033308458e-01
1.211994540781193425e-01
1.212413765784902120e-01
1.214173297026901049e-01
1.214459974628877420e-01
1.216967463685383610e-01
1.218773390185526190e-01
1.219153347398377052e-01
1.220893755578394274e-01
1.221317797073917799e-01
1.222544707572496697e-01
1.223653300882043826e-01
1.225898486953588412e-01
1.227080448235279841e-01
1.228439031122990494e-01
1.228954419035125922e-01
1.231350894607607660e-01
1.231638418827280812e-01
1.233023250268195786e-01
1.234038046645737075e-01
1.235988796383956645e-01
1.236673228266565172e-01
1.237690070190729380e-01
1.238555210818249180e-01
1.239031297646088492e-01
1.240530648476859260e-01
1.240983493257580839e-01
1.241748466837042653e-01
1.244820702108580257e-01
1.245694482984253670e-01
1.247645480746506080e-01
1.248420787214693239e-01
1.249426718104931638e-01
1.251481274392450549e-01
1.252993670973046869e-01
1.253269419690113962e-01
1.254787478732535266e-01
1.255141318367600789e-01
1.256968584718747006e-01
1.257708169484384186e-01
1.258746411560871803e-01
1.259512901351104719e-01
1.261144134623680413e-01
1.262609425852173617e-01
1.262782098882277160e-01
1.264557429383912912e-01
1.266377786337526679e-01
1.266684951106395729e-01
1.267310693373045472e-01
1.268353312053204507e-01
1.269595742031510432e-01
1.272035992556046491e-01
1.273513021206802154e-01
1.274453289828762770e-01
1.275418345101843876e-01
1.275646878642280324e-01
1.277215738473524431e-01
1.277488707341203900e-01
1.278678466740219288e-01
1.279239564043743449e-01
1.280254928398820990e-01
1.281964535812469552e-01
1.283349267601903432e-01
1.283865768736324464e-01
1.285531022130718404e-01
1.286298321230658070e-01
1.288015162480740938e-01
1.289255103355228804e-01
1.289686461420773700e-01
1.290156793603236263e-01
1.293110018829444485e-01
1.293771403887973293e-01
1.294584792344911639e-01
1.295109562312841966e-01
1.296566442890555726e-01
1.296666091194607628e-01
1.298318432840381842e-01
1.299711789560742126e-01
1.300187246547019337e-01
1.301174190512087991e-01
1.302667224503970267e-01
1.303388449751671507e-01
1.304542164061315013e-01
1.305358669949348294e-01
1.305660722224377401e-01
1.307331677131801095e-01
1.308868785302132742e-01
1.309260335840234657e-01
1.312381101575961495e-01
1.312608753321395372e-01
1.313844674730545170e-01
1.315396340803182129e-01
1.316538030584809837e-01
1.319780136985969077e-01
1.320524342582643784e-01
1.320934764014133622e-01
1.322507797770100801e-01
1.323034512657760287e-01
1.323802296102280229e-01
1.325038590614897316e-01
1.326540117184427103e-01
1.328590103713911674e-01
1.330578708501558016e-01
1.331112320729633258e-01
1.332184298092110863e-01
1.333672076296973652e-01
1.334696263835593588e-01
1.336494364973092597e-01
1.337057389824732323e-01
1.337870386917192622e-01
1.339074186255414245e-01
1.341045888052347368e-01
1.341508508614146777e-01
1.342709033976298705e-01
1.343775138590125873e-01
1.345314215192938423e-01
1.345981960035984304e-01
1.347273077430697907e-01
1.348633701864911105e-01
1.350504576319944694e-01
1.351382632038582998e-01
1.352488172253669407e-01
1.353820441065162472e-01
1.354394531861114193e-01
1.355403957550182503e-01
1.356754553025452115e-01
1.358336887228097922e-01
1.359260149395514483e-01
1.359401906301336838e-01
1.360129378225362062e-01
1.362168558622585124e-01
1.365130915262249278e-01
1.366397046849942287e-01
1.366578155697689145e-01
1.367491737605320279e-01
1.368595364500196643e-01
1.370942861137778024e-01
1.371687127338302170e-01
1.371956761978638251e-01
1.373499298496191900e-01
1.375443251055433191e-01
1.375580071046812458e-01
1.376866479742980265e-01
1.377898597781734569e-01
1.378553598715817619e-01
1.379007254766139723e-01
1.380141862028391175e-01
1.380741731610498901e-01
1.382236769169316593e-01
1.383035982434656086e-01
1.384074237159844678e-01
1.385760047717155552e-01
1.385986584315898051e-01
1.386855129345363202e-01
1.388357061079219523e-01
1.390659418569744066e-01
1.391663244372219888e-01
1.392569005860294640e-01
1.393520071928955051e-01
1.394922884579681555e-01
1.395652791627064460e-01
1.397184269078585450e-01
1.398129794954687533e-01
1.400102380248405276e-01
1.401650115502778293e-01
1.402286416226631305e-01
1.403560955646169506e-01
1.404408885196644918e-01
1.405359490275146506e-01
1.405879458538904780e-01
1.407026076931564562e-01
1.408182948380151955e-01
1.409747597616952397e-01
1.411049222796607605e-01
1.411970968682275396e-01
1.412500596605399672e-01
1.413137894163150610e-01
1.415329336159035500e-01
1.416276209841050293e-01
1.417669559098171106e-01
1.418722997980459144e-01
1.419633714805814961e-01
1.420433102076109066e-01
1.421606521197828765e-01
1.422622470837495989e-01
1.423552623861414068e-01
1.424516823592586467e-01
1.426249434173249842e-01
1.427203340667277665e-01
1.427533245640479620e-01
1.428515202007713258e-01
1.429181668688330187e-01
1.431444471238481619e-01
1.431953015516080618e-01
1.433363802859623504e-01
1.434017569920612301e-01
1.434973631975619279e-01
1.435857974886393940e-01
1.438379158189510842e-01
1.439380060254643601e-01
1.440930701579999917e-01
1.442200525136802525e-01
1.442738273058912502e-01
1.443691774666374383e-01
1.444280176896954870e-01
1.445402735296203722e-01
1.446409757434768406e-01
1.447020986466042436e-01
1.447594570442463091e-01
1.450118974428395435e-01
1.451063311303783243e-01
1.451763673550613976e-01
1.452492294703871534e-01
1.453390959608935884e-01
1.454479223888258954e-01
1.455708574894987728e-01
1.456401754691431516e-01
1.457487801946568406e-01
1.458729468123222683e-01
1.460415993411438018e-01
1.460656720463545666e-01
1.462937067138124769e-01
1.463876213853532171e-01
1.464329841035857671e-01
1.466078775142827251e-01
1.467201472983575561e-01
1.468014037999813837e-01
1.468559312121473226e-01
1.468940343885445921e-01
1.470279819634773277e-01
1.472961472111100900e-01
1.473151281822100422e-01
1.473969192882366441e-01
1.475284048852286978e-01
1.476539673693874621e-01
1.476861738321071649e-01
1.477509668964901157e-01
1.479303101552277566e-01
1.480318856740815425e-01
1.481024276400849105e-01
1.482620286174705648e-01
1.483468570254937446e-01
1.484358335129742912e-01
1.485775673330782531e-01
1.486998469757820351e-01
1.488629063046720546e-01
1.489813105188168563e-01
1.490160939295610276e-01
1.490748102583979162e-01
1.491833438088838726e-01
1.492848032678140147e-01
1.493440733231672091e-01
1.495114551820276028e-01
1.495615976775472311e-01
1.497245395856155181e-01
1.498568762973860047e-01
1.499420934294762586e-01
1.500310202428022655e-01
1.501618996317591603e-01
1.503511377948542616e-01
1.505034226218797122e-01
1.505873437744733589e-01
1.506860495337018213e-01
1.508227120184689185e-01
1.509042783054155568e-01
1.509232912812079053e-01
1.511751714703687965e-01
1.511771540643441769e-01
1.513076378167692027e-01
1.514452287370413319e-01
1.515343958622034082e-01
1.516858042029830544e-01
1.517511355887255498e-01
1.517946350113583975e-01
1.519195185636395273e-01
1.521513203477826148e-01
1.521856294808316135e-01
1.523716692909221904e-01
1.523927771188491320e-01
1.525843237073559455e-01
1.526013337048442720e-01
1.526771012821627194e-01
1.527565118067605310e-01
1.528115968798395563e-01
1.529710290726293276e-01
1.529892977047678793e-01
1.531858196080824186e-01
1.533113661523301807e-01
1.534656151545089331e-01
1.536252336295365062e-01
1.538030416676099132e-01
1.539344175577047613e-01
1.541385243615182588e-01
1.543061522692626142e-01
1.543879479360274198e-01
1.544407240920152025e-01
1.545442693003835355e-01
1.546913905320897731e-01
1.547863699712461460e-01
1.548877383650992812e-01
1.550225432420315741e-01
1.551478884540089254e-01
1.552183412633776627e-01
1.552485617500424520e-01
1.553595837447589723e-01
1.554610605133431578e-01
1.557969061577137992e-01
1.558953838648572676e-01
1.560183366927491988e-01
1.560697037529581721e-01
1.561881203373952920e-01
1.563751342882417072e-01
1.565330916047514009e-01
1.566153516399038936e-01
1.566747966303434492e-01
1.567285108204228283e-01
1.567784148686438006e-01
1.569907038106592989e-01
1.571391482335718903e-01
1.572335519663889958e-01
1.574615664560126416e-01
1.575408386777329417e-01
1.577424098895610638e-01
1.578575095768112724e-01
1.579168316881759404e-01
1.580657156712343137e-01
1.581560094994275967e-01
1.582815670009415920e-01
1.583921565909170992e-01
1.585197611524993277e-01
1.586115622327424757e-01
1.587794101827544324e-01
1.588490884193979602e-01
1.589793048588187263e-01
1.590456456159018706e-01
1.592015186309708175e-01
1.593150714681161317e-01
1.593659309220344378e-01
1.594924964283727653e-01
1.596344294497636374e-01
1.597264469818840127e-01
1.598421933809429651e-01
1.599487728492386129e-01
1.600982243843494246e-01
1.601138293662536793e-01
1.603650909902985255e-01
1.604445789064575523e-01
1.605301831243360899e-01
1.606518319438375308e-01
1.607265872603890200e-01
1.608496968249621684e-01
1.609281509821740841e-01
1.610525186178049240e-01
1.611191443938872203e-01
1.611216362685689851e-01
1.611817866338019212e-01
1.614548716776666448e-01
1.614983465958507447e-01
1.615253407284587273e-01
1.616279905826380481e-01
1.617145220480096512e-01
1.617939695156032642e-01
1.621343607601945791e-01
1.621897205315782076e-01
1.622694851148509809e-01
1.623960254175157714e-01
1.624521310607960345e-01
1.625494026569301309e-01
1.627118801819584792e-01
1.627313711059983903e-01
1.628884948526722609e-01
1.630126282818782357e-01
1.630690392896875229e-01
1.632240133307214514e-01
1.632986430172317649e-01
1.634318790044887726e-01
1.634813431702548392e-01
1.635300675452925900e-01
1.638038450852912498e-01
1.639676332358941391e-01
1.640262946969318070e-01
1.640875240799365975e-01
1.641721505057291974e-01
1.644299677452007169e-01
1.644493188273969675e-01
1.645033502757275723e-01
1.646742034174578651e-01
1.647827614578569466e-01
1.648085013529117515e-01
1.649363053083915676e-01
1.651181414564056593e-01
1.652213161080045845e-01
1.653003754211816445e-01
1.654474880066536535e-01
1.655959962661696649e-01
1.656001639447593210e-01
1.658194375781707752e-01
1.658618488606113106e-01
1.660228160741762105e-01
1.660287288266661110e-01
1.661938015162415239e-01
1.662914207187085880e-01
1.664666154032598822e-01
1.666825406225703465e-01
1.668301756952205450e-01
1.669738305135694545e-01
1.670500119857170063e-01
1.671030116570182134e-01
1.671752096381918518e-01
1.673283806136519891e-01
1.673728659820200027e-01
1.676372970533616946e-01
1.676713761283513682e-01
1.678209570218903990e-01
1.678608893601323815e-01
1.679463923798399094e-01
1.680128320759295413e-01
1.681588004438626105e-01
1.683746789209511485e-01
1.685473972471415727e-01
1.685806163760237286e-01
1.687470434696471955e-01
1.689145802159336685e-01
1.690941919789029357e-01
1.691239064846285778e-01
1.693694311681344100e-01
1.693844724672012581e-01
1.694876995208229875e-01
1.697522358690669586e-01
1.698177771181837159e-01
1.698636060086379795e-01
1.701918329331507662e-01
1.702622141277592149e-01
1.703145573212579700e-01
1.704468642951302015e-01
1.705601010967182085e-01
1.705705409457335120e-01
1.707394399167680432e-01
1.708642862334246448e-01
1.708958508785384800e-01
1.709993805301662229e-01
1.712168152774910801e-01
1.713072430578702066e-01
1.713960659053255509e-01
1.714619663598577759e-01
1.716205248665819694e-01
1.717701604753468225e-01
1.718663065315761407e-01
1.720763468890280368e-01
1.721115088647820202e-01
1.722649532020801566e-01
1.724609391449948015e-01
1.725545867092981855e-01
1.725812602611895563e-01
1.728697217271721598e-01
1.729369007682556025e-01
1.730820779622587180e-01
1.731593048424250325e-01
1.731831992804911402e-01
1.732737520729228931e-01
1.733310396667278042e-01
1.736089182246655926e-01
1.737041307572124160e-01
1.738201420681877718e-01
1.738786847510301603e-01
1.740318588803532185e-01
1.740711893585107639e-01
1.741443027004146715e-01
1.743242366134936938e-01
1.743930754553182638e-01
1.745341325937744548e-01
1.745825795439591988e-01
1.746647458477415815e-01
1.748834646179308616e-01
1.750274344821212136e-01
1.750601144822009347e-01
1.751064977966657887e-01
1.751889854754567488e-01
1.752619814653375019e-01
1.754162452103761871e-01
1.754548544082992767e-01
1.756105762507624291e-01
1.758530371772389633e-01
1.759107431852853232e-01
1.760259645141638574e-01
1.760727805194900186e-01
1.761576016982043247e-01
1.763045098850937464e-01
1.764307336599255094e-01
1.764464596830209453e-01
1.766187251215666498e-01
1.767963692656500108e-01
1.768721033654060693e-01
1.770618219338847554e-01
1.772774080763654114e-01
1.773736010459040224e-01
1.775305663285520752e-01
1.775563436507102688e-01
1.778361605482416397e-01
1.779237963116760690e-01
1.780758196022811379e-01
1.781419833874278713e-01
1.783075105351494827e-01
1.784348855170209969e-01
1.784889936247769926e-01
1.785171676156653564e-01
1.786811450406044777e-01
1.787489730368512220e-01
1.788579674132866060e-01
1.790219330111407214e-01
1.790567509151946568e-01
1.792723132193007884e-01
1.793779799100619077e-01
1.794035979864579688e-01
1.795123866109811783e-01
1.796031055205760396e-01
1.798003720223624313e-01
1.798469143571678475e-01
1.800138583947256676e-01
1.800478080466291486e-01
1.801869515801484134e-01
1.803611265743557124e-01
1.804285192554845318e-01
1.805124983985398890e-01
1.805739442366376957e-01
1.806294016671639024e-01
1.807241149403441827e-01
1.809712265683573740e-01
1.811241541215470319e-01
1.811805091880692720e-01
1.812882870156545256e-01
1.814001513624603212e-01
1.814917882257167658e-01
1.817375133409605270e-01
1.818360279076961239e-01
1.819753593443385886e-01
1.820254530067160759e-01
1.821160153185968911e-01
1.823094809333334343e-01
1.824351904876813646e-01
1.825664575322422378e-01
1.827837013738867200e-01
1.828219029962181441e-01
1.829294495205374405e-01
1.830317212029302643e-01
1.832575966776351373e-01
1.832800303633257133e-01
1.833980520851161145e-01
1.834483426228780967e-01
1.835467421089636286e-01
1.836307254650232368e-01
1.838666798523048429e-01
1.839579837738841706e-01
1.841187278522642967e-01
1.841812168437304553e-01
1.843092311940762174e-01
1.844358004853565158e-01
1.846080350806279802e-01
1.847155389311219975e-01
1.847940075873123478e-01
1.849382757134586108e-01
1.850391569724990082e-01
1.851203931992531915e-01
1.852798140908895053e-01
1.853469229579366162e-01
1.855582301723653349e-01
1.857496243631606148e-01
1.858647094071026740e-01
1.859161304352605626e-01
1.860596166884953273e-01
1.862043975465572931e-01
1.864164767695476455e-01
1.865237958282392750e-01
1.865774996487759574e-01
1.866815107226598436e-01
1.867960487587616292e-01
1.869053378300577217e-01
1.871202823357122347e-01
1.871664320020398342e-01
1.872827534257454907e-01
1.873735516621015118e-01
1.875568281335104059e-01
1.877651458820387143e-01
1.879608574418072109e-01
1.880682410247375425e-01
1.881276104052513332e-01
1.882868509382771283e-01
1.883624099043818279e-01
1.884987039540053644e-01
1.885925603057201638e-01
1.887383081168200472e-01
1.888806816760807694e-01
1.889796489793656442e-01
1.890704974907271019e-01
1.892686287142996415e-01
1.893381080192872157e-01
1.894431348055459485e-01
1.895512053883516845e-01
1.897581171924749566e-01
1.898115352043639459e-01
1.899439933209622899e-01
1.900173308441560904e-01
1.901894318100181558e-01
1.902072910655839000e-01
1.904338934516167092e-01
1.906275009676811627e-01
1.907030939645646128e-01
1.907950124625702459e-01
1.908334004630298508e-01
1.908781834810678035e-01
1.910115131402335964e-01
1.911639280697644550e-01
1.912429849099800405e-01
1.913096608895720474e-01
1.914693248294911665e-01
1.915356628421896745e-01
1.918052165211124593e-01
1.919588013109183589e-01
1.920946377207898570e-01
1.922084125019987155e-01
1.924921722524141066e-01
1.925382246267771658e-01
1.926463136950406219e-01
1.927727928993726580e-01
1.928217725206110289e-01
1.929352554072024384e-01
1.930411578205763201e-01
1.931194707883764072e-01
1.933419446381482165e-01
1.933840311290652425e-01
1.935765888424164083e-01
1.937300751393837006e-01
1.938961803100946180e-01
1.939180510421844306e-01
1.942303671794107234e-01
1.942371561188362683e-01
1.944272196452195289e-01
1.944612365790032715e-01
1.946183341458546934e-01
1.948428590658394521e-01
1.949059511563170088e-01
1.950812907984734446e-01
1.951742771495407758e-01
1.953517507023110056e-01
1.954323437621129644e-01
1.955505987779504184e-01
1.958226010617180324e-01
1.958804211693075670e-01
1.960752851270069208e-01
1.961439202376876745e-01
1.962478694173378502e-01
1.963288350255871229e-01
1.964812893434740582e-01
1.965093883043910195e-01
1.966301554993945266e-01
1.967162212295904267e-01
1.968936219312122649e-01
1.970139249865056896e-01
1.971524253128732196e-01
1.973712525394219763e-01
1.974008804108713933e-01
1.976016898632637908e-01
1.978121837358489399e-01
1.978360057543566974e-01
1.979500089679456509e-01
1.982035805713190102e-01
1.983909920875018829e-01
1.984255662374261875e-01
1.985123732005084352e-01
1.987223395790673197e-01
1.987844864873304918e-01
1.989169110768663207e-01
1.990415777749829085e-01
1.990471695748624870e-01
1.993745678720858228e-01
1.994439074223384456e-01
1.996138747398008284e-01
1.996558454308716979e-01
1.998713706188257333e-01
2.000438759979734638e-01
2.003018075124546604e-01
2.004703429048765861e-01
2.005245201337053917e-01
2.006473412515615562e-01
2.008520010427332914e-01
2.010081582259180266e-01
2.010451362921651663e-01
2.012159810311709707e-01
2.013528785441660029e-01
2.016091590434957725e-01
2.016836717168616899e-01
2.017667422578275083e-01
2.019229097792741012e-01
2.021783556563792328e-01
2.022638611885182736e-01
2.023580032439270815e-01
2.024832463470963573e-01
2.025987620856337657e-01
2.026742985296078048e-01
2.028484746800164884e-01
2.029639322055980521e-01
2.032108438710114595e-01
2.032639357442288797e-01
2.034196405997757418e-01
2.034988839447820497e-01
2.036519995573096986e-01
2.036649055561793875e-01
2.039439170227060338e-01
2.040164942490717004e-01
2.042122767056787913e-01
2.043218758209200125e-01
2.044509344236465631e-01
2.044912769787863571e-01
2.047919590498019637e-01
2.048869400721609613e-01
2.051104199732406153e-01
2.052252924153589175e-01
2.052743800706150201e-01
2.053460339788321654e-01
2.055521774563364990e-01
2.056460420998117711e-01
2.058081655167222357e-01
2.060000047372247678e-01
2.060757930137673000e-01
2.061304457782522082e-01
2.063224320818444757e-01
2.064482709660977466e-01
2.065914762809308025e-01
2.068260884146929934e-01
2.068734553013141519e-01
2.069559043610211257e-01
2.071207291211441814e-01
2.073201486431867913e-01
2.075987788717466032e-01
2.076861484029257909e-01
2.078636609666376367e-01
2.079807420694661235e-01
2.081268445173425352e-01
2.082512830223524070e-01
2.083447092213213114e-01
2.086979144487975391e-01
2.087174620210446863e-01
2.089887943005124815e-01
2.090311700176438192e-01
2.091405014357863301e-01
2.092846584290995182e-01
2.093621794178936457e-01
2.096459277825620249e-01
2.096948412225287106e-01
2.098810122807967526e-01
2.100403363285756331e-01
2.101340151998182249e-01
2.102295783255919703e-01
2.105105989911845998e-01
2.106699388925775684e-01
2.107455645623939611e-01
2.108849587814904392e-01
2.109800895505661300e-01
2.111314320407609024e-01
2.111787927240335316e-01
2.113236571187244173e-01
2.114229574197605543e-01
2.116560335509643787e-01
2.118872899169749191e-01
2.119485496541908820e-01
2.120606639515966452e-01
2.122747346085261944e-01
2.124005428689585417e-01
2.127353428101339261e-01
2.127785406723657902e-01
2.128395474733649761e-01
2.129110423234625293e-01
2.131658819010058548e-01
2.132420581727840492e-01
2.133558478783570966e-01
2.135830232936352657e-01
2.137873289041888059e-01
2.138291936913502556e-01
2.140970454677337542e-01
2.141585378330262690e-01
2.143877105065421507e-01
2.144975405549292835e-01
2.146449929837634663e-01
2.148885606013985761e-01
2.149506522473703385e-01
2.150573175159804229e-01
2.151110793739588745e-01
2.152630843920838311e-01
2.154872709764557026e-01
2.155850981014452161e-01
2.157360423436542607e-01
2.158718133570493303e-01
2.161077914169358960e-01
2.162199308213466620e-01
2.163416070279605696e-01
2.165191389614794792e-01
2.165596240820382712e-01
2.168150923654969253e-01
2.168642825164723009e-01
2.170556818315393655e-01
2.171110658714263397e-01
2.173153016335833132e-01
2.174583021205561961e-01
2.175318339582036631e-01
2.177431542408956588e-01
2.178765634156636932e-01
2.182813936324343451e-01
2.182967460624274103e-01
2.184627257519259347e-01
2.185172531088473424e-01
2.187039553482601206e-01
2.189443013441356722e-01
2.189916439791386726e-01
2.191627332687536012e-01
2.192544733638319698e-01
2.193897561085657588e-01
2.196184092843808389e-01
2.196583400539402764e-01
2.196893493202966563e-01
2.197998651433598627e-01
2.199139444571471813e-01
2.202058553524245954e-01
2.204056402438946405e-01
2.205099040620497330e-01
2.206797531837951243e-01
2.208158138839574069e-01
2.209589540763703952e-01
2.210559029568647804e-01
2.213126970016428829e-01
2.213835772998445361e-01
2.215715150623672469e-01
2.217157388582063626e-01
2.219483934456462360e-01
2.220486084770960378e-01
2.222142577259464680e-01
2.225444534373268168e-01
2.225712186141958482e-01
2.227979074637910784e-01
2.228298393991484938e-01
2.230532467245970041e-01
2.230861561067547516e-01
2.232282395518357943e-01
2.233735106454736163e-01
2.235529784650193974e-01
2.236764358117494800e-01
2.238779206895775975e-01
2.239590667244411026e-01
2.241550202036208528e-01
2.242345085913177993e-01
2.243419937746744253e-01
2.243939624374295116e-01
2.245887027982945705e-01
2.248288619626861162e-01
2.249076897886491122e-01
2.250423503439702988e-01
2.251682861817721204e-01
2.252411392380268829e-01
2.254294816682512470e-01
2.255692020647507290e-01
2.257272912508421214e-01
2.258135502022225738e-01
2.258958293613129165e-01
2.261214542484643042e-01
2.262989615605812688e-01
2.265042340826092238e-01
2.265411486395408069e-01
2.267860318961708033e-01
2.268777023206109411e-01
2.270222054600889161e-01
2.271179342047204563e-01
2.272824010577914056e-01
2.273326374296284480e-01
2.274971349947888799e-01
2.278052291872484925e-01
2.279182454369752253e-01
2.281566464414341300e-01
2.281879626395025285e-01
2.282945126433330585e-01
2.285449392130388668e-01
2.285958886187539618e-01
2.287105616951204679e-01
2.288594967868030627e-01
2.289872412518287881e-01
2.291369299649008706e-01
2.293666782264935089e-01
2.295336131159733395e-01
2.297450440470904243e-01
2.297641450978294975e-01
2.298732435070980074e-01
2.301125727762784734e-01
2.301304472142782775e-01
2.302875236236971435e-01
2.305509441273230486e-01
2.306049811366524538e-01
2.308122344506322865e-01
2.309213440398739103e-01
2.310642303549103604e-01
2.312252169379404865e-01
2.314770002436773721e-01
2.316072359492709620e-01
2.320240455263073709e-01
2.320476061287266301e-01
2.321315014183762682e-01
2.323815792973139560e-01
2.324702207833474199e-01
2.328075548384895554e-01
2.329567387480417084e-01
2.332053302997315614e-01
2.333590039170387875e-01
2.334879725785528326e-01
2.335003737165219639e-01
2.337355403456917446e-01
2.339018904393781462e-01
2.340326450644832912e-01
2.343301113934884161e-01
2.346230533798835394e-01
2.349355325126532001e-01
2.349754131340884011e-01
2.352019902125432327e-01
2.352713571135790771e-01
2.354228525764926749e-01
2.356327063469552952e-01
2.356815081192557004e-01
2.358745103841295709e-01
2.360448028462157621e-01
2.363177445576041535e-01
2.363965317134873734e-01
2.365598527746158031e-01
2.368490741162055935e-01
2.369999081415830877e-01
2.370717698708040277e-01
2.372075846818424982e-01
2.375144393652524055e-01
2.376037624451751706e-01
2.377458265086615508e-01
2.378767663636593976e-01
2.380537517704900963e-01
2.382256289169513430e-01
2.383426700436793444e-01
2.383961486996432899e-01
2.386277148801632386e-01
2.388870669189592788e-01
2.389786964510505762e-01
2.391034964059859103e-01
2.392524896393890266e-01
2.393757705262542224e-01
2.396907242513220404e-01
2.398406504569192133e-01
2.399215461621955203e-01
2.401675989408331713e-01
2.402313292224541319e-01
2.404298103406845577e-01
2.404553097663715278e-01
2.406328697432877084e-01
2.407978941427588448e-01
2.410117391851351876e-01
2.411965879737489604e-01
2.412384406851187657e-01
2.415850178501660339e-01
2.417048721151120183e-01
2.417988010865951831e-01
2.421702992065288274e-01
2.423903546376206253e-01
2.424637619131071453e-01
2.427178195601898680e-01
2.430111580380434344e-01
2.432863330333656371e-01
2.433667851084156675e-01
2.435229856145108562e-01
2.435883850810359186e-01
2.438759905494894131e-01
2.439484335438054374e-01
2.440480952267023718e-01
2.441422688927833984e-01
2.443442216030647096e-01
2.445338019920667016e-01
2.446932831097484995e-01
2.448293386421707130e-01
2.450306066520208104e-01
2.450793346384048943e-01
2.452725376969248083e-01
2.453110047702855567e-01
2.454989789277532697e-01
2.458129884198207993e-01
2.459308040238252224e-01
2.460661285452743208e-01
2.462222023029664864e-01
2.463350626107136121e-01
2.466066769768573419e-01
2.466783152380759014e-01
2.470873050109037850e-01
2.471634415432939769e-01
2.473367572867102293e-01
2.474515464602743964e-01
2.476069066395180651e-01
2.476279289342665224e-01
2.479324393481484312e-01
2.479933060364482578e-01
2.483193180133950739e-01
2.483688177932654728e-01
2.485213219285134223e-01
2.486764273704195338e-01
2.487405617645072620e-01
2.489754850437427003e-01
2.490526855707861920e-01
2.492466807885714564e-01
2.496488276972891884e-01
2.497280268489006083e-01
2.499700422281398715e-01
2.500838998445383266e-01
2.502317037859874693e-01
2.505504501260636396e-01
2.506919732897491815e-01
2.507702268211352004e-01
2.511172647221648346e-01
2.512680355283342659e-01
2.512999124220612335e-01
2.514551379444885937e-01
2.515374125942316241e-01
2.518629024546186757e-01
2.520173903853815123e-01
2.522728770749460003e-01
2.523418429821475684e-01
2.525636512762115538e-01
2.527296947330473498e-01
2.528636899917902636e-01
2.530401686304298292e-01
2.531398130455103090e-01
2.532113225612506735e-01
2.535452805252549902e-01
2.537106995056248593e-01
2.537862641392430452e-01
2.540310175820552629e-01
2.542988954965385573e-01
2.543754032729413361e-01
2.544540968795737657e-01
2.546607024001885100e-01
2.549783917045037596e-01
2.551358295855612468e-01
2.553623956519506244e-01
2.555181338207456188e-01
2.557427196936348235e-01
2.557844834717787896e-01
2.559228120310163002e-01
2.559788204405372136e-01
2.562780948841424933e-01
2.564249118442232800e-01
2.565493867881898371e-01
2.566998358769453925e-01
2.567051561652898828e-01
2.569391618297321989e-01
2.572136041487133040e-01
2.574383726275106254e-01
2.575195672874560637e-01
2.577111062457759227e-01
2.578903470075263882e-01
2.581128314455043427e-01
2.581186669206388395e-01
2.583641318345317184e-01
2.585123759160912194e-01
2.587172631570956449e-01
2.588024430895047856e-01
2.590161132867074278e-01
2.590811542125096012e-01
2.592844992035913676e-01
2.593929197011432541e-01
2.595899244694697683e-01
2.598114367621498499e-01
2.598370700864596206e-01
2.600284574084219535e-01
2.602955544339066174e-01
2.606495359347769103e-01
2.608122461445319118e-01
2.609231287456355020e-01
2.612325961667919527e-01
2.612644233886891598e-01
2.614907204914997951e-01
2.617668042911153736e-01
2.619445391053420447e-01
2.620057352843676024e-01
2.620669824060966602e-01
2.623984730651630626e-01
2.625278014391873027e-01
2.626638522664130893e-01
2.629004342558438623e-01
2.629557072840593701e-01
2.632136059910439307e-01
2.633475372860161756e-01
2.634702910360628980e-01
2.637122071682154179e-01
2.638865535702718534e-01
2.640286115367662667e-01
2.640748384705967622e-01
2.643252119554986290e-01
2.645129473813542242e-01
2.649516903682159197e-01
2.650792864629951118e-01
2.652253265456476772e-01
2.654000201689774019e-01
2.656601114795392182e-01
2.657767550505434895e-01
2.658317477245981664e-01
2.660424798691151116e-01
2.661574622097321319e-01
2.663106663482129322e-01
2.663872072120552770e-01
2.664994960568233262e-01
2.666143223752049929e-01
2.669020737213070871e-01
2.670885759127623049e-01
2.672453083683138941e-01
2.673659384833312336e-01
2.677481509572137708e-01
2.679195477937300063e-01
2.679581157714628348e-01
2.682330006763112284e-01
2.683443165969311983e-01
2.684980421660225769e-01
2.687783863229921688e-01
2.689737647270146192e-01
2.690845759674970195e-01
2.692213889296808937e-01
2.694036424889559300e-01
2.695903273388935428e-01
2.699200947285226304e-01
2.699783447718638874e-01
2.701353780275204675e-01
2.702698267414789246e-01
2.704192981365607373e-01
2.704456188632595182e-01
2.705980318609679802e-01
2.710164033474767309e-01
2.710953157521606705e-01
2.711923272376431382e-01
2.712900235479092093e-01
2.714786068136513797e-01
2.715808621456013427e-01
2.717841086787398663e-01
2.718189153265849756e-01
2.720574233035337741e-01
2.722434884753101580e-01
2.725910890197805192e-01
2.726312261369684964e-01
2.728402921444925133e-01
2.729898517933127544e-01
2.731878540187035465e-01
2.732424730818862058e-01
2.735986619052630520e-01
2.738439825543695361e-01
2.740088608672656689e-01
2.741679990613046791e-01
2.744043547328117172e-01
2.745487075723197501e-01
2.748058167358612414e-01
2.748845056650309204e-01
2.751160698734202992e-01
2.752327216387654429e-01
2.757357797378375275e-01
2.757706213837869402e-01
2.759310424621628788e-01
2.761375639292212303e-01
2.761744085603108356e-01
2.763518951508144306e-01
2.765667812247313284e-01
2.767329302012072612e-01
2.768347548835717320e-01
2.770038829005643244e-01
2.770517413440414245e-01
2.773470047564658425e-01
2.774561069259574575e-01
2.776115290683992542e-01
2.778909725543485254e-01
2.779649264485747340e-01
2.782661644518398814e-01
2.785313842933632711e-01
2.785615021593484397e-01
2.787073860559648453e-01
2.789672793661455708e-01
2.790913945431692800e-01
2.791786781566937270e-01
2.792257605178584678e-01
2.793673585461614595e-01
2.795774262963997003e-01
2.800306185962520011e-01
2.802160288560457402e-01
2.803103708314512166e-01
2.804409516439369532e-01
2.807956183714472309e-01
2.809010925344623821e-01
2.811432762451984702e-01
2.813366357941754492e-01
2.814295074848551237e-01
2.817716150573083000e-01
2.819626313690892783e-01
2.820839140976691417e-01
2.821930835507410751e-01
2.823984643118187532e-01
2.824648074223983230e-01
2.827416773414192508e-01
2.827784609608791633e-01
2.829966129473651115e-01
2.831444465508514696e-01
2.835169737381104116e-01
2.837402718657282552e-01
2.838963564693463004e-01
2.840355708854487848e-01
2.841814996344302902e-01
2.844747361586252299e-01
2.845865931266296500e-01
2.849171706648438440e-01
2.852520991810092998e-01
2.854633216360914494e-01
2.855567828792303087e-01
2.857141473697756284e-01
2.857931340184649560e-01
2.860428974631485377e-01
2.860807157742149553e-01
2.862466073103248632e-01
2.865813805704422457e-01
2.866213920233262602e-01
2.869254446521592450e-01
2.870148689434627309e-01
2.873139282696720587e-01
2.875655747258876738e-01
2.876149722384964691e-01
2.877201364831694641e-01
2.880251621689253194e-01
2.883188849266647424e-01
2.884867422423539329e-01
2.885881617635519536e-01
2.887733302637943700e-01
2.889732372891782308e-01
2.890990174777838817e-01
2.894589382236052444e-01
2.897131426217446348e-01
2.897690167146461659e-01
2.899951371212440843e-01
2.901814505379951559e-01
2.904274793547733102e-01
2.905017331040607997e-01
2.909583420158816103e-01
2.911440644887668405e-01
2.912538888999429143e-01
2.915105436722041921e-01
2.916414773977156205e-01
2.918474394262244309e-01
2.921157405554389852e-01
2.921405791513500549e-01
2.923031763621777301e-01
2.925726341341070014e-01
2.928246255054527958e-01
2.929841066188589305e-01
2.932533810951156727e-01
2.933361871681609556e-01
2.934042701232351114e-01
2.938290864410900149e-01
2.939103415027352617e-01
2.941659241208031683e-01
2.943381302382097053e-01
2.945449173049940472e-01
2.946574712238726468e-01
2.949671579484948181e-01
2.950368120844457098e-01
2.950717815092203655e-01
2.953238022738904900e-01
2.955627568989277476e-01
2.955925102891435730e-01
2.958029043946230896e-01
2.960342031729160106e-01
2.961874733204166166e-01
2.962747005591052640e-01
2.965468420643482261e-01
2.966619574495389378e-01
2.969290580154432257e-01
2.971801662559723778e-01
2.973966653302684837e-01
2.976115405632233646e-01
2.978400742310842730e-01
2.978977768569949780e-01
2.981368804929975802e-01
2.983007407428902025e-01
2.983571799028267302e-01
2.985616411518220437e-01
2.986715993073324471e-01
2.988843510761827749e-01
2.993183381848832925e-01
2.993372988097582343e-01
2.995228882528324643e-01
2.998113336863525991e-01
2.998929679154826999e-01
3.001207793777359023e-01
3.001884869905189768e-01
3.003535696133001198e-01
3.004637211046992662e-01
3.006130410543101372e-01
3.009219926446804472e-01
3.010352734793916296e-01
3.013008014570261461e-01
3.014973525258136666e-01
3.017492909343444940e-01
3.019226879083308779e-01
3.020179207992936266e-01
3.020960809096820965e-01
3.021976212356382585e-01
3.023877626271044283e-01
3.025657149686195035e-01
3.027456916483479143e-01
3.029998283242091861e-01
3.032505147982986204e-01
3.033594155336074016e-01
3.034645104352804990e-01
3.037048678499869592e-01
3.039492461186404371e-01
3.042051623261141646e-01
3.043310407894591618e-01
3.044616920327397613e-01
3.045971104119957196e-01
3.051097737481174854e-01
3.051909513453286982e-01
3.052905721147398110e-01
3.054518389569592651e-01
3.058315842028348497e-01
3.059460367137444847e-01
3.061855174610160768e-01
3.063174005001185196e-01
3.064668228053751275e-01
3.067304307458615931e-01
3.069479829598542042e-01
3.071739967367296820e-01
3.073195290152163084e-01
3.075103057062283929e-01
3.077567183128000483e-01
3.079143124886704053e-01
3.080899783267011527e-01
3.081537492628494412e-01
3.083333517412437108e-01
3.084909180736416512e-01
3.086230064150325414e-01
3.087833065916713027e-01
3.088827653784508298e-01
3.090261187985422486e-01
3.093035740172017656e-01
3.093628820945715230e-01
3.095303488985357565e-01
3.100197677416067221e-01
3.101310290155064320e-01
3.103323703912975184e-01
3.104082357889890731e-01
3.107020690023148402e-01
3.109748707702487125e-01
3.110298805395848576e-01
3.111241314454940010e-01
3.112397260949300581e-01
3.115647920095342416e-01
3.118922233755240803e-01
3.120305936869310903e-01
3.123020151221229668e-01
3.123644557038708913e-01
3.125640278899455837e-01
3.127367058982538639e-01
3.129761670995869771e-01
3.131399633691242523e-01
3.133134519217282699e-01
3.134650057168392179e-01
3.136002185110760565e-01
3.138535659562021740e-01
3.140703157158029613e-01
3.141957678989962810e-01
3.143555386712276190e-01
3.144768007312383484e-01
3.145414054933323156e-01
3.147616630632935619e-01
3.150892944511157756e-01
3.151949920006533734e-01
3.153417851444308417e-01
3.154927403927531571e-01
3.158315084272020901e-01
3.161322249874518042e-01
3.163363858965938524e-01
3.164275528805143289e-01
3.165871459248299491e-01
3.166156813897326727e-01
3.167488223683838644e-01
3.170103833816806937e-01
3.173403347124737484e-01
3.175800054871997791e-01
3.176632497732220228e-01
3.178957028313492694e-01
3.180232861106509490e-01
3.182140015088871232e-01
3.182802181591926072e-01
3.185441138007191753e-01
3.186851905605906365e-01
3.187362611880113494e-01
3.190332465598746392e-01
3.191468055972394580e-01
3.193045234657696518e-01
3.196055090900009055e-01
3.197233776619691215e-01
3.199090356478342390e-01
3.200817132971150447e-01
3.202043833282649521e-01
3.205450005269124270e-01
3.209616559549134940e-01
3.210781387731591607e-01
3.211645387685853614e-01
3.215374812565081064e-01
3.216914660718855346e-01
3.219263065402260260e-01
3.219826502373261956e-01
3.221278150759192549e-01
3.224441455731176798e-01
3.225273020107848332e-01
3.225990147160656130e-01
3.227492833142630024e-01
3.229316057993806277e-01
3.231447790510258988e-01
3.236082310590194799e-01
3.236783515292287472e-01
3.238522366573349798e-01
3.239458181603979137e-01
3.241670082415021303e-01
3.243071709695334315e-01
3.243928499859657921e-01
3.244844825750094475e-01
3.246318766575150283e-01
3.249295003517146396e-01
3.251253290303701693e-01
3.255308899727276661e-01
3.256059453336589415e-01
3.257727976600435227e-01
3.258093248015704879e-01
3.259949242396790736e-01
3.262214692616965950e-01
3.264667153171029179e-01
3.267357039288341647e-01
3.268647154951805356e-01
3.270428251391675478e-01
3.273793252691742373e-01
3.275374058931718180e-01
3.277805581269397361e-01
3.280301782448127312e-01
3.280920680941947221e-01
3.281718299137016404e-01
3.283320742317754060e-01
3.287538668751147641e-01
3.289255180032028547e-01
3.290956677373090833e-01
3.291315521098633345e-01
3.293288153331538348e-01
3.294048707470640935e-01
3.296846896183178166e-01
3.300567115172345356e-01
3.302755537205482317e-01
3.303521985149426854e-01
3.305259637307281784e-01
3.309378104979954771e-01
3.311652479791202253e-01
3.312335010220249787e-01
3.312945986204372528e-01
3.315857378841905456e-01
3.317447071950517246e-01
3.319099635185314701e-01
3.322546930968340306e-01
3.324295300568866907e-01
3.326871631902079129e-01
3.328975279972402057e-01
3.331824794095597508e-01
3.332336519789191875e-01
3.333778641064070181e-01
3.336877519540939474e-01
3.338150970521943650e-01
3.339315704998584988e-01
3.341837457796199562e-01
3.345151620423242878e-01
3.346199122137399340e-01
3.347274347041383491e-01
3.348572955313436350e-01
3.351027601383718135e-01
3.353051893508868231e-01
3.353348273021066750e-01
3.356479127973623910e-01
3.358810135966182053e-01
3.359470284134637441e-01
3.360206276431508265e-01
3.363126298756930477e-01
3.364207174185485649e-01
3.365917756503722380e-01
3.369077062769759157e-01
3.372180723801792013e-01
3.374971308411449100e-01
3.375638500107931428e-01
3.379127127411871712e-01
3.380950852698980102e-01
3.381610816567338640e-01
3.384401689885492281e-01
3.386437010970267947e-01
3.386513158510168764e-01
3.388316917072698997e-01
3.389749543817349720e-01
3.392287502468054328e-01
3.394699842687677882e-01
3.395377974518921094e-01
3.397808803602727634e-01
3.399952128148097663e-01
3.400900192765728414e-01
3.404071130521953426e-01
3.405302705767438431e-01
3.405747421189653235e-01
3.408260954201650650e-01
3.410522311012078589e-01
3.411090654916429932e-01
3.413906409279879872e-01
3.415024648453172107e-01
3.418881918059309966e-01
3.421599523669731080e-01
3.423860718344050591e-01
3.424897126397407621e-01
3.426483817209005633e-01
3.429327286482581894e-01
3.429881033559222803e-01
3.430827973768825201e-01
3.432745443884555048e-01
3.434659040857350187e-01
3.437067444644735792e-01
3.437749952103354434e-01
3.439095055449248872e-01
3.441734058515966144e-01
3.444438227925898932e-01
3.447690039949277141e-01
3.448995144281910008e-01
3.450221720228584532e-01
3.451668949022548283e-01
3.453965482061927550e-01
3.454867301915383604e-01
3.456346165267750736e-01
3.460074382191854481e-01
3.460795039659869121e-01
3.462337728524360059e-01
3.465210468735141491e-01
3.466646992047045517e-01
3.467969931970930064e-01
3.471317151363291775e-01
3.473696254394500471e-01
3.475120149318873808e-01
3.475430062907959305e-01
3.477749141103014807e-01
3.479448372819208268e-01
3.480798197206886324e-01
3.483563982224748279e-01
3.485710451484531069e-01
3.487422336250992627e-01
3.487613077879249124e-01
3.489466212739364970e-01
3.491667392172541629e-01
3.492711886758661510e-01
3.495049882676335429e-01
3.498009617505932201e-01
3.499141067444195285e-01
3.501785730812261299e-01
3.504024678282409710e-01
3.507173379189564288e-01
3.508183609669285330e-01
3.510989652800413641e-01
3.511907045647063019e-01
3.513741769974744744e-01
3.516428467926311363e-01
3.518154123861112481e-01
3.520514998642720328e-01
3.522097504213075325e-01
3.524008229905124523e-01
3.524568710102551905e-01
3.528639994596957652e-01
3.529947722508834373e-01
3.533627322486452282e-01
3.534857541704108930e-01
3.536773868606041260e-01
3.539019277217216319e-01
3.541718759832717667e-01
3.543086073586272366e-01
3.543895093984325007e-01
3.545009087628606670e-01
3.547492266720883580e-01
3.548474011758879776e-01
3.552062841686914330e-01
3.555412646080520211e-01
3.557776295334010852e-01
3.559568897917400609e-01
3.560330117923163340e-01
3.563249365708033300e-01
3.564540993587332340e-01
3.567370035752799318e-01
3.568371362598523611e-01
3.569333077294862822e-01
3.572596799889849462e-01
3.574539747807123358e-01
3.575115149620411437e-01
3.578680707411048822e-01
3.579099061423261507e-01
3.581658434200918895e-01
3.583499053217971131e-01
3.586653099297987812e-01
3.587271760108037832e-01
3.589472496441394878e-01
3.591587142056228976e-01
3.594041326181430240e-01
3.595508808100457698e-01
3.599375567868652870e-01
3.599695388107007066e-01
3.600989097381020465e-01
3.603071040818571769e-01
3.604510729713382156e-01
3.607209322478378555e-01
3.608521495580709337e-01
3.610505896451547958e-01
3.612079031248571770e-01
3.614103512328400991e-01
3.617785590133246743e-01
3.618233808350887482e-01
3.621160285925839051e-01
3.623220064390860751e-01
3.623720643900489313e-01
3.626058728288135691e-01
3.628592589917868927e-01
3.629267730518659363e-01
3.632107574869675726e-01
3.634085594207966396e-01
3.636183220409640593e-01
3.637921141259375934e-01
3.638928572533615680e-01
3.640141197874500745e-01
3.641470946781593110e-01
3.644463185742458644e-01
3.646685753208975811e-01
3.648358517130204093e-01
3.650624581070526786e-01
3.652968936280928114e-01
3.657012219051303803e-01
3.658015457259586878e-01
3.659060687580646953e-01
3.662119695950326603e-01
3.664767968727167258e-01
3.666115001017094532e-01
3.667369834241541726e-01
3.671732994759132063e-01
3.673890230537519286e-01
3.676188227627229521e-01
3.676799085990196114e-01
3.679615919129456403e-01
3.681240093302944882e-01
3.684748595762355472e-01
3.687043633274095233e-01
3.687582815842021522e-01
3.689848182275028421e-01
3.691260410779217960e-01
3.693965377365169278e-01
3.696036921463193292e-01
3.697351876394522341e-01
3.698716510409033043e-01
3.699935817343409372e-01
3.702569605321811563e-01
3.706433187521178674e-01
3.707390336552131571e-01
3.709605593004975388e-01
3.712207412787949523e-01
3.713081329244578010e-01
3.716244000596000130e-01
3.716493715959312549e-01
3.718266182079073556e-01
3.720122170612201740e-01
3.721375310790316915e-01
3.724546147827868525e-01
3.725863036021371255e-01
3.728021472648185286e-01
3.729959968530080494e-01
3.731282559904036122e-01
3.732589468081741191e-01
3.736627011424394906e-01
3.737858726565659873e-01
3.740194397813844107e-01
3.740823238701693199e-01
3.741955771278100418e-01
3.743520372043633859e-01
3.746534347513388319e-01
3.748126290294097052e-01
3.749529754240303325e-01
3.751934751787523448e-01
3.753696875661345911e-01
3.756727548175074483e-01
3.757320575759551806e-01
3.759687141091471729e-01
3.763376808012192654e-01
3.766848822703093846e-01
3.768392896968520978e-01
3.771337795467425424e-01
3.773036561397953292e-01
3.775576685427188273e-01
3.776648784373645151e-01
3.779344042399517822e-01
3.779737604683278684e-01
3.782482751541753063e-01
3.783281166178901200e-01
3.785690531016663862e-01
3.787794217515059181e-01
3.789606612544222930e-01
3.794523624050603616e-01
3.794736118204225517e-01
3.795051667353571134e-01
3.797554300085907442e-01
3.800028642289282055e-01
3.800138283999323074e-01
3.801770921641212109e-01
3.803333918970004945e-01
3.807475190145845345e-01
3.809197529963321283e-01
3.810557912076316112e-01
3.812375895932724745e-01
3.815117982156944199e-01
3.816205894947071742e-01
3.818457215637303115e-01
3.820270257497753175e-01
3.822246739471764632e-01
3.822868569774060532e-01
3.824640230918980865e-01
3.828193145858276858e-01
3.829296265980932090e-01
3.832097063896394151e-01
3.832882256828318845e-01
3.834898679026608748e-01
3.837399924793423733e-01
3.840107541813457814e-01
3.842721005561471892e-01
3.844160103038180010e-01
3.845832657869576177e-01
3.846230194163141047e-01
3.848018912602446662e-01
3.851534339934832296e-01
3.854895128751092970e-01
3.855998679100249293e-01
3.857164710842017619e-01
3.857796351987076711e-01
3.860614141386485842e-01
3.861999633329056825e-01
3.863033806891661981e-01
3.866036445597223481e-01
3.867673924701223731e-01
3.868854805890772353e-01
3.870715543845389406e-01
3.873016592058750596e-01
3.874111145197147721e-01
3.876938425209663919e-01
3.878564276787649923e-01
3.880988059127916112e-01
3.883779080479303758e-01
3.885427759933657299e-01
3.886334078031119521e-01
3.888699503429916549e-01
3.890621176182619267e-01
3.893159539797142465e-01
3.893915709000924097e-01
3.894622814703237457e-01
3.896567090914885845e-01
3.899581319683469993e-01
3.901792766022822989e-01
3.903985774249981722e-01
3.905464913229838575e-01
3.907404604848035978e-01
3.908501971903700078e-01
3.910590377430656073e-01
3.912546944790515902e-01
3.913695329654015009e-01
3.915896994010210630e-01
3.919245734922723323e-01
3.920307071511893726e-01
3.923106603364326928e-01
3.924277134433415970e-01
3.927762941634312388e-01
3.928924262555181235e-01
3.930843070187362565e-01
3.934328031811661353e-01
3.936604288341529201e-01
3.937392981608948683e-01
3.939492600823161217e-01
3.941545497140050425e-01
3.942838103854954257e-01
3.944836111881830920e-01
3.948534691012756670e-01
3.949090385793589952e-01
3.951931251649569710e-01
3.953370158495690401e-01
3.954257303144261826e-01
3.955848949316277396e-01
3.956700768774407684e-01
3.959342928147818186e-01
3.961397958195133073e-01
3.962462857149727236e-01
3.964887418330980129e-01
3.967128132107138327e-01
3.971933425550266961e-01
3.972150420505312085e-01
3.974489204212274807e-01
3.977961595704689324e-01
3.978688139829306136e-01
3.979514083824159387e-01
3.983325567214989760e-01
3.984496378927880889e-01
3.986033097764691835e-01
3.990757969914577319e-01
3.992720370172092026e-01
3.993838483367433967e-01
3.995287552841822465e-01
3.996919006765107807e-01
4.001341388887861283e-01
4.002328159672507435e-01
4.004389943042160338e-01
4.007444462705642141e-01
4.008583019635312272e-01
4.010793952467455181e-01
4.012212130618119654e-01
4.014248335339741791e-01
4.014677370537236833e-01
4.017200413017251726e-01
4.017879642943586460e-01
4.021387846821102285e-01
4.022942161637044767e-01
4.024126206469030853e-01
4.027799731427335050e-01
4.029357347951654233e-01
4.031652536128393360e-01
4.033723379109788731e-01
4.035788051284692757e-01
4.038677540728212167e-01
4.041480381056694049e-01
4.042770226369065689e-01
4.044006589828583742e-01
4.046592760301509495e-01
4.047600848879959745e-01
4.050345613597344241e-01
4.054657252537341994e-01
4.055101021197872191e-01
4.057951756821553957e-01
4.059229384928776385e-01
4.061055366402506750e-01
4.062479544118837160e-01
4.063835697733562680e-01
4.065197792525273579e-01
4.070459761523115838e-01
4.072425676073907486e-01
4.074905988550344693e-01
4.075073182084343326e-01
4.076293009034391290e-01
4.078234227710275106e-01
4.078959310267856186e-01
4.083192918420845419e-01
4.086510327054266867e-01
4.087269457588061372e-01
4.089192951908877660e-01
4.091636398541664277e-01
4.092410744394625599e-01
4.095409501748248360e-01
4.097386507714632642e-01
4.099895489585087538e-01
4.102115344079232950e-01
4.104379416796118951e-01
4.106897154231534675e-01
4.108720090074032827e-01
4.111018678846415364e-01
4.111198448812385942e-01
4.112783805399435888e-01
4.115794933973040970e-01
4.117856650932927298e-01
4.120667656981227833e-01
4.121873575251004951e-01
4.123152131283933652e-01
4.124904085391247199e-01
4.126759348086349588e-01
4.129331400260657370e-01
4.131177364056167756e-01
4.132959416851957335e-01
4.133553953349411447e-01
4.135938263843326190e-01
4.139610858891002443e-01
4.143173312219357030e-01
4.144646234384788963e-01
4.148604676297787397e-01
4.149285824828541913e-01
4.151967146534884523e-01
4.155811389658073951e-01
4.156386216663230937e-01
4.157899414324854881e-01
4.159378113982020730e-01
4.160625556292966154e-01
4.162880916201768811e-01
4.167914820828032552e-01
4.168667056844191365e-01
4.169728534671524600e-01
4.171388859667353177e-01
4.174658237519321413e-01
4.177646413721645691e-01
4.179298113307018392e-01
4.182044875563596942e-01
4.183526491629324662e-01
4.185897703184982555e-01
4.187913513781463815e-01
4.189801505711879259e-01
4.192510895484424793e-01
4.194632937860995336e-01
4.195463318540740838e-01
4.197416290808161921e-01
4.199458128243745425e-01
4.200725944615728569e-01
4.202295585672758405e-01
4.205473239066156443e-01
4.207073167394178026e-01
4.209271447416809697e-01
4.211528848823679061e-01
4.212457339855659733e-01
4.214152956409995543e-01
4.216446507832752322e-01
4.219174845411287067e-01
4.220514616757882753e-01
4.222572917141804716e-01
4.224796214247716897e-01
4.227298092306676081e-01
4.228251558216068462e-01
4.232179734628808143e-01
4.232776872154788150e-01
4.235518433225811119e-01
4.237735104756070181e-01
4.239958932261608804e-01
4.241240217810702817e-01
4.243879614491495311e-01
4.245487435616262517e-01
4.248480236859176196e-01
4.250080814039863264e-01
4.252040413072919467e-01
4.252946951780595120e-01
4.258390421016547966e-01
4.259173876626046740e-01
4.260051599438233194e-01
4.263311018442760281e-01
4.264875003810391085e-01
4.266180075073172095e-01
4.267039111478695967e-01
4.268863782378133354e-01
4.273367448138032931e-01
4.274441291669722753e-01
4.276577803429770785e-01
4.280399434841281603e-01
4.283239842470505931e-01
4.283677236355202811e-01
4.287169053995157353e-01
4.288531334240823778e-01
4.289410872149794218e-01
4.292856119068678700e-01
4.295756068343159484e-01
4.296537748376512700e-01
4.296877041453917023e-01
4.298522507611567400e-01
4.301939929726489864e-01
4.303131737909362542e-01
4.305347639550085592e-01
4.308041595304110682e-01
4.310376323132036891e-01
4.312124025421256168e-01
4.313754684032388709e-01
4.315317069216235701e-01
4.316554729876835861e-01
4.318827785939728381e-01
4.321103048902452115e-01
4.324228504970922260e-01
4.326729427943411532e-01
4.330040178714262833e-01
4.332226270715716088e-01
4.333106441253501973e-01
4.335883385986856187e-01
4.336032874933991588e-01
4.337306387268770602e-01
4.340644482452060138e-01
4.343857573032660624e-01
4.344239381704478320e-01
4.347582439935857024e-01
4.348004746782742069e-01
4.350846426471348116e-01
4.353297116974307879e-01
4.354987293688948879e-01
4.357400125578006489e-01
4.358594774780403802e-01
4.360505419022006057e-01
4.361671486869406200e-01
4.363441468309985916e-01
4.365952746634637616e-01
4.369030665061307550e-01
4.372469072998288464e-01
4.374146370628130276e-01
4.376048174450091199e-01
4.378283450141675082e-01
4.381966126127883610e-01
4.387156437534679987e-01
4.389188977215081056e-01
4.391776122039543484e-01
4.392581905650677632e-01
4.393920506691415540e-01
4.396379434413432707e-01
4.399183587303091558e-01
4.401325729381999063e-01
4.404424002908519653e-01
4.406222012084666795e-01
4.407693746496456066e-01
4.409430270483694070e-01
4.411073636641737461e-01
4.412152907996286788e-01
4.414967208597638249e-01
4.415850816638269838e-01
4.419422063612280516e-01
4.421093005421133371e-01
4.424121971598934944e-01
4.425478066985579773e-01
4.427128301093629092e-01
4.430413256651922205e-01
4.433600124407437448e-01
4.435177959598176622e-01
4.436828224316884950e-01
4.439275715223267582e-01
4.440113775076732217e-01
4.444622812948867963e-01
4.447390862117877042e-01
4.448170303304919693e-01
4.451089614103805880e-01
4.451650501186109055e-01
4.454876726110224006e-01
4.457509564629754117e-01
4.458877476841598964e-01
4.461168296388081655e-01
4.463912692113223835e-01
4.466561409411088923e-01
4.467922772080023530e-01
4.469202189605898101e-01
4.475058482697830686e-01
4.476918797153887630e-01
4.478313804762227845e-01
4.480750488495487405e-01
4.481477147550478879e-01
4.481605625608645616e-01
4.485123483016461021e-01
4.487377609554400459e-01
4.490612869126561768e-01
4.491670158440597693e-01
4.494265041485575041e-01
4.497653661759928312e-01
4.499995651225385807e-01
4.501420878900647127e-01
4.503903157164210747e-01
4.506495415109734726e-01
4.506957494865009295e-01
4.509556215169234772e-01
4.512097353662189447e-01
4.512742705404258481e-01
4.513941292640928360e-01
4.518213828366119955e-01
4.518930608679402328e-01
4.522373946625916075e-01
4.526384522208171668e-01
4.529121683717783342e-01
4.530712271837297744e-01
4.532939386975498586e-01
4.534274846769755785e-01
4.535459309316530185e-01
4.540250336281430044e-01
4.542211304983318487e-01
4.544010177521554117e-01
4.545381576149688518e-01
4.547847797203083964e-01
4.548891581778634619e-01
4.553213704229582826e-01
4.554611211212759025e-01
4.557201232144698078e-01
4.558953907001596639e-01
4.561195416479852938e-01
4.563728638521600822e-01
4.564604906339289614e-01
4.569993964395556163e-01
4.571613430788313281e-01
4.572326753494663221e-01
4.574692522051378440e-01
4.577118813715068124e-01
4.579014107130229272e-01
4.584567223668047919e-01
4.586099333129934896e-01
4.587720956289828567e-01
4.589391802686492716e-01
4.592886726818090071e-01
4.593451924687858012e-01
4.598550802394478221e-01
4.600254205873304802e-01
4.603200374997552524e-01
4.605681171471552315e-01
4.605898429110576453e-01
4.608959840583995993e-01
4.610696501448420803e-01
4.614251423314087441e-01
4.615687519864824506e-01
4.618176728618820226e-01
4.622189469284234686e-01
4.623008447898653284e-01
4.623863514898784444e-01
4.627537497303258474e-01
4.629320596244068664e-01
4.632216561444958969e-01
4.634831136344855773e-01
4.635856133165959791e-01
4.639458030849168413e-01
4.641238153352776341e-01
4.643531076970454086e-01
4.649031105131177788e-01
4.650313065288421144e-01
4.652036444963222328e-01
4.653956876864865366e-01
4.655036907610886621e-01
4.657211702766417272e-01
4.659361045919964694e-01
4.661576710394935152e-01
4.662842763296016213e-01
4.666388607855979642e-01
4.667202061761515641e-01
4.670127998375011580e-01
4.672547941961597839e-01
4.673975124265639103e-01
4.675733598825392301e-01
4.680223523673266439e-01
4.681243931593723762e-01
4.686987705163676576e-01
4.687275179314766560e-01
4.689485685912132551e-01
4.690477934492960355e-01
4.692601267531041898e-01
4.694949268955306843e-01
4.698647395649031555e-01
4.702581152026633626e-01
4.706891453102985956e-01
4.710356871994678118e-01
4.713913381058254526e-01
4.714720569409658335e-01
4.716471032419034537e-01
4.719818830978600999e-01
4.723191237781734220e-01
4.723619048018815048e-01
4.725057513299388279e-01
4.726294388256497836e-01
4.732106848854092940e-01
4.733318262268429999e-01
4.736978996182796831e-01
4.739022431453905337e-01
4.742839026747225351e-01
4.744789723267651693e-01
4.746339680509811254e-01
4.747314907797677286e-01
4.750595352444482167e-01
4.752693836707131414e-01
4.753581173997155629e-01
4.757183656817501327e-01
4.758863555724666128e-01
4.762936392405885400e-01
4.765465723222483962e-01
4.767267129247079183e-01
4.768706210048624383e-01
4.771528963891718544e-01
4.776396370126640978e-01
4.777284290371241471e-01
4.780434302412781555e-01
4.781780039444945563e-01
4.783198371570669960e-01
4.785070939680929891e-01
4.785569092107140876e-01
4.790222352156811580e-01
4.792712236255360914e-01
4.796003236120729429e-01
4.797953646183447662e-01
4.799999690957807430e-01
4.802404279738845538e-01
4.803684378469257887e-01
4.805464629577136937e-01
4.808301609529205267e-01
4.810151099425727939e-01
4.813989733745822619e-01
4.814522650592432118e-01
4.818076640371505293e-01
4.820443253055261001e-01
4.823125113572049871e-01
4.827594626628050056e-01
4.829524177851841626e-01
4.830325351763627428e-01
4.833203097046278596e-01
4.836168827481018284e-01
4.838531257927307094e-01
4.842395723410859443e-01
4.844699893938344548e-01
4.845591811524507242e-01
4.846866139835021570e-01
4.850764242481462318e-01
4.854797115160242038e-01
4.856958237059186834e-01
4.858654538585768790e-01
4.860479807115569706e-01
4.863531280581140370e-01
4.865972991572067863e-01
4.867886478594984911e-01
4.871652331020766558e-01
4.873422696022979284e-01
4.875413199384920904e-01
4.876769893492741148e-01
4.882933420249205847e-01
4.883663998020190133e-01
4.889105042990203875e-01
4.891347407037291428e-01
4.891776933245431946e-01
4.893692884703814139e-01
4.896407529374334211e-01
4.898655011867519282e-01
4.901545539449932987e-01
4.904213980910405168e-01
4.904911611413896311e-01
4.908263805775863742e-01
4.910249654720744705e-01
4.912927571065334176e-01
4.915410497886609220e-01
4.916291671534582242e-01
4.919384525261796814e-01
4.921535994359302890e-01
4.926232547938940720e-01
4.926964574498211014e-01
4.933761825241225196e-01
4.934551371793733932e-01
4.935229018146849445e-01
4.935725017310085838e-01
4.939111820553809262e-01
4.939143645543678240e-01
4.943046071498519711e-01
4.945338499784838748e-01
4.946396141088550413e-01
4.950296297061868023e-01
4.952661516322665047e-01
4.957771065491666240e-01
4.960731951338629986e-01
4.964044213711306108e-01
4.965474518683024030e-01
4.968784529605225764e-01
4.972955998503726938e-01
4.976470747996081800e-01
4.977429977055061738e-01
4.981986532320820116e-01
4.984443348715552058e-01
4.986431282359419237e-01
4.989391103343254197e-01
4.991570557880722347e-01
4.994729802609190195e-01
4.996238651196980851e-01
4.996658466381708741e-01
5.002272894488105637e-01
5.004117089512740701e-01
5.005224972539352724e-01
5.005927709384441204e-01
5.011400319077699006e-01
5.014285364054327232e-01
5.014882578696217008e-01
5.016940630175247273e-01
5.019356561670446082e-01
5.022076805124749965e-01
5.023113800711711541e-01
5.025091316002329167e-01
5.027529131910764004e-01
5.031966264020878432e-01
5.034176936294237903e-01
5.036548198481762828e-01
5.039790600026323730e-01
5.042129112416563474e-01
5.043137309077461161e-01
5.046089394037721609e-01
5.049035104354677728e-01
5.050305398998828910e-01
5.052499138296050463e-01
5.055109067016444468e-01
5.059139359581055206e-01
5.061710580943656890e-01
5.064079406504647940e-01
5.067118097073108896e-01
5.068962493437123573e-01
5.074421025310670297e-01
5.076316200767332365e-01
5.078138002086847180e-01
5.080736749636995953e-01
5.085607945445103084e-01
5.087228052769857678e-01
5.088119630196265009e-01
5.088305316758511276e-01
5.092160730036064953e-01
5.095688810550998982e-01
5.100564896162385065e-01
5.101065564912042882e-01
5.102820250026482984e-01
5.105741869305309155e-01
5.107347231777757957e-01
5.112131539829982696e-01
5.113303754680642577e-01
5.116107809076968493e-01
5.119180183284298691e-01
5.122182338906917654e-01
5.125818302003010141e-01
5.129557445512440417e-01
5.131468093912031625e-01
5.134549922595966764e-01
5.136110640290199036e-01
5.142079775013594922e-01
5.144215684685741197e-01
5.147601741626872673e-01
5.150169572229711390e-01
5.153296956146932173e-01
5.154801244517897008e-01
5.157088122857541590e-01
5.161194658466266016e-01
5.166663454373501274e-01
5.168636956543712913e-01
5.171689948195384856e-01
5.173488726498119972e-01
5.175522521891551264e-01
5.178194511693335889e-01
5.179739718657480063e-01
5.182157018251332126e-01
5.184904754086112622e-01
5.187801627421392281e-01
5.191874513756533638e-01
5.192735062193135631e-01
5.200565842363307212e-01
5.202967955735112726e-01
5.203871922253687776e-01
5.205662128969721358e-01
5.210368256309710899e-01
5.213963598530761967e-01
5.216758607344734733e-01
5.217068074104440623e-01
5.218608947457011871e-01
5.222781538013875346e-01
5.227802435306236895e-01
5.230386037085010820e-01
5.234203721878890603e-01
5.236351387069902996e-01
5.238861303161296279e-01
5.240566827737777045e-01
5.243647502702158958e-01
5.249589939129508664e-01
5.250995941190922389e-01
5.253736669898932954e-01
5.254591668356762835e-01
5.258160357044010524e-01
5.265601995891235898e-01
5.266309698769989778e-01
5.269650288165189655e-01
5.271323839856733029e-01
5.274883966490722109e-01
5.278382508511773041e-01
5.280165192411850894e-01
5.283519658126828444e-01
5.287421781710393009e-01
5.291142622422532193e-01
5.295354466962176598e-01
5.296625778366551573e-01
5.299464575496051211e-01
5.299829985377012553e-01
5.304324736971246512e-01
5.306035143861351777e-01
5.306991494565642675e-01
5.313641578403068833e-01
5.316435898302075413e-01
5.321568038219668395e-01
5.328427941326776551e-01
5.329847126860901563e-01
5.330652331561789303e-01
5.336483691154138009e-01
5.338148643555892248e-01
5.344614785838155413e-01
5.347692345504219125e-01
5.351321352339351023e-01
5.355608745768993817e-01
5.358580094375020586e-01
5.360229242461607146e-01
5.364041706555070510e-01
5.366130862881416386e-01
5.368989058258524238e-01
5.372557661567678444e-01
5.374437321244660559e-01
5.375659188150482271e-01
5.382930132964613978e-01
5.383749923162188811e-01
5.384915457476013856e-01
5.388752991814735882e-01
5.394882289489975058e-01
5.396738692432372364e-01
5.399885676026363601e-01
5.402245574015104301e-01
5.405826165918264925e-01
5.409077336690961690e-01
5.410963134976628508e-01
5.413386005990240557e-01
5.416435816482479959e-01
5.422207095336749605e-01
5.426638179423883823e-01
5.428860224653365707e-01
5.435247891997704306e-01
5.438921976042949691e-01
5.440941431281249852e-01
5.443398099565041059e-01
5.447456521077835845e-01
5.449463754307917185e-01
5.450708044986173340e-01
5.457480860209351636e-01
5.459402551838192785e-01
5.463937479861447066e-01
5.465434145845483593e-01
5.471476515734062795e-01
5.476336041006946154e-01
5.478998972223869668e-01
5.484005601610565384e-01
5.485139910205648617e-01
5.487344069651702849e-01
5.492950095085187279e-01
5.496811031641355427e-01
5.499828463384254240e-01
5.501980350815969256e-01
5.505644765198803858e-01
5.507897102508569898e-01
5.514870901237118872e-01
5.518100575506129646e-01
5.519824038266656352e-01
5.525286742905570758e-01
5.527511686677997194e-01
5.529113571877950495e-01
5.533793098155544987e-01
5.535001283409203277e-01
5.538091104044742252e-01
5.542800003646108919e-01
5.548337908446420164e-01
5.554225431019742532e-01
5.556647574862880745e-01
5.562147169949610559e-01
5.565972773806122653e-01
5.568868322798647963e-01
5.573077040510919788e-01
5.577265543428151506e-01
5.578233261901849316e-01
5.583789539332323359e-01
5.585301812001334243e-01
5.587797556355318385e-01
5.591532294734155029e-01
5.596072833974317096e-01
5.601405229880559444e-01
5.604533258090282910e-01
5.607975866352751249e-01
5.608218352368380399e-01
5.609333005833888608e-01
5.613103967960153540e-01
5.620214180910355628e-01
5.622366511245729948e-01
5.625797576677704637e-01
5.631693607377780131e-01
5.632779298538876933e-01
5.642146347684215968e-01
5.644810877618204881e-01
5.651414886961958484e-01
5.654169434226741231e-01
5.658221155406339964e-01
5.662100954560412847e-01
5.664778706341623282e-01
5.673286495966560761e-01
5.674223483174772875e-01
5.677589199426978928e-01
5.680859689597217432e-01
5.685154143180973785e-01
5.687348547338946236e-01
5.692992299902098763e-01
5.694778820004383624e-01
5.698168117821323930e-01
5.704989514880915991e-01
5.708268936677336480e-01
5.715242377172100596e-01
5.719831961243063700e-01
5.724030727972674315e-01
5.727543725325219270e-01
5.729756428484390485e-01
5.731857476790869210e-01
5.738217241377504552e-01
5.743975421100807610e-01
5.746388691478088173e-01
5.749965133742512835e-01
5.757292313355730773e-01
5.760239389651707897e-01
5.763681401142206617e-01
5.764759549072920874e-01
5.769488620068956575e-01
5.772962124698647335e-01
5.777255192823448349e-01
5.782611436581268638e-01
5.788364866582370594e-01
5.788973636237543241e-01
5.800784841757391508e-01
5.802622246561454089e-01
5.804014410342762664e-01
5.809162517276054150e-01
5.813534353117275622e-01
5.814956972974321125e-01
5.820910589232290988e-01
5.826447789165277724e-01
5.829103771285129021e-01
5.831009973228872267e-01
5.839797092573247861e-01
5.843941241044822155e-01
5.847612467017099247e-01
5.849724842644533629e-01
5.855314543629890345e-01
5.858515696094626080e-01
5.862192275455440083e-01
5.864647658431254573e-01
5.871857658904006128e-01
5.880522526973596120e-01
5.888115980189860821e-01
5.890526307990846533e-01
5.898323954993919260e-01
5.902558032992977211e-01
5.905798598012299561e-01
5.908331581423708068e-01
5.914560847166543400e-01
5.918039585098394673e-01
5.920586376836299847e-01
5.925230719119404244e-01
5.932788015753115429e-01
5.936418957811180341e-01
5.942790278173716301e-01
5.949699552886686948e-01
5.953141823092561458e-01
5.957967609012996268e-01
5.963497542849081068e-01
5.971284198554612788e-01
5.975050199656420924e-01
5.977334771553776127e-01
5.979705997021403929e-01
5.985502722534760123e-01
5.988561156320237888e-01
5.995280163990539535e-01
5.997283855070197900e-01
6.005300052605214711e-01
6.012127290316933159e-01
6.019257251221707961e-01
6.023517486695019185e-01
6.026612252419507598e-01
6.029382308056842055e-01
6.032092429117195120e-01
6.041220774568182295e-01
6.049065478528968809e-01
6.052393316363939846e-01
6.057963776396867450e-01
6.061954749512857843e-01
6.068640426063187654e-01
6.074773900429835116e-01
6.078288218599977588e-01
6.085201266063477998e-01
6.092300833754881184e-01
6.093546366061757258e-01
6.098056917915212205e-01
6.105657256341922023e-01
6.109783340291714548e-01
6.111446701066530762e-01
6.118973313499418420e-01
6.125230185196430810e-01
6.131095894164204640e-01
6.138483737762653325e-01
6.141529554722793272e-01
6.142464872775418305e-01
6.146200602910840693e-01
6.161622843831650043e-01
6.166496792128000060e-01
6.169095960812842616e-01
6.178639428367607156e-01
6.189962375905694314e-01
6.195242245990402186e-01
6.196307511633053489e-01
6.202794547754170162e-01
6.212520718703844480e-01
6.218250762694951250e-01
6.226924029301027508e-01
6.230829018770205341e-01
6.236814490838265002e-01
6.240720127727468203e-01
6.249159817229730240e-01
6.256601869573109598e-01
6.260308145590315343e-01
6.265575888691490292e-01
6.271521807561235562e-01
6.277413944012186775e-01
6.286838746193033067e-01
6.289697882741468460e-01
6.295758562156428262e-01
6.304241942838805235e-01
6.308438764976731505e-01
6.310823133656274786e-01
6.320582560194232258e-01
6.324909974929616707e-01
6.333516234650411469e-01
6.343612249718191265e-01
6.352120178688530627e-01
6.358282557079933950e-01
6.364580519599557507e-01
6.371819255501587342e-01
6.379617942144767406e-01
6.383432313648157441e-01
6.387468898641167625e-01
6.392844702115217936e-01
6.400909267930670055e-01
6.410101081131136525e-01
6.413306012786809118e-01
6.422569420502040050e-01
6.426452754837385095e-01
6.429624667949749295e-01
6.443644992415883399e-01
6.449155200487388662e-01
6.454007347138557282e-01
6.458641205652834172e-01
6.467990456009380384e-01
6.484683615257504918e-01
6.487158037767070118e-01
6.496190148336998815e-01
6.499559086639142835e-01
6.509275484247893928e-01
6.516722380382772295e-01
6.526168229462356862e-01
6.537554925465998146e-01
6.544491495314057605e-01
6.552521482855914181e-01
6.556345090263755448e-01
6.566279062251924037e-01
6.571083083127725599e-01
6.580856526605985968e-01
6.582871525956733860e-01
6.595556136074350873e-01
6.604005276768603050e-01
6.609017687686951081e-01
6.616813899084819095e-01
6.621977340503857334e-01
6.631809477856752677e-01
6.633020727475835709e-01
6.647065840689426741e-01
6.659665152803490029e-01
6.671463696861353876e-01
6.675121567866070249e-01
6.683978200319042884e-01
6.691213579925693322e-01
6.705348446592143130e-01
6.707457687703000104e-01
6.724920160174148176e-01
6.726728799509907875e-01
6.739588103468212577e-01
6.757554711367311784e-01
6.761749825819783899e-01
6.766434016314973876e-01
6.771569074891130580e-01
6.777648535597157187e-01
6.790976905436483246e-01
6.800560901043385398e-01
6.812581969749741395e-01
6.826458195228797265e-01
6.831201097726068427e-01
6.840773929312902180e-01
6.850303765606134965e-01
6.855272337666959981e-01
6.877067465723581963e-01
6.881446508180252275e-01
6.887313432483934683e-01
6.901752599044230774e-01
6.915112514246775088e-01
6.926558116427924405e-01
6.954881375060337767e-01
6.967869615467762179e-01
6.974155255115440655e-01
6.991997610760544157e-01
7.001631609810849977e-01
7.015662616267200891e-01
7.018931428947645657e-01
7.038306565921359503e-01
7.049854384307903121e-01
7.062762008656322532e-01
7.080665630884581674e-01
7.091494712922072896e-01
7.098694014581153899e-01
7.100742395004124852e-01
7.117219151908869001e-01
7.127353538487899431e-01
7.137515925829973629e-01
7.153600988456847443e-01
7.185698690859635418e-01
7.191822972551183968e-01
7.213789472752532017e-01
7.243084081998145685e-01
7.259335650484898261e-01
7.270929317135060854e-01
7.290344985134049605e-01
7.296343859230788320e-01
7.304683930267211744e-01
7.313403036596622941e-01
7.329466099076316077e-01
7.348311452874501937e-01
7.357599769887611663e-01
7.366430987555196985e-01
7.403295201671161729e-01
7.426578995074183398e-01
7.460449950800457364e-01
7.470846717521524294e-01
7.484667342788710043e-01
7.501923738275176889e-01
7.505206369514584308e-01
7.526812943463818684e-01
7.543959729775675527e-01
7.556042051994044106e-01
7.574063577752998544e-01
7.583549007976869705e-01
7.589092186671761997e-01
7.626148951277549326e-01
7.651226825253640840e-01
7.674721388132207389e-01
7.698401904482936597e-01
7.742207540436100155e-01
7.778437060872764874e-01
7.867364760436437177e-01
7.872113919947379967e-01
7.891703955113877900e-01
7.913407487636858750e-01
7.953516999605406701e-01
7.983525960813731004e-01
8.014368051015137162e-01
8.142906781944959649e-01
8.216072896448349816e-01
8.258651865788473323e-01
8.286598211689226723e-01
8.308467448701669644e-01
8.442553223079988234e-01
8.529463215556021272e-01
8.558119531726924301e-01
8.663869008538414018e-01
8.770336277045985840e-01
8.973994196689243363e-01
9.054549677162354593e-01
9.186907069310962237e-01
9.318373128864324562e-01
9.894800651352161358e-01
1.000000000000000000e+00
