# sorted relative singular values (reduced_hessian) field=gauss eps=0.25 N=12 n=3313
5.353875123658380359e-08
6.322429988158028143e-08
8.578910326629228709e-08
1.644371259414172814e-07
1.784644581004518305e-07
2.248223819777822819e-07
2.727449758127693397e-07
3.235484180781254361e-07
3.399613500255870737e-07
3.934444260208064339e-07
4.544043221135796013e-07
5.128313656234675430e-07
5.814694034067142349e-07
6.132016221715129148e-07
7.333879875170323867e-07
7.389575963385154027e-07
7.733521070325525281e-07
8.320310671032735119e-07
9.029102573492923619e-07
9.621184292546228760e-07
9.971339631940222257e-07
1.023486732024079630e-06
1.136233282749926600e-06
1.182921412240176716e-06
1.257988759161737608e-06
1.289750214149561825e-06
1.519449266266473178e-06
1.578224835200307591e-06
1.607265533965070444e-06
1.672431991516411818e-06
1.719558696724282105e-06
1.780750969995842318e-06
1.873587236752750149e-06
1.951775075473297870e-06
1.958019629724420783e-06
2.175465171518014160e-06
2.220061955073135670e-06
2.384896254104342169e-06
2.595820590165830981e-06
2.639855560401344609e-06
2.650339310295966797e-06
2.784958541292364300e-06
2.881020971499853599e-06
2.908888873208187978e-06
3.106047124606710476e-06
3.179335189711992871e-06
3.381952279745818632e-06
3.537478254596454034e-06
3.762614361415514644e-06
3.796502808962860901e-06
3.871904737386499301e-06
4.056454660741902077e-06
4.080361151232162556e-06
4.294046233994522758e-06
4.413460350234723551e-06
4.437943089810185561e-06
4.619785358938071036e-06
5.057300683636135182e-06
5.194845126401134701e-06
5.195792050382411704e-06
5.555018820701776375e-06
5.761193218508839546e-06
5.917256840701380768e-06
6.238584521533518040e-06
6.474247216889631883e-06
6.773806746926817482e-06
6.777440986510476186e-06
6.917809737309208666e-06
7.730204389706870859e-06
7.800556265968671505e-06
7.924775452126233552e-06
8.430880749078504261e-06
8.684517209955082680e-06
8.801744378402437833e-06
9.125583755402250834e-06
9.635259770197948491e-06
9.912556005875945719e-06
1.009835637303960619e-05
1.077975980354253105e-05
1.102923388708439498e-05
1.173530242574789697e-05
1.233303592359062198e-05
1.300506513706236816e-05
1.312132803800724161e-05
1.372559341983192472e-05
1.447222686193611544e-05
1.512307792587969323e-05
1.617174789317212438e-05
1.634007657299813154e-05
1.685103288390274237e-05
1.773161687790702904e-05
1.804218520376013206e-05
1.877877765333468032e-05
1.933097766819114819e-05
2.138165828893415037e-05
2.196125025608321939e-05
2.278408784521774078e-05
2.374612418460018046e-05
2.419051527585387986e-05
2.487870652210875995e-05
2.567319138194598934e-05
2.649393163959834135e-05
2.715696134202687714e-05
2.807690100990927739e-05
2.835370833701517985e-05
2.911696386893913155e-05
3.076392143059010958e-05
3.309755089929209803e-05
3.335994072134622254e-05
3.369962210051168598e-05
3.466294953284553400e-05
3.680578744878097648e-05
3.718735518287077376e-05
3.803397953481191165e-05
3.893147399612981879e-05
4.033857762211569183e-05
4.079901100063375373e-05
4.156645988212522111e-05
4.231365744529218991e-05
4.364131066221962039e-05
4.555415438703096904e-05
4.669343593611193112e-05
4.836824267878353734e-05
5.059161230606803517e-05
5.237712051207394959e-05
5.309001111597959837e-05
5.394957298997637686e-05
5.566460778778792041e-05
5.806613439933600311e-05
5.894357911228623669e-05
6.052629877244960718e-05
6.144184575505722576e-05
6.424289723093876896e-05
6.445738500071754144e-05
6.710659223725877725e-05
6.804448251937107186e-05
7.062540809645530596e-05
7.255284729484163479e-05
7.439125750145041940e-05
7.521443834396796392e-05
7.772363610378703596e-05
7.904521560940428566e-05
8.064828824634923837e-05
8.194543856899079133e-05
8.351015190384577613e-05
8.420974385020284822e-05
8.765707144961291367e-05
8.907232095085714917e-05
9.051189912231109727e-05
9.363939054447957099e-05
9.593016441771491458e-05
9.900032260536370868e-05
1.008374494165247437e-04
1.025881650863603680e-04
1.031571788597724807e-04
1.058809063791829938e-04
1.089716299174768198e-04
1.099092923447678405e-04
1.131570824058787119e-04
1.141292330973594393e-04
1.154471857834856900e-04
1.193490698822469875e-04
1.242511664532967570e-04
1.274708276782474971e-04
1.285940599735615401e-04
1.313326646974131680e-04
1.351224069874136307e-04
1.379060936860487232e-04
1.401303683031717622e-04
1.414046024795563464e-04
1.459268355414865021e-04
1.499799072004615172e-04
1.556201967876446148e-04
1.566673830118779740e-04
1.585915669148283140e-04
1.631061184401101974e-04
1.657497058042132804e-04
1.696207622659179131e-04
1.708460270925848999e-04
1.751742892983868417e-04
1.792559654919045962e-04
1.814817971193707468e-04
1.835765859522236641e-04
1.878006201746676266e-04
1.898768841107137666e-04
1.929525246849667845e-04
1.957760715978967912e-04
2.014387584274558122e-04
2.033384591986492763e-04
2.100003410439708234e-04
2.115129525872083227e-04
2.161053585690954956e-04
2.184668796507543151e-04
2.228434345738506946e-04
2.278053519155275671e-04
2.300096067516142154e-04
2.330357135811949546e-04
2.385923444270610452e-04
2.447370881034321814e-04
2.474796206583619379e-04
2.504302292010241533e-04
2.546062077530820392e-04
2.592822977311812910e-04
2.656955168834068811e-04
2.708968374531448248e-04
2.725357038621404660e-04
2.779332467851680492e-04
2.818068063851363503e-04
2.844925896488038636e-04
2.954724419521707890e-04
2.974939913390056419e-04
3.047571977339915165e-04
3.052919467861029291e-04
3.093854107164576090e-04
3.153268492543516801e-04
3.182054670304658483e-04
3.191580087812645569e-04
3.259023945289746867e-04
3.342068575675064598e-04
3.388754575170477225e-04
3.404418728270383761e-04
3.476630660553118365e-04
3.544510942952903108e-04
3.583941138543564418e-04
3.653012775639370626e-04
3.739829680683310351e-04
3.773406512371468261e-04
3.824895315793442534e-04
3.913730060865737719e-04
3.981395934034053972e-04
4.023950931928076905e-04
4.037881267817017045e-04
4.067227931607920771e-04
4.179810138872686628e-04
4.225626435176087995e-04
4.238182431904953160e-04
4.251895253985209385e-04
4.395613376611446385e-04
4.465847399547057226e-04
4.512232779326896663e-04
4.555098080387443059e-04
4.610666804717532112e-04
4.675768542177787977e-04
4.706097881628094654e-04
4.796564988317808574e-04
4.847705772598929715e-04
4.887698774228830569e-04
4.942678469232515302e-04
5.004350072975536495e-04
5.078780690078293089e-04
5.167774607678870093e-04
5.209448507681329905e-04
5.282281401003001203e-04
5.314183103598830570e-04
5.370730066708250244e-04
5.400061789126423982e-04
5.451996319520212124e-04
5.526593130275170426e-04
5.569880371407368979e-04
5.694835130513165684e-04
5.724739745126918890e-04
5.782740261480489360e-04
5.877465192105931326e-04
5.932436456639322842e-04
5.970786226509876456e-04
6.104211224836661020e-04
6.228067273064091629e-04
6.231452247646341756e-04
6.295950742570811075e-04
6.338728835835959977e-04
6.421769122390422798e-04
6.502868391684171832e-04
6.533602717668101929e-04
6.617286807607456172e-04
6.643526600425206374e-04
6.696191141505746132e-04
6.810969577804600441e-04
6.901843856577953486e-04
6.948417860617732596e-04
7.084238316354569140e-04
7.107277927584311396e-04
7.208895542774183991e-04
7.276306807519263443e-04
7.407723654854089746e-04
7.452029335904313467e-04
7.476922131894692212e-04
7.589094748862774313e-04
7.634915627160663828e-04
7.645307175862454431e-04
7.714512679378446921e-04
7.819265047379211171e-04
7.887889317750820155e-04
7.914433669969482034e-04
8.004108180384821025e-04
8.081812076640637263e-04
8.143118840055080807e-04
8.209058670562357574e-04
8.386942506886970860e-04
8.441519493174613536e-04
8.485627237708465035e-04
8.550649103597855998e-04
8.752014194935641648e-04
8.800628473268678814e-04
8.849663853601949775e-04
8.874799809702162362e-04
8.982779682095018902e-04
9.022464977405404013e-04
9.112136356522846248e-04
9.215888098840086928e-04
9.280445673520692357e-04
9.345633540942684635e-04
9.385029547967526416e-04
9.445015125923070763e-04
9.575497496386181379e-04
9.618327647262226972e-04
9.673276572036221743e-04
9.769095102168633138e-04
9.882500525586496859e-04
9.902451503886447372e-04
1.005246708886254822e-03
1.027262051391895003e-03
1.031929467159674449e-03
1.041715525020602863e-03
1.052595786284197610e-03
1.060438566354510084e-03
1.065184186551848457e-03
1.076859846073619474e-03
1.083742561786391664e-03
1.087929773929268177e-03
1.100863808362119315e-03
1.104220794044450792e-03
1.107552630784883457e-03
1.123286158750181653e-03
1.131717730130826641e-03
1.137099181802821418e-03
1.144169587822712816e-03
1.156009359138490591e-03
1.160167710265349065e-03
1.172130890026889171e-03
1.180518763625444754e-03
1.188910911742169013e-03
1.203210957938137364e-03
1.208772334337567932e-03
1.217155465637849172e-03
1.224339215943397782e-03
1.237066926878772942e-03
1.247337416324847048e-03
1.260871408072200594e-03
1.274379916784440210e-03
1.278744758138330171e-03
1.297624689511936089e-03
1.309921160346723228e-03
1.316360768859575758e-03
1.321449470245350836e-03
1.345444873177181278e-03
1.361607448558621375e-03
1.363711036929347907e-03
1.373541057978357400e-03
1.378247639038819453e-03
1.408735443093551802e-03
1.413250948308733849e-03
1.426388204809984298e-03
1.436894544632286077e-03
1.443186515894869957e-03
1.455274862085828179e-03
1.467262007301106111e-03
1.476427616622032505e-03
1.486862017829019764e-03
1.497828212239894373e-03
1.507626991674359792e-03
1.521373701339339595e-03
1.547527044232595165e-03
1.557385328254875211e-03
1.559949126300023536e-03
1.582929886774656590e-03
1.592310920153602394e-03
1.600828657439635821e-03
1.622670651310498691e-03
1.628623185387256811e-03
1.654642089306119146e-03
1.692495193725690461e-03
1.700382812168505474e-03
1.719298489501245274e-03
1.723697618859860656e-03
1.738810302520279799e-03
1.767422520635046840e-03
1.793939748404895819e-03
1.815677111953488063e-03
1.836999716672559155e-03
1.846771089610863307e-03
1.856394439415987897e-03
1.898849799624809272e-03
1.903468374037673404e-03
1.923695532313332091e-03
1.937973756834464843e-03
1.975355363466711842e-03
1.992642285692716644e-03
1.998083742315973771e-03
2.018293450032005582e-03
2.033482051615126754e-03
2.059135487495932209e-03
2.067543222125678773e-03
2.142323430273299859e-03
2.151614644003144693e-03
2.178439693873123785e-03
2.189880923588212805e-03
2.197889425081469335e-03
2.229032892903296589e-03
2.248612270117049047e-03
2.268402118748007613e-03
2.289670013773251796e-03
2.332901350809447969e-03
2.344965110291316948e-03
2.360392063480021372e-03
2.381458455146290808e-03
2.402250954881512274e-03
2.424318694923426488e-03
2.457647205570051303e-03
2.460713652221492315e-03
2.477935825252709605e-03
2.500915280691958648e-03
2.532985972054637921e-03
2.544745040216385944e-03
2.582526809862183310e-03
2.584432545458673677e-03
2.624055532036327892e-03
2.645804761440195049e-03
2.663223371346039141e-03
2.693989927510396110e-03
2.705860291645759228e-03
2.724444549563786316e-03
2.764341529232290390e-03
2.802170477248449188e-03
2.808011935882401538e-03
2.817999796759759149e-03
2.854660117915665263e-03
2.872083429215321372e-03
2.884941145926546262e-03
2.913292396535639445e-03
2.959106053495135814e-03
2.989088576278344477e-03
2.998400177612428261e-03
3.015546610638584427e-03
3.046855540456507461e-03
3.080784096769552914e-03
3.087105056189574405e-03
3.125816143391330071e-03
3.140770193679056060e-03
3.165581398675150395e-03
3.190558780240627772e-03
3.199353814550746130e-03
3.226150151561325233e-03
3.247599525177224510e-03
3.254459237532173095e-03
3.289985502738802890e-03
3.320184806056163986e-03
3.323863204573626520e-03
3.338604856093065586e-03
3.364324773576259607e-03
3.406123105765758614e-03
3.454859407390755040e-03
3.473926099250923463e-03
3.495624991101765888e-03
3.512048217290952845e-03
3.523012066662521268e-03
3.556258465394752325e-03
3.594456008107465433e-03
3.617016362949058636e-03
3.624031482492012270e-03
3.643225469497377543e-03
3.677769971288332319e-03
3.694994300887463872e-03
3.741181539175948353e-03
3.764434578453719048e-03
3.805521891797279330e-03
3.832046617746171901e-03
3.872638507008776404e-03
3.909488442013689564e-03
3.917777642828073649e-03
3.957794460236006145e-03
3.968346134243012739e-03
3.986228572515690752e-03
3.998811474225302809e-03
4.106488729144188755e-03
4.123700302341140080e-03
4.167513425618303916e-03
4.207037978421888924e-03
4.247740246236498055e-03
4.258619271596015589e-03
4.311888142379233235e-03
4.334038289973734387e-03
4.364955903176249291e-03
4.409313892035017675e-03
4.417755004469210364e-03
4.500885956908735018e-03
4.548265470416609432e-03
4.559642111702991510e-03
4.578850647497416555e-03
4.611199194125207082e-03
4.630919153606652405e-03
4.650595262255651646e-03
4.686425873508439331e-03
4.712441253884844077e-03
4.766836441274132675e-03
4.769358659543267674e-03
4.833731887336369278e-03
4.849089960791568704e-03
4.879568820536447742e-03
4.913290036490752105e-03
4.961011128735020453e-03
4.982158634837499829e-03
5.024362873367979598e-03
5.062274127901447533e-03
5.093922749403902508e-03
5.126519758395147418e-03
5.131783973787360648e-03
5.168341114094262591e-03
5.185025037092432648e-03
5.223383304858037098e-03
5.260652004280615135e-03
5.294524066239475815e-03
5.350108223251082672e-03
5.364919205811448724e-03
5.410431833831818964e-03
5.434751927354447391e-03
5.455043153794826398e-03
5.495535058642231005e-03
5.505597606067712604e-03
5.524430564178130741e-03
5.582206017142812490e-03
5.591132474648725231e-03
5.638384582504857474e-03
5.692684802291830132e-03
5.700204578643001951e-03
5.727138652794709454e-03
5.754479808837323351e-03
5.795760957768725935e-03
5.817799948959097300e-03
5.829049554703863781e-03
5.863301426580952436e-03
5.887046128005096052e-03
5.927460446336253394e-03
5.965882041664876886e-03
6.010782409847430403e-03
6.052876040981368909e-03
6.065830689302568503e-03
6.107815835968173970e-03
6.132022448794112110e-03
6.157995361278970591e-03
6.214423811434972335e-03
6.232801752262853191e-03
6.261977049082527273e-03
6.271215083566297234e-03
6.306380995294971759e-03
6.369066661492886992e-03
6.387960348927830025e-03
6.391788248554074701e-03
6.412441832002240168e-03
6.453993369759603027e-03
6.500446019050941382e-03
6.522419400921583912e-03
6.536716660911255986e-03
6.594931200336467958e-03
6.608486803259705500e-03
6.658488774288191456e-03
6.713570513723858893e-03
6.755634030716552510e-03
6.773199760214757177e-03
6.833382510569971542e-03
6.851496709232373673e-03
6.875237150601490668e-03
6.911675788141692471e-03
6.933578096500035530e-03
6.954768379129769307e-03
7.009725659975208668e-03
7.026987509166737582e-03
7.076528520323806075e-03
7.105139083996014904e-03
7.116479292467016958e-03
7.207965223809837188e-03
7.231603106705798353e-03
7.241030902345482051e-03
7.307707625424110162e-03
7.335896295681748787e-03
7.352126878671830235e-03
7.369364396141589793e-03
7.413968012546585246e-03
7.437200300153102607e-03
7.482758958401072857e-03
7.507027439635689282e-03
7.527620215761438721e-03
7.605803411310845148e-03
7.632074560802037597e-03
7.655632812947066324e-03
7.696534205229637639e-03
7.742383734468939044e-03
7.754706515089975979e-03
7.814287062185877597e-03
7.878342443939149314e-03
7.894212516211786268e-03
7.922244423488520454e-03
7.974422810090536426e-03
8.005903402250815967e-03
8.012964763445517766e-03
8.049752865287055845e-03
8.082676222128036894e-03
8.101779927041807827e-03
8.152204088286265152e-03
8.173517538631557694e-03
8.211404629002884772e-03
8.222070877463476604e-03
8.248151646724341188e-03
8.304658641187042181e-03
8.316923170854429934e-03
8.348043685968095998e-03
8.368850341854906089e-03
8.439109701878767106e-03
8.472656807072901849e-03
8.497475370827539676e-03
8.507586014539013364e-03
8.569478185268163822e-03
8.616012622294395851e-03
8.636656036432698372e-03
8.660508435053393406e-03
8.678789352389455411e-03
8.713742733042892027e-03
8.746127864223350243e-03
8.788143586438429064e-03
8.810156345831715238e-03
8.845331432230001470e-03
8.905369934807016302e-03
8.957430690443598728e-03
8.981010172523694324e-03
9.001890442528521011e-03
9.039085135495700252e-03
9.106570189122907902e-03
9.161060250903633323e-03
9.196447248728648743e-03
9.229823413689825298e-03
9.274457438515073052e-03
9.308233220652479753e-03
9.324152209563269997e-03
9.375879436696921837e-03
9.396881104528598608e-03
9.440758899864428247e-03
9.479324963373881446e-03
9.527987388657082127e-03
9.548073011051936079e-03
9.569875524438638606e-03
9.618614715262022510e-03
9.662389300331008721e-03
9.678346248275088853e-03
9.790647889912740265e-03
9.803976613611846067e-03
9.861702439321346630e-03
9.894550217497660727e-03
9.936500800568877703e-03
9.966096499900194833e-03
1.003972054275433998e-02
1.007143307561054676e-02
1.008874743412887034e-02
1.017253415070081511e-02
1.022618963136005463e-02
1.025091828083737715e-02
1.029176261382150695e-02
1.030293612577505569e-02
1.036576179000478840e-02
1.040991350622966563e-02
1.048458190560328483e-02
1.051901882715863649e-02
1.054596167366326533e-02
1.058595049653184884e-02
1.065335075944311843e-02
1.066411266635790105e-02
1.071789599698766936e-02
1.073418097518606847e-02
1.074519589270372250e-02
1.078288208175508765e-02
1.082044147627779160e-02
1.087601930893273075e-02
1.091120775069945141e-02
1.096423882681474629e-02
1.099267263537057233e-02
1.105214655193637041e-02
1.107169943419721719e-02
1.109976450109683571e-02
1.115542549939031215e-02
1.117422851813003326e-02
1.126125835795560408e-02
1.127118428492347030e-02
1.134714709055545563e-02
1.136935520756772108e-02
1.140431891410189844e-02
1.146530795703862987e-02
1.151794781034090956e-02
1.157034649665993585e-02
1.159248485385359732e-02
1.162059751703507608e-02
1.165946787847498521e-02
1.170282519850016946e-02
1.178254126153398251e-02
1.178529503531715317e-02
1.181138767427067880e-02
1.188285991118343682e-02
1.191943066795819565e-02
1.199692787156680582e-02
1.202958852558642239e-02
1.212316837743795950e-02
1.214655802149054546e-02
1.217368636639660703e-02
1.220145093514347044e-02
1.223940690459457067e-02
1.230360583803081879e-02
1.235919211533914597e-02
1.238699620401464627e-02
1.243100273760751502e-02
1.243755103786406760e-02
1.248253877988473627e-02
1.251279945251463320e-02
1.254511461564397634e-02
1.258255457903108970e-02
1.269400449909253471e-02
1.270624083334012666e-02
1.272194605906093456e-02
1.276968028099780689e-02
1.284109601076958984e-02
1.286231699635575695e-02
1.291522538821208294e-02
1.296767935323985856e-02
1.300346003374868581e-02
1.302085022459425687e-02
1.309779053687551084e-02
1.311732872499464519e-02
1.320452833167571303e-02
1.327565461090474824e-02
1.334100808551588573e-02
1.338123624359143643e-02
1.338587124255407983e-02
1.340571787058703404e-02
1.344595135181522912e-02
1.348024225206896805e-02
1.355595928152340812e-02
1.356812464758251277e-02
1.362716604253216314e-02
1.369361510768911556e-02
1.378850279857791843e-02
1.382399457189378671e-02
1.384981670821845874e-02
1.389679437527823608e-02
1.393280849888465026e-02
1.399677895697722975e-02
1.406597046660946690e-02
1.408976827811764601e-02
1.417292235804698021e-02
1.422508663615641364e-02
1.426230762323201472e-02
1.427758935138855392e-02
1.435211801012552073e-02
1.438255587530323787e-02
1.444567588206388531e-02
1.446368927456678950e-02
1.451057845691233923e-02
1.456100275635613221e-02
1.459777994540910687e-02
1.468469514391953189e-02
1.472208628743677805e-02
1.475484574858048833e-02
1.480606470790922675e-02
1.484024053996878777e-02
1.487610885851431072e-02
1.490658793489711351e-02
1.492609744648842364e-02
1.499747043011667204e-02
1.501363755128870721e-02
1.512101688038968751e-02
1.515142243691870033e-02
1.521618543980669640e-02
1.526259559380156901e-02
1.532951017387313222e-02
1.540360133252732626e-02
1.542174941224133330e-02
1.545554074504584992e-02
1.548400930563624718e-02
1.555226548385689814e-02
1.560592295750759528e-02
1.563736712405047746e-02
1.573309670144970585e-02
1.575007686798130316e-02
1.584093214976023400e-02
1.584796718610683580e-02
1.589042330164092479e-02
1.593721746251243465e-02
1.598459901459367907e-02
1.604756962506232593e-02
1.612241348196729457e-02
1.615333730632045536e-02
1.618184038551773521e-02
1.625397717982205587e-02
1.631858893749327244e-02
1.635679903476189648e-02
1.637849541001827267e-02
1.642118723675562234e-02
1.650644627349071719e-02
1.652392217730625293e-02
1.655834580020616037e-02
1.659623990530970788e-02
1.662855136893076624e-02
1.667505417120396238e-02
1.672316279572347991e-02
1.676300936195328217e-02
1.678664323797178157e-02
1.687744408027491358e-02
1.689192520626617289e-02
1.695616732861920245e-02
1.702483237854969522e-02
1.703277589719695909e-02
1.707625031256050641e-02
1.717412139582523076e-02
1.722241762546360133e-02
1.727125804135404633e-02
1.730701426799421960e-02
1.731527844519168205e-02
1.740355833385797898e-02
1.744341505721706820e-02
1.752356593277542424e-02
1.759443241961143947e-02
1.760420217980930568e-02
1.765662688233855804e-02
1.767253918863663162e-02
1.777737518605039535e-02
1.781345633337812553e-02
1.786740507447454399e-02
1.787925975640777126e-02
1.796592467476095314e-02
1.800932415096529945e-02
1.806191717939007249e-02
1.812061754367417024e-02
1.816766324019295289e-02
1.821161093788599070e-02
1.827433945972634435e-02
1.831369430273148413e-02
1.836981599515906047e-02
1.839723737077920626e-02
1.845651827310124463e-02
1.851797398380599508e-02
1.855268666748091308e-02
1.858982894964194763e-02
1.862108087759249339e-02
1.870360122847661982e-02
1.875128559682145979e-02
1.881065381344809023e-02
1.886479085383499857e-02
1.888626930605632678e-02
1.897224649250239814e-02
1.897346619802783851e-02
1.906654260059733805e-02
1.911365931000911719e-02
1.914696616863225537e-02
1.924660405000901131e-02
1.933827327463523080e-02
1.938995454613244226e-02
1.942924802475283833e-02
1.947465624286004102e-02
1.956685996206161682e-02
1.959116037514748235e-02
1.959180981164518331e-02
1.961814968114930502e-02
1.971497897589733622e-02
1.976146996787287932e-02
1.980442116268197814e-02
1.986213594082463299e-02
1.992806065157881959e-02
1.995874573042161204e-02
2.003812593373407655e-02
2.011062786057379176e-02
2.013683114355342696e-02
2.020154634902665558e-02
2.025290089393941631e-02
2.031378058596760433e-02
2.037252831951295515e-02
2.042258996184003958e-02
2.045280658696536566e-02
2.061930945312948765e-02
2.067070004001891545e-02
2.071709939981892026e-02
2.073903065097823517e-02
2.081024601490936987e-02
2.087054703583272539e-02
2.089800172490464264e-02
2.095928339621629458e-02
2.105965979362308879e-02
2.113121964257142979e-02
2.119757165470165586e-02
2.123694058831345974e-02
2.125498791995284603e-02
2.137733105008012349e-02
2.139155400110389835e-02
2.151030057962879591e-02
2.154421277701766210e-02
2.157212653628637344e-02
2.162875153330625841e-02
2.166006051328054141e-02
2.171749040159465932e-02
2.172533642885763477e-02
2.188789677122361318e-02
2.190944563126367636e-02
2.197749640845570590e-02
2.208628541965276804e-02
2.211191532268446530e-02
2.219326671188813840e-02
2.222305815319390934e-02
2.229345646472159423e-02
2.233096123928671184e-02
2.234888945903499430e-02
2.242616917942666724e-02
2.250322078386412031e-02
2.258247032755326261e-02
2.263517227861769343e-02
2.268253914744022826e-02
2.273500130455353291e-02
2.280406561650346123e-02
2.283444026952230130e-02
2.290822068613709503e-02
2.298126382259385939e-02
2.304973125770530193e-02
2.308351037020139537e-02
2.317698054495313104e-02
2.322467432653866834e-02
2.333327281078612439e-02
2.339529958803020573e-02
2.341170120470510360e-02
2.343731961533025709e-02
2.348915559244638129e-02
2.356718628814108776e-02
2.362938231107536077e-02
2.367077773406020200e-02
2.375322774540222087e-02
2.382317762739068548e-02
2.384619695371732045e-02
2.393069068236161265e-02
2.404719124216412110e-02
2.407541985690062405e-02
2.411014234880966625e-02
2.420688568960062403e-02
2.422754032407389499e-02
2.428731877528675365e-02
2.435491413775420222e-02
2.443771617387462125e-02
2.445870092442193819e-02
2.453798768029117824e-02
2.460224777340612110e-02
2.469308636937081122e-02
2.473420206455162126e-02
2.481872105389679867e-02
2.486858559696015353e-02
2.490059763431045139e-02
2.500077462601929881e-02
2.506422716433358289e-02
2.511840890246121519e-02
2.522714127664698811e-02
2.531334470092822669e-02
2.535886210136971755e-02
2.539989917063349700e-02
2.550853577078975726e-02
2.552278484456813740e-02
2.562374419140826115e-02
2.567465411072954520e-02
2.571799193499253386e-02
2.579037948472837419e-02
2.584834933376611160e-02
2.588809803448146804e-02
2.593838154783430563e-02
2.600714387822719229e-02
2.610575762279091633e-02
2.618720456474635597e-02
2.628205368018749627e-02
2.631035810150614968e-02
2.636633248909390353e-02
2.644051304374227251e-02
2.648678463651913534e-02
2.656940539631201872e-02
2.661758245535426545e-02
2.668415593213046763e-02
2.673428252870863747e-02
2.678064711753821298e-02
2.685072249658899610e-02
2.689668620669481702e-02
2.705796003882381812e-02
2.711801763323163847e-02
2.714199557953367661e-02
2.719661576838611206e-02
2.723369528634769776e-02
2.735553255277741944e-02
2.742347740066296280e-02
2.743140724038389822e-02
2.751800518384417762e-02
2.762346501342241231e-02
2.766466941863185425e-02
2.779772631468697616e-02
2.784349805375405107e-02
2.792274201085966773e-02
2.795868375194092079e-02
2.805388690127484999e-02
2.810342729751697313e-02
2.824414925682862745e-02
2.826171525157129827e-02
2.835222812392710831e-02
2.841480578272550031e-02
2.844043491553472150e-02
2.852144267315508477e-02
2.857341198135154858e-02
2.862529179580586627e-02
2.868418499603198404e-02
2.881148565205562256e-02
2.889360100659602026e-02
2.892842485747596643e-02
2.897931197910967940e-02
2.903323839547305996e-02
2.918321377688220392e-02
2.927108918025716697e-02
2.930957262369845301e-02
2.938951009008035006e-02
2.945950284552432269e-02
2.949083161422695956e-02
2.953367335279998701e-02
2.962477335308768764e-02
2.969890883742589208e-02
2.974358834269186930e-02
2.989263350106943079e-02
2.993322258922521961e-02
3.003900497082685056e-02
3.009343020488182766e-02
3.012535577523507008e-02
3.024586130043778118e-02
3.028683490725011390e-02
3.042286513875218368e-02
3.047064118291105059e-02
3.049398781650568963e-02
3.066172290095923320e-02
3.068943187751130286e-02
3.072557437759438487e-02
3.078739475128004083e-02
3.089452023657794991e-02
3.095308021039559418e-02
3.098199699788830447e-02
3.104892733570425653e-02
3.116312537724457224e-02
3.129036060032526489e-02
3.138766932892043948e-02
3.145175383334538471e-02
3.152314872717427996e-02
3.159098996717791402e-02
3.169202158711946493e-02
3.179752507855126975e-02
3.185044678694270298e-02
3.193994322250957169e-02
3.194750345371389494e-02
3.207330801660977088e-02
3.216536463932843926e-02
3.230421619186123194e-02
3.243594736034119408e-02
3.251795951866107148e-02
3.266502728831911090e-02
3.272558257614256033e-02
3.281598494624458906e-02
3.288918255570282695e-02
3.292157546286089004e-02
3.302645754953347640e-02
3.306584257526165582e-02
3.315773169629779998e-02
3.336643397552251783e-02
3.341101392886980381e-02
3.351043271282706099e-02
3.360337508740453283e-02
3.373174769624190383e-02
3.384186317664836935e-02
3.392387313550176281e-02
3.401102303219073059e-02
3.406169844548952857e-02
3.414723572846881106e-02
3.423605421887596784e-02
3.437395790146803576e-02
3.451852281855963267e-02
3.458835023674775716e-02
3.461105574437416815e-02
3.469398276364620004e-02
3.485700608816103691e-02
3.494110854859430043e-02
3.505226574679563140e-02
3.521867127027741157e-02
3.535571613172246164e-02
3.537402532727766669e-02
3.546068234813368192e-02
3.550631264506619311e-02
3.563707881249475462e-02
3.572497360667714617e-02
3.590349894467240871e-02
3.593191924292755968e-02
3.605640791710196247e-02
3.623971626130683549e-02
3.632728260721750785e-02
3.644665499511020451e-02
3.657282942506161205e-02
3.670363679280402858e-02
3.684485465018759454e-02
3.686262489616484034e-02
3.699395576996777901e-02
3.717671751606047709e-02
3.726462870548713502e-02
3.732342476650996055e-02
3.756496925502619821e-02
3.769224444499919696e-02
3.791754362619027124e-02
3.792849851785188436e-02
3.801342915349763263e-02
3.819010117009834226e-02
3.825309874703695934e-02
3.849879579161870347e-02
3.855107848597431192e-02
3.865917021600258352e-02
3.873730132017881578e-02
3.885385249604596941e-02
3.895089581119531158e-02
3.917343000441108475e-02
3.920819017542299251e-02
3.943495607827934152e-02
3.955504672955612033e-02
3.963978834888753217e-02
3.970412851952125066e-02
3.979338207365979568e-02
4.002887926364458171e-02
4.025495174119157055e-02
4.044786849402801088e-02
4.048813668523936621e-02
4.052636802441397096e-02
4.056839823792651040e-02
4.079744062883620959e-02
4.090238376379794899e-02
4.097250364004494799e-02
4.110294717312986540e-02
4.126510815299277296e-02
4.135616601667150422e-02
4.149633631843988729e-02
4.163047596174968695e-02
4.179561402651696400e-02
4.184358702018314835e-02
4.194000461742234537e-02
4.239542885288068164e-02
4.245549679025960310e-02
4.250096661757322980e-02
4.264237874914651727e-02
4.278076008891935900e-02
4.300360498307250617e-02
4.310143856370183407e-02
4.315233788040169494e-02
4.338126980641360958e-02
4.343727276427169354e-02
4.363865528103944014e-02
4.372531397072087350e-02
4.393022327857849796e-02
4.395845963807426537e-02
4.425645712354495109e-02
4.436823359714804627e-02
4.449421276865492964e-02
4.474807879736988209e-02
4.481125125536427473e-02
4.498293369488604032e-02
4.508473757370281415e-02
4.522216500395523364e-02
4.530617103136575646e-02
4.541305180500358751e-02
4.563089405316676783e-02
4.576000365558662020e-02
4.593806156300194593e-02
4.596934454234637146e-02
4.619470217071033197e-02
4.631166399487903623e-02
4.635253875505886134e-02
4.643372341350848753e-02
4.651172150017284651e-02
4.656608352809827461e-02
4.666129184391182294e-02
4.699434096009023898e-02
4.702629126251180874e-02
4.711102464634777526e-02
4.724888345683037755e-02
4.731109440794406540e-02
4.735662377424709746e-02
4.742619220855064793e-02
4.777301649519665599e-02
4.781643540669557740e-02
4.786655723717374994e-02
4.804512226918193629e-02
4.805311874902748470e-02
4.811732354306404169e-02
4.826458362187005524e-02
4.845949598950562154e-02
4.850874443226884519e-02
4.863234157713612615e-02
4.872055232844845624e-02
4.886980737329948976e-02
4.899574593425803926e-02
4.909722811400750453e-02
4.915228798216721151e-02
4.935896564823319399e-02
4.948623371040178354e-02
4.960457402988136671e-02
4.967644914028937486e-02
4.975257027364397844e-02
4.990507743362302545e-02
5.007114197616262252e-02
5.018379670117723707e-02
5.029883723417602481e-02
5.036205518930703118e-02
5.052162879865077644e-02
5.068592692997355570e-02
5.078586938738497564e-02
5.094466636782073871e-02
5.103502817871902186e-02
5.109954329594710437e-02
5.124020146093846706e-02
5.141180141715700341e-02
5.144731050717873261e-02
5.165848332516092406e-02
5.174550619308398297e-02
5.175310721627932736e-02
5.187181605853174310e-02
5.205975017461478976e-02
5.219968280165519781e-02
5.244843478702490569e-02
5.249055398165690389e-02
5.250541182868938977e-02
5.272086473979898519e-02
5.274899296418210370e-02
5.284036171237211504e-02
5.304345177524952271e-02
5.326571309289002132e-02
5.332874430768038548e-02
5.350644776271325231e-02
5.355706576193875607e-02
5.371716246686375484e-02
5.385635426295909411e-02
5.399107879284764655e-02
5.409812611748585770e-02
5.423558710189254478e-02
5.441855747063316373e-02
5.459450404266873863e-02
5.461912645515510506e-02
5.467424277648332692e-02
5.482879855594231799e-02
5.496843142501733892e-02
5.518449731180625345e-02
5.530559997744559364e-02
5.537872086981922293e-02
5.543758246456367139e-02
5.571325254490965689e-02
5.577588122866569686e-02
5.590246241036173069e-02
5.619501561037994891e-02
5.622686071163069538e-02
5.635073923594029199e-02
5.650940135956459415e-02
5.660320825158272895e-02
5.661680105871370883e-02
5.681190092849973394e-02
5.688132732700256627e-02
5.693353936403557775e-02
5.719249097944846538e-02
5.728107404936867708e-02
5.747666030370781470e-02
5.760879281895386894e-02
5.767404500655606142e-02
5.776206601964670867e-02
5.805451285398915973e-02
5.812571136389919207e-02
5.827682319532209720e-02
5.844624935230013918e-02
5.857834242072134517e-02
5.873923084910440823e-02
5.888838816505342216e-02
5.892890347066959827e-02
5.907352833179001228e-02
5.914957122426713065e-02
5.932286094795140297e-02
5.955931577453750514e-02
5.959467039577084208e-02
5.968707276279055368e-02
5.997842667987796084e-02
6.004918264017312934e-02
6.022322203089155307e-02
6.028199660692556971e-02
6.053138461906085871e-02
6.061763833681486913e-02
6.075890410675918729e-02
6.085199452433105727e-02
6.095591738905361406e-02
6.111871936836900387e-02
6.132872594780765935e-02
6.152420840414146719e-02
6.174765748823170947e-02
6.185249232342733550e-02
6.187613498684498697e-02
6.202792397398547430e-02
6.219543979529029709e-02
6.236619142471479249e-02
6.247286250015138959e-02
6.249903172977086530e-02
6.258666235125241728e-02
6.279696218814118103e-02
6.298846820155545867e-02
6.301850833795810680e-02
6.317389312546592417e-02
6.326427732758010958e-02
6.330353846194104739e-02
6.352799819048278451e-02
6.375943793298760598e-02
6.382199706589014587e-02
6.397861224826206783e-02
6.412401302562495409e-02
6.419220751132798108e-02
6.437305138022614281e-02
6.441500233876418235e-02
6.456251018071501591e-02
6.469467895744032693e-02
6.493812187177842865e-02
6.519619420061914528e-02
6.522636594154404555e-02
6.531387230236364305e-02
6.540655502836995039e-02
6.551558197522634741e-02
6.583468736652715869e-02
6.592270954496774749e-02
6.608875850790715822e-02
6.614472239883989468e-02
6.641825070669976627e-02
6.649142934362486934e-02
6.665765429992721869e-02
6.691454046486665364e-02
6.699811608544023467e-02
6.704666472738310401e-02
6.712511513544211494e-02
6.721436154835422339e-02
6.738316914145821290e-02
6.758005021372248677e-02
6.766764869805536042e-02
6.783877893264297909e-02
6.789130214989168299e-02
6.793487826985092348e-02
6.808584160131039842e-02
6.825454374118461454e-02
6.836187914701861990e-02
6.853368033038141627e-02
6.867767681773323529e-02
6.872721359636993488e-02
6.894170543482613933e-02
6.916516757972511475e-02
6.932646114600393705e-02
6.944446052809627457e-02
6.953505663310781404e-02
6.970069943999639139e-02
6.979771238137567890e-02
6.997428052373759477e-02
7.007848964480857534e-02
7.011214271242120766e-02
7.026541874057448678e-02
7.036775259071163802e-02
7.049214927391134200e-02
7.055043423374138256e-02
7.072235090851192174e-02
7.085836462624259258e-02
7.097610310042248849e-02
7.123157673551210045e-02
7.132094402019784063e-02
7.171366167403057934e-02
7.176696162421010439e-02
7.180969987168445146e-02
7.188473289161716184e-02
7.205977793218994176e-02
7.238647709994994184e-02
7.259017332008366186e-02
7.263644689590963155e-02
7.288456516996627554e-02
7.309799450031088941e-02
7.320932359317099125e-02
7.330024934491552457e-02
7.351695285445987438e-02
7.358666551766557262e-02
7.360925912789006986e-02
7.386174582945911893e-02
7.403861869418083830e-02
7.419580724527938265e-02
7.429682868862033662e-02
7.443220249131959898e-02
7.470738944318265629e-02
7.482132100664230789e-02
7.498548073762707766e-02
7.503514746088754683e-02
7.508683226180494497e-02
7.529383101645810428e-02
7.569089148264528111e-02
7.575162914117078428e-02
7.591367552024581855e-02
7.607656903643328361e-02
7.620628435216858509e-02
7.640753713141450187e-02
7.642848322504054714e-02
7.664919147743516625e-02
7.671554102917434170e-02
7.690698275277198237e-02
7.697840461740589058e-02
7.736518195673031117e-02
7.741533400962535838e-02
7.746641057897961369e-02
7.764588535406037606e-02
7.774918093717779477e-02
7.790092389719911747e-02
7.812802145048274027e-02
7.826252724923271620e-02
7.837101857120057358e-02
7.857970150963913825e-02
7.875374580537918001e-02
7.888895195910819447e-02
7.892747099337060757e-02
7.922992185153508726e-02
7.934948909040069609e-02
7.952613948900909280e-02
7.980745808787466367e-02
7.987635152677055594e-02
8.015014304027172354e-02
8.023544350382841306e-02
8.033364133399066576e-02
8.049598247548184204e-02
8.062210430952139462e-02
8.081467308364835567e-02
8.089836632604499589e-02
8.099160217876855139e-02
8.117414845614322194e-02
8.134085300668156271e-02
8.147760041805091058e-02
8.162714589961317380e-02
8.179231560199623496e-02
8.202171682213503512e-02
8.231037195483484337e-02
8.249971782977991164e-02
8.271564057278915638e-02
8.283384563820883617e-02
8.292777632569606205e-02
8.316358729893036372e-02
8.318733598206340396e-02
8.324656646451157604e-02
8.331725174032854342e-02
8.363500330407459826e-02
8.374524083460332946e-02
8.387385689946584566e-02
8.399445911474992532e-02
8.425961706869224133e-02
8.436410769365408624e-02
8.447349170928664108e-02
8.453128295490440480e-02
8.481350540435877994e-02
8.495294332880393151e-02
8.514615573556730266e-02
8.524497684617952931e-02
8.545469473751750311e-02
8.556181109679872332e-02
8.575964820460878213e-02
8.591355764616351309e-02
8.610427945085100121e-02
8.617503920169959641e-02
8.634453959761775876e-02
8.641549567961756551e-02
8.662165412492166261e-02
8.679890170764183177e-02
8.689996068528854645e-02
8.715142307398471289e-02
8.722259888314037868e-02
8.739073176744067972e-02
8.755065240978804342e-02
8.764824273336466187e-02
8.779075992937603046e-02
8.794008369257659552e-02
8.827955533808143351e-02
8.837458642076907733e-02
8.866100122139326800e-02
8.874601944478568982e-02
8.890189210297264055e-02
8.895010803209010830e-02
8.903079729596882763e-02
8.932500750883461127e-02
8.945915081179076078e-02
8.951603788156346775e-02
8.965516098039220949e-02
8.984260805902005709e-02
8.995707342263194184e-02
9.012032504228759122e-02
9.031349920846573620e-02
9.053205383546372720e-02
9.076106537180926581e-02
9.080173027979855649e-02
9.098120394033373803e-02
9.126218880298754554e-02
9.142886665910118782e-02
9.149741251168783118e-02
9.166131798832101440e-02
9.192816701232744969e-02
9.204027013081482467e-02
9.222367613723307656e-02
9.239641192897636579e-02
9.264289658556015827e-02
9.288877917992223454e-02
9.319760196275868325e-02
9.331644768424335323e-02
9.339885499697095361e-02
9.360244873908707408e-02
9.386263504744048192e-02
9.391803697990389055e-02
9.424842148423907828e-02
9.443703946033843444e-02
9.463212062560623361e-02
9.470213019242544605e-02
9.476851084627650745e-02
9.506909140238667399e-02
9.535599413943371405e-02
9.559042246775426022e-02
9.566200520616278957e-02
9.576152497243817230e-02
9.599197601909935373e-02
9.618227706688943501e-02
9.636441777384906204e-02
9.645850102315804697e-02
9.660898862396286035e-02
9.665783353754978102e-02
9.677241333171922311e-02
9.693589340021624423e-02
9.707701745199884269e-02
9.731704165110295623e-02
9.753934422273786986e-02
9.787241833649951150e-02
9.795490390282222959e-02
9.819666664087781105e-02
9.830510523335206363e-02
9.839146582937428887e-02
9.862099216312752992e-02
9.873118491542494379e-02
9.899894842293610608e-02
9.910337122734166893e-02
9.924051467013594863e-02
9.953476943602229676e-02
9.963218853187354174e-02
9.985838780374205192e-02
9.992323680574714817e-02
1.001087370579424596e-01
1.003496950554139261e-01
1.005361263662618992e-01
1.006671898622587824e-01
1.008250359676031160e-01
1.008743503671676311e-01
1.011287114171643131e-01
1.013237203793094093e-01
1.014551036071850987e-01
1.016214976187735791e-01
1.019018309196932370e-01
1.021403274349985540e-01
1.022225211331092704e-01
1.024830632433897104e-01
1.025281279642410864e-01
1.026848246882340332e-01
1.031354336129900184e-01
1.031951786085198303e-01
1.034582120248311865e-01
1.034852803917323955e-01
1.037179236397916260e-01
1.039075922089188614e-01
1.040360620804931940e-01
1.044394407530002955e-01
1.045527852811001246e-01
1.047725626254840114e-01
1.048819876569656168e-01
1.052011540206764240e-01
1.054461425955826454e-01
1.054726426009024443e-01
1.056507114057799873e-01
1.060492742037613401e-01
1.062718007233006690e-01
1.064080145253891441e-01
1.065687616569923890e-01
1.066368015175030298e-01
1.069245798631114214e-01
1.069942614417750404e-01
1.071562428959477870e-01
1.074512311602411618e-01
1.076307734224336010e-01
1.077366834374918342e-01
1.078086836824517503e-01
1.080422557306851133e-01
1.082085378428827849e-01
1.084274318842626955e-01
1.085494564929924688e-01
1.085708558088757936e-01
1.090559394706296925e-01
1.091099310260283117e-01
1.092933329628384825e-01
1.093572660068236890e-01
1.096601690357297681e-01
1.098213117548250406e-01
1.098871607568527864e-01
1.101404171606043814e-01
1.101763592528246516e-01
1.105555805246974249e-01
1.108590483417697808e-01
1.111668165000549435e-01
1.113489207918367668e-01
1.114392466350642152e-01
1.118892785806633872e-01
1.120657306837357509e-01
1.121469464368979735e-01
1.123477036639362048e-01
1.127929530744664205e-01
1.128558835869632598e-01
1.130795911353440902e-01
1.132953236240061556e-01
1.134672688500133059e-01
1.137491925426213774e-01
1.138609046046612228e-01
1.139470648148910997e-01
1.142905903052577193e-01
1.144466536538495532e-01
1.148675219006815157e-01
1.151701888124043865e-01
1.152071899568005015e-01
1.153435903406034441e-01
1.155746042004094781e-01
1.156834420891734994e-01
1.158704847321545967e-01
1.159776660742023735e-01
1.161171673004927213e-01
1.164503981406680849e-01
1.168251196713508133e-01
1.168539054687555978e-01
1.173107387831151677e-01
1.174873761402310673e-01
1.176586926683912265e-01
1.179423534821703728e-01
1.180835226676668903e-01
1.181889972867978394e-01
1.182822335217634663e-01
1.184797121465279435e-01
1.185347477147624673e-01
1.187107821467584534e-01
1.190810401375167055e-01
1.192737804200624807e-01
1.196061308284291635e-01
1.198656902233624644e-01
1.200167922750590282e-01
1.204234130191327024e-01
1.206227226827438215e-01
1.206898824968927614e-01
1.211651901277217974e-01
1.212342675939312997e-01
1.213579837424712260e-01
1.214120392908964036e-01
1.216567298843808931e-01
1.217563245131030314e-01
1.218216959908639402e-01
1.221360597134526077e-01
1.224464998395931314e-01
1.227810921424377227e-01
1.228036636266728182e-01
1.230871601686168854e-01
1.231421371120118707e-01
1.233194161044068454e-01
1.237171290487307507e-01
1.238291412740418068e-01
1.240270017400987718e-01
1.243513267893330831e-01
1.244640914922071351e-01
1.246195399412023119e-01
1.250625825840059879e-01
1.252227530751871543e-01
1.254681511679796302e-01
1.256420964435447096e-01
1.256794365490766785e-01
1.258090616059903410e-01
1.261456934689105525e-01
1.262559823481591847e-01
1.266381223530600175e-01
1.268317757386231426e-01
1.269724993577028838e-01
1.270879244594493307e-01
1.273471523155328688e-01
1.275132487631339684e-01
1.276760452145633551e-01
1.280064021384975381e-01
1.281898852972099268e-01
1.282571065740930605e-01
1.286384410892200403e-01
1.288128734431351063e-01
1.291711181903591743e-01
1.293460209350338896e-01
1.295218204035210874e-01
1.296186983626279599e-01
1.297874264994303972e-01
1.299375594808984402e-01
1.300950769624062697e-01
1.303989924660723665e-01
1.305612782946648509e-01
1.308128100425233475e-01
1.309717366079331258e-01
1.310422055759893900e-01
1.312556291592452962e-01
1.314006253517825684e-01
1.314580508979619755e-01
1.318021318262053154e-01
1.318735697679546404e-01
1.324061505802098249e-01
1.326613251634896629e-01
1.327798472184880951e-01
1.328425953339021914e-01
1.331880864341962178e-01
1.335038370852692780e-01
1.336509242663486696e-01
1.337080122052380915e-01
1.340545679430691084e-01
1.342061480149782937e-01
1.343395751003674532e-01
1.343893633595873160e-01
1.346677071352872790e-01
1.347675347228128873e-01
1.349638608780804605e-01
1.351268242240682149e-01
1.355511582286166583e-01
1.357492450618200674e-01
1.359224161769133910e-01
1.360023523676013868e-01
1.363397105330795001e-01
1.364947592109170549e-01
1.365714617757177451e-01
1.367050042407430832e-01
1.370023504496129252e-01
1.373100711748196645e-01
1.375649445025055595e-01
1.376829468702333026e-01
1.378144425767054704e-01
1.379329598084132191e-01
1.382278272203583680e-01
1.384552220059271366e-01
1.385399664328864910e-01
1.388409333794983491e-01
1.389654665628352326e-01
1.390748835813090389e-01
1.393927754711003497e-01
1.395669287535703518e-01
1.397853550445802284e-01
1.400382503935269363e-01
1.404408528420193480e-01
1.406219265961920761e-01
1.408424967807691830e-01
1.409556848675688201e-01
1.410765073096167110e-01
1.412357090326827880e-01
1.413855427366536854e-01
1.415760761016159330e-01
1.418690990386353157e-01
1.420610534281394888e-01
1.421946294612358719e-01
1.422675234935953936e-01
1.424845466797319826e-01
1.425406104100753746e-01
1.427190858421528985e-01
1.429648433772578442e-01
1.431671210743041545e-01
1.433545154720686221e-01
1.434998977551388277e-01
1.437020155686059009e-01
1.438652348584442131e-01
1.441774502165413807e-01
1.444663601557527877e-01
1.446974069790418760e-01
1.448809652813527749e-01
1.449859137646340168e-01
1.451384812055895590e-01
1.454117761647595597e-01
1.456017647644285706e-01
1.457790553474560546e-01
1.461063093850763495e-01
1.462035457400025773e-01
1.463497308721085632e-01
1.464817636627035735e-01
1.468181175244515912e-01
1.470220781103820651e-01
1.471366334038258783e-01
1.475789283111714478e-01
1.477786939028883362e-01
1.479081435798436928e-01
1.480111368683234285e-01
1.480728492416426012e-01
1.484262805134160534e-01
1.485737488472934908e-01
1.486832519937319463e-01
1.489372714302723277e-01
1.492114015600611576e-01
1.493730469824295359e-01
1.494044568809649309e-01
1.495658632276546940e-01
1.498572948178231168e-01
1.499427535497415143e-01
1.502892758764181602e-01
1.504726541205262946e-01
1.506643657764239475e-01
1.508605603004117557e-01
1.509624308618245092e-01
1.511202995280632733e-01
1.512377560504980512e-01
1.515152244579990870e-01
1.516266350577303856e-01
1.518595312795842922e-01
1.521255731480794238e-01
1.522315042517543016e-01
1.524315155227748408e-01
1.525659787022958236e-01
1.527950043460994112e-01
1.529968217267203556e-01
1.531039721042057600e-01
1.535200481596392108e-01
1.537436469338653300e-01
1.540020690560591765e-01
1.541636745098792782e-01
1.543646110721846321e-01
1.546032832449679151e-01
1.548226890851781001e-01
1.550031960489942628e-01
1.551945275659729617e-01
1.552938745735020498e-01
1.553719653781140408e-01
1.556692937970471924e-01
1.558339479337013944e-01
1.559155216776582642e-01
1.562337968640289121e-01
1.564553763013987187e-01
1.565580461416423430e-01
1.566120801199215318e-01
1.568815907653240971e-01
1.569372103580614353e-01
1.572092001456301680e-01
1.574392177062963194e-01
1.576720843006325645e-01
1.580044952813677295e-01
1.581489806237491580e-01
1.582992485337663680e-01
1.585991690022333644e-01
1.588359003473128195e-01
1.588556469585513387e-01
1.589753699839090983e-01
1.590637378748416819e-01
1.593688674286355966e-01
1.594729299337575568e-01
1.596155723060944387e-01
1.597946252266838618e-01
1.600620593013092063e-01
1.603237662988038492e-01
1.605528667533977771e-01
1.606553896106874824e-01
1.607687601849847048e-01
1.611319990073947772e-01
1.613014220927956321e-01
1.614875627399223468e-01
1.615620280731074054e-01
1.616854248704432673e-01
1.618113449471039467e-01
1.619392063794617420e-01
1.622870408452556645e-01
1.625524317456341905e-01
1.625913387500526885e-01
1.626736109929556584e-01
1.627149374958206107e-01
1.629167029831200819e-01
1.631609142030245596e-01
1.632416092121960483e-01
1.634151796288265401e-01
1.634755948824818117e-01
1.639826448276155701e-01
1.641432318759751263e-01
1.642747050911491646e-01
1.644774146167980178e-01
1.647673535921742594e-01
1.648544175926398014e-01
1.649197755433146617e-01
1.651013352690902103e-01
1.653199872991829855e-01
1.654024837570335360e-01
1.657149211978524994e-01
1.659864338560161356e-01
1.661140053596883437e-01
1.662016392579281354e-01
1.666205961828950421e-01
1.668130475997389728e-01
1.669845465094771109e-01
1.671549016139510790e-01
1.673393300494445679e-01
1.675437422153706613e-01
1.678298300420749956e-01
1.679243177420779165e-01
1.679715770240405581e-01
1.681967226783831204e-01
1.684568364903704929e-01
1.685850704191360905e-01
1.686703625905697501e-01
1.689605316943137425e-01
1.692483385728789091e-01
1.694386440854790399e-01
1.696285765357814779e-01
1.697858821902296922e-01
1.698153050098789862e-01
1.700261335845468236e-01
1.703603008315893452e-01
1.706610221225154378e-01
1.707343639054091367e-01
1.709439698585723533e-01
1.712123914902405619e-01
1.714796499087183623e-01
1.716277718335892377e-01
1.716624528817113637e-01
1.719840567560333988e-01
1.722433276235820765e-01
1.723588783102014410e-01
1.726335742019638464e-01
1.727346518985731216e-01
1.729608163094612794e-01
1.730586473188522323e-01
1.733403493042013077e-01
1.735082023593995937e-01
1.736717256224451500e-01
1.737763390902933025e-01
1.738601621216111781e-01
1.741964849548777450e-01
1.742667607241039640e-01
1.745491263687676264e-01
1.747837332304823799e-01
1.748739976117883732e-01
1.751178297696190655e-01
1.753478455624445931e-01
1.753927947100691331e-01
1.755760520300400918e-01
1.757152812302780753e-01
1.758258399249054693e-01
1.759067160529343143e-01
1.763305444251636600e-01
1.765475462987784738e-01
1.767641220926126355e-01
1.768285188986853107e-01
1.769240176064798553e-01
1.774091332786939534e-01
1.775824170438642657e-01
1.779680953608657745e-01
1.781498450234217379e-01
1.782926843386692384e-01
1.783856642469257292e-01
1.785194071449976716e-01
1.786779369257701366e-01
1.789400546369384337e-01
1.791524153479606696e-01
1.792067409502596798e-01
1.793919416562848312e-01
1.797282756300658257e-01
1.799092454884075598e-01
1.800885778016012850e-01
1.801827395588322112e-01
1.803897438143708121e-01
1.807204733930523610e-01
1.807282434461597864e-01
1.810672997818549290e-01
1.812154129408402314e-01
1.814199473722326317e-01
1.815864933103814027e-01
1.817281879395908628e-01
1.818871970637565560e-01
1.819571036319048707e-01
1.820949920012952528e-01
1.822205863130998693e-01
1.825780849195043076e-01
1.828695882761458835e-01
1.830509716772522055e-01
1.831942233466194725e-01
1.834227696253884488e-01
1.835691809617112369e-01
1.837904011077373667e-01
1.839668189622697958e-01
1.841941538696642011e-01
1.843736693057655696e-01
1.846221231396354412e-01
1.847295486596704228e-01
1.848212043948695149e-01
1.849410601165090706e-01
1.852637902030925821e-01
1.854166406400076794e-01
1.857251178293434224e-01
1.858551372906112886e-01
1.860188174602886158e-01
1.863711078969036983e-01
1.865921689962306840e-01
1.868016564210400465e-01
1.868881039830354585e-01
1.869226562981388118e-01
1.873409304276011100e-01
1.874927386546497987e-01
1.876771538040301890e-01
1.878408937006891821e-01
1.881625871828858376e-01
1.882675854862723708e-01
1.885885781394976701e-01
1.887323697250655463e-01
1.889709795631488165e-01
1.890974789721942551e-01
1.893222118526586284e-01
1.893877492938430551e-01
1.896507520290034166e-01
1.899443867194892388e-01
1.900305027327534313e-01
1.902475227298935923e-01
1.904535817838999001e-01
1.905668699240340991e-01
1.907102890829330266e-01
1.909992075701016367e-01
1.910168062949802736e-01
1.911800868640240736e-01
1.913388944277333303e-01
1.917490283625445657e-01
1.920431591567618168e-01
1.922047684284172719e-01
1.923143432697917432e-01
1.925017941687080791e-01
1.925503606398928647e-01
1.928569892104457506e-01
1.929084532681754338e-01
1.931539469786470453e-01
1.933126282078840574e-01
1.933572014743348000e-01
1.934786318471259647e-01
1.937700325033143989e-01
1.942697598717693375e-01
1.943940643975498872e-01
1.944826050638445436e-01
1.947880472947913777e-01
1.949302464583846373e-01
1.951854198106763860e-01
1.952737653011704932e-01
1.955476860000619765e-01
1.957245410870085967e-01
1.959009165328198798e-01
1.959879212999233733e-01
1.962857037258313453e-01
1.965069332568081528e-01
1.966789081623378510e-01
1.968544818951123154e-01
1.970567221468087771e-01
1.972448513618485222e-01
1.973966508992700541e-01
1.976707230435275076e-01
1.979274371114036757e-01
1.982851230690765854e-01
1.983662891539877959e-01
1.985221463595305824e-01
1.986414510551716972e-01
1.987631841710910952e-01
1.990876696517714373e-01
1.993339817120018398e-01
1.995197734595656469e-01
1.996589618022102386e-01
1.998471405910895449e-01
2.001758988014631924e-01
2.003102015506867672e-01
2.005135378012960490e-01
2.006403845279708109e-01
2.009060818737922471e-01
2.011046030164029275e-01
2.012560021379767305e-01
2.012900623397992361e-01
2.015820682408271391e-01
2.018131727105816065e-01
2.020816726266490837e-01
2.022408768813179769e-01
2.022671886913312289e-01
2.026338687671307148e-01
2.029633446926048246e-01
2.032261556258867785e-01
2.033147723908824700e-01
2.034957631966982095e-01
2.038700955063459108e-01
2.041169204505644819e-01
2.041529460459781953e-01
2.045526939950057521e-01
2.045660575039616180e-01
2.046724870653208184e-01
2.051176939234243823e-01
2.052136202018305933e-01
2.055008741580133802e-01
2.058083979486100556e-01
2.058243137105457143e-01
2.060262394220535864e-01
2.062747808238712954e-01
2.064658349429087381e-01
2.065781978154005993e-01
2.067944070216349295e-01
2.069861833675134544e-01
2.073618738869561218e-01
2.075830823607934805e-01
2.077473946025586160e-01
2.079093943496303776e-01
2.080891935274389870e-01
2.084130951599631743e-01
2.085307227256869012e-01
2.085648922140284078e-01
2.089804975978454549e-01
2.092769715539132547e-01
2.094021893762498532e-01
2.094827283843838373e-01
2.098137261836090228e-01
2.100291991103966638e-01
2.101749817540702059e-01
2.102468281484634605e-01
2.106535870205365757e-01
2.108562361695628939e-01
2.111633682621128771e-01
2.112643101975188176e-01
2.115449832794452922e-01
2.116748862852217139e-01
2.117860996705078491e-01
2.118313161940984513e-01
2.122742116368891707e-01
2.124470874726561986e-01
2.126289972221537816e-01
2.129929166244054761e-01
2.130581076701302534e-01
2.133741145985215415e-01
2.136175618546390098e-01
2.136601914388631396e-01
2.140712869822739284e-01
2.141428187483745416e-01
2.142575587600101528e-01
2.145872006869686821e-01
2.147274677122185116e-01
2.148118116736342786e-01
2.149437432144023219e-01
2.151640668142077162e-01
2.155860050965530683e-01
2.159134858408967017e-01
2.160405788443965636e-01
2.161600669320824508e-01
2.164222272807484193e-01
2.164962097156921117e-01
2.166486547717661193e-01
2.169758934530171546e-01
2.171382616222346795e-01
2.173915274225124428e-01
2.174341270346142052e-01
2.178732604337655920e-01
2.181038072276480222e-01
2.182522559956321384e-01
2.184097122189328777e-01
2.188838838095649719e-01
2.191971119356073416e-01
2.193910063110910968e-01
2.194698686434360113e-01
2.195353242284387996e-01
2.197092058586320729e-01
2.201343628012520925e-01
2.203449718229313070e-01
2.206954081326582273e-01
2.207987878483636257e-01
2.211190984170109119e-01
2.214263945176394854e-01
2.215536829078598169e-01
2.219106240670949692e-01
2.221683442294226929e-01
2.222249176928086378e-01
2.223002825277762273e-01
2.225908563619527214e-01
2.227477218439372630e-01
2.229858043686864522e-01
2.231250155407564217e-01
2.232059861338149820e-01
2.234061531633041442e-01
2.235879777132729340e-01
2.238755922841281776e-01
2.242713035452343351e-01
2.243702877877060686e-01
2.245891449420706343e-01
2.249111041593889471e-01
2.250842077858319357e-01
2.255432089087833769e-01
2.255663887030247561e-01
2.257218922604627420e-01
2.261132930340898073e-01
2.263885005984121734e-01
2.267266629921929066e-01
2.268594035005238041e-01
2.271064481991063311e-01
2.272749249273385286e-01
2.276161899864922178e-01
2.279751098693511002e-01
2.281080199015944332e-01
2.283558819592370615e-01
2.284127169382104416e-01
2.286012993355687750e-01
2.289633269878303956e-01
2.291846302809552594e-01
2.295103512285031344e-01
2.297951776965574122e-01
2.299803385438962955e-01
2.300330347712174206e-01
2.303445348402379800e-01
2.306960460086537879e-01
2.308954827127618625e-01
2.311373014592479347e-01
2.311977830581240512e-01
2.313438979573725074e-01
2.316120846728116356e-01
2.320140938544111298e-01
2.322866095821407573e-01
2.324333949521740494e-01
2.326348820657150318e-01
2.328245466767300542e-01
2.331104006804039508e-01
2.333102187414939632e-01
2.338001518762466979e-01
2.339648433271407368e-01
2.340043490636448953e-01
2.341492683609545378e-01
2.343772013493998496e-01
2.346503572650686931e-01
2.349261155979587568e-01
2.350586884071059479e-01
2.351599145206965391e-01
2.356592079478175561e-01
2.358640105423457645e-01
2.361583546227747632e-01
2.362806894164220239e-01
2.364836619878888657e-01
2.366611638302230647e-01
2.369274185411454348e-01
2.370573137711692313e-01
2.373240674755280055e-01
2.375932770067674671e-01
2.378724837347666599e-01
2.379170644432239135e-01
2.382325886085786548e-01
2.385697257996688136e-01
2.386798002145323616e-01
2.389081404343676440e-01
2.389621137811341611e-01
2.392247648440949392e-01
2.394951733596987764e-01
2.396923672982862463e-01
2.399733765121513096e-01
2.400656581252060828e-01
2.403071985896248208e-01
2.406898726689895018e-01
2.407207845169955507e-01
2.409503534309006267e-01
2.411945307836992902e-01
2.415373175088633972e-01
2.417320956846747415e-01
2.419064728826451627e-01
2.422599950504991939e-01
2.424205359979010044e-01
2.424912642219137493e-01
2.429950483135030204e-01
2.430568968964605114e-01
2.431523569805247864e-01
2.434775164951071824e-01
2.439051294335206899e-01
2.443667432691807029e-01
2.445215977745085201e-01
2.447251712386818434e-01
2.448495170347925465e-01
2.450439128516617993e-01
2.451757094546078708e-01
2.453136697968977820e-01
2.455912106360848002e-01
2.458644832988503837e-01
2.460189995003524699e-01
2.464632973163553564e-01
2.467731725993112246e-01
2.469400694160766019e-01
2.473819145963145616e-01
2.475941207858916304e-01
2.478523834677728299e-01
2.480197906590645152e-01
2.482356246879208472e-01
2.482884210149581272e-01
2.485780754024463635e-01
2.488619344555136059e-01
2.491612350740654291e-01
2.494336327945992637e-01
2.497842763752103068e-01
2.499683867975021345e-01
2.500615033676237275e-01
2.502041375604096562e-01
2.503408036903050915e-01
2.508815579256137851e-01
2.511461903057568557e-01
2.512228058315604806e-01
2.515788123911186225e-01
2.520250465994812727e-01
2.521614313719109379e-01
2.522378919952654175e-01
2.526667461607116638e-01
2.528125998235042360e-01
2.530359318522852896e-01
2.531543447604410191e-01
2.534387357468375623e-01
2.536397628533528237e-01
2.540632474510583494e-01
2.541583198523161280e-01
2.543335237682367023e-01
2.544773181070933976e-01
2.547282072266136010e-01
2.550799433968859442e-01
2.552183778907950451e-01
2.553593584930983207e-01
2.556452525306717183e-01
2.557281613618461735e-01
2.560897271034195399e-01
2.564430129511209300e-01
2.568281708383971518e-01
2.570041941718579359e-01
2.572969258930895564e-01
2.574322488817373245e-01
2.575736197500853586e-01
2.577305807543873173e-01
2.583630917363266000e-01
2.583865825065664867e-01
2.585609551967144037e-01
2.589673066373905930e-01
2.590439557989548391e-01
2.593032208684026840e-01
2.594887483068994416e-01
2.597928081057815364e-01
2.598694078190112999e-01
2.603219287505968427e-01
2.605347414086516267e-01
2.605704902297369951e-01
2.609182809108945844e-01
2.611616381327901415e-01
2.613130606953404378e-01
2.614547028347297131e-01
2.618236501233686675e-01
2.623633460509111615e-01
2.624888456456679342e-01
2.626649148600829209e-01
2.629971470587453841e-01
2.631663144983035219e-01
2.633735551646285700e-01
2.635711812127589093e-01
2.636836979252691338e-01
2.639869458481347020e-01
2.641105032947014819e-01
2.644773812375179611e-01
2.648701793419033779e-01
2.650006125705360871e-01
2.651447444527907926e-01
2.654349599862766973e-01
2.658694904399925840e-01
2.661005507574968898e-01
2.663827343613350274e-01
2.666249287232495546e-01
2.669063157025485244e-01
2.671008081756781061e-01
2.672952771840543251e-01
2.675735203984633270e-01
2.676496764849159993e-01
2.677458885070933547e-01
2.680240149380767600e-01
2.683869653083808537e-01
2.686854561993817225e-01
2.693276801385928731e-01
2.693497900022698288e-01
2.696208836890375271e-01
2.698745766676122759e-01
2.700462035325573718e-01
2.702194463162611582e-01
2.703927325791060654e-01
2.707201981431991977e-01
2.708293957643459482e-01
2.709745229836439950e-01
2.711370397136084187e-01
2.716671916837322676e-01
2.717944839318812145e-01
2.720716423822352459e-01
2.721946028534617534e-01
2.725694919536784111e-01
2.726256658774639519e-01
2.730831238802917116e-01
2.731842032468679293e-01
2.733911782406203139e-01
2.736496489106827190e-01
2.738125357587442577e-01
2.743339540321373948e-01
2.743786350322541256e-01
2.746153443435516150e-01
2.748765901065177708e-01
2.750538478593533287e-01
2.751734711791112842e-01
2.756441107015059622e-01
2.761652233472157714e-01
2.761935665056147182e-01
2.765396650750264196e-01
2.767727429399798877e-01
2.769568298344242119e-01
2.771464497126404081e-01
2.774801481080618748e-01
2.776520840664112866e-01
2.779005297606717551e-01
2.785129792261166748e-01
2.788617208520834945e-01
2.789214352414326470e-01
2.792294630633250785e-01
2.793370133555993506e-01
2.794077751678163413e-01
2.797874692000348884e-01
2.801574766563149077e-01
2.803088435982291626e-01
2.805602076844290194e-01
2.807131488167655120e-01
2.811024860230987299e-01
2.813097068612564478e-01
2.814978271422692857e-01
2.818608251635535966e-01
2.820384521368428099e-01
2.823940786733322716e-01
2.825609601307308982e-01
2.827250427137654731e-01
2.830865567591820953e-01
2.832009429650961252e-01
2.834212041605590482e-01
2.839133455226756642e-01
2.839647517944523525e-01
2.840818366682781870e-01
2.843367818716932560e-01
2.846527499593132782e-01
2.849074856151306290e-01
2.850833057074679266e-01
2.855876195818224939e-01
2.856581596882682428e-01
2.859251455328187252e-01
2.860788548097069062e-01
2.866422699503914928e-01
2.867439595705904010e-01
2.871946664256724846e-01
2.872249344731378495e-01
2.875657918401509638e-01
2.877235721810801339e-01
2.882116462425346470e-01
2.882875063744710920e-01
2.884508221439204267e-01
2.888767710344433692e-01
2.890160851509857576e-01
2.891098835102030029e-01
2.895282047084284383e-01
2.896380553551071713e-01
2.899784819781115464e-01
2.903091544789710987e-01
2.903857342392085483e-01
2.907877291301492195e-01
2.912523385086137062e-01
2.915244955459018183e-01
2.915685028146354218e-01
2.917355016340666407e-01
2.920828033718946282e-01
2.922781775097471058e-01
2.924500545030154219e-01
2.927943188619258619e-01
2.932036380694408306e-01
2.932256954391260217e-01
2.933936015647323203e-01
2.938155812175324288e-01
2.939322880184056519e-01
2.943006025962234817e-01
2.946217426660548977e-01
2.947784865255230757e-01
2.949274997161177581e-01
2.952107883887016282e-01
2.955641608995359659e-01
2.956145426380800134e-01
2.960138089561489827e-01
2.962184864372945370e-01
2.964580430761986629e-01
2.968305466274374638e-01
2.969206305616841624e-01
2.973449717217950261e-01
2.976773562881556145e-01
2.978740405227128241e-01
2.982302468348567159e-01
2.984008974497828759e-01
2.987001708186716176e-01
2.991748015635992131e-01
2.993440710569821861e-01
2.994525586439577003e-01
2.998374302870691066e-01
3.002406454780144340e-01
3.006059754132139328e-01
3.007499835154646695e-01
3.007945986824073215e-01
3.011231114520256380e-01
3.013737780073523220e-01
3.016941396785403073e-01
3.018978635915956499e-01
3.020608024277859904e-01
3.023836456460251010e-01
3.026791552996985768e-01
3.030378848137867953e-01
3.031640857704044345e-01
3.033930068635836141e-01
3.040904175295025547e-01
3.041919555675238751e-01
3.042956284248040100e-01
3.048779244581669712e-01
3.049622561450200386e-01
3.050504753996405305e-01
3.052259940779152303e-01
3.058172873552237880e-01
3.060690577718140348e-01
3.062808349157416510e-01
3.063909029976155107e-01
3.064914866737042942e-01
3.068161273993089688e-01
3.074132100552137703e-01
3.075385459920573772e-01
3.078632738866777241e-01
3.079245065440116558e-01
3.081522593132438592e-01
3.084800225135469476e-01
3.085957410742161677e-01
3.089317698134527168e-01
3.093519696212175818e-01
3.094979042682898251e-01
3.097857044463805387e-01
3.103709214582801579e-01
3.105217463056998972e-01
3.105955601795507004e-01
3.107494140479360456e-01
3.110326703156324202e-01
3.116011103725013776e-01
3.117096433565591518e-01
3.119195976055894048e-01
3.119627804809148586e-01
3.126411343030348622e-01
3.128672245083921610e-01
3.131017477804730054e-01
3.133234476742147723e-01
3.133492797494644155e-01
3.138178914192294999e-01
3.140157785936049661e-01
3.141185119199393361e-01
3.144792742382805928e-01
3.149495090673822828e-01
3.153551206782925220e-01
3.156467982045274012e-01
3.158669474834410740e-01
3.161865248058250422e-01
3.163508596797748873e-01
3.166099887092733156e-01
3.167883813987493746e-01
3.171065693369539695e-01
3.173300324398294903e-01
3.176706792636625476e-01
3.179391945832049093e-01
3.179824772385194676e-01
3.184748850310597512e-01
3.186842073629659322e-01
3.188668675095339133e-01
3.190559720985610692e-01
3.195299920668622229e-01
3.197399805252078009e-01
3.200083338498372343e-01
3.201019426577588201e-01
3.204405305964760364e-01
3.204612329030679940e-01
3.210233971068082170e-01
3.214222814188874566e-01
3.215412350743782066e-01
3.217628361462118169e-01
3.220936983861490410e-01
3.222555952126739953e-01
3.224944810224175118e-01
3.229264808620416760e-01
3.232220057537304458e-01
3.234948085631518255e-01
3.237508145863352005e-01
3.239600949931860652e-01
3.242007700599349729e-01
3.243601007650254164e-01
3.246663894444619669e-01
3.248591311907786938e-01
3.253673499244460476e-01
3.256021118555917915e-01
3.257757750635516536e-01
3.259814573696689921e-01
3.264041297906577488e-01
3.269344406357462818e-01
3.270844121709256536e-01
3.271175771212253003e-01
3.273859529326925699e-01
3.280829089104188023e-01
3.283705794470108685e-01
3.284071541006773898e-01
3.289181115973089375e-01
3.290812332544811869e-01
3.293599143210830249e-01
3.297238609336700099e-01
3.298310927474317200e-01
3.299907183083193307e-01
3.305099813495583905e-01
3.311738370487802841e-01
3.315429103898862584e-01
3.316546588524226236e-01
3.318124950880551038e-01
3.320945118358540893e-01
3.322900769088709683e-01
3.324951332731555520e-01
3.330276787624338319e-01
3.332959373423978189e-01
3.336808147219690879e-01
3.337984937323309476e-01
3.338661650827408622e-01
3.341999075929140139e-01
3.344756619888964444e-01
3.346978206927454513e-01
3.348164463428191517e-01
3.351990987068563244e-01
3.353972519538829244e-01
3.359877361285910080e-01
3.361408228295124645e-01
3.364519030000041599e-01
3.365838969961411076e-01
3.369477506903912900e-01
3.372088188623465488e-01
3.373033680283826219e-01
3.378297771780713332e-01
3.382630704497308627e-01
3.386372862469460565e-01
3.388272671798285285e-01
3.391928121321262091e-01
3.395151232714971878e-01
3.397754683999006931e-01
3.402518331214552938e-01
3.403925412092690950e-01
3.404900159270683457e-01
3.411009344511884422e-01
3.413140582403812462e-01
3.417231675418597181e-01
3.419349545354300468e-01
3.420581679405486075e-01
3.424884223022440777e-01
3.426248337867470184e-01
3.434892939665429301e-01
3.434954254267760243e-01
3.438050854679085555e-01
3.439951188857907627e-01
3.443843993534954073e-01
3.447338715297246781e-01
3.449857332055131232e-01
3.451012456237313453e-01
3.453548150874929390e-01
3.457991811979316266e-01
3.459550241805476878e-01
3.463443143808934699e-01
3.465138020503608640e-01
3.468674814072156276e-01
3.470493362990416109e-01
3.473666405828255699e-01
3.477625519144385002e-01
3.484149808293507955e-01
3.487268436064295263e-01
3.488326997909336757e-01
3.491249007262619553e-01
3.495577838067509546e-01
3.497513845892456508e-01
3.499124171527427940e-01
3.503405308897586390e-01
3.508078041558938542e-01
3.511110888318643708e-01
3.511654167512343050e-01
3.513705592730456129e-01
3.519216738078130846e-01
3.522718244520416930e-01
3.524120183179937360e-01
3.528435700167116273e-01
3.529704665217992532e-01
3.530981233237982519e-01
3.534892088489504647e-01
3.539426830537107382e-01
3.541624205816764626e-01
3.545214133846670279e-01
3.547842697437292303e-01
3.549864409275037547e-01
3.552971633828494458e-01
3.555745216682891230e-01
3.558563306020034456e-01
3.563464977809702727e-01
3.564974904410965761e-01
3.569359719903603123e-01
3.573894650778327020e-01
3.575553054910888817e-01
3.578492537660302730e-01
3.582931263541055955e-01
3.585826180792658358e-01
3.592369937324302875e-01
3.593178480378116380e-01
3.595503975879958958e-01
3.600219551070514834e-01
3.603510743769912095e-01
3.605212634295500429e-01
3.606032052354620210e-01
3.608377600884357106e-01
3.610551676018923239e-01
3.610935791093470293e-01
3.615562295245160485e-01
3.617706438815024295e-01
3.621557471137740181e-01
3.627444487739144852e-01
3.629152497511545783e-01
3.633182783130205484e-01
3.633859209176766303e-01
3.637794176494653642e-01
3.641318175507651800e-01
3.643282747889678430e-01
3.646521116896451753e-01
3.649646261731719910e-01
3.654532916173771628e-01
3.660805632492867279e-01
3.662067586257090612e-01
3.663486586050537230e-01
3.667626589597741682e-01
3.668832115667228777e-01
3.669533961676206824e-01
3.673479239768415727e-01
3.677085077529470003e-01
3.680277169179708707e-01
3.683311256637183395e-01
3.684313900447677703e-01
3.688528291955177618e-01
3.690479308456564023e-01
3.694234962166509928e-01
3.696940746840383096e-01
3.698768396117528279e-01
3.704691525347238445e-01
3.707692828083302139e-01
3.712246166562454541e-01
3.713871785813431803e-01
3.715864370761325364e-01
3.717607303206721392e-01
3.724637556150707240e-01
3.725947538710637219e-01
3.727972630916663865e-01
3.732419527603452747e-01
3.734391339218001704e-01
3.736018816689094524e-01
3.739240194650341187e-01
3.742975818453238013e-01
3.747573197768568898e-01
3.754752823506868342e-01
3.755940646768069491e-01
3.758492707702223434e-01
3.762606075948380924e-01
3.765582057481110523e-01
3.767544329286895977e-01
3.773057751855989905e-01
3.774965385333444168e-01
3.780295132409593473e-01
3.782626232305358882e-01
3.786108546827134380e-01
3.788920409172149006e-01
3.793082529514573142e-01
3.795626789345967755e-01
3.800057914497925737e-01
3.800910999326566064e-01
3.806115658643682287e-01
3.810319638239721973e-01
3.811668154132892838e-01
3.819359290730323653e-01
3.820300319731717020e-01
3.822213359018041823e-01
3.826840784458605538e-01
3.831000277730517434e-01
3.835249152993418509e-01
3.835850945703218606e-01
3.838995512161856860e-01
3.841810300623337837e-01
3.841924797218398413e-01
3.845199544723253426e-01
3.850738708267122390e-01
3.856568638924431358e-01
3.860282319817344154e-01
3.862540797296513118e-01
3.864144434198265032e-01
3.866790028926775369e-01
3.872291523300677163e-01
3.875778016833611450e-01
3.883742038052955259e-01
3.885341030229963466e-01
3.889502628637303561e-01
3.891600622392147324e-01
3.894917084750817993e-01
3.897314115305368643e-01
3.900805456031712359e-01
3.903100702130173905e-01
3.911211790190235460e-01
3.912294382266670589e-01
3.914300977150102501e-01
3.915103397133637975e-01
3.921540856473648695e-01
3.923784624008110344e-01
3.931903501509491639e-01
3.932680695975165341e-01
3.937109264901165195e-01
3.937700486195649385e-01
3.940699195504730468e-01
3.943773741819288081e-01
3.948867221463531751e-01
3.951123356610418691e-01
3.954115546305012607e-01
3.956642508990376172e-01
3.961686019843727591e-01
3.967384609669670215e-01
3.968797623057509494e-01
3.970204087634369716e-01
3.977617942542406304e-01
3.980144822312401409e-01
3.985391774860177483e-01
3.990277673476111953e-01
3.991993662874868121e-01
3.996101973294284293e-01
4.000613167574426088e-01
4.004286234633107622e-01
4.006946462592498870e-01
4.012604612580805696e-01
4.017050422939521526e-01
4.018089219802869483e-01
4.018876445646164530e-01
4.024521720157777094e-01
4.026779809537694432e-01
4.030561218390642519e-01
4.033996672794155081e-01
4.036597670958228523e-01
4.039036763390853602e-01
4.041025161063397375e-01
4.045394323287882510e-01
4.055581078807908302e-01
4.058443061938270535e-01
4.058869006500922527e-01
4.060834223685867994e-01
4.064724521114923550e-01
4.068097822386533835e-01
4.072364835971092889e-01
4.076833898748280505e-01
4.081864561085052912e-01
4.086987922189084799e-01
4.090125137297959124e-01
4.094145638167867030e-01
4.095294340215584472e-01
4.102230174285532716e-01
4.106471407472493951e-01
4.108423460823989459e-01
4.111499373346444441e-01
4.113584256034591435e-01
4.113903109948947034e-01
4.120720224687010602e-01
4.129870780765058091e-01
4.131677800921493837e-01
4.137557281468808301e-01
4.141632985278876911e-01
4.145680130904719762e-01
4.147901363782959261e-01
4.153865860053225223e-01
4.158932647423805862e-01
4.162186467076921526e-01
4.164479013276268793e-01
4.169732616794628588e-01
4.175703341184740514e-01
4.182889585100943997e-01
4.183825688437181056e-01
4.187907678431377345e-01
4.196158581934563148e-01
4.197264664886307672e-01
4.198761526315507586e-01
4.206342421456809033e-01
4.209361232946171594e-01
4.212082411767367196e-01
4.213504025186821655e-01
4.217456696153107920e-01
4.220743597469522324e-01
4.222360677838629672e-01
4.230255110637258786e-01
4.232092975128468604e-01
4.238794853782713035e-01
4.239621526048045208e-01
4.246596569681501676e-01
4.253888401475153236e-01
4.257867477627823027e-01
4.258819843229660895e-01
4.265497001376333253e-01
4.267948141114638050e-01
4.278391556979633803e-01
4.280866005837036803e-01
4.282344722440029616e-01
4.284882392136087348e-01
4.288927632395328482e-01
4.290612537452924702e-01
4.295787806052659974e-01
4.299336090451774117e-01
4.306322867322376347e-01
4.308542871264045560e-01
4.312214338930844826e-01
4.316460119361745229e-01
4.321865409046780071e-01
4.327403134218668623e-01
4.333882060401880176e-01
4.337362297334020900e-01
4.341598526838303385e-01
4.345030387064278132e-01
4.345895176792102799e-01
4.350343683823514884e-01
4.357645497106286125e-01
4.359339363692941172e-01
4.366216054742617092e-01
4.372440977086413660e-01
4.373817818057930684e-01
4.379258592348470036e-01
4.380415211658441610e-01
4.384038005762150858e-01
4.385453601654088485e-01
4.391477122152687707e-01
4.397953023484751367e-01
4.398701201850986342e-01
4.406255421576337761e-01
4.412023153432038103e-01
4.412990130417915879e-01
4.419422655244741316e-01
4.425519121452710647e-01
4.429096742170169909e-01
4.431208108516287991e-01
4.434399805505401249e-01
4.435551136666550098e-01
4.442683564902482618e-01
4.446706838060914824e-01
4.454760711632543835e-01
4.456169246414959928e-01
4.465723601674683740e-01
4.467946156453317386e-01
4.475273895597506879e-01
4.477662251267853222e-01
4.482576614352517530e-01
4.483742195186719570e-01
4.488883516751900338e-01
4.491700190073679710e-01
4.496645154262278177e-01
4.502366048772389329e-01
4.507254922808322517e-01
4.516209470469215170e-01
4.517725694019102956e-01
4.520352136539203536e-01
4.524183368404672834e-01
4.527053875537364047e-01
4.533428475059541607e-01
4.536625974810325479e-01
4.538854097490270800e-01
4.542963307132586448e-01
4.547981449661137598e-01
4.551616591685005431e-01
4.562884047220021055e-01
4.566547738886659880e-01
4.567833660970085363e-01
4.570443906686993962e-01
4.578581425252004622e-01
4.583352443604680193e-01
4.586902301332666521e-01
4.594419962826041814e-01
4.597069384006876591e-01
4.602778548966846017e-01
4.611702069928730885e-01
4.612752752017624802e-01
4.618173249594167973e-01
4.620021081329794832e-01
4.624673766834555000e-01
4.627908302019189679e-01
4.631869161001964108e-01
4.639434295928885899e-01
4.643831162283899028e-01
4.648896203846537012e-01
4.652549198201155201e-01
4.658296036112950511e-01
4.665478282052158976e-01
4.671550040192830044e-01
4.673898517480835624e-01
4.677006698942959839e-01
4.680420183640436327e-01
4.688811810980563766e-01
4.691267422918507513e-01
4.695851324058956666e-01
4.701252120574454518e-01
4.706119801326919538e-01
4.710157176073253571e-01
4.721868116848259023e-01
4.726459026692351739e-01
4.732801941531283862e-01
4.736135534594160257e-01
4.740503916641775062e-01
4.748146230093454045e-01
4.749911719605883209e-01
4.755308730083157021e-01
4.762010886198226323e-01
4.764836546183834898e-01
4.768642794278032948e-01
4.776079568164888212e-01
4.783742913444145040e-01
4.786854752815880021e-01
4.793291601870184326e-01
4.795393070264193369e-01
4.799290988040577632e-01
4.808974555540114215e-01
4.812362203659394932e-01
4.815080800176637643e-01
4.822744613666430369e-01
4.827238110579537000e-01
4.829886840630327471e-01
4.835345266244877038e-01
4.842883593153476940e-01
4.846581658172611773e-01
4.853182936470374353e-01
4.860124391526910448e-01
4.861874245741331646e-01
4.862426782247328827e-01
4.873141335151672249e-01
4.880938240170757392e-01
4.884277518425273468e-01
4.886585303427030680e-01
4.901709349758074930e-01
4.904485015763297984e-01
4.908343699200345966e-01
4.913095634758575803e-01
4.918410686401047394e-01
4.923991625938636263e-01
4.928755184846189130e-01
4.938663835697394422e-01
4.942212049797767293e-01
4.948507577846634753e-01
4.954047782635391806e-01
4.964948572759943501e-01
4.966376120513388837e-01
4.971362713566518376e-01
4.976801004535613138e-01
4.983105952898919666e-01
4.987272282118237476e-01
4.990861501874072625e-01
4.997008637288555821e-01
5.003048588186289614e-01
5.009120352486905459e-01
5.013255913151108967e-01
5.021459066061394472e-01
5.026340907163323601e-01
5.037211758492434743e-01
5.037832709614726845e-01
5.040153867106478280e-01
5.042397420526599783e-01
5.050170516328155168e-01
5.059630695256224220e-01
5.062644270972624927e-01
5.075521826864253239e-01
5.080761818852506106e-01
5.087038646854646906e-01
5.094320112551590229e-01
5.101141027766690206e-01
5.104430378458235662e-01
5.107219633347466203e-01
5.113309790973652458e-01
5.119245458886885203e-01
5.121960349090829423e-01
5.126461871858732922e-01
5.133768397336120337e-01
5.135462955744231062e-01
5.147248513039253126e-01
5.162994575244703732e-01
5.165499271401223780e-01
5.171015877967913843e-01
5.176032423452285869e-01
5.180652782097064923e-01
5.187188815593816171e-01
5.194969715782398190e-01
5.198461422511722052e-01
5.203534841995159921e-01
5.211960936153755553e-01
5.217799527879799504e-01
5.229554696487371812e-01
5.233375798080520669e-01
5.239695598860009129e-01
5.244594091803006508e-01
5.254683224563578836e-01
5.258568840610651218e-01
5.267670202784563438e-01
5.269286495540731474e-01
5.274776103265821359e-01
5.283333450060723191e-01
5.290101271366796087e-01
5.295507144680637879e-01
5.298132137095431515e-01
5.303436403808554633e-01
5.309435918100119389e-01
5.323370352438014930e-01
5.329857583545672961e-01
5.332074532104856823e-01
5.341832253131219010e-01
5.354854681772119873e-01
5.360594274448717833e-01
5.366200290847999987e-01
5.375164272566371748e-01
5.384047080437138755e-01
5.390335415974136790e-01
5.394705640877803798e-01
5.395855943599904281e-01
5.400629158695766652e-01
5.409086919222589884e-01
5.412993198809122886e-01
5.417829951218910978e-01
5.430337816108827820e-01
5.440220683002757740e-01
5.445299815819593103e-01
5.447128763647050009e-01
5.461335415579601227e-01
5.466131692706283074e-01
5.472959272755070215e-01
5.485694815291743964e-01
5.487229512792570763e-01
5.493473668818016353e-01
5.503964092502899863e-01
5.510274954571783290e-01
5.520234748911988509e-01
5.522420167726797002e-01
5.533526419912123684e-01
5.536988302101005788e-01
5.542637728762248583e-01
5.550534203535469890e-01
5.553932888965664727e-01
5.563915291275466357e-01
5.575956939270801938e-01
5.590419038116938300e-01
5.594780625230220128e-01
5.601284594633656466e-01
5.610125786454674968e-01
5.617236913221852479e-01
5.628381888168991765e-01
5.630619424936166295e-01
5.645165775790865759e-01
5.646343941080025353e-01
5.656859584435580679e-01
5.662408074847791184e-01
5.671604607796748576e-01
5.686258048450818503e-01
5.691852564043784479e-01
5.701256650982037266e-01
5.708785134516677351e-01
5.717457693440222144e-01
5.726694713877281684e-01
5.728374062091039498e-01
5.746060643587325156e-01
5.762399824611462718e-01
5.775488567434563514e-01
5.780084500372779654e-01
5.799539241400466505e-01
5.804164419157089583e-01
5.810540557102270576e-01
5.813536537092662826e-01
5.831360369245512931e-01
5.834046379943647054e-01
5.837026632633662837e-01
5.846261259271916533e-01
5.853579110438607014e-01
5.860855877553650117e-01
5.879608236452196213e-01
5.882460793276231836e-01
5.883356410892469635e-01
5.894807940288764314e-01
5.918954106529354942e-01
5.937043772544519094e-01
5.940128160847754080e-01
5.951048038359969539e-01
5.955578238721561668e-01
5.960932421367971523e-01
5.976250286829674074e-01
5.991123906335809046e-01
5.997084485501474882e-01
6.010868967370962546e-01
6.024082671986462634e-01
6.024190871559689242e-01
6.032051100111459618e-01
6.046288885518507072e-01
6.052536050150377767e-01
6.056595971626788089e-01
6.069884862482908261e-01
6.076361202874035472e-01
6.097921880862841038e-01
6.109401441135640098e-01
6.118567396478761244e-01
6.129075312177605372e-01
6.141058301393241825e-01
6.147132407184090486e-01
6.158572155379969937e-01
6.185933494792789089e-01
6.200002702939695354e-01
6.202643035937133176e-01
6.217857003462007315e-01
6.227188197026234384e-01
6.238586828432189924e-01
6.261377828766967468e-01
6.277134098539099982e-01
6.283904399975035471e-01
6.300209841253719967e-01
6.303623998109985083e-01
6.319127007983692534e-01
6.329893413957622395e-01
6.331954954845814276e-01
6.353653059641028999e-01
6.358416099090055118e-01
6.376832131883601873e-01
6.378516897266006680e-01
6.392019574295961792e-01
6.411198240132734982e-01
6.417149631156937595e-01
6.435998064904324689e-01
6.443290402283020635e-01
6.462371853680334288e-01
6.475291734252218712e-01
6.501710559752270635e-01
6.511633851156199970e-01
6.525502511245886428e-01
6.533559456033287693e-01
6.555161178644958175e-01
6.592611002630553996e-01
6.607170456948463499e-01
6.621970496407608708e-01
6.632778050816348081e-01
6.656658478825016045e-01
6.660599725346472155e-01
6.678759470185674507e-01
6.688307150672884172e-01
6.700234130659664666e-01
6.723900593810823167e-01
6.744612456746912343e-01
6.769102437110015025e-01
6.799023466818902017e-01
6.830389539312768932e-01
6.837281103123299397e-01
6.858742410953475588e-01
6.884587761053964083e-01
6.910826563836763858e-01
6.913384966073935489e-01
6.928242536042317212e-01
6.947936124761641130e-01
6.952125731613632009e-01
6.982820191836670576e-01
6.995993096191861493e-01
7.024756755057881552e-01
7.053352133138605096e-01
7.073415540781985422e-01
7.102328016550244483e-01
7.134476966273453069e-01
7.146548906071407137e-01
7.157590877139796692e-01
7.208868454266732506e-01
7.234323651889739137e-01
7.255871933094545367e-01
7.270437378021052943e-01
7.276022654634104470e-01
7.303468123644633048e-01
7.327058489661949503e-01
7.351515568749958929e-01
7.377894895203028769e-01
7.415215907077646884e-01
7.437981163203267743e-01
7.447840564640724192e-01
7.470253507262822890e-01
7.488811372796707611e-01
7.550245220684006497e-01
7.588902608381012937e-01
7.600424850535942856e-01
7.613214471017610840e-01
7.633316850559378475e-01
7.713914600940073862e-01
7.791154283274511760e-01
7.798960303890072332e-01
7.830670664493138977e-01
7.870078885645303002e-01
7.918873381203996864e-01
7.925127093271400192e-01
7.968987806363556636e-01
8.040607643506314517e-01
8.074591298351638802e-01
8.091175561209833500e-01
8.135629870545491027e-01
8.207815005220198135e-01
8.265203375681148268e-01
8.367521667047828071e-01
8.390817158925347741e-01
8.489377205876582622e-01
8.537500423852215636e-01
8.619645332759454659e-01
8.874365896271061427e-01
9.008104058868220410e-01
9.340566522300872698e-01
9.455888033634101131e-01
9.543234141157105332e-01
9.599585297693060681e-01
1.000000000000000000e+00
