# sorted relative singular values (kkt) field=uniform eps=0 N=12 n=3600
7.276151825955663218e-19
1.032299363416435998e-18
2.448735330288223804e-18
2.973896398434729874e-18
3.761012814635473686e-18
4.068714163148378149e-18
5.108908722892134467e-18
5.454710444323650447e-18
5.723550410636968844e-18
6.552174750745283354e-18
7.326205586253760154e-18
7.477139765651821880e-18
8.379722905169008862e-18
9.092716446376230676e-18
9.798475910592195260e-18
1.000634435940008470e-17
1.090346798871432094e-17
1.192397942926312985e-17
1.216816230908730731e-17
1.238009508742984724e-17
1.306842977020688725e-17
1.393737436047926117e-17
1.472075308590658214e-17
1.545601898997894585e-17
1.605672235146649954e-17
1.679432112682603115e-17
1.746440082734343921e-17
1.808138379998008819e-17
1.851354086176713875e-17
1.904724313171851241e-17
2.006223447727262491e-17
2.059512808596343096e-17
2.110338477674058727e-17
2.176132282375010603e-17
2.286528519331553014e-17
2.312532693146219496e-17
2.357966369556457752e-17
2.474732556551874380e-17
2.502812220970474503e-17
2.542970696577317193e-17
2.635434106222513102e-17
2.688563912412007037e-17
2.783748140994893513e-17
2.848050454594129974e-17
2.877451352261428100e-17
2.992034283595451815e-17
3.007185426265014016e-17
3.106574233345468837e-17
3.197819961736805445e-17
3.232546442622532668e-17
3.306923188631935596e-17
3.360128023498019554e-17
3.482086775409737520e-17
3.538370135366371899e-17
3.634237724544961689e-17
3.678261864337153261e-17
3.784263584585938650e-17
3.865412307780867082e-17
3.888646249153356044e-17
3.977661020758817675e-17
4.036187042180422816e-17
4.107672570635996872e-17
4.120920626420332648e-17
4.291084396516899749e-17
4.376390063617203468e-17
4.430939510832617947e-17
4.467344669903665790e-17
4.530908166023044503e-17
4.697209473794201040e-17
4.757889861417573103e-17
4.826111366853614344e-17
4.901026068969273530e-17
4.973486033296394214e-17
5.024310852651876736e-17
5.105019299084358523e-17
5.215757386951595140e-17
5.239818503083963443e-17
5.382068488528784552e-17
5.502511568831598108e-17
5.525084199366821703e-17
5.619856844646782499e-17
5.686524098871963572e-17
5.746863153796505756e-17
5.819854167123118136e-17
5.890578814661149658e-17
5.978280690199989316e-17
6.091886363264559490e-17
6.152015028285094325e-17
6.264649353021034308e-17
6.318194587266680616e-17
6.438330380543993124e-17
6.576326554774155030e-17
6.648430625463023019e-17
6.716593072784677454e-17
6.764658392557105100e-17
6.904955396176560728e-17
6.981725000703449027e-17
7.037385244938298083e-17
7.149842788210959439e-17
7.255585847259110513e-17
7.320398424059471345e-17
7.385232877129284162e-17
7.455704483514686758e-17
7.603893438980715941e-17
7.631465585916815960e-17
7.768517554623516439e-17
7.853770379786760839e-17
7.883048535293301877e-17
8.066888496071331281e-17
8.112897071046501729e-17
8.184353215048943910e-17
8.292856575652974729e-17
8.388028460903690386e-17
8.484767400902276218e-17
8.626576908650343953e-17
8.705878531915511451e-17
8.852240880838832078e-17
8.870322180124242084e-17
8.994997591058241834e-17
9.050146600312654534e-17
9.101691191324250915e-17
9.252755899465439251e-17
9.359635579141607296e-17
9.447280176286768530e-17
9.552963726693496511e-17
9.679221795005005078e-17
9.728537168628357331e-17
9.836028895419834101e-17
1.009914324359260585e-16
1.020636522766349803e-16
1.030666423733234137e-16
1.044043570806060167e-16
1.056417242410769325e-16
1.059081300035216064e-16
1.080741038618059706e-16
1.088214555152159983e-16
1.091809083710083715e-16
1.103321713542697744e-16
1.113079067527511972e-16
1.120560857448069240e-16
1.139746250874833054e-16
1.145441028494836081e-16
1.157727338529432732e-16
1.161665202477451522e-16
1.173329923434827528e-16
1.190324175556514666e-16
1.200516814531323648e-16
1.211529606502992039e-16
1.225592848892529951e-16
1.232845995108529055e-16
1.252432030727442562e-16
1.262250230888084085e-16
1.271316261999482892e-16
1.294124881011295495e-16
1.310430504654383850e-16
1.319326708784540012e-16
1.326267052675989979e-16
1.351436240388770437e-16
1.370311106864800741e-16
1.377994987374349321e-16
1.385627595886263173e-16
1.393659024070671148e-16
1.425825069749353980e-16
1.442207681574246872e-16
1.445744657921291906e-16
1.454925726016370893e-16
1.469116253405212842e-16
1.473875410247570030e-16
1.491757550937786656e-16
1.508656313319531046e-16
1.517150148059175507e-16
1.535515553753407498e-16
1.546945397556547731e-16
1.565189459654294919e-16
1.583835384755059141e-16
1.595514262422773118e-16
1.607495990596861797e-16
1.627938978865099854e-16
1.644793097407624471e-16
1.658411627753162144e-16
1.681880463011409988e-16
1.692111078076379693e-16
1.700769665016042015e-16
1.751521970233923243e-16
1.754198602101242934e-16
1.770111613014890784e-16
1.775593116174930179e-16
1.795983623400510298e-16
1.804838389753758598e-16
1.811283857671889898e-16
1.830478704367331683e-16
1.846629552279426774e-16
1.860974768711342043e-16
1.882381862808962147e-16
1.884460997184566005e-16
1.908155959496517777e-16
1.914934101901323982e-16
1.940620318208196731e-16
1.965034663881264681e-16
1.986681146029993903e-16
2.008332782589660628e-16
2.023708418440527344e-16
2.030228622192476538e-16
2.034604940076687847e-16
2.060703416051374649e-16
2.079486308500720070e-16
2.103732141528949970e-16
2.120105167125280305e-16
2.144785857441067255e-16
2.173636221081948118e-16
2.179504217451898512e-16
2.212246792436072232e-16
2.234526010682232128e-16
2.246484079717026350e-16
2.259337090232316656e-16
2.270726967648574334e-16
2.311272802637114353e-16
2.312630487319836281e-16
2.336803092683533285e-16
2.353773558330592767e-16
2.354793941706322143e-16
2.402205826447985551e-16
2.426587203487447235e-16
2.447802237957773171e-16
2.476069031782257861e-16
2.486031383972628810e-16
2.551448940965749423e-16
2.573473291648367741e-16
2.603058943380321372e-16
2.606679861606502328e-16
2.625976096000911093e-16
2.678242339036270210e-16
2.698172918393972369e-16
2.707469555861789395e-16
2.759009622710651015e-16
2.765583579968683318e-16
2.805692824783127567e-16
2.808471137802653833e-16
2.814093168455901769e-16
2.871433319239270854e-16
2.890260961615086382e-16
2.932406147488203729e-16
2.961749388696798005e-16
3.005176966897762194e-16
3.014060426936975707e-16
3.045533399146849187e-16
3.063481302515553474e-16
3.145711567332879822e-16
3.185962835439801183e-16
3.206429937959421480e-16
3.241282157101983869e-16
3.244440591084022495e-16
3.289483036000351856e-16
3.315764457092866865e-16
3.382475033709292902e-16
3.419750265915156802e-16
3.468195042944932674e-16
3.488652400599700008e-16
3.560148927245278562e-16
3.589567046833491331e-16
3.605820157604249013e-16
3.628317310963183634e-16
3.692286374893873904e-16
3.711085351854030666e-16
3.729051110058235110e-16
3.772449352365248470e-16
3.827620759453847657e-16
3.856234509258589891e-16
3.940083757609433283e-16
3.983535757629359792e-16
4.034987298476450067e-16
4.103095771257505150e-16
4.118094008395768613e-16
4.260074906731289977e-16
4.331375985392886574e-16
4.358556325493457581e-16
4.468623567722634863e-16
4.518595178031054044e-16
4.574121084100214470e-16
4.739271493154835136e-16
4.816941517314514599e-16
5.074969710991337203e-16
5.254163496368823286e-16
5.527936474524996176e-16
5.600181185053033541e-16
5.741531714297197629e-16
6.435805726896590165e-16
6.913658082397995712e-16
1.331334958843497103e-04
1.331334958843815317e-04
1.331334958843831580e-04
1.331334958843903679e-04
1.331334958843989602e-04
1.331334958844024839e-04
1.331334958844122417e-04
1.331334958844267700e-04
1.419326719936250206e-04
1.419326719936361879e-04
1.419326719936492255e-04
1.419326719936519089e-04
1.419326719936565980e-04
1.419326719936598235e-04
1.419326719936670877e-04
1.419326719936771979e-04
1.647666517420465898e-04
1.647666517420638015e-04
1.647666517420676776e-04
1.647666517420746978e-04
1.647666517420813656e-04
1.647666517420855669e-04
1.647666517420871119e-04
1.647666517421074949e-04
1.906322866170427762e-04
1.906322866170549193e-04
1.906322866170673334e-04
1.906322866170707757e-04
1.906322866170771725e-04
1.906322866170904540e-04
1.906322866170974742e-04
1.906322866171046300e-04
1.974823400562802445e-04
1.974823400562841476e-04
1.974823400562986217e-04
1.974823400563099787e-04
1.974823400563155353e-04
1.974823400563177579e-04
1.974823400563329367e-04
1.974823400563407972e-04
4.968609708297964467e-04
4.968609708298013256e-04
4.968609708298075056e-04
4.968609708298172634e-04
4.968609708298291896e-04
4.968609708298310328e-04
4.968609708298458863e-04
4.968609708298636672e-04
5.284952515616427472e-04
5.284952515616682259e-04
5.284952515616760322e-04
5.284952515616786342e-04
5.284952515616805858e-04
5.284952515616866573e-04
5.284952515616947889e-04
5.284952515617058477e-04
5.960053744984035711e-04
5.960053744984120279e-04
5.960053744984210268e-04
5.960053744984300256e-04
5.960053744984311098e-04
5.960053744984346877e-04
5.960053744984411929e-04
5.960053744984532276e-04
6.209266688961133547e-04
6.209266688961184505e-04
6.209266688961308104e-04
6.209266688961366651e-04
6.209266688961404598e-04
6.209266688961480492e-04
6.209266688961539039e-04
6.209266688961716848e-04
9.937219416596009165e-04
9.937219416596191311e-04
9.937219416596204322e-04
9.937219416596262869e-04
9.937219416596310573e-04
9.937219416596371289e-04
9.937219416596490551e-04
9.937219416596620655e-04
1.051225503310131886e-03
1.051225503310154437e-03
1.051225503310165062e-03
1.051225503310171134e-03
1.051225503310177639e-03
1.051225503310188047e-03
1.051225503310203226e-03
1.051225503310223826e-03
1.117790083094553607e-03
1.117790083094563798e-03
1.117790083094569219e-03
1.117790083094576592e-03
1.117790083094580061e-03
1.117790083094589385e-03
1.117790083094598926e-03
1.117790083094607817e-03
1.185637006261917219e-03
1.185637006261932832e-03
1.185637006261954299e-03
1.185637006261958852e-03
1.185637006261975766e-03
1.185637006261976633e-03
1.185637006261989644e-03
1.185637006262007208e-03
1.262083757354314243e-03
1.262083757354334410e-03
1.262083757354341132e-03
1.262083757354346119e-03
1.262083757354352190e-03
1.262083757354379512e-03
1.262083757354384933e-03
1.262083757354403365e-03
1.460787817305582220e-03
1.460787817305594580e-03
1.460787817305609975e-03
1.460787817305614095e-03
1.460787817305625371e-03
1.460787817305633828e-03
1.460787817305647272e-03
1.460787817305667438e-03
1.490582912489442791e-03
1.490582912489449297e-03
1.490582912489452332e-03
1.490582912489459054e-03
1.490582912489466644e-03
1.490582912489474884e-03
1.490582912489478787e-03
1.490582912489500471e-03
1.554939296923987324e-03
1.554939296923988626e-03
1.554939296923994480e-03
1.554939296924009009e-03
1.554939296924016815e-03
1.554939296924023754e-03
1.554939296924025705e-03
1.554939296924039583e-03
1.687238326764246062e-03
1.687238326764270565e-03
1.687238326764271866e-03
1.687238326764285961e-03
1.687238326764290515e-03
1.687238326764292900e-03
1.687238326764303742e-03
1.687238326764311982e-03
1.750900755050060782e-03
1.750900755050070106e-03
1.750900755050077261e-03
1.750900755050090272e-03
1.750900755050103499e-03
1.750900755050110004e-03
1.750900755050111305e-03
1.750900755050137326e-03
1.854310387434863127e-03
1.854310387434868982e-03
1.854310387434880908e-03
1.854310387434885462e-03
1.854310387434888064e-03
1.854310387434899773e-03
1.854310387434913001e-03
1.854310387434939455e-03
3.224511360622910657e-03
3.224511360622923668e-03
3.224511360622931040e-03
3.224511360622938846e-03
3.224511360622952724e-03
3.224511360622956627e-03
3.224511360622970505e-03
3.224511360622986118e-03
3.422734647332175036e-03
3.422734647332188046e-03
3.422734647332195852e-03
3.422734647332202357e-03
3.422734647332211465e-03
3.422734647332222307e-03
3.422734647332239654e-03
3.422734647332245292e-03
3.939479621036913806e-03
3.939479621036941562e-03
3.939479621036945899e-03
3.939479621036952837e-03
3.939479621036953705e-03
3.939479621036959776e-03
3.939479621036972787e-03
3.939479621036988399e-03
4.424857546703502703e-03
4.424857546703511377e-03
4.424857546703520050e-03
4.424857546703531326e-03
4.424857546703542602e-03
4.424857546703552143e-03
4.424857546703578164e-03
4.424857546703588572e-03
4.534910015046088143e-03
4.534910015046095949e-03
4.534910015046118500e-03
4.534910015046120235e-03
4.534910015046126307e-03
4.534910015046134980e-03
4.534910015046153195e-03
4.534910015046159266e-03
4.700035399578444094e-03
4.700035399578479656e-03
4.700035399578488329e-03
4.700035399578493533e-03
4.700035399578502207e-03
4.700035399578510013e-03
4.700035399578523024e-03
4.700035399578553381e-03
4.720695890687018510e-03
4.720695890687054072e-03
4.720695890687067950e-03
4.720695890687068817e-03
4.720695890687080960e-03
4.720695890687085297e-03
4.720695890687106981e-03
4.720695890687119124e-03
5.291682580486143338e-03
5.291682580486167624e-03
5.291682580486174563e-03
5.291682580486179767e-03
5.291682580486179767e-03
5.291682580486194512e-03
5.291682580486207522e-03
5.291682580486217063e-03
5.519044460005325357e-03
5.519044460005333164e-03
5.519044460005337500e-03
5.519044460005353113e-03
5.519044460005354848e-03
5.519044460005377399e-03
5.519044460005388675e-03
5.519044460005413828e-03
6.121646584827479531e-03
6.121646584827494277e-03
6.121646584827499481e-03
6.121646584827510756e-03
6.121646584827513358e-03
6.121646584827523767e-03
6.121646584827543716e-03
6.121646584827569737e-03
6.473658050616333363e-03
6.473658050616347241e-03
6.473658050616349843e-03
6.473658050616360252e-03
6.473658050616365456e-03
6.473658050616379334e-03
6.473658050616395813e-03
6.473658050616414028e-03
7.394798078593407126e-03
7.394798078593417534e-03
7.394798078593420136e-03
7.394798078593434881e-03
7.394798078593447024e-03
7.394798078593454831e-03
7.394798078593475647e-03
7.394798078593517281e-03
7.637255226554686381e-03
7.637255226554725412e-03
8.471383235032466444e-03
8.471383235032468179e-03
8.471383235032471648e-03
8.471383235032473383e-03
8.471383235032476852e-03
8.471383235032513281e-03
8.471383235032532363e-03
8.471383235032570527e-03
8.849715093407029692e-03
8.849715093407048774e-03
8.849715093407055713e-03
8.849715093407067856e-03
8.849715093407083469e-03
8.849715093407085204e-03
8.849715093407107755e-03
8.849715093407130306e-03
8.852350096890440265e-03
8.852350096890455877e-03
8.852350096890464551e-03
8.852350096890476694e-03
8.852350096890487102e-03
8.852350096890488837e-03
8.852350096890499245e-03
8.852350096890558226e-03
9.351426159799350324e-03
9.351426159799357263e-03
9.351426159799376345e-03
9.351426159799379814e-03
9.351426159799395427e-03
9.351426159799402366e-03
9.351426159799414509e-03
9.351426159799452673e-03
9.695005017820787843e-03
9.695005017820805190e-03
9.695005017820813864e-03
9.695005017820829477e-03
9.695005017820839885e-03
9.695005017820858967e-03
9.695005017820878049e-03
9.695005017820898865e-03
9.943944733532694355e-03
9.943944733532713437e-03
9.943944733532716906e-03
9.943944733532729049e-03
9.943944733532739458e-03
9.943944733532746397e-03
9.943944733532760274e-03
9.943944733532796704e-03
1.020956822553135100e-02
1.020956822553136141e-02
1.020956822553136141e-02
1.020956822553136488e-02
1.020956822553137182e-02
1.020956822553139437e-02
1.020956822553141866e-02
1.020956822553144121e-02
1.156178435326193910e-02
1.156178435326194603e-02
1.156178435326195991e-02
1.156178435326196338e-02
1.156178435326197552e-02
1.156178435326201195e-02
1.156178435326203971e-02
1.156178435326208481e-02
1.203404022742789355e-02
1.203404022742790742e-02
1.203404022742792824e-02
1.203404022742794385e-02
1.203404022742794732e-02
1.203404022742796987e-02
1.203404022742799936e-02
1.203404022742804620e-02
1.274858484677925466e-02
1.274858484677925986e-02
1.274858484677926507e-02
1.274858484677927548e-02
1.274858484677928935e-02
1.274858484677931364e-02
1.274858484677933619e-02
1.274858484677938303e-02
1.316676138732251859e-02
1.316676138732252900e-02
1.316676138732253941e-02
1.316676138732254982e-02
1.316676138732255676e-02
1.316676138732257237e-02
1.316676138732258278e-02
1.316676138732267298e-02
1.327457264011055668e-02
1.327457264011056882e-02
1.327457264011059311e-02
1.327457264011059831e-02
1.327457264011062781e-02
1.327457264011063474e-02
1.327457264011065383e-02
1.327457264011067638e-02
1.372005940736483430e-02
1.372005940736486032e-02
1.372005940736487940e-02
1.372005940736489675e-02
1.372005940736490195e-02
1.372005940736491757e-02
1.372005940736493665e-02
1.372005940736504767e-02
1.381151756455955074e-02
1.381151756455955767e-02
1.381151756455956808e-02
1.381151756455957329e-02
1.381151756455958717e-02
1.381151756455960104e-02
1.381151756455961319e-02
1.381151756455965829e-02
1.384001635966267303e-02
1.384001635966267650e-02
1.384001635966268171e-02
1.384001635966270773e-02
1.384001635966271813e-02
1.384001635966271813e-02
1.384001635966273548e-02
1.384001635966278405e-02
1.430653640125014586e-02
1.430653640125016668e-02
1.430653640125017188e-02
1.430653640125019097e-02
1.430653640125020484e-02
1.430653640125022739e-02
1.430653640125024648e-02
1.430653640125028291e-02
1.438770028980640783e-02
1.438770028980641651e-02
1.438770028980642865e-02
1.438770028980643732e-02
1.438770028980644079e-02
1.438770028980645294e-02
1.438770028980648763e-02
1.438770028980653967e-02
1.495180848039799268e-02
1.495180848039799962e-02
1.495180848039800309e-02
1.495180848039801350e-02
1.495180848039801523e-02
1.495180848039805166e-02
1.495180848039805686e-02
1.495180848039814707e-02
1.614972527238809491e-02
1.614972527238810879e-02
1.614972527238811226e-02
1.614972527238811920e-02
1.614972527238813654e-02
1.614972527238816430e-02
1.614972527238820246e-02
1.614972527238823022e-02
1.644965785429200814e-02
1.644965785429206712e-02
1.651379318055214152e-02
1.651379318055215886e-02
1.651379318055218662e-02
1.651379318055218662e-02
1.651379318055220743e-02
1.651379318055221784e-02
1.651379318055223172e-02
1.651379318055226642e-02
1.794390078305008532e-02
1.794390078305009920e-02
1.794390078305010960e-02
1.794390078305012348e-02
1.794390078305014777e-02
1.794390078305017899e-02
1.794390078305020675e-02
1.794390078305024491e-02
1.827285967547441145e-02
1.827285967547443921e-02
1.827285967547446002e-02
1.827285967547446349e-02
1.827285967547448431e-02
1.827285967547449472e-02
1.827285967547450860e-02
1.827285967547466472e-02
1.874431953568179987e-02
1.874431953568181722e-02
1.874431953568181722e-02
1.874431953568184497e-02
1.874431953568184497e-02
1.874431953568185885e-02
1.874431953568189355e-02
1.874431953568195600e-02
1.922965704290469091e-02
1.922965704290472214e-02
1.922965704290473948e-02
1.922965704290476030e-02
1.922965704290476377e-02
1.922965704290481928e-02
1.922965704290482969e-02
1.922965704290485398e-02
2.086522741311475776e-02
2.086522741311478552e-02
2.086522741311479592e-02
2.086522741311479939e-02
2.086522741311480633e-02
2.086522741311482715e-02
2.086522741311487225e-02
2.086522741311499021e-02
2.210112965704025961e-02
2.210112965704027002e-02
2.210112965704028043e-02
2.210112965704029431e-02
2.210112965704030819e-02
2.210112965704032553e-02
2.210112965704034982e-02
2.210112965704042615e-02
2.284629608055675082e-02
2.284629608055676817e-02
2.284629608055678898e-02
2.284629608055679939e-02
2.284629608055682021e-02
2.284629608055685837e-02
2.284629608055686531e-02
2.284629608055697286e-02
2.300975762480021725e-02
2.300975762480022765e-02
2.300975762480024500e-02
2.300975762480025541e-02
2.300975762480025541e-02
2.300975762480028317e-02
2.300975762480031439e-02
2.300975762480037684e-02
2.345594307275115920e-02
2.345594307275119042e-02
2.345594307275120777e-02
2.345594307275123205e-02
2.345594307275124246e-02
2.345594307275125287e-02
2.345594307275127369e-02
2.345594307275142634e-02
2.406808045485583220e-02
2.406808045485585648e-02
2.406808045485587383e-02
2.406808045485587730e-02
2.406808045485589811e-02
2.406808045485590852e-02
2.406808045485593628e-02
2.406808045485604036e-02
2.411621814544431808e-02
2.411621814544433542e-02
2.411621814544435624e-02
2.411621814544436665e-02
2.411621814544437012e-02
2.411621814544439094e-02
2.411621814544443257e-02
2.411621814544452277e-02
2.474299166132669717e-02
2.474299166132669717e-02
2.474299166132672145e-02
2.474299166132674921e-02
2.474299166132676309e-02
2.474299166132676309e-02
2.474299166132681166e-02
2.474299166132691574e-02
2.490779917648706238e-02
2.490779917648711442e-02
2.537685714256154856e-02
2.537685714256156591e-02
2.537685714256157632e-02
2.537685714256158673e-02
2.537685714256159714e-02
2.537685714256161101e-02
2.537685714256163183e-02
2.537685714256164918e-02
2.542571546835620602e-02
2.542571546835621990e-02
2.542571546835624419e-02
2.542571546835625459e-02
2.542571546835625459e-02
2.542571546835626847e-02
2.542571546835628582e-02
2.542571546835633092e-02
2.593053204996420558e-02
2.593053204996421252e-02
2.593053204996423333e-02
2.593053204996425415e-02
2.593053204996427150e-02
2.593053204996429231e-02
2.593053204996432354e-02
2.593053204996435823e-02
2.692282532648684196e-02
2.692282532648684196e-02
2.692282532648685237e-02
2.692282532648686971e-02
2.692282532648688012e-02
2.692282532648692175e-02
2.692282532648699461e-02
2.692282532648706747e-02
2.693695528789143839e-02
2.693695528789146615e-02
2.693695528789146962e-02
2.693695528789149737e-02
2.693695528789151125e-02
2.693695528789151125e-02
2.693695528789156329e-02
2.693695528789161187e-02
2.698480713705514455e-02
2.698480713705516537e-02
2.698480713705517578e-02
2.698480713705520354e-02
2.698480713705521394e-02
2.698480713705523476e-02
2.698480713705527292e-02
2.698480713705537007e-02
2.822553529696696442e-02
2.822553529696699565e-02
2.822553529696701646e-02
2.822553529696702340e-02
2.822553529696703728e-02
2.822553529696704422e-02
2.822553529696709626e-02
2.822553529696725239e-02
2.841152600539444129e-02
2.841152600539446210e-02
2.841152600539448292e-02
2.841152600539448639e-02
2.841152600539449680e-02
2.841152600539451414e-02
2.841152600539455578e-02
2.841152600539471884e-02
2.919149252591769772e-02
2.919149252591773241e-02
2.919149252591774282e-02
2.919149252591774629e-02
2.919149252591778446e-02
2.919149252591778793e-02
2.919149252591782956e-02
2.919149252591793711e-02
2.956857076784757954e-02
2.956857076784757954e-02
2.956857076784761423e-02
2.956857076784762117e-02
2.956857076784764893e-02
2.956857076784766974e-02
2.956857076784769403e-02
2.956857076784778424e-02
3.001683906127266752e-02
3.001683906127268833e-02
3.001683906127269180e-02
3.001683906127270221e-02
3.001683906127274384e-02
3.001683906127277507e-02
3.001683906127280629e-02
3.001683906127293813e-02
3.024501499459267967e-02
3.024501499459268314e-02
3.024501499459268314e-02
3.024501499459271436e-02
3.024501499459274212e-02
3.024501499459274906e-02
3.024501499459276294e-02
3.024501499459287396e-02
3.167911294522290228e-02
3.167911294522292309e-02
3.167911294522293003e-02
3.167911294522295085e-02
3.167911294522297166e-02
3.167911294522297860e-02
3.167911294522301330e-02
3.167911294522315901e-02
3.277405858552065454e-02
3.277405858552066842e-02
3.277405858552068924e-02
3.277405858552070311e-02
3.277405858552073087e-02
3.277405858552075862e-02
3.277405858552077944e-02
3.277405858552084883e-02
3.286949219491257235e-02
3.286949219491257929e-02
3.286949219491261398e-02
3.286949219491262092e-02
3.286949219491262092e-02
3.286949219491263480e-02
3.286949219491266255e-02
3.286949219491280133e-02
3.305984751446554293e-02
3.305984751446557068e-02
3.305984751446557068e-02
3.305984751446557762e-02
3.305984751446559150e-02
3.305984751446562619e-02
3.305984751446566089e-02
3.305984751446574416e-02
3.323708696810689228e-02
3.323708696810696861e-02
3.323708696810696861e-02
3.323708696810696861e-02
3.323708696810698249e-02
3.323708696810698943e-02
3.323708696810701718e-02
3.323708696810711433e-02
3.433544115278067826e-02
3.433544115278069908e-02
3.433544115278071990e-02
3.433544115278087255e-02
3.435590885389532695e-02
3.435590885389534777e-02
3.435590885389537552e-02
3.435590885389538246e-02
3.435590885389540328e-02
3.435590885389541715e-02
3.435590885389542409e-02
3.435590885389554899e-02
3.475710128057006576e-02
3.475710128057006576e-02
3.475710128057008658e-02
3.475710128057008658e-02
3.475710128057012127e-02
3.475710128057013515e-02
3.475710128057016984e-02
3.475710128057041270e-02
3.570371118748366657e-02
3.570371118748367351e-02
3.570371118748369432e-02
3.570371118748371514e-02
3.570371118748373596e-02
3.570371118748374289e-02
3.570371118748382616e-02
3.570371118748395800e-02
3.600016894310183874e-02
3.600016894310188731e-02
3.600016894310194282e-02
3.600016894310203303e-02
3.603521303036524154e-02
3.603521303036528317e-02
3.610212068228379340e-02
3.610212068228380033e-02
3.610212068228382809e-02
3.610212068228383503e-02
3.610212068228384891e-02
3.610212068228386972e-02
3.610212068228389748e-02
3.610212068228400850e-02
3.618225130614247803e-02
3.618225130614250579e-02
3.618225130614254048e-02
3.618225130614255436e-02
3.618225130614256130e-02
3.618225130614257518e-02
3.618225130614264456e-02
3.618225130614274865e-02
3.659720533810359444e-02
3.659720533810359444e-02
3.659720533810360832e-02
3.659720533810364301e-02
3.659720533810371934e-02
3.659720533810374710e-02
3.659720533810376097e-02
3.659720533810384424e-02
3.735189379644458796e-02
3.735189379644460878e-02
3.735189379644464347e-02
3.735189379644465041e-02
3.735189379644470592e-02
3.735189379644471286e-02
3.735189379644479613e-02
3.735189379644485858e-02
3.759623936039856174e-02
3.759623936039858255e-02
3.759623936039859643e-02
3.759623936039861725e-02
3.759623936039867276e-02
3.759623936039868664e-02
3.759623936039870051e-02
3.759623936039875602e-02
3.803920529792714778e-02
3.803920529792716859e-02
3.803920529792721716e-02
3.803920529792721716e-02
3.803920529792722410e-02
3.803920529792727961e-02
3.803920529792730043e-02
3.803920529792740451e-02
3.864787063755691782e-02
3.864787063755694557e-02
3.864787063755699414e-02
3.864787063755710517e-02
3.871509508239578262e-02
3.871509508239578956e-02
3.871509508239580344e-02
3.871509508239583119e-02
3.871509508239584507e-02
3.871509508239590058e-02
3.871509508239597691e-02
3.871509508239610875e-02
3.940401885370091450e-02
3.940401885370092838e-02
3.940401885370094226e-02
3.940401885370094920e-02
3.940401885370099777e-02
3.940401885370101165e-02
3.940401885370101165e-02
3.940401885370116430e-02
4.063780170145966236e-02
4.063780170145980114e-02
4.114727844050776462e-02
4.114727844050779237e-02
4.114727844050782013e-02
4.114727844050782707e-02
4.114727844050783401e-02
4.114727844050785482e-02
4.114727844050795197e-02
4.114727844050806993e-02
4.132391286473946490e-02
4.132391286473956205e-02
4.169082391455665448e-02
4.169082391455665448e-02
4.169082391455666836e-02
4.169082391455669612e-02
4.169082391455671693e-02
4.169082391455674469e-02
4.169082391455677938e-02
4.169082391455696673e-02
4.209912950069005788e-02
4.209912950069010645e-02
4.209912950069022441e-02
4.209912950069048809e-02
4.224940763883053979e-02
4.224940763883056061e-02
4.224940763883060224e-02
4.224940763883062306e-02
4.224940763883062306e-02
4.224940763883064387e-02
4.224940763883069939e-02
4.224940763883101857e-02
4.353682571068980683e-02
4.353682571068982765e-02
4.353682571068984153e-02
4.353682571068984847e-02
4.353682571068986928e-02
4.353682571068989704e-02
4.353682571068992480e-02
4.353682571069016766e-02
4.438881907929927151e-02
4.438881907929932702e-02
4.438881907929932702e-02
4.438881907929937559e-02
4.438881907929938253e-02
4.438881907929941723e-02
4.438881907929945192e-02
4.438881907929970866e-02
4.491164954908877932e-02
4.491164954908878626e-02
4.491164954908882095e-02
4.491164954908886259e-02
4.491164954908891116e-02
4.491164954908892504e-02
4.491164954908905688e-02
4.491164954908914014e-02
4.569259216111355715e-02
4.569259216111355715e-02
4.569259216111357103e-02
4.569259216111359878e-02
4.569259216111359878e-02
4.569259216111361266e-02
4.569259216111370980e-02
4.569259216111394573e-02
4.612267100069323417e-02
4.612267100069325498e-02
4.612267100069331743e-02
4.612267100069346315e-02
4.803084719396657348e-02
4.803084719396657348e-02
4.803084719396662206e-02
4.803084719396663593e-02
4.803084719396663593e-02
4.803084719396666369e-02
4.803084719396674002e-02
4.803084719396698288e-02
5.045174731483421937e-02
5.045174731483428876e-02
5.045174731483432345e-02
5.045174731483463570e-02
5.106497743512244947e-02
5.106497743512247028e-02
5.106497743512252580e-02
5.106497743512253273e-02
5.106497743512255355e-02
5.106497743512267151e-02
5.106497743512271315e-02
5.106497743512281029e-02
5.120395879114904986e-02
5.120395879114909149e-02
5.120395879114912618e-02
5.120395879114920945e-02
5.120395879114925108e-02
5.120395879114929272e-02
5.120395879114937598e-02
5.120395879114947313e-02
5.127228767436620843e-02
5.127228767436622231e-02
5.127228767436632639e-02
5.127228767436651374e-02
5.148066131313883131e-02
5.148066131313892846e-02
5.361486774331958999e-02
5.361486774331959693e-02
5.361486774331961774e-02
5.361486774331963162e-02
5.361486774331967325e-02
5.361486774331978428e-02
5.361486774331986754e-02
5.361486774332008959e-02
5.406677044406663774e-02
5.406677044406672100e-02
5.406677044406676957e-02
5.406677044406682509e-02
5.440224383703303607e-02
5.440224383703313321e-02
5.480135451364579607e-02
5.480135451364579607e-02
5.480135451364583771e-02
5.480135451364637200e-02
5.868656423949134698e-02
5.868656423949154821e-02
5.888465574977690131e-02
5.888465574977696376e-02
5.888465574977706091e-02
5.888465574977747030e-02
5.919182124486391944e-02
5.919182124486392638e-02
5.919182124486394025e-02
5.919182124486396107e-02
5.919182124486400964e-02
5.919182124486411373e-02
5.919182124486421087e-02
5.919182124486443985e-02
6.233157887061811092e-02
6.233157887061823582e-02
6.233157887061826358e-02
6.233157887061829827e-02
6.233157887061833990e-02
6.233157887061838154e-02
6.233157887061861052e-02
6.233157887061881175e-02
6.242737808031353225e-02
6.242737808031359470e-02
6.242737808031365715e-02
6.242737808031408042e-02
6.357790178642422352e-02
6.357790178642433454e-02
6.357790178642475087e-02
6.357790178642493129e-02
6.462962776288143363e-02
6.462962776288150302e-02
6.518018654724526406e-02
6.518018654724538896e-02
6.518018654724543059e-02
6.518018654724566652e-02
6.524008299505769382e-02
6.524008299505772157e-02
6.524008299505784647e-02
6.524008299505798525e-02
6.693245016237367451e-02
6.693245016237371614e-02
6.693245016237378553e-02
6.693245016237396594e-02
6.696754940831793623e-02
6.696754940831801950e-02
6.696754940831815828e-02
6.696754940831819991e-02
6.696754940831824154e-02
6.696754940831824154e-02
6.696754940831828318e-02
6.696754940831835257e-02
6.788542510858162904e-02
6.788542510858169843e-02
6.788542510858174006e-02
6.788542510858180945e-02
6.853888824167028715e-02
6.853888824167030103e-02
6.853888824167039817e-02
6.853888824167045368e-02
6.853888824167046756e-02
6.853888824167050919e-02
6.853888824167063409e-02
6.853888824167074512e-02
6.943548076168933048e-02
6.943548076168944150e-02
6.943548076168959415e-02
6.943548076168970518e-02
6.986262030856453531e-02
6.986262030856456307e-02
6.986262030856466021e-02
6.986262030856481287e-02
6.986262030856486838e-02
6.986262030856489613e-02
6.986262030856502103e-02
6.986262030856521532e-02
7.125515608713942073e-02
7.125515608713946236e-02
7.125515608713951787e-02
7.125515608713955951e-02
7.125515608713964277e-02
7.125515608713965665e-02
7.125515608713971216e-02
7.125515608713992033e-02
7.133635009358578472e-02
7.133635009358579859e-02
7.133635009358588186e-02
7.133635009358610390e-02
7.153315272787839907e-02
7.153315272787839907e-02
7.153315272787848234e-02
7.153315272787867662e-02
7.155603475048770423e-02
7.155603475048782913e-02
7.236450261228496994e-02
7.236450261228510872e-02
7.236450261228510872e-02
7.236450261228519198e-02
7.236450261228519198e-02
7.236450261228527525e-02
7.236450261228533076e-02
7.236450261228562220e-02
7.536269355945292292e-02
7.536269355945310333e-02
7.536269355945313109e-02
7.536269355945315884e-02
7.580359501363730101e-02
7.580359501363737040e-02
7.580359501363745367e-02
7.580359501363750918e-02
7.580359501363756469e-02
7.580359501363760633e-02
7.580359501363760633e-02
7.580359501363774510e-02
7.668067772644124314e-02
7.668067772644125701e-02
7.668067772644134028e-02
7.668067772644135416e-02
7.668067772644138191e-02
7.668067772644142355e-02
7.668067772644164559e-02
7.668067772644181213e-02
7.777520660465726821e-02
7.777520660465728208e-02
7.777520660465733759e-02
7.777520660465733759e-02
7.777520660465735147e-02
7.777520660465746249e-02
7.777520660465755964e-02
7.777520660465772617e-02
7.969747412532736386e-02
7.969747412532736386e-02
7.969747412532741937e-02
7.969747412532778019e-02
8.055187530686816477e-02
8.055187530686827579e-02
8.055187530686830355e-02
8.055187530686830355e-02
8.055187530686838682e-02
8.055187530686838682e-02
8.055187530686856723e-02
8.055187530686862274e-02
8.067346025308652635e-02
8.067346025308672064e-02
8.067346025308674839e-02
8.067346025308683166e-02
8.088349899184156533e-02
8.088349899184160696e-02
8.088349899184160696e-02
8.088349899184169023e-02
8.088349899184174574e-02
8.088349899184174574e-02
8.088349899184198166e-02
8.088349899184214820e-02
8.248253878474157141e-02
8.248253878474157141e-02
8.248253878474165468e-02
8.248253878474169631e-02
8.248253878474169631e-02
8.248253878474182121e-02
8.248253878474198775e-02
8.248253878474216816e-02
8.405397381185805705e-02
8.405397381185839012e-02
8.405397381185841787e-02
8.405397381185861216e-02
8.526353773739953068e-02
8.526353773739961395e-02
8.526353773739962782e-02
8.526353773739975273e-02
8.526353773739980824e-02
8.526353773739980824e-02
8.526353773739997477e-02
8.526353773740001640e-02
8.569257350844963761e-02
8.569257350844990129e-02
8.577819889136817366e-02
8.577819889136827081e-02
8.577819889136829856e-02
8.577819889136832632e-02
8.577819889136846510e-02
8.577819889136847897e-02
8.577819889136856224e-02
8.577819889136872877e-02
8.678636486234196645e-02
8.678636486234214686e-02
8.693347700297458791e-02
8.693347700297465730e-02
8.693347700297478220e-02
8.693347700297499037e-02
8.814256420033436679e-02
8.814256420033439454e-02
8.814256420033447781e-02
8.814256420033460271e-02
8.851973948900930533e-02
8.851973948900933309e-02
8.851973948900948574e-02
8.851973948900965228e-02
8.960995148209520422e-02
8.960995148209532912e-02
9.141926867749433638e-02
9.141926867749443353e-02
9.141926867749446128e-02
9.141926867749448904e-02
9.168614925786225389e-02
9.168614925786226777e-02
9.168614925786228165e-02
9.168614925786239267e-02
9.365669511025469240e-02
9.365669511025474792e-02
9.365669511025483118e-02
9.365669511025492833e-02
9.365669511025495608e-02
9.365669511025501159e-02
9.365669511025512262e-02
9.365669511025553895e-02
9.443438704894502322e-02
9.443438704894507874e-02
9.443438704894512037e-02
9.443438704894555058e-02
9.474794626227660277e-02
9.474794626227660277e-02
9.474794626227664440e-02
9.474794626227667216e-02
9.474794626227675542e-02
9.474794626227679706e-02
9.474794626227682481e-02
9.474794626227700522e-02
9.617952683309480277e-02
9.617952683309502482e-02
9.617952683309506645e-02
9.617952683309555217e-02
9.677406307775954231e-02
9.677406307775970884e-02
9.677406307775970884e-02
9.677406307775973660e-02
9.677406307775981986e-02
9.677406307775987537e-02
9.677406307775994476e-02
9.677406307776029171e-02
9.839508654187111014e-02
9.839508654187131831e-02
9.889344317243467519e-02
9.889344317243470295e-02
9.889344317243474458e-02
9.889344317243478621e-02
9.889344317243488336e-02
9.889344317243488336e-02
9.889344317243498050e-02
9.889344317243541072e-02
1.001120874116731146e-01
1.001120874116732812e-01
1.003863624643777097e-01
1.003863624643779873e-01
1.003863624643780428e-01
1.003863624643780705e-01
1.003863624643781122e-01
1.003863624643782093e-01
1.003863624643782787e-01
1.003863624643788893e-01
1.004415503188769848e-01
1.004415503188771791e-01
1.004415503188771791e-01
1.004415503188772207e-01
1.004415503188772346e-01
1.004415503188773873e-01
1.004415503188775260e-01
1.004415503188777203e-01
1.024079175822982246e-01
1.024079175822982940e-01
1.024079175822983356e-01
1.024079175822983634e-01
1.024079175822983773e-01
1.024079175822984605e-01
1.024079175822987936e-01
1.024079175822989185e-01
1.045781260788796185e-01
1.045781260788798267e-01
1.045781260788798683e-01
1.045781260788800071e-01
1.050754540633481171e-01
1.050754540633482004e-01
1.050754540633482836e-01
1.050754540633484085e-01
1.050754540633484502e-01
1.050754540633485612e-01
1.050754540633487832e-01
1.050754540633488943e-01
1.069017262149521835e-01
1.069017262149521974e-01
1.069017262149522668e-01
1.069017262149523084e-01
1.069017262149523501e-01
1.069017262149524472e-01
1.069017262149525721e-01
1.069017262149528497e-01
1.081206340072885935e-01
1.081206340072887323e-01
1.085467539184275659e-01
1.085467539184276076e-01
1.085467539184276908e-01
1.085467539184277325e-01
1.085467539184277741e-01
1.085467539184278019e-01
1.085467539184278712e-01
1.085467539184282876e-01
1.089441332554918207e-01
1.089441332554921399e-01
1.089441332554921399e-01
1.089441332554921815e-01
1.089441332554923064e-01
1.089441332554923203e-01
1.089441332554924313e-01
1.089441332554928893e-01
1.091243935159942197e-01
1.091243935159942197e-01
1.091243935159943029e-01
1.091243935159943307e-01
1.091243935159944278e-01
1.091243935159945111e-01
1.091243935159946638e-01
1.091243935159951078e-01
1.094523524428714922e-01
1.094523524428715339e-01
1.094523524428715755e-01
1.094523524428716726e-01
1.094523524428717004e-01
1.094523524428717559e-01
1.094523524428718392e-01
1.094523524428723527e-01
1.107386812977826235e-01
1.107386812977827067e-01
1.107386812977827484e-01
1.107386812977828733e-01
1.107386812977829010e-01
1.107386812977829704e-01
1.107386812977830537e-01
1.107386812977832341e-01
1.115130430719362270e-01
1.115130430719364074e-01
1.115130430719364490e-01
1.115130430719364907e-01
1.115130430719365739e-01
1.115130430719365739e-01
1.115130430719366433e-01
1.115130430719371429e-01
1.126223624528860795e-01
1.126223624528861211e-01
1.126223624528861905e-01
1.126223624528863154e-01
1.126223624528863571e-01
1.126223624528864403e-01
1.126223624528866346e-01
1.126223624528869816e-01
1.127269774801873542e-01
1.127269774801874652e-01
1.127269774801877150e-01
1.127269774801877983e-01
1.127942628662748775e-01
1.127942628662749469e-01
1.127942628662750024e-01
1.127942628662750441e-01
1.127942628662751551e-01
1.127942628662752106e-01
1.127942628662752800e-01
1.127942628662758073e-01
1.135010048465350252e-01
1.135010048465350391e-01
1.135010048465350668e-01
1.135010048465351223e-01
1.135010048465351501e-01
1.135010048465352334e-01
1.135010048465352750e-01
1.135010048465358856e-01
1.137243980412458583e-01
1.137243980412459554e-01
1.137243980412460387e-01
1.137243980412462607e-01
1.149895142152556754e-01
1.149895142152557725e-01
1.149895142152558558e-01
1.149895142152558836e-01
1.149895142152559530e-01
1.149895142152560501e-01
1.149895142152562999e-01
1.149895142152564942e-01
1.152881676183147991e-01
1.152881676183149656e-01
1.152881676183151183e-01
1.152881676183151599e-01
1.152881676183153542e-01
1.152881676183154375e-01
1.152881676183155207e-01
1.152881676183160620e-01
1.161577258707717497e-01
1.161577258707717775e-01
1.161577258707718191e-01
1.161577258707719162e-01
1.161577258707719579e-01
1.161577258707719995e-01
1.161577258707721105e-01
1.161577258707724297e-01
1.163519709384075035e-01
1.163519709384078921e-01
1.182280590502848006e-01
1.182280590502849671e-01
1.182280590502850642e-01
1.182280590502851891e-01
1.182280590502852446e-01
1.182280590502853140e-01
1.182280590502853279e-01
1.182280590502856887e-01
1.202025237285373194e-01
1.202025237285374026e-01
1.202025237285374165e-01
1.202025237285375275e-01
1.202025237285375692e-01
1.202025237285377079e-01
1.202025237285378190e-01
1.202025237285379439e-01
1.215742366718089856e-01
1.215742366718091522e-01
1.215742366718093742e-01
1.215742366718095269e-01
1.221898578981049505e-01
1.221898578981051170e-01
1.221898578981051864e-01
1.221898578981051864e-01
1.221898578981053529e-01
1.221898578981053946e-01
1.221898578981054778e-01
1.221898578981056721e-01
1.222105370703610860e-01
1.222105370703614469e-01
1.222432304108558576e-01
1.222432304108560658e-01
1.222432304108561907e-01
1.222432304108562739e-01
1.222432304108563988e-01
1.222432304108564266e-01
1.222432304108565099e-01
1.222432304108566348e-01
1.240424972605606579e-01
1.240424972605607551e-01
1.240424972605607828e-01
1.240424972605607967e-01
1.240424972605609077e-01
1.240424972605609077e-01
1.240424972605610743e-01
1.240424972605614351e-01
1.250328322970708506e-01
1.250328322970710171e-01
1.250328322970710171e-01
1.250328322970710726e-01
1.250328322970711004e-01
1.250328322970711836e-01
1.250328322970715167e-01
1.250328322970717942e-01
1.265004940451087412e-01
1.265004940451093518e-01
1.274273384616867177e-01
1.274273384616870231e-01
1.278371456804473227e-01
1.278371456804474338e-01
1.278371456804476558e-01
1.278371456804479056e-01
1.279966813404837533e-01
1.279966813404841697e-01
1.279966813404842252e-01
1.279966813404848081e-01
1.281547350609461566e-01
1.281547350609461844e-01
1.281547350609462677e-01
1.281547350609463787e-01
1.281547350609465175e-01
1.281547350609467673e-01
1.281547350609467950e-01
1.281547350609471281e-01
1.289437071546231384e-01
1.289437071546236102e-01
1.291176604525671179e-01
1.291176604525672844e-01
1.291176604525673122e-01
1.291176604525674232e-01
1.291176604525675065e-01
1.291176604525675897e-01
1.291176604525677840e-01
1.291176604525678395e-01
1.307605976761847533e-01
1.307605976761848088e-01
1.321008674005076378e-01
1.321008674005078043e-01
1.321008674005078321e-01
1.321008674005078598e-01
1.321008674005079986e-01
1.321008674005080819e-01
1.321008674005080819e-01
1.321008674005087757e-01
1.322194664579040835e-01
1.322194664579041667e-01
1.337355223077638378e-01
1.337355223077639210e-01
1.337355223077640043e-01
1.337355223077643096e-01
1.339350988166358725e-01
1.339350988166359557e-01
1.339350988166360390e-01
1.339350988166361500e-01
1.339350988166363721e-01
1.339350988166363998e-01
1.339350988166364831e-01
1.339350988166366496e-01
1.350340002067490774e-01
1.350340002067493550e-01
1.350340002067494938e-01
1.350340002067494938e-01
1.350340002067494938e-01
1.350340002067495770e-01
1.350340002067496603e-01
1.350340002067496603e-01
1.352706754667460376e-01
1.352706754667462596e-01
1.382861887932487210e-01
1.382861887932487766e-01
1.382861887932488043e-01
1.382861887932488598e-01
1.382861887932488876e-01
1.382861887932492206e-01
1.382861887932495815e-01
1.382861887932496647e-01
1.393680436476956164e-01
1.393680436476956164e-01
1.393680436476957829e-01
1.393680436476958107e-01
1.393680436476958384e-01
1.393680436476958939e-01
1.393680436476959217e-01
1.393680436476965046e-01
1.395938887280264162e-01
1.395938887280265273e-01
1.395938887280265828e-01
1.395938887280266383e-01
1.395938887280267771e-01
1.395938887280268048e-01
1.395938887280271101e-01
1.395938887280271101e-01
1.426932495400750900e-01
1.426932495400753398e-01
1.426932495400755063e-01
1.426932495400757006e-01
1.446316990186200802e-01
1.446316990186201634e-01
1.446316990186201912e-01
1.446316990186202744e-01
1.446316990186203022e-01
1.446316990186203577e-01
1.446316990186205520e-01
1.446316990186210516e-01
1.461250693648515342e-01
1.461250693648516730e-01
1.461250693648516730e-01
1.461250693648517562e-01
1.461250693648518117e-01
1.461250693648518673e-01
1.461250693648519505e-01
1.461250693648520338e-01
1.462021754265920015e-01
1.462021754265922513e-01
1.478047219669847423e-01
1.478047219669847978e-01
1.478047219669848811e-01
1.478047219669850476e-01
1.478047219669852419e-01
1.478047219669852974e-01
1.478047219669855750e-01
1.478047219669862411e-01
1.484389087807022056e-01
1.484389087807025387e-01
1.484389087807025942e-01
1.484389087807027052e-01
1.484389087807027607e-01
1.484389087807027607e-01
1.484389087807028718e-01
1.484389087807032326e-01
1.496717756203261862e-01
1.496717756203263805e-01
1.496717756203264083e-01
1.496717756203264360e-01
1.496717756203267691e-01
1.496717756203269079e-01
1.496717756203269634e-01
1.496717756203270744e-01
1.496941385821376203e-01
1.496941385821377313e-01
1.512135650834046663e-01
1.512135650834047496e-01
1.512135650834049161e-01
1.512135650834057210e-01
1.536118763734470316e-01
1.536118763734470316e-01
1.536118763734471981e-01
1.536118763734473647e-01
1.536118763734474757e-01
1.536118763734478920e-01
1.536118763734481696e-01
1.536118763734482529e-01
1.540187264231426822e-01
1.540187264231429043e-01
1.540187264231429598e-01
1.540187264231433206e-01
1.564662871689895818e-01
1.564662871689903589e-01
1.576038371443765906e-01
1.576038371443765906e-01
1.576038371443766739e-01
1.576038371443767017e-01
1.576038371443768682e-01
1.576038371443770347e-01
1.576038371443774233e-01
1.576038371443778396e-01
1.590367644535515823e-01
1.590367644535517488e-01
1.590367644535519431e-01
1.590367644535519431e-01
1.590367644535520264e-01
1.590367644535523040e-01
1.590367644535523040e-01
1.590367644535524150e-01
1.641999723901255981e-01
1.641999723901260144e-01
1.641999723901260699e-01
1.641999723901261810e-01
1.641999723901262365e-01
1.641999723901264585e-01
1.641999723901264863e-01
1.641999723901267361e-01
1.649650775694829763e-01
1.649650775694830873e-01
1.649650775694831151e-01
1.649650775694834759e-01
1.649650775694836147e-01
1.649650775694839477e-01
1.649650775694840588e-01
1.649650775694841143e-01
1.667834327546262596e-01
1.667834327546266204e-01
1.667834327546267037e-01
1.667834327546270090e-01
1.677235433063357928e-01
1.677235433063357928e-01
1.677235433063357928e-01
1.677235433063359316e-01
1.677235433063359593e-01
1.677235433063364589e-01
1.677235433063366254e-01
1.677235433063369863e-01
1.711910662199111755e-01
1.711910662199111755e-01
1.711910662199115085e-01
1.711910662199115640e-01
1.711910662199117028e-01
1.711910662199117861e-01
1.711910662199118971e-01
1.711910662199120636e-01
1.781227698252309533e-01
1.781227698252310088e-01
1.787497855624334275e-01
1.787497855624342047e-01
1.792120006036008184e-01
1.792120006036009017e-01
1.792120006036009849e-01
1.792120006036010960e-01
1.792120006036012902e-01
1.792120006036013735e-01
1.792120006036014568e-01
1.792120006036016788e-01
1.792967689035575574e-01
1.792967689035578904e-01
1.804414273905008415e-01
1.804414273905011190e-01
1.804414273905013411e-01
1.804414273905013688e-01
1.813264089116295441e-01
1.813264089116296551e-01
1.813264089116298494e-01
1.813264089116299327e-01
1.813264089116300715e-01
1.813264089116302102e-01
1.813264089116304600e-01
1.813264089116307931e-01
1.898781442290823074e-01
1.898781442290823906e-01
1.898781442290827237e-01
1.898781442290828902e-01
1.898781442290829735e-01
1.898781442290830568e-01
1.898781442290831956e-01
1.898781442290836396e-01
1.908531972437775837e-01
1.908531972437776669e-01
1.908531972437780555e-01
1.908531972437782220e-01
1.910668385032844308e-01
1.910668385032853744e-01
1.910957757572318005e-01
1.910957757572319393e-01
1.910957757572320503e-01
1.910957757572321059e-01
1.910957757572321336e-01
1.910957757572322724e-01
1.910957757572324112e-01
1.910957757572327442e-01
1.915953316752312952e-01
1.915953316752315172e-01
1.915953316752316282e-01
1.915953316752317115e-01
1.915953316752317115e-01
1.915953316752318780e-01
1.915953316752320446e-01
1.915953316752320446e-01
1.931500098397732068e-01
1.931500098397734566e-01
1.931500098397735954e-01
1.931500098397740950e-01
1.935481261555192789e-01
1.935481261555193344e-01
1.935481261555197230e-01
1.935481261555198063e-01
1.935481261555199728e-01
1.935481261555204724e-01
1.935481261555204724e-01
1.935481261555204724e-01
1.948122259324656935e-01
1.948122259324659711e-01
1.948122259324659988e-01
1.948122259324661376e-01
1.960813366733314134e-01
1.960813366733314689e-01
1.960813366733318852e-01
1.960813366733326069e-01
1.990325139604325888e-01
1.990325139604326443e-01
1.990325139604330051e-01
1.990325139604334215e-01
2.004136478385966369e-01
2.004136478385968589e-01
2.004136478385968589e-01
2.004136478385971365e-01
2.004136478385971920e-01
2.004136478385972198e-01
2.004136478385973863e-01
2.004136478385975528e-01
2.009026482249544610e-01
2.009026482249545997e-01
2.009026482249547663e-01
2.009026482249547663e-01
2.009026482249547940e-01
2.009026482249549328e-01
2.009026482249549606e-01
2.009026482249550438e-01
2.041086394092216094e-01
2.041086394092219147e-01
2.041086394092220258e-01
2.041086394092224976e-01
2.047759379712058569e-01
2.047759379712058569e-01
2.047759379712059402e-01
2.047759379712059402e-01
2.047759379712060235e-01
2.047759379712062178e-01
2.047759379712065508e-01
2.047759379712070782e-01
2.054764624663675265e-01
2.054764624663677763e-01
2.054764624663679984e-01
2.054764624663682482e-01
2.070038131457622721e-01
2.070038131457626607e-01
2.076186531838971616e-01
2.076186531838972449e-01
2.076186531838975502e-01
2.076186531838976335e-01
2.076186531838976335e-01
2.076186531838976890e-01
2.076186531838978000e-01
2.076186531838985216e-01
2.093710823741601335e-01
2.093710823741603555e-01
2.093710823741606053e-01
2.093710823741612714e-01
2.120188883279071901e-01
2.120188883279071901e-01
2.120188883279073011e-01
2.120188883279074676e-01
2.120188883279075509e-01
2.120188883279078007e-01
2.120188883279078840e-01
2.120188883279079395e-01
2.143391891088269330e-01
2.143391891088272383e-01
2.143391891088272661e-01
2.143391891088277379e-01
2.178882665109843075e-01
2.178882665109844463e-01
2.178882665109845573e-01
2.178882665109847239e-01
2.178882665109847794e-01
2.178882665109849459e-01
2.178882665109852512e-01
2.178882665109852790e-01
2.182906663099306865e-01
2.182906663099308808e-01
2.182906663099309363e-01
2.182906663099311029e-01
2.182906663099313527e-01
2.182906663099314359e-01
2.182906663099315192e-01
2.182906663099318800e-01
2.187047218090100442e-01
2.187047218090104883e-01
2.231402218215114142e-01
2.231402218215118305e-01
2.231402218215120803e-01
2.231402218215122468e-01
2.245167093827472315e-01
2.245167093827476479e-01
2.252427396698188089e-01
2.252427396698189477e-01
2.252427396698191142e-01
2.252427396698191142e-01
2.252427396698193363e-01
2.252427396698196971e-01
2.252427396698205853e-01
2.252427396698210016e-01
2.265527031283360304e-01
2.265527031283361969e-01
2.265527031283362802e-01
2.265527031283363635e-01
2.265527031283365578e-01
2.265527031283366133e-01
2.265527031283366410e-01
2.265527031283371129e-01
2.265977149774059674e-01
2.265977149774060784e-01
2.265977149774063837e-01
2.265977149774067168e-01
2.267147269495723150e-01
2.267147269495729811e-01
2.267147269495733419e-01
2.267147269495734807e-01
2.311892527164642330e-01
2.311892527164649824e-01
2.311892527164651490e-01
2.311892527164653710e-01
2.311892527164656208e-01
2.311892527164656763e-01
2.311892527164660094e-01
2.311892527164663702e-01
2.350720042672402588e-01
2.350720042672409249e-01
2.350720042672410914e-01
2.350720042672412857e-01
2.364561181005697676e-01
2.364561181005698232e-01
2.364561181005700174e-01
2.364561181005703228e-01
2.364561181005704060e-01
2.364561181005704615e-01
2.364561181005710722e-01
2.364561181005712109e-01
2.380312959716301136e-01
2.380312959716301968e-01
2.380312959716305299e-01
2.380312959716306964e-01
2.380312959716311128e-01
2.380312959716312515e-01
2.380312959716317511e-01
2.380312959716321675e-01
2.386735101593631947e-01
2.386735101593640274e-01
2.406886504847608743e-01
2.406886504847618180e-01
2.406886504847618458e-01
2.406886504847619013e-01
2.419578325753181103e-01
2.419578325753181380e-01
2.424384337384306309e-01
2.424384337384307975e-01
2.424384337384315469e-01
2.424384337384318244e-01
2.424384337384319632e-01
2.424384337384321020e-01
2.424384337384322130e-01
2.424384337384326293e-01
2.441547349864257033e-01
2.441547349864259808e-01
2.441547349864262306e-01
2.441547349864264804e-01
2.441547349864264804e-01
2.441547349864270910e-01
2.441547349864275351e-01
2.441547349864276184e-01
2.442706177413115354e-01
2.442706177413122015e-01
2.442706177413124513e-01
2.442706177413125901e-01
2.474476163542246865e-01
2.474476163542249640e-01
2.474476163542250473e-01
2.474476163542251861e-01
2.474476163542257690e-01
2.474476163542259077e-01
2.474476163542264073e-01
2.474476163542264906e-01
2.480849945211210661e-01
2.480849945211212604e-01
2.480849945211213159e-01
2.480849945211213159e-01
2.480849945211214824e-01
2.480849945211219820e-01
2.480849945211222318e-01
2.480849945211223151e-01
2.499262968502219684e-01
2.499262968502220517e-01
2.499262968502222459e-01
2.499262968502227733e-01
2.499262968502229676e-01
2.499262968502231064e-01
2.499262968502231896e-01
2.499262968502232729e-01
2.500658648971917919e-01
2.500658648971924580e-01
2.500658648971929576e-01
2.500658648971930686e-01
2.511489971452719461e-01
2.511489971452719461e-01
2.511489971452721681e-01
2.511489971452727232e-01
2.511489971452730563e-01
2.511489971452734449e-01
2.511489971452735559e-01
2.511489971452736669e-01
2.528490169766841600e-01
2.528490169766843265e-01
2.528490169766844931e-01
2.528490169766846596e-01
2.528490169766847706e-01
2.528490169766848816e-01
2.528490169766852147e-01
2.528490169766855478e-01
2.529106315821051387e-01
2.529106315821055273e-01
2.529106315821055273e-01
2.529106315821055828e-01
2.529106315821057493e-01
2.529106315821060824e-01
2.529106315821063600e-01
2.529106315821068041e-01
2.529638194929893502e-01
2.529638194929894057e-01
2.529638194929894057e-01
2.529638194929896278e-01
2.529638194929897943e-01
2.529638194929899608e-01
2.529638194929905715e-01
2.529638194929906825e-01
2.533089801240595573e-01
2.533089801240600014e-01
2.533089801240601124e-01
2.533089801240602790e-01
2.533089801240603345e-01
2.533089801240603345e-01
2.533089801240612227e-01
2.533089801240615002e-01
2.537074221413801456e-01
2.537074221413802011e-01
2.537074221413803676e-01
2.537074221413804231e-01
2.537074221413804787e-01
2.537074221413807562e-01
2.537074221413807562e-01
2.537074221413812558e-01
2.538839324115089724e-01
2.538839324115095830e-01
2.540828398491145612e-01
2.540828398491146722e-01
2.540828398491153384e-01
2.540828398491157269e-01
2.552702825886934423e-01
2.552702825886935534e-01
2.552702825886935534e-01
2.552702825886937199e-01
2.552702825886937199e-01
2.552702825886939419e-01
2.552702825886940530e-01
2.552702825886949967e-01
2.558962247089261455e-01
2.558962247089265896e-01
2.558962247089270337e-01
2.558962247089274777e-01
2.559880410680166474e-01
2.559880410680168139e-01
2.559880410680172025e-01
2.559880410680173135e-01
2.559880410680173690e-01
2.559880410680175911e-01
2.559880410680176466e-01
2.559880410680178131e-01
2.566520035200411942e-01
2.566520035200416383e-01
2.566520035200416383e-01
2.566520035200418604e-01
2.566520035200418604e-01
2.566520035200428596e-01
2.566520035200429706e-01
2.566520035200435812e-01
2.573204101681008660e-01
2.573204101681009770e-01
2.573204101681010325e-01
2.573204101681011990e-01
2.578059853690441439e-01
2.578059853690443104e-01
2.578059853690443104e-01
2.578059853690443104e-01
2.578059853690446990e-01
2.578059853690449210e-01
2.578059853690450876e-01
2.578059853690454206e-01
2.581963315578483797e-01
2.581963315578486573e-01
2.592714487070384988e-01
2.592714487070387763e-01
2.592714487070389429e-01
2.592714487070392759e-01
2.592714487070392759e-01
2.592714487070393869e-01
2.592714487070394980e-01
2.592714487070400531e-01
2.598244774397121537e-01
2.598244774397125978e-01
2.598244774397129864e-01
2.598244774397132639e-01
2.598244774397132639e-01
2.598244774397134860e-01
2.598244774397135970e-01
2.598244774397139856e-01
2.602901937423008905e-01
2.602901937423010570e-01
2.602901937423012235e-01
2.602901937423017231e-01
2.602901937423018897e-01
2.602901937423018897e-01
2.602901937423020562e-01
2.602901937423024448e-01
2.634056144707040970e-01
2.634056144707040970e-01
2.634056144707041525e-01
2.634056144707042635e-01
2.634056144707044300e-01
2.634056144707046521e-01
2.634056144707048741e-01
2.634056144707055402e-01
2.669918398209234489e-01
2.669918398209239485e-01
2.669918398209240595e-01
2.669918398209245036e-01
2.669918398209246702e-01
2.669918398209251698e-01
2.669918398209252253e-01
2.669918398209264465e-01
2.679978003338052139e-01
2.679978003338053250e-01
2.685700249660569749e-01
2.685700249660571415e-01
2.695693963128517057e-01
2.695693963128522053e-01
2.701632408827397414e-01
2.701632408827400744e-01
2.701632408827400744e-01
2.701632408827401299e-01
2.701632408827401854e-01
2.701632408827404630e-01
2.701632408827409626e-01
2.701632408827412402e-01
2.702736271090101505e-01
2.702736271090102060e-01
2.711805741909991685e-01
2.711805741909992240e-01
2.711805741909995571e-01
2.711805741909997236e-01
2.719773642897625465e-01
2.719773642897627686e-01
2.719773642897632682e-01
2.719773642897637678e-01
2.719773642897637678e-01
2.719773642897637678e-01
2.719773642897638233e-01
2.719773642897647115e-01
2.732660634153322721e-01
2.732660634153325496e-01
2.732660634153325496e-01
2.732660634153328827e-01
2.732660634153328827e-01
2.732660634153332713e-01
2.732660634153333823e-01
2.732660634153334933e-01
2.734970407276002824e-01
2.734970407276005600e-01
2.734970407276010596e-01
2.734970407276011706e-01
2.734970407276012816e-01
2.734970407276013926e-01
2.734970407276013926e-01
2.734970407276030024e-01
2.747210003464511940e-01
2.747210003464518047e-01
2.747210003464518602e-01
2.747210003464520267e-01
2.747210003464520267e-01
2.747210003464521932e-01
2.747210003464524708e-01
2.747210003464535255e-01
2.823092487405471362e-01
2.823092487405475248e-01
2.833783008465109998e-01
2.833783008465109998e-01
2.833783008465109998e-01
2.833783008465112774e-01
2.833783008465112774e-01
2.833783008465113329e-01
2.833783008465114994e-01
2.833783008465127207e-01
2.854551024155433936e-01
2.854551024155438377e-01
2.854551024155438932e-01
2.854551024155438932e-01
2.903221892332784049e-01
2.903221892332791820e-01
2.903221892332792931e-01
2.903221892332794041e-01
2.903221892332798482e-01
2.903221892332799592e-01
2.903221892332800147e-01
2.903221892332810139e-01
2.905140095009080548e-01
2.905140095009080548e-01
2.905140095009083323e-01
2.905140095009084433e-01
2.905140095009088874e-01
2.905140095009088874e-01
2.905140095009090540e-01
2.905140095009095536e-01
2.932803723423548226e-01
2.932803723423549336e-01
2.932803723423549891e-01
2.932803723423552666e-01
2.932803723423555997e-01
2.932803723423557107e-01
2.932803723423558218e-01
2.932803723423559328e-01
2.934182171422345387e-01
2.934182171422348162e-01
2.934182171422348162e-01
2.934182171422349272e-01
2.934182171422351493e-01
2.934182171422353158e-01
2.934182171422354823e-01
2.934182171422357599e-01
2.956283033288509832e-01
2.956283033288510942e-01
2.956283033288511497e-01
2.956283033288517048e-01
2.956283033288520379e-01
2.956283033288524265e-01
2.956283033288524820e-01
2.956283033288529816e-01
2.960820154945515426e-01
2.960820154945521532e-01
2.960820154945524862e-01
2.960820154945526528e-01
2.975835248852782278e-01
2.975835248852786163e-01
2.977191357776915459e-01
2.977191357776920455e-01
2.977191357776923231e-01
2.977191357776924896e-01
2.990666387581949470e-01
2.990666387581953911e-01
2.990666387581956132e-01
2.990666387581959462e-01
2.990666387581963348e-01
2.990666387581964458e-01
2.990666387581966124e-01
2.990666387581974450e-01
2.997514385548653570e-01
2.997514385548659677e-01
3.014323950714694611e-01
3.014323950714705713e-01
3.071274314774928293e-01
3.071274314774929959e-01
3.071274314774930514e-01
3.071274314774940506e-01
3.078290254819266436e-01
3.078290254819270322e-01
3.078290254819271432e-01
3.078290254819273097e-01
3.078290254819275318e-01
3.078290254819275873e-01
3.078290254819275873e-01
3.078290254819277538e-01
3.080947966670470883e-01
3.080947966670470883e-01
3.080947966670473104e-01
3.080947966670474769e-01
3.080947966670476990e-01
3.080947966670478100e-01
3.080947966670478655e-01
3.080947966670480320e-01
3.091608794950331252e-01
3.091608794950338468e-01
3.124643377653550380e-01
3.124643377653550935e-01
3.124643377653551490e-01
3.124643377653552601e-01
3.124643377653554821e-01
3.124643377653555931e-01
3.124643377653560927e-01
3.124643377653562037e-01
3.124911699840283719e-01
3.124911699840283719e-01
3.124911699840285939e-01
3.124911699840292600e-01
3.130393526831177775e-01
3.130393526831182771e-01
3.130393526831187767e-01
3.130393526831190543e-01
3.139789749563245413e-01
3.139789749563246524e-01
3.139789749563248744e-01
3.139789749563249854e-01
3.139789749563250965e-01
3.139789749563253185e-01
3.139789749563258736e-01
3.139789749563261512e-01
3.185745471407226970e-01
3.185745471407228080e-01
3.185745471407230855e-01
3.185745471407230855e-01
3.185745471407231966e-01
3.185745471407234186e-01
3.185745471407238627e-01
3.185745471407239737e-01
3.218646393614323920e-01
3.218646393614326140e-01
3.218646393614332801e-01
3.218646393614333356e-01
3.218646393614338908e-01
3.218646393614340018e-01
3.218646393614341128e-01
3.218646393614343348e-01
3.236171137308448409e-01
3.236171137308451740e-01
3.236171137308453405e-01
3.236171137308454515e-01
3.236171137308458401e-01
3.236171137308460066e-01
3.236171137308460621e-01
3.236171137308460621e-01
3.268323997664763780e-01
3.268323997664768776e-01
3.268323997664768776e-01
3.268323997664769887e-01
3.268323997664770997e-01
3.268323997664772107e-01
3.268323997664774883e-01
3.268323997664777103e-01
3.271275418301937132e-01
3.271275418301937132e-01
3.271275418301940463e-01
3.271275418301941573e-01
3.271275418301942128e-01
3.271275418301943794e-01
3.271275418301945459e-01
3.271275418301951010e-01
3.295043780693588942e-01
3.295043780693590607e-01
3.298155989908112540e-01
3.298155989908115870e-01
3.315221889057829441e-01
3.315221889057829996e-01
3.315221889057829996e-01
3.315221889057832216e-01
3.315221889057836657e-01
3.315221889057839988e-01
3.315221889057839988e-01
3.315221889057846094e-01
3.326922955344422395e-01
3.326922955344431276e-01
3.362998295526583581e-01
3.362998295526585801e-01
3.362998295526588022e-01
3.362998295526593573e-01
3.362998295526598014e-01
3.362998295526598569e-01
3.362998295526599679e-01
3.362998295526600789e-01
3.396677660340102767e-01
3.396677660340104432e-01
3.405718975981888996e-01
3.405718975981898433e-01
3.405718975981904539e-01
3.405718975981907315e-01
3.410234541396124364e-01
3.410234541396127694e-01
3.410234541396129360e-01
3.410234541396134911e-01
3.410234541396136021e-01
3.410234541396136576e-01
3.410234541396141017e-01
3.410234541396146568e-01
3.429751509302095269e-01
3.429751509302096379e-01
3.443178891819813625e-01
3.443178891819813625e-01
3.443178891819816956e-01
3.443178891819818621e-01
3.443178891819819176e-01
3.443178891819823617e-01
3.443178891819824172e-01
3.443178891819824727e-01
3.445516741624320423e-01
3.445516741624324308e-01
3.445516741624327639e-01
3.445516741624328749e-01
3.445516741624328749e-01
3.445516741624333190e-01
3.445516741624335966e-01
3.445516741624335966e-01
3.465130615772925582e-01
3.465130615772928357e-01
3.465130615772931133e-01
3.465130615772936684e-01
3.465130615772937794e-01
3.465130615772939460e-01
3.465130615772939460e-01
3.465130615772941680e-01
3.474690879992586301e-01
3.474690879992591297e-01
3.474690879992592962e-01
3.474690879992596848e-01
3.474690879992596848e-01
3.474690879992599624e-01
3.474690879992600734e-01
3.474690879992600734e-01
3.491550098291473780e-01
3.491550098291476556e-01
3.491550098291477111e-01
3.491550098291478221e-01
3.491550098291478221e-01
3.491550098291479332e-01
3.491550098291481552e-01
3.491550098291485438e-01
3.518189772251567038e-01
3.518189772251572034e-01
3.518189772251575365e-01
3.518189772251575920e-01
3.518189772251575920e-01
3.518189772251576475e-01
3.518189772251581471e-01
3.518189772251581471e-01
3.546841771508541519e-01
3.546841771508545405e-01
3.546841771508545960e-01
3.546841771508548735e-01
3.546841771508553731e-01
3.546841771508555397e-01
3.546841771508556507e-01
3.546841771508558727e-01
3.573993586586999838e-01
3.573993586587000948e-01
3.573993586587007609e-01
3.573993586587013715e-01
3.604070775413575345e-01
3.604070775413577565e-01
3.611657202610746298e-01
3.611657202610748518e-01
3.611657202610750184e-01
3.611657202610752404e-01
3.611657202610755180e-01
3.611657202610755180e-01
3.611657202610762951e-01
3.611657202610765172e-01
3.630685077304011132e-01
3.630685077304017794e-01
3.634170290645418189e-01
3.634170290645421519e-01
3.646662879220504139e-01
3.646662879220505249e-01
3.646662879220514131e-01
3.646662879220519127e-01
3.646662879220519127e-01
3.646662879220520792e-01
3.646662879220520792e-01
3.646662879220521902e-01
3.692583229803706457e-01
3.692583229803717559e-01
3.692583229803718670e-01
3.692583229803720890e-01
3.692583229803720890e-01
3.692583229803724221e-01
3.692583229803727551e-01
3.692583229803731437e-01
3.699522539892630690e-01
3.699522539892635686e-01
3.699522539892636797e-01
3.699522539892643458e-01
3.699522539892644568e-01
3.699522539892645678e-01
3.699522539892650119e-01
3.699522539892652895e-01
3.701719990106794866e-01
3.701719990106797642e-01
3.703053159141597717e-01
3.703053159141597717e-01
3.703053159141606598e-01
3.703053159141610484e-01
3.717460163485802327e-01
3.717460163485802882e-01
3.717460163485803437e-01
3.717460163485805658e-01
3.717460163485809543e-01
3.717460163485812874e-01
3.717460163485812874e-01
3.717460163485812874e-01
3.721274917816819738e-01
3.721274917816820293e-01
3.721274917816821959e-01
3.721274917816826400e-01
3.721274917816828065e-01
3.721274917816828620e-01
3.721274917816829175e-01
3.721274917816834726e-01
3.745618717602723913e-01
3.745618717602727243e-01
3.745618717602728354e-01
3.745618717602731684e-01
3.745618717602734460e-01
3.745618717602735570e-01
3.745618717602737235e-01
3.745618717602740566e-01
3.774340823916482734e-01
3.774340823916482734e-01
3.782531092271351203e-01
3.782531092271352313e-01
3.782531092271352313e-01
3.782531092271353979e-01
3.782531092271356199e-01
3.782531092271360640e-01
3.782531092271362860e-01
3.782531092271364526e-01
3.796301168311058682e-01
3.796301168311063678e-01
3.796301168311067009e-01
3.796301168311068119e-01
3.796301168311071450e-01
3.796301168311073115e-01
3.796301168311074781e-01
3.796301168311074781e-01
3.824180888383311161e-01
3.824180888383312271e-01
3.824180888383314492e-01
3.824180888383314492e-01
3.824180888383316157e-01
3.824180888383317267e-01
3.824180888383317822e-01
3.824180888383320598e-01
3.835658891672653059e-01
3.835658891672653614e-01
3.835658891672654724e-01
3.835658891672656390e-01
3.835658891672660276e-01
3.835658891672660276e-01
3.835658891672661941e-01
3.835658891672663606e-01
3.844768446852544486e-01
3.844768446852548927e-01
3.844768446852550592e-01
3.844768446852550592e-01
3.844768446852551147e-01
3.844768446852552257e-01
3.844768446852552812e-01
3.844768446852555588e-01
3.861178778913788578e-01
3.861178778913789689e-01
3.861178778913793019e-01
3.861178778913798015e-01
3.874571637366774901e-01
3.874571637366777122e-01
3.878139184974441211e-01
3.878139184974443987e-01
3.878139184974452314e-01
3.878139184974460085e-01
3.894409270006223833e-01
3.894409270006227719e-01
3.900593710145007775e-01
3.900593710145011106e-01
3.905704665508735740e-01
3.905704665508738516e-01
3.905704665508740181e-01
3.905704665508741846e-01
3.905704665508745177e-01
3.905704665508745732e-01
3.905704665508748508e-01
3.905704665508749618e-01
3.912554977350026220e-01
3.912554977350027885e-01
3.912554977350030661e-01
3.912554977350034546e-01
3.912554977350037322e-01
3.912554977350037322e-01
3.912554977350041208e-01
3.912554977350047869e-01
3.923347713463994357e-01
3.923347713464002129e-01
3.923741638910658858e-01
3.923741638910659413e-01
3.924230572171566456e-01
3.924230572171569231e-01
3.986324719692690421e-01
3.986324719692703189e-01
3.986324719692703744e-01
3.986324719692703744e-01
3.986324719692704854e-01
3.986324719692707075e-01
3.986324719692708185e-01
3.986324719692713736e-01
3.988669365793297561e-01
3.988669365793299226e-01
3.988669365793299226e-01
3.988669365793299226e-01
3.988669365793300892e-01
3.988669365793302002e-01
3.988669365793304222e-01
3.988669365793314214e-01
4.005180507504865206e-01
4.005180507504868537e-01
4.061999825702825029e-01
4.061999825702826694e-01
4.061999825702828359e-01
4.061999825702835021e-01
4.061999825702836686e-01
4.061999825702837796e-01
4.061999825702837796e-01
4.061999825702839462e-01
4.065850404960499875e-01
4.065850404960507647e-01
4.065850404960511533e-01
4.065850404960514863e-01
4.065850404960517639e-01
4.065850404960517639e-01
4.065850404960520414e-01
4.065850404960520970e-01
4.077133783204118789e-01
4.077133783204120454e-01
4.077133783204122119e-01
4.077133783204129891e-01
4.088961336627799925e-01
4.088961336627803811e-01
4.088961336627804921e-01
4.088961336627806586e-01
4.088961336627806586e-01
4.088961336627808252e-01
4.088961336627810472e-01
4.088961336627811582e-01
4.125803615745373687e-01
4.125803615745373687e-01
4.125803615745379793e-01
4.125803615745383679e-01
4.125803615745387010e-01
4.125803615745388120e-01
4.125803615745389785e-01
4.125803615745390340e-01
4.150338167341049433e-01
4.150338167341049433e-01
4.150338167341053874e-01
4.150338167341055540e-01
4.150338167341059425e-01
4.150338167341062201e-01
4.150338167341062201e-01
4.150338167341062756e-01
4.186639688079872856e-01
4.186639688079917265e-01
4.192961657130216957e-01
4.192961657130230280e-01
4.206186657817609920e-01
4.206186657817614361e-01
4.212027556887317781e-01
4.212027556887334989e-01
4.221288634234035553e-01
4.221288634234037773e-01
4.221288634234041104e-01
4.221288634234042769e-01
4.221288634234042769e-01
4.221288634234051096e-01
4.221288634234053871e-01
4.221288634234058867e-01
4.237257475817451380e-01
4.237257475817459151e-01
4.237257475817461372e-01
4.237257475817474139e-01
4.258232253767472719e-01
4.258232253767484932e-01
4.258232253767488262e-01
4.258232253767488817e-01
4.258232253767493258e-01
4.258232253767493258e-01
4.258232253767499920e-01
4.258232253767506581e-01
4.269386960346080451e-01
4.269386960346087112e-01
4.269386960346095439e-01
4.269386960346100435e-01
4.282885248638491626e-01
4.282885248638494957e-01
4.346237231028231562e-01
4.346237231028234893e-01
4.346237231028239334e-01
4.346237231028239889e-01
4.346237231028240999e-01
4.346237231028248216e-01
4.346237231028249881e-01
4.346237231028257653e-01
4.346542149271855893e-01
4.346542149271859778e-01
4.346542149271866440e-01
4.346542149271877542e-01
4.355962844742807261e-01
4.355962844742807261e-01
4.360833215780547945e-01
4.360833215780559602e-01
4.360833215780560157e-01
4.360833215780561267e-01
4.360833215780562933e-01
4.360833215780566263e-01
4.360833215780566818e-01
4.360833215780566818e-01
4.373558175798626380e-01
4.373558175798630265e-01
4.373558175798631931e-01
4.373558175798631931e-01
4.373558175798636372e-01
4.373558175798638037e-01
4.373558175798638037e-01
4.373558175798641368e-01
4.380659485291945598e-01
4.380659485291946709e-01
4.380659485291946709e-01
4.380659485291947264e-01
4.380659485291950594e-01
4.380659485291953370e-01
4.380659485291953370e-01
4.380659485291960031e-01
4.398082440966530893e-01
4.398082440966531448e-01
4.398082440966536444e-01
4.398082440966541440e-01
4.412331232559157379e-01
4.412331232559160710e-01
4.412331232559162375e-01
4.412331232559165706e-01
4.412331232559169591e-01
4.412331232559170702e-01
4.412331232559171257e-01
4.412331232559172367e-01
4.414315034264300608e-01
4.414315034264302828e-01
4.414315034264302828e-01
4.414315034264304494e-01
4.414315034264304494e-01
4.414315034264306714e-01
4.414315034264311710e-01
4.414315034264321147e-01
4.427959436611184629e-01
4.427959436611191846e-01
4.441642911902761170e-01
4.441642911902767277e-01
4.441642911902776714e-01
4.441642911902778934e-01
4.441642911902778934e-01
4.441642911902783930e-01
4.441642911902785040e-01
4.441642911902787261e-01
4.489858952422791094e-01
4.489858952422795535e-01
4.489858952422797755e-01
4.489858952422800531e-01
4.489858952422802196e-01
4.489858952422806637e-01
4.489858952422806637e-01
4.489858952422814964e-01
4.507225456438465061e-01
4.507225456438468392e-01
4.507225456438469502e-01
4.507225456438471167e-01
4.507225456438471722e-01
4.507225456438471722e-01
4.507225456438474498e-01
4.507225456438479494e-01
4.523918382315706976e-01
4.523918382315728071e-01
4.525187145526380905e-01
4.525187145526388677e-01
4.542805285278906369e-01
4.542805285278911920e-01
4.545485716476005966e-01
4.545485716476024285e-01
4.560811574820448078e-01
4.560811574820450853e-01
4.560811574820450853e-01
4.560811574820451963e-01
4.560811574820451963e-01
4.560811574820453629e-01
4.560811574820460845e-01
4.560811574820468617e-01
4.606234070217468668e-01
4.606234070217470888e-01
4.615418517412798183e-01
4.615418517412805399e-01
4.617046819314201689e-01
4.617046819314202799e-01
4.617046819314207795e-01
4.617046819314209460e-01
4.617046819314210016e-01
4.617046819314212791e-01
4.617046819314215567e-01
4.617046819314217232e-01
4.617323754513563139e-01
4.617323754513563139e-01
4.617323754513564804e-01
4.617323754513564804e-01
4.617323754513568135e-01
4.617323754513570355e-01
4.617323754513573131e-01
4.617323754513575906e-01
4.629329020741343448e-01
4.629329020741343448e-01
4.629329020741345668e-01
4.629329020741351775e-01
4.629329020741351775e-01
4.629329020741351775e-01
4.629329020741353440e-01
4.629329020741355105e-01
4.667689041073302403e-01
4.667689041073302958e-01
4.667689041073304068e-01
4.667689041073305733e-01
4.667689041073310730e-01
4.667689041073312950e-01
4.667689041073317391e-01
4.667689041073330714e-01
4.688882243210951151e-01
4.688882243210960588e-01
4.690553618533972458e-01
4.690553618533980229e-01
4.690553618533980229e-01
4.690553618533985225e-01
4.690553618533987446e-01
4.690553618533995772e-01
4.690553618533999103e-01
4.690553618534000768e-01
4.692972750906565516e-01
4.692972750906568291e-01
4.692972750906572177e-01
4.692972750906573842e-01
4.693793428954440849e-01
4.693793428954445845e-01
4.727836518140621780e-01
4.727836518140626221e-01
4.772175603978113800e-01
4.772175603978117686e-01
4.772175603978124347e-01
4.772175603978125458e-01
4.772175603978127123e-01
4.772175603978127678e-01
4.772175603978130454e-01
4.772175603978137115e-01
4.779518583853206715e-01
4.779518583853210045e-01
4.779518583853218372e-01
4.779518583853221148e-01
4.779518583853224478e-01
4.779518583853225033e-01
4.779518583853226144e-01
4.779518583853227254e-01
4.780013821547242636e-01
4.780013821547246522e-01
4.780013821547250963e-01
4.780013821547259290e-01
4.797973105665535032e-01
4.797973105665541693e-01
4.797973105665551130e-01
4.797973105665552795e-01
4.799991609606910070e-01
4.799991609606912291e-01
4.800078363486760535e-01
4.800078363486765531e-01
4.800078363486769972e-01
4.800078363486772193e-01
4.804015076495374847e-01
4.804015076495375958e-01
4.804015076495376513e-01
4.804015076495383174e-01
4.804015076495384284e-01
4.804015076495384839e-01
4.804015076495397052e-01
4.804015076495397607e-01
4.805890637609838145e-01
4.805890637609853133e-01
4.807012409196260716e-01
4.807012409196261826e-01
4.807012409196266822e-01
4.807012409196270708e-01
4.807012409196272373e-01
4.807012409196273484e-01
4.807012409196291247e-01
4.807012409196294578e-01
4.874049214199831503e-01
4.874049214199840940e-01
4.874049214199846491e-01
4.874049214199849267e-01
4.874049214199849267e-01
4.874049214199849822e-01
4.874049214199851487e-01
4.874049214199857039e-01
4.880865669944204899e-01
4.880865669944216556e-01
4.880865669944218221e-01
4.880865669944222107e-01
4.880865669944224883e-01
4.880865669944225438e-01
4.880865669944229324e-01
4.880865669944230989e-01
4.921223692688552753e-01
4.921223692688572182e-01
4.921223692688573847e-01
4.921223692688573847e-01
4.921223692688575513e-01
4.921223692688580509e-01
4.921223692688583840e-01
4.921223692688584950e-01
4.929407048222219090e-01
4.929407048222224086e-01
4.929407048222228527e-01
4.929407048222234078e-01
4.929407048222237409e-01
4.929407048222239074e-01
4.929407048222239074e-01
4.929407048222242405e-01
4.942051851536504170e-01
4.942051851536520823e-01
4.942051851536523599e-01
4.942051851536524154e-01
4.942051851536525819e-01
4.942051851536527485e-01
4.942051851536536922e-01
4.942051851536540807e-01
4.960039792189392949e-01
4.960039792189397945e-01
5.000221276091424416e-01
5.000221276091429967e-01
5.000221276091432188e-01
5.000221276091434408e-01
5.000221276091444400e-01
5.000221276091447731e-01
5.000221276091463274e-01
5.000221276091465494e-01
5.008827727818849773e-01
5.008827727818859765e-01
5.023054413003923413e-01
5.023054413003930074e-01
5.023054413003938956e-01
5.023054413003941177e-01
5.023054413003948948e-01
5.023054413003951169e-01
5.023054413003954499e-01
5.023054413003967822e-01
5.040975273926618927e-01
5.040975273926621147e-01
5.040975273926624478e-01
5.040975273926630029e-01
5.061717292582736949e-01
5.061717292582738059e-01
5.061717292582738059e-01
5.061717292582739169e-01
5.065983804916990296e-01
5.065983804916996958e-01
5.067751555343494863e-01
5.067751555343498193e-01
5.067751555343499303e-01
5.067751555343507075e-01
5.067751555343508185e-01
5.067751555343511516e-01
5.067751555343512626e-01
5.067751555343514847e-01
5.070093291403050539e-01
5.070093291403061642e-01
5.089924278612547592e-01
5.089924278612555364e-01
5.103270237363511930e-01
5.103270237363535244e-01
5.120575430782974280e-01
5.120575430782982052e-01
5.130920037902325648e-01
5.130920037902348962e-01
5.142375244258283740e-01
5.142375244258289291e-01
5.150229897964546666e-01
5.150229897964558878e-01
5.150229897964561099e-01
5.150229897964574421e-01
5.150947983048010936e-01
5.150947983048026479e-01
5.156554601731772047e-01
5.156554601731772047e-01
5.160518828697836513e-01
5.160518828697839844e-01
5.169986160930039043e-01
5.169986160930040153e-01
5.169986160930047925e-01
5.169986160930050145e-01
5.169986160930050145e-01
5.169986160930052366e-01
5.169986160930057917e-01
5.169986160930064578e-01
5.221494769268952840e-01
5.221494769268960612e-01
5.221494769268962832e-01
5.221494769268968383e-01
5.221494769268973934e-01
5.221494769268978375e-01
5.221494769268978375e-01
5.221494769268978375e-01
5.256939101646305179e-01
5.256939101646317392e-01
5.256939101646321832e-01
5.256939101646322943e-01
5.259052580207815852e-01
5.259052580207819183e-01
5.259052580207829175e-01
5.259052580207829175e-01
5.297387281989273111e-01
5.297387281989294205e-01
5.299159700473631274e-01
5.299159700473673462e-01
5.393186366264589582e-01
5.393186366264598464e-01
5.393186366264599574e-01
5.393186366264602905e-01
5.393186366264602905e-01
5.393186366264609566e-01
5.393186366264612897e-01
5.393186366264612897e-01
5.398350093243589054e-01
5.398350093243614589e-01
5.433171370116618437e-01
5.433171370116619547e-01
5.433171370116623988e-01
5.433171370116623988e-01
5.435358107502663572e-01
5.435358107502668013e-01
5.435358107502676894e-01
5.435358107502679115e-01
5.435358107502680225e-01
5.435358107502681335e-01
5.435358107502687997e-01
5.435358107502694658e-01
5.460354198942699577e-01
5.460354198942709569e-01
5.460354198942712900e-01
5.460354198942716231e-01
5.467963312330854642e-01
5.467963312330874626e-01
5.482400136905554167e-01
5.482400136905557497e-01
5.482400136905564159e-01
5.482400136905567489e-01
5.482400136905568599e-01
5.482400136905570820e-01
5.482400136905579702e-01
5.482400136905590804e-01
5.507580847794434353e-01
5.507580847794438794e-01
5.507580847794442125e-01
5.507580847794444345e-01
5.507580847794445456e-01
5.507580847794454337e-01
5.507580847794457668e-01
5.507580847794473211e-01
5.517732559886132648e-01
5.517732559886143751e-01
5.544534578126136815e-01
5.544534578126139035e-01
5.544534578126145696e-01
5.544534578126153468e-01
5.544534578126155688e-01
5.544534578126156799e-01
5.544534578126157909e-01
5.544534578126167901e-01
5.576645700836494468e-01
5.576645700836514452e-01
5.576645700836517783e-01
5.576645700836521113e-01
5.576645700836526665e-01
5.576645700836531105e-01
5.576645700836531105e-01
5.576645700836531105e-01
5.586336895272054903e-01
5.586336895272070446e-01
5.610567383656110962e-01
5.610567383656110962e-01
5.610567383656113183e-01
5.610567383656130946e-01
5.611325912508403624e-01
5.611325912508408065e-01
5.669593568674227146e-01
5.669593568674230477e-01
5.669593568674236028e-01
5.669593568674240469e-01
5.669593568674247130e-01
5.669593568674247130e-01
5.669593568674247130e-01
5.669593568674252682e-01
5.670717125546869131e-01
5.670717125546872461e-01
5.738192761740692482e-01
5.738192761740693593e-01
5.738192761740695813e-01
5.738192761740698034e-01
5.738192761740699144e-01
5.738192761740701364e-01
5.738192761740701364e-01
5.738192761740702474e-01
5.739302186876839018e-01
5.739302186876846790e-01
5.739302186876847900e-01
5.739302186876855671e-01
5.758988504107340756e-01
5.758988504107361850e-01
5.775937822044298064e-01
5.775937822044300285e-01
5.788858522275475149e-01
5.788858522275476259e-01
5.836698922737793005e-01
5.836698922737799666e-01
5.848748766597244853e-01
5.848748766597249293e-01
5.848748766597251514e-01
5.848748766597253734e-01
5.848748766597258175e-01
5.848748766597264837e-01
5.848748766597267057e-01
5.848748766597278159e-01
5.908553935764069287e-01
5.908553935764069287e-01
5.908553935764071507e-01
5.908553935764073728e-01
5.908553935764082610e-01
5.908553935764084830e-01
5.908553935764087051e-01
5.908553935764088161e-01
5.951228874126807122e-01
5.951228874126810453e-01
5.954591197747838294e-01
5.954591197747843845e-01
5.954591197747849396e-01
5.954591197747857167e-01
5.954591197747859388e-01
5.954591197747871600e-01
5.954591197747872711e-01
5.954591197747888254e-01
5.961856012639891178e-01
5.961856012639895619e-01
5.961856012639898950e-01
5.961856012639923375e-01
5.986166435681636866e-01
5.986166435681651299e-01
6.003834731308858030e-01
6.003834731308858030e-01
6.016579257164161865e-01
6.016579257164162975e-01
6.016579257164165195e-01
6.016579257164171857e-01
6.016579257164171857e-01
6.016579257164176298e-01
6.016579257164177408e-01
6.016579257164182959e-01
6.019632380352925027e-01
6.019632380352933909e-01
6.019632380352936130e-01
6.019632380352940570e-01
6.019632380352940570e-01
6.019632380352950562e-01
6.019632380352951673e-01
6.019632380352957224e-01
6.028679017110653016e-01
6.028679017110654126e-01
6.028679017110654126e-01
6.028679017110660787e-01
6.028679017110663008e-01
6.028679017110663008e-01
6.028679017110673000e-01
6.028679017110680771e-01
6.042847020107658951e-01
6.042847020107665612e-01
6.042847020107674494e-01
6.042847020107674494e-01
6.042847020107683376e-01
6.042847020107685596e-01
6.042847020107692257e-01
6.042847020107692257e-01
6.055262116940247630e-01
6.055262116940257622e-01
6.173312317533353744e-01
6.173312317533375948e-01
6.216126682208843457e-01
6.216126682208845677e-01
6.216126682208849008e-01
6.216126682208860110e-01
6.221094465879041246e-01
6.221094465879044577e-01
6.227501589961893513e-01
6.227501589961913497e-01
6.237722511483368981e-01
6.237722511483374532e-01
6.237722511483375643e-01
6.237722511483377863e-01
6.237722511483377863e-01
6.237722511483384524e-01
6.237722511483391186e-01
6.237722511483393406e-01
6.273314756957399929e-01
6.273314756957399929e-01
6.273314756957402150e-01
6.273314756957409921e-01
6.273314756957414362e-01
6.273314756957416582e-01
6.273314756957432126e-01
6.273314756957434346e-01
6.369472484793603506e-01
6.369472484793641254e-01
6.376430083656600134e-01
6.376430083656617898e-01
6.392360350728666374e-01
6.392360350728679697e-01
6.400591758945479715e-01
6.400591758945521903e-01
6.453261006573263181e-01
6.453261006573270953e-01
6.453261006573270953e-01
6.453261006573273173e-01
6.453261006573275393e-01
6.453261006573275393e-01
6.453261006573275393e-01
6.453261006573279834e-01
6.500220480523321021e-01
6.500220480523342115e-01
6.500220480523353217e-01
6.500220480523379862e-01
6.500220480523380973e-01
6.500220480523380973e-01
6.500220480523386524e-01
6.500220480523387634e-01
6.512571719249550251e-01
6.512571719249587998e-01
6.532220624165343548e-01
6.532220624165353540e-01
6.532220624165397949e-01
6.532220624165399059e-01
6.552551255885120662e-01
6.552551255885131765e-01
6.552551255885147308e-01
6.552551255885158410e-01
6.552551255885163961e-01
6.552551255885172843e-01
6.552551255885176174e-01
6.552551255885182835e-01
6.615711760629640059e-01
6.615711760629647831e-01
6.615711760629648941e-01
6.615711760629667815e-01
6.615711760629675586e-01
6.615711760629686689e-01
6.615711760629692240e-01
6.615711760629704452e-01
6.656708722870119388e-01
6.656708722870136041e-01
6.656708722870151584e-01
6.656708722870152695e-01
6.666309866385363714e-01
6.666309866385370375e-01
6.725744272829160542e-01
6.725744272829167203e-01
6.727817368881471305e-01
6.727817368881482407e-01
6.727817368881494620e-01
6.727817368881496840e-01
6.727817368881511273e-01
6.727817368881513493e-01
6.727817368881515714e-01
6.727817368881517934e-01
6.826243254732563548e-01
6.826243254732573540e-01
6.826243254732575760e-01
6.826243254732586863e-01
6.826243254732592414e-01
6.826243254732592414e-01
6.826243254732607957e-01
6.826243254732611287e-01
6.837578494299734189e-01
6.837578494299737519e-01
6.837578494299737519e-01
6.837578494299739740e-01
6.837578494299739740e-01
6.837578494299741960e-01
6.837578494299750842e-01
6.837578494299761944e-01
6.849915527340851851e-01
6.849915527340862953e-01
6.849915527340867394e-01
6.849915527340876276e-01
6.849915527340879606e-01
6.849915527340882937e-01
6.849915527340885157e-01
6.849915527340889598e-01
6.864910766108559548e-01
6.864910766108562878e-01
6.882410665812269679e-01
6.882410665812329631e-01
7.008852386088088027e-01
7.008852386088098019e-01
7.032700073291202614e-01
7.032700073291249243e-01
7.032700073291249243e-01
7.032700073291252574e-01
7.034516602016801512e-01
7.034516602016812614e-01
7.069226539576607404e-01
7.069226539576608515e-01
7.069226539576622947e-01
7.069226539576624058e-01
7.069226539576667356e-01
7.069226539576667356e-01
7.069226539576672907e-01
7.069226539576677348e-01
7.078206095685057875e-01
7.078206095685115606e-01
7.111352800058822199e-01
7.111352800058846624e-01
7.111352800058856616e-01
7.111352800058865498e-01
7.111352800058871049e-01
7.111352800058872159e-01
7.111352800058881041e-01
7.111352800058889922e-01
7.134289353212691642e-01
7.134289353212749374e-01
7.134289353212750484e-01
7.134289353212771578e-01
7.158468961487618465e-01
7.158468961487645110e-01
7.158468961487647331e-01
7.158468961487663984e-01
7.158468961487677307e-01
7.158468961487682858e-01
7.158468961487687299e-01
7.158468961487705062e-01
7.243347255364125381e-01
7.243347255364165349e-01
7.248572018966760178e-01
7.248572018966761288e-01
7.290139134396400600e-01
7.290139134396415033e-01
7.290139134396418363e-01
7.290139134396437237e-01
7.290139134396439458e-01
7.290139134396439458e-01
7.290139134396442788e-01
7.290139134396449450e-01
7.311171417010975393e-01
7.311171417011002038e-01
7.319940734936323246e-01
7.319940734936332127e-01
7.319940734936338789e-01
7.319940734936344340e-01
7.344491883219469441e-01
7.344491883219503858e-01
7.430476879609102525e-01
7.430476879609105856e-01
7.430476879609129170e-01
7.430476879609130281e-01
7.430476879609130281e-01
7.430476879609134722e-01
7.430476879609146934e-01
7.430476879609160257e-01
7.480541268741229821e-01
7.480541268741291994e-01
7.482092321562656689e-01
7.482092321562671122e-01
7.499997430774026919e-01
7.499997430774038021e-01
7.499997430774046903e-01
7.499997430774104634e-01
7.620014560342440735e-01
7.620014560342476262e-01
7.621855163917117260e-01
7.621855163917123921e-01
7.621855163917135023e-01
7.621855163917140574e-01
7.621855163917140574e-01
7.621855163917148346e-01
7.621855163917157228e-01
7.621855163917189424e-01
7.629362580515000047e-01
7.629362580515003378e-01
7.663759148068758353e-01
7.663759148068790550e-01
7.729203617580538976e-01
7.729203617580544527e-01
7.729203617580562291e-01
7.729203617580581165e-01
7.948275311640643492e-01
7.948275311640665697e-01
7.964610063079848867e-01
7.964610063079887725e-01
7.975960391611994771e-01
7.975960391611998102e-01
7.975960391612001432e-01
7.975960391612010314e-01
7.975960391612014755e-01
7.975960391612016975e-01
7.975960391612030298e-01
7.975960391612038070e-01
7.978237189912892324e-01
7.978237189912894545e-01
7.978237189912894545e-01
7.978237189912895655e-01
7.978237189912905647e-01
7.978237189912915639e-01
7.978237189912917859e-01
7.978237189912918970e-01
8.119510450857840844e-01
8.119510450857888584e-01
8.127240751156786791e-01
8.127240751156821208e-01
8.197968169307312536e-01
8.197968169307336961e-01
8.197968169307345843e-01
8.197968169307348063e-01
8.197968169307355835e-01
8.197968169307374708e-01
8.197968169307374708e-01
8.197968169307385811e-01
8.278694387347067529e-01
8.278694387347087513e-01
8.278694387347093064e-01
8.278694387347103056e-01
8.289995491721939835e-01
8.289995491721972032e-01
8.445641426412089370e-01
8.445641426412093811e-01
8.445641426412097141e-01
8.445641426412100472e-01
8.445641426412111574e-01
8.445641426412114905e-01
8.445641426412126007e-01
8.445641426412134889e-01
8.501009185636541066e-01
8.501009185636559939e-01
8.503384767633450636e-01
8.503384767633451746e-01
8.536671550633568861e-01
8.536671550633626593e-01
8.546431881894419602e-01
8.546431881894454019e-01
8.740112990160620043e-01
8.740112990160660011e-01
8.740815355150928223e-01
8.740815355150931554e-01
8.747491535521172423e-01
8.747491535521195738e-01
8.747491535521206840e-01
8.747491535521233486e-01
8.802687576846573991e-01
8.802687576846590645e-01
8.802687576846590645e-01
8.802687576846590645e-01
8.802687576846593975e-01
8.802687576846602857e-01
8.802687576846607298e-01
8.802687576846622841e-01
8.876185997148802187e-01
8.876185997148825502e-01
9.026489637398069643e-01
9.026489637398069643e-01
9.026489637398072974e-01
9.026489637398095178e-01
9.026489637398102950e-01
9.026489637398108501e-01
9.026489637398115162e-01
9.026489637398183996e-01
9.038621251006287993e-01
9.038621251006366819e-01
9.043240072106697447e-01
9.043240072106744076e-01
9.105557677699399610e-01
9.105557677699399610e-01
9.105557677699414043e-01
9.105557677699437358e-01
9.329981949039370948e-01
9.329981949039424238e-01
9.329981949039426459e-01
9.329981949039444222e-01
9.377037034874082799e-01
9.377037034874131649e-01
9.421987710878581002e-01
9.421987710878630962e-01
9.423941669778195251e-01
9.423941669778214125e-01
9.662260727167427676e-01
9.662260727167428787e-01
9.662710427700805793e-01
9.662710427700805793e-01
9.759961310386324751e-01
9.759961310386348066e-01
9.999999999999971134e-01
1.000000000000000000e+00
