# SF-29 N2 candidate (i) i1 k = 1 control (u = 0, affine labels) N=12: sorted relative singular values of the dense central-FD Jacobian (smax=1.209995e+03)
1.808312e-03
1.808312e-03
1.808312e-03
1.808312e-03
1.808312e-03
1.808312e-03
1.808312e-03
1.808312e-03
1.808312e-03
1.808312e-03
1.808312e-03
1.808312e-03
1.808312e-03
1.808312e-03
1.808312e-03
1.808312e-03
1.808312e-03
1.808312e-03
1.808312e-03
1.808312e-03
1.808312e-03
1.808312e-03
1.808312e-03
1.808312e-03
3.692769e-03
3.692769e-03
3.692769e-03
3.692769e-03
8.779178e-03
8.779178e-03
8.779178e-03
8.779178e-03
8.779178e-03
8.779178e-03
8.779178e-03
8.779178e-03
1.556944e-02
1.556944e-02
1.556944e-02
1.556944e-02
1.556944e-02
1.556944e-02
1.556944e-02
1.556944e-02
1.629895e-02
1.629895e-02
1.629895e-02
1.629895e-02
1.629895e-02
1.629895e-02
1.629895e-02
1.629895e-02
1.629895e-02
1.629895e-02
1.629895e-02
1.629895e-02
1.629895e-02
1.629895e-02
1.629895e-02
1.629895e-02
1.629895e-02
1.629895e-02
1.629895e-02
1.629895e-02
1.629895e-02
1.629895e-02
1.629895e-02
1.629895e-02
1.821592e-02
1.821592e-02
1.821592e-02
1.821592e-02
2.216454e-02
2.216454e-02
2.216454e-02
2.216454e-02
2.216454e-02
2.216454e-02
2.216454e-02
2.216454e-02
2.346919e-02
2.346919e-02
2.346919e-02
2.346919e-02
2.346919e-02
2.346919e-02
2.346919e-02
2.346919e-02
2.686420e-02
2.686420e-02
2.686420e-02
2.686420e-02
2.686420e-02
2.686420e-02
2.686420e-02
2.686420e-02
2.686420e-02
2.686420e-02
2.686420e-02
2.686420e-02
2.855707e-02
2.855707e-02
2.855707e-02
2.855707e-02
2.855707e-02
2.855707e-02
2.855707e-02
2.855707e-02
3.069210e-02
3.069210e-02
3.069210e-02
3.069210e-02
3.069210e-02
3.069210e-02
3.069210e-02
3.069210e-02
3.798051e-02
3.798051e-02
3.798051e-02
3.798051e-02
3.798051e-02
3.798051e-02
3.798051e-02
3.798051e-02
4.336195e-02
4.336195e-02
4.336195e-02
4.336195e-02
4.336195e-02
4.336195e-02
4.336195e-02
4.336195e-02
4.336195e-02
4.336195e-02
4.336195e-02
4.336195e-02
4.512445e-02
4.512445e-02
4.512445e-02
4.512445e-02
4.512445e-02
4.512445e-02
4.512445e-02
4.512445e-02
4.512445e-02
4.512445e-02
4.512445e-02
4.512445e-02
4.512445e-02
4.512445e-02
4.512445e-02
4.512445e-02
4.512445e-02
4.512445e-02
4.512445e-02
4.512445e-02
4.512445e-02
4.512445e-02
4.512445e-02
4.512445e-02
4.534169e-02
4.534169e-02
4.534169e-02
4.534169e-02
4.534169e-02
4.534169e-02
4.534169e-02
4.534169e-02
4.707789e-02
4.707789e-02
4.707789e-02
4.707789e-02
4.917262e-02
4.917262e-02
4.917262e-02
4.917262e-02
4.917262e-02
4.917262e-02
4.917262e-02
4.917262e-02
5.067494e-02
5.067494e-02
5.067494e-02
5.067494e-02
5.242725e-02
5.242725e-02
5.242725e-02
5.242725e-02
5.242725e-02
5.242725e-02
5.242725e-02
5.242725e-02
5.976499e-02
5.976499e-02
5.976499e-02
5.976499e-02
5.976499e-02
5.976499e-02
5.976499e-02
5.976499e-02
6.713876e-02
6.713876e-02
6.713876e-02
6.713876e-02
6.713876e-02
6.713876e-02
6.713876e-02
6.713876e-02
6.906725e-02
6.906725e-02
6.906725e-02
6.906725e-02
6.906725e-02
6.906725e-02
6.906725e-02
6.906725e-02
7.138552e-02
7.138552e-02
7.138552e-02
7.138552e-02
7.138552e-02
7.138552e-02
7.138552e-02
7.138552e-02
7.255980e-02
7.255980e-02
7.255980e-02
7.255980e-02
7.255980e-02
7.255980e-02
7.255980e-02
7.255980e-02
7.255980e-02
7.255980e-02
7.255980e-02
7.255980e-02
7.343037e-02
7.343037e-02
7.343037e-02
7.343037e-02
7.454889e-02
7.454889e-02
7.454889e-02
7.454889e-02
7.454889e-02
7.454889e-02
7.454889e-02
7.454889e-02
8.239043e-02
8.239043e-02
8.239043e-02
8.239043e-02
8.239043e-02
8.239043e-02
8.239043e-02
8.239043e-02
8.703960e-02
8.703960e-02
8.703960e-02
8.703960e-02
8.703960e-02
8.703960e-02
8.703960e-02
8.703960e-02
8.703960e-02
8.703960e-02
8.703960e-02
8.703960e-02
8.736627e-02
8.736627e-02
8.736627e-02
8.736627e-02
8.736627e-02
8.736627e-02
8.736627e-02
8.736627e-02
8.736627e-02
8.736627e-02
8.736627e-02
8.736627e-02
8.736627e-02
8.736627e-02
8.736627e-02
8.736627e-02
8.736627e-02
8.736627e-02
8.736627e-02
8.736627e-02
8.736627e-02
8.736627e-02
8.736627e-02
8.736627e-02
8.935546e-02
8.935546e-02
8.935546e-02
8.935546e-02
9.479806e-02
9.479806e-02
9.479806e-02
9.479806e-02
9.479806e-02
9.479806e-02
9.479806e-02
9.479806e-02
1.001409e-01
1.001409e-01
1.001409e-01
1.001409e-01
1.001409e-01
1.001409e-01
1.001409e-01
1.001409e-01
1.003295e-01
1.003295e-01
1.003295e-01
1.003295e-01
1.003295e-01
1.003295e-01
1.003295e-01
1.003295e-01
1.004897e-01
1.004897e-01
1.004897e-01
1.004897e-01
1.004897e-01
1.004897e-01
1.004897e-01
1.004897e-01
1.022517e-01
1.022517e-01
1.022517e-01
1.022517e-01
1.022517e-01
1.022517e-01
1.022517e-01
1.022517e-01
1.025128e-01
1.025128e-01
1.025128e-01
1.025128e-01
1.097269e-01
1.097269e-01
1.097269e-01
1.097269e-01
1.097269e-01
1.097269e-01
1.097269e-01
1.097269e-01
1.152125e-01
1.152125e-01
1.152125e-01
1.152125e-01
1.152125e-01
1.152125e-01
1.152125e-01
1.152125e-01
1.152125e-01
1.152125e-01
1.152125e-01
1.152125e-01
1.172232e-01
1.172232e-01
1.172232e-01
1.172232e-01
1.172232e-01
1.172232e-01
1.172232e-01
1.172232e-01
1.184713e-01
1.184713e-01
1.184713e-01
1.184713e-01
1.184713e-01
1.184713e-01
1.184713e-01
1.184713e-01
1.214573e-01
1.214573e-01
1.214573e-01
1.214573e-01
1.214573e-01
1.214573e-01
1.214573e-01
1.214573e-01
1.288514e-01
1.288514e-01
1.288514e-01
1.288514e-01
1.288514e-01
1.288514e-01
1.288514e-01
1.288514e-01
1.292955e-01
1.292955e-01
1.292955e-01
1.292955e-01
1.292955e-01
1.292955e-01
1.292955e-01
1.292955e-01
1.292955e-01
1.292955e-01
1.292955e-01
1.292955e-01
1.323158e-01
1.323158e-01
1.323158e-01
1.323158e-01
1.383701e-01
1.383701e-01
1.383701e-01
1.383701e-01
1.383701e-01
1.383701e-01
1.383701e-01
1.383701e-01
1.409512e-01
1.409512e-01
1.409512e-01
1.409512e-01
1.409512e-01
1.409512e-01
1.409512e-01
1.409512e-01
1.409512e-01
1.409512e-01
1.409512e-01
1.409512e-01
1.409512e-01
1.409512e-01
1.409512e-01
1.409512e-01
1.409512e-01
1.409512e-01
1.409512e-01
1.409512e-01
1.409512e-01
1.409512e-01
1.409512e-01
1.409512e-01
1.429706e-01
1.429706e-01
1.429706e-01
1.429706e-01
1.433471e-01
1.433471e-01
1.433471e-01
1.433471e-01
1.433471e-01
1.433471e-01
1.433471e-01
1.433471e-01
1.450872e-01
1.450872e-01
1.450872e-01
1.450872e-01
1.450872e-01
1.450872e-01
1.450872e-01
1.450872e-01
1.453773e-01
1.453773e-01
1.453773e-01
1.453773e-01
1.484927e-01
1.484927e-01
1.484927e-01
1.484927e-01
1.484927e-01
1.484927e-01
1.484927e-01
1.484927e-01
1.498300e-01
1.498300e-01
1.498300e-01
1.498300e-01
1.498300e-01
1.498300e-01
1.498300e-01
1.498300e-01
1.515248e-01
1.515248e-01
1.515248e-01
1.515248e-01
1.515248e-01
1.515248e-01
1.515248e-01
1.515248e-01
1.528899e-01
1.528899e-01
1.528899e-01
1.528899e-01
1.528899e-01
1.528899e-01
1.528899e-01
1.528899e-01
1.560471e-01
1.560471e-01
1.560471e-01
1.560471e-01
1.560471e-01
1.560471e-01
1.560471e-01
1.560471e-01
1.568842e-01
1.568842e-01
1.568842e-01
1.568842e-01
1.575459e-01
1.575459e-01
1.575459e-01
1.575459e-01
1.575459e-01
1.575459e-01
1.575459e-01
1.575459e-01
1.575459e-01
1.575459e-01
1.575459e-01
1.575459e-01
1.636144e-01
1.636144e-01
1.636144e-01
1.636144e-01
1.636144e-01
1.636144e-01
1.636144e-01
1.636144e-01
1.677907e-01
1.677907e-01
1.677907e-01
1.677907e-01
1.677907e-01
1.677907e-01
1.677907e-01
1.677907e-01
1.691618e-01
1.691618e-01
1.691618e-01
1.691618e-01
1.691618e-01
1.691618e-01
1.691618e-01
1.691618e-01
1.691618e-01
1.691618e-01
1.691618e-01
1.691618e-01
1.711940e-01
1.711940e-01
1.711940e-01
1.711940e-01
1.711940e-01
1.711940e-01
1.711940e-01
1.711940e-01
1.717367e-01
1.717367e-01
1.717367e-01
1.717367e-01
1.717367e-01
1.717367e-01
1.717367e-01
1.717367e-01
1.797697e-01
1.797697e-01
1.797697e-01
1.797697e-01
1.797697e-01
1.797697e-01
1.797697e-01
1.797697e-01
1.807919e-01
1.807919e-01
1.807919e-01
1.807919e-01
1.807919e-01
1.807919e-01
1.807919e-01
1.807919e-01
1.872205e-01
1.872205e-01
1.872205e-01
1.872205e-01
1.872205e-01
1.872205e-01
1.872205e-01
1.872205e-01
1.872205e-01
1.872205e-01
1.872205e-01
1.872205e-01
1.881467e-01
1.881467e-01
1.881467e-01
1.881467e-01
1.881467e-01
1.881467e-01
1.881467e-01
1.881467e-01
1.896036e-01
1.896036e-01
1.896036e-01
1.896036e-01
1.896036e-01
1.896036e-01
1.896036e-01
1.896036e-01
1.926584e-01
1.926584e-01
1.926584e-01
1.926584e-01
1.926584e-01
1.926584e-01
1.926584e-01
1.926584e-01
1.958712e-01
1.958712e-01
1.958712e-01
1.958712e-01
1.958712e-01
1.958712e-01
1.958712e-01
1.958712e-01
1.975419e-01
1.975419e-01
1.975419e-01
1.975419e-01
1.975419e-01
1.975419e-01
1.975419e-01
1.975419e-01
1.995855e-01
1.995855e-01
1.995855e-01
1.995855e-01
2.003422e-01
2.003422e-01
2.003422e-01
2.003422e-01
2.003422e-01
2.003422e-01
2.003422e-01
2.003422e-01
2.003422e-01
2.003422e-01
2.003422e-01
2.003422e-01
2.025986e-01
2.025986e-01
2.025986e-01
2.025986e-01
2.025986e-01
2.025986e-01
2.025986e-01
2.025986e-01
2.025986e-01
2.025986e-01
2.025986e-01
2.025986e-01
2.025986e-01
2.025986e-01
2.025986e-01
2.025986e-01
2.025986e-01
2.025986e-01
2.025986e-01
2.025986e-01
2.025986e-01
2.025986e-01
2.025986e-01
2.025986e-01
2.033329e-01
2.033329e-01
2.033329e-01
2.033329e-01
2.038886e-01
2.038886e-01
2.038886e-01
2.038886e-01
2.038886e-01
2.038886e-01
2.038886e-01
2.038886e-01
2.046425e-01
2.046425e-01
2.046425e-01
2.046425e-01
2.102293e-01
2.102293e-01
2.102293e-01
2.102293e-01
2.102293e-01
2.102293e-01
2.102293e-01
2.102293e-01
2.108086e-01
2.108086e-01
2.108086e-01
2.108086e-01
2.108086e-01
2.108086e-01
2.108086e-01
2.108086e-01
2.113241e-01
2.113241e-01
2.113241e-01
2.113241e-01
2.113241e-01
2.113241e-01
2.113241e-01
2.113241e-01
2.113241e-01
2.113241e-01
2.113241e-01
2.113241e-01
2.127185e-01
2.127185e-01
2.127185e-01
2.127185e-01
2.127185e-01
2.127185e-01
2.127185e-01
2.127185e-01
2.145907e-01
2.145907e-01
2.145907e-01
2.145907e-01
2.145907e-01
2.145907e-01
2.145907e-01
2.145907e-01
2.155974e-01
2.155974e-01
2.155974e-01
2.155974e-01
2.155974e-01
2.155974e-01
2.155974e-01
2.155974e-01
2.164260e-01
2.164260e-01
2.164260e-01
2.164260e-01
2.164260e-01
2.164260e-01
2.164260e-01
2.164260e-01
2.177042e-01
2.177042e-01
2.177042e-01
2.177042e-01
2.177467e-01
2.177467e-01
2.177467e-01
2.177467e-01
2.178674e-01
2.178674e-01
2.178674e-01
2.178674e-01
2.178674e-01
2.178674e-01
2.178674e-01
2.178674e-01
2.182254e-01
2.182254e-01
2.182254e-01
2.182254e-01
2.182254e-01
2.182254e-01
2.182254e-01
2.182254e-01
2.182254e-01
2.182254e-01
2.182254e-01
2.182254e-01
2.182254e-01
2.182254e-01
2.182254e-01
2.182254e-01
2.182254e-01
2.182254e-01
2.182254e-01
2.182254e-01
2.182254e-01
2.182254e-01
2.182254e-01
2.182254e-01
2.234673e-01
2.234673e-01
2.234673e-01
2.234673e-01
2.234673e-01
2.234673e-01
2.234673e-01
2.234673e-01
2.255127e-01
2.255127e-01
2.255127e-01
2.255127e-01
2.255127e-01
2.255127e-01
2.255127e-01
2.255127e-01
2.260738e-01
2.260738e-01
2.260738e-01
2.260738e-01
2.260738e-01
2.260738e-01
2.260738e-01
2.260738e-01
2.311139e-01
2.311139e-01
2.311139e-01
2.311139e-01
2.311139e-01
2.311139e-01
2.311139e-01
2.311139e-01
2.311139e-01
2.311139e-01
2.311139e-01
2.311139e-01
2.314387e-01
2.314387e-01
2.314387e-01
2.314387e-01
2.314387e-01
2.314387e-01
2.314387e-01
2.314387e-01
2.331650e-01
2.331650e-01
2.331650e-01
2.331650e-01
2.331650e-01
2.331650e-01
2.331650e-01
2.331650e-01
2.448389e-01
2.448389e-01
2.448389e-01
2.448389e-01
2.470466e-01
2.470466e-01
2.470466e-01
2.470466e-01
2.470466e-01
2.470466e-01
2.470466e-01
2.470466e-01
2.473082e-01
2.473082e-01
2.473082e-01
2.473082e-01
2.473082e-01
2.473082e-01
2.473082e-01
2.473082e-01
2.547398e-01
2.547398e-01
2.547398e-01
2.547398e-01
2.547398e-01
2.547398e-01
2.547398e-01
2.547398e-01
2.547398e-01
2.547398e-01
2.547398e-01
2.547398e-01
2.580543e-01
2.580543e-01
2.580543e-01
2.580543e-01
2.580543e-01
2.580543e-01
2.580543e-01
2.580543e-01
2.584436e-01
2.584436e-01
2.584436e-01
2.584436e-01
2.584436e-01
2.584436e-01
2.584436e-01
2.584436e-01
2.597256e-01
2.597256e-01
2.597256e-01
2.597256e-01
2.597256e-01
2.597256e-01
2.597256e-01
2.597256e-01
2.617833e-01
2.617833e-01
2.617833e-01
2.617833e-01
2.631866e-01
2.631866e-01
2.631866e-01
2.631866e-01
2.631866e-01
2.631866e-01
2.631866e-01
2.631866e-01
2.680047e-01
2.680047e-01
2.680047e-01
2.680047e-01
2.680047e-01
2.680047e-01
2.680047e-01
2.680047e-01
2.680047e-01
2.680047e-01
2.680047e-01
2.680047e-01
2.680047e-01
2.680047e-01
2.680047e-01
2.680047e-01
2.680047e-01
2.680047e-01
2.680047e-01
2.680047e-01
2.680047e-01
2.680047e-01
2.680047e-01
2.680047e-01
2.700689e-01
2.700689e-01
2.700689e-01
2.700689e-01
2.741748e-01
2.741748e-01
2.741748e-01
2.741748e-01
2.741748e-01
2.741748e-01
2.741748e-01
2.741748e-01
2.757099e-01
2.757099e-01
2.757099e-01
2.757099e-01
2.757099e-01
2.757099e-01
2.757099e-01
2.757099e-01
2.769438e-01
2.769438e-01
2.769438e-01
2.769438e-01
2.778687e-01
2.778687e-01
2.778687e-01
2.778687e-01
2.778687e-01
2.778687e-01
2.778687e-01
2.778687e-01
2.834189e-01
2.834189e-01
2.834189e-01
2.834189e-01
2.834189e-01
2.834189e-01
2.834189e-01
2.834189e-01
2.871008e-01
2.871008e-01
2.871008e-01
2.871008e-01
2.884252e-01
2.884252e-01
2.884252e-01
2.884252e-01
2.884252e-01
2.884252e-01
2.884252e-01
2.884252e-01
2.899263e-01
2.899263e-01
2.899263e-01
2.899263e-01
2.899263e-01
2.899263e-01
2.899263e-01
2.899263e-01
2.911316e-01
2.911316e-01
2.911316e-01
2.911316e-01
2.911316e-01
2.911316e-01
2.911316e-01
2.911316e-01
2.967801e-01
2.967801e-01
2.967801e-01
2.967801e-01
2.967801e-01
2.967801e-01
2.967801e-01
2.967801e-01
2.967801e-01
2.967801e-01
2.967801e-01
2.967801e-01
2.988481e-01
2.988481e-01
2.988481e-01
2.988481e-01
2.988481e-01
2.988481e-01
2.988481e-01
2.988481e-01
3.006152e-01
3.006152e-01
3.006152e-01
3.006152e-01
3.006152e-01
3.006152e-01
3.006152e-01
3.006152e-01
3.035819e-01
3.035819e-01
3.035819e-01
3.035819e-01
3.066019e-01
3.066019e-01
3.066019e-01
3.066019e-01
3.066019e-01
3.066019e-01
3.066019e-01
3.066019e-01
3.094858e-01
3.094858e-01
3.094858e-01
3.094858e-01
3.094858e-01
3.094858e-01
3.094858e-01
3.094858e-01
3.124087e-01
3.124087e-01
3.124087e-01
3.124087e-01
3.124087e-01
3.124087e-01
3.124087e-01
3.124087e-01
3.162435e-01
3.162435e-01
3.162435e-01
3.162435e-01
3.162435e-01
3.162435e-01
3.162435e-01
3.162435e-01
3.172047e-01
3.172047e-01
3.172047e-01
3.172047e-01
3.172047e-01
3.172047e-01
3.172047e-01
3.172047e-01
3.172047e-01
3.172047e-01
3.172047e-01
3.172047e-01
3.256058e-01
3.256058e-01
3.256058e-01
3.256058e-01
3.256058e-01
3.256058e-01
3.256058e-01
3.256058e-01
3.276772e-01
3.276772e-01
3.276772e-01
3.276772e-01
3.318944e-01
3.318944e-01
3.318944e-01
3.318944e-01
3.318944e-01
3.318944e-01
3.318944e-01
3.318944e-01
3.321757e-01
3.321757e-01
3.321757e-01
3.321757e-01
3.321757e-01
3.321757e-01
3.321757e-01
3.321757e-01
3.321757e-01
3.321757e-01
3.321757e-01
3.321757e-01
3.321757e-01
3.321757e-01
3.321757e-01
3.321757e-01
3.321757e-01
3.321757e-01
3.321757e-01
3.321757e-01
3.321757e-01
3.321757e-01
3.321757e-01
3.321757e-01
3.330435e-01
3.330435e-01
3.330435e-01
3.330435e-01
3.330435e-01
3.330435e-01
3.330435e-01
3.330435e-01
3.342581e-01
3.342581e-01
3.342581e-01
3.342581e-01
3.399478e-01
3.399478e-01
3.399478e-01
3.399478e-01
3.399478e-01
3.399478e-01
3.399478e-01
3.399478e-01
3.403919e-01
3.403919e-01
3.403919e-01
3.403919e-01
3.403919e-01
3.403919e-01
3.403919e-01
3.403919e-01
3.413828e-01
3.413828e-01
3.413828e-01
3.413828e-01
3.420988e-01
3.420988e-01
3.420988e-01
3.420988e-01
3.420988e-01
3.420988e-01
3.420988e-01
3.420988e-01
3.454649e-01
3.454649e-01
3.454649e-01
3.454649e-01
3.477215e-01
3.477215e-01
3.477215e-01
3.477215e-01
3.477215e-01
3.477215e-01
3.477215e-01
3.477215e-01
3.544780e-01
3.544780e-01
3.544780e-01
3.544780e-01
3.544780e-01
3.544780e-01
3.544780e-01
3.544780e-01
3.548565e-01
3.548565e-01
3.548565e-01
3.548565e-01
3.548565e-01
3.548565e-01
3.548565e-01
3.548565e-01
3.554968e-01
3.554968e-01
3.554968e-01
3.554968e-01
3.554968e-01
3.554968e-01
3.554968e-01
3.554968e-01
3.611896e-01
3.611896e-01
3.611896e-01
3.611896e-01
3.611896e-01
3.611896e-01
3.611896e-01
3.611896e-01
3.611896e-01
3.611896e-01
3.611896e-01
3.611896e-01
3.632736e-01
3.632736e-01
3.632736e-01
3.632736e-01
3.632736e-01
3.632736e-01
3.632736e-01
3.632736e-01
3.659634e-01
3.659634e-01
3.659634e-01
3.659634e-01
3.659634e-01
3.659634e-01
3.659634e-01
3.659634e-01
3.659634e-01
3.659634e-01
3.659634e-01
3.659634e-01
3.683393e-01
3.683393e-01
3.683393e-01
3.683393e-01
3.683393e-01
3.683393e-01
3.683393e-01
3.683393e-01
3.704338e-01
3.704338e-01
3.704338e-01
3.704338e-01
3.704338e-01
3.704338e-01
3.704338e-01
3.704338e-01
3.739197e-01
3.739197e-01
3.739197e-01
3.739197e-01
3.739197e-01
3.739197e-01
3.739197e-01
3.739197e-01
3.747512e-01
3.747512e-01
3.747512e-01
3.747512e-01
3.747512e-01
3.747512e-01
3.747512e-01
3.747512e-01
3.749747e-01
3.749747e-01
3.749747e-01
3.749747e-01
3.749747e-01
3.749747e-01
3.749747e-01
3.749747e-01
3.756414e-01
3.756414e-01
3.756414e-01
3.756414e-01
3.756414e-01
3.756414e-01
3.756414e-01
3.756414e-01
3.833934e-01
3.833934e-01
3.833934e-01
3.833934e-01
3.833934e-01
3.833934e-01
3.833934e-01
3.833934e-01
3.833934e-01
3.833934e-01
3.833934e-01
3.833934e-01
3.860303e-01
3.860303e-01
3.860303e-01
3.860303e-01
3.860303e-01
3.860303e-01
3.860303e-01
3.860303e-01
3.898348e-01
3.898348e-01
3.898348e-01
3.898348e-01
3.898348e-01
3.898348e-01
3.898348e-01
3.898348e-01
3.898348e-01
3.898348e-01
3.898348e-01
3.898348e-01
3.898348e-01
3.898348e-01
3.898348e-01
3.898348e-01
3.898348e-01
3.898348e-01
3.898348e-01
3.898348e-01
3.898348e-01
3.898348e-01
3.898348e-01
3.898348e-01
3.902243e-01
3.902243e-01
3.902243e-01
3.902243e-01
3.902243e-01
3.902243e-01
3.902243e-01
3.902243e-01
3.919347e-01
3.919347e-01
3.919347e-01
3.919347e-01
3.920860e-01
3.920860e-01
3.920860e-01
3.920860e-01
3.920860e-01
3.920860e-01
3.920860e-01
3.920860e-01
3.920860e-01
3.920860e-01
3.920860e-01
3.920860e-01
3.923097e-01
3.923097e-01
3.923097e-01
3.923097e-01
3.956600e-01
3.956600e-01
3.956600e-01
3.956600e-01
3.956600e-01
3.956600e-01
3.956600e-01
3.956600e-01
3.976718e-01
3.976718e-01
3.976718e-01
3.976718e-01
3.976718e-01
3.976718e-01
3.976718e-01
3.976718e-01
3.995516e-01
3.995516e-01
3.995516e-01
3.995516e-01
4.000056e-01
4.000056e-01
4.000056e-01
4.000056e-01
4.000056e-01
4.000056e-01
4.000056e-01
4.000056e-01
4.039525e-01
4.039525e-01
4.039525e-01
4.039525e-01
4.055091e-01
4.055091e-01
4.055091e-01
4.055091e-01
4.055091e-01
4.055091e-01
4.055091e-01
4.055091e-01
4.066664e-01
4.066664e-01
4.066664e-01
4.066664e-01
4.066664e-01
4.066664e-01
4.066664e-01
4.066664e-01
4.098522e-01
4.098522e-01
4.098522e-01
4.098522e-01
4.098522e-01
4.098522e-01
4.098522e-01
4.098522e-01
4.133467e-01
4.133467e-01
4.133467e-01
4.133467e-01
4.133467e-01
4.133467e-01
4.133467e-01
4.133467e-01
4.174199e-01
4.174199e-01
4.174199e-01
4.174199e-01
4.174199e-01
4.174199e-01
4.174199e-01
4.174199e-01
4.190843e-01
4.190843e-01
4.190843e-01
4.190843e-01
4.190843e-01
4.190843e-01
4.190843e-01
4.190843e-01
4.190843e-01
4.190843e-01
4.190843e-01
4.190843e-01
4.192782e-01
4.192782e-01
4.192782e-01
4.192782e-01
4.192782e-01
4.192782e-01
4.192782e-01
4.192782e-01
4.211845e-01
4.211845e-01
4.211845e-01
4.211845e-01
4.211845e-01
4.211845e-01
4.211845e-01
4.211845e-01
4.216514e-01
4.216514e-01
4.216514e-01
4.216514e-01
4.216514e-01
4.216514e-01
4.216514e-01
4.216514e-01
4.232312e-01
4.232312e-01
4.232312e-01
4.232312e-01
4.253641e-01
4.253641e-01
4.253641e-01
4.253641e-01
4.253641e-01
4.253641e-01
4.253641e-01
4.253641e-01
4.287277e-01
4.287277e-01
4.287277e-01
4.287277e-01
4.287277e-01
4.287277e-01
4.287277e-01
4.287277e-01
4.329846e-01
4.329846e-01
4.329846e-01
4.329846e-01
4.329846e-01
4.329846e-01
4.329846e-01
4.329846e-01
4.334769e-01
4.334769e-01
4.334769e-01
4.334769e-01
4.334769e-01
4.334769e-01
4.334769e-01
4.334769e-01
4.334769e-01
4.334769e-01
4.334769e-01
4.334769e-01
4.358463e-01
4.358463e-01
4.358463e-01
4.358463e-01
4.358463e-01
4.358463e-01
4.358463e-01
4.358463e-01
4.358463e-01
4.358463e-01
4.358463e-01
4.358463e-01
4.358463e-01
4.358463e-01
4.358463e-01
4.358463e-01
4.358463e-01
4.358463e-01
4.358463e-01
4.358463e-01
4.358463e-01
4.358463e-01
4.358463e-01
4.358463e-01
4.379631e-01
4.379631e-01
4.379631e-01
4.379631e-01
4.405586e-01
4.405586e-01
4.405586e-01
4.405586e-01
4.405586e-01
4.405586e-01
4.405586e-01
4.405586e-01
4.413431e-01
4.413431e-01
4.413431e-01
4.413431e-01
4.413431e-01
4.413431e-01
4.413431e-01
4.413431e-01
4.413575e-01
4.413575e-01
4.413575e-01
4.413575e-01
4.413575e-01
4.413575e-01
4.413575e-01
4.413575e-01
4.437464e-01
4.437464e-01
4.437464e-01
4.437464e-01
4.437464e-01
4.437464e-01
4.437464e-01
4.437464e-01
4.483369e-01
4.483369e-01
4.483369e-01
4.483369e-01
4.483369e-01
4.483369e-01
4.483369e-01
4.483369e-01
4.483501e-01
4.483501e-01
4.483501e-01
4.483501e-01
4.483501e-01
4.483501e-01
4.483501e-01
4.483501e-01
4.483501e-01
4.483501e-01
4.483501e-01
4.483501e-01
4.485634e-01
4.485634e-01
4.485634e-01
4.485634e-01
4.485634e-01
4.485634e-01
4.485634e-01
4.485634e-01
4.491143e-01
4.491143e-01
4.491143e-01
4.491143e-01
4.504372e-01
4.504372e-01
4.504372e-01
4.504372e-01
4.512392e-01
4.512392e-01
4.512392e-01
4.512392e-01
4.512392e-01
4.512392e-01
4.512392e-01
4.512392e-01
4.516462e-01
4.516462e-01
4.516462e-01
4.516462e-01
4.516462e-01
4.516462e-01
4.516462e-01
4.516462e-01
4.529411e-01
4.529411e-01
4.529411e-01
4.529411e-01
4.529411e-01
4.529411e-01
4.529411e-01
4.529411e-01
4.550744e-01
4.550744e-01
4.550744e-01
4.550744e-01
4.550744e-01
4.550744e-01
4.550744e-01
4.550744e-01
4.550744e-01
4.550744e-01
4.550744e-01
4.550744e-01
4.595457e-01
4.595457e-01
4.595457e-01
4.595457e-01
4.595457e-01
4.595457e-01
4.595457e-01
4.595457e-01
4.609027e-01
4.609027e-01
4.609027e-01
4.609027e-01
4.609027e-01
4.609027e-01
4.609027e-01
4.609027e-01
4.620660e-01
4.620660e-01
4.620660e-01
4.620660e-01
4.629006e-01
4.629006e-01
4.629006e-01
4.629006e-01
4.629006e-01
4.629006e-01
4.629006e-01
4.629006e-01
4.636929e-01
4.636929e-01
4.636929e-01
4.636929e-01
4.636929e-01
4.636929e-01
4.636929e-01
4.636929e-01
4.653284e-01
4.653284e-01
4.653284e-01
4.653284e-01
4.653284e-01
4.653284e-01
4.653284e-01
4.653284e-01
4.653284e-01
4.653284e-01
4.653284e-01
4.653284e-01
4.656775e-01
4.656775e-01
4.656775e-01
4.656775e-01
4.656775e-01
4.656775e-01
4.656775e-01
4.656775e-01
4.656775e-01
4.656775e-01
4.656775e-01
4.656775e-01
4.656775e-01
4.656775e-01
4.656775e-01
4.656775e-01
4.656775e-01
4.656775e-01
4.656775e-01
4.656775e-01
4.656775e-01
4.656775e-01
4.656775e-01
4.656775e-01
4.674450e-01
4.674450e-01
4.674450e-01
4.674450e-01
4.674450e-01
4.674450e-01
4.674450e-01
4.674450e-01
4.678081e-01
4.678081e-01
4.678081e-01
4.678081e-01
4.688647e-01
4.688647e-01
4.688647e-01
4.688647e-01
4.688647e-01
4.688647e-01
4.688647e-01
4.688647e-01
4.703727e-01
4.703727e-01
4.703727e-01
4.703727e-01
4.717320e-01
4.717320e-01
4.717320e-01
4.717320e-01
4.717320e-01
4.717320e-01
4.717320e-01
4.717320e-01
4.736289e-01
4.736289e-01
4.736289e-01
4.736289e-01
4.736289e-01
4.736289e-01
4.736289e-01
4.736289e-01
4.768270e-01
4.768270e-01
4.768270e-01
4.768270e-01
4.768270e-01
4.768270e-01
4.768270e-01
4.768270e-01
4.775917e-01
4.775917e-01
4.775917e-01
4.775917e-01
4.775917e-01
4.775917e-01
4.775917e-01
4.775917e-01
4.787193e-01
4.787193e-01
4.787193e-01
4.787193e-01
4.787193e-01
4.787193e-01
4.787193e-01
4.787193e-01
4.808455e-01
4.808455e-01
4.808455e-01
4.808455e-01
4.808455e-01
4.808455e-01
4.808455e-01
4.808455e-01
4.808455e-01
4.808455e-01
4.808455e-01
4.808455e-01
4.815801e-01
4.815801e-01
4.815801e-01
4.815801e-01
4.815801e-01
4.815801e-01
4.815801e-01
4.815801e-01
4.826560e-01
4.826560e-01
4.826560e-01
4.826560e-01
4.838570e-01
4.838570e-01
4.838570e-01
4.838570e-01
4.838570e-01
4.838570e-01
4.838570e-01
4.838570e-01
4.847896e-01
4.847896e-01
4.847896e-01
4.847896e-01
4.847896e-01
4.847896e-01
4.847896e-01
4.847896e-01
4.847896e-01
4.847896e-01
4.847896e-01
4.847896e-01
4.847896e-01
4.847896e-01
4.847896e-01
4.847896e-01
4.847896e-01
4.847896e-01
4.847896e-01
4.847896e-01
4.847896e-01
4.847896e-01
4.847896e-01
4.847896e-01
4.866547e-01
4.866547e-01
4.866547e-01
4.866547e-01
4.866547e-01
4.866547e-01
4.866547e-01
4.866547e-01
4.872261e-01
4.872261e-01
4.872261e-01
4.872261e-01
4.872261e-01
4.872261e-01
4.872261e-01
4.872261e-01
4.872261e-01
4.872261e-01
4.872261e-01
4.872261e-01
4.895311e-01
4.895311e-01
4.895311e-01
4.895311e-01
4.895311e-01
4.895311e-01
4.895311e-01
4.895311e-01
4.902409e-01
4.902409e-01
4.902409e-01
4.902409e-01
4.911922e-01
4.911922e-01
4.911922e-01
4.911922e-01
4.911922e-01
4.911922e-01
4.911922e-01
4.911922e-01
4.923567e-01
4.923567e-01
4.923567e-01
4.923567e-01
4.923567e-01
4.923567e-01
4.923567e-01
4.923567e-01
4.945912e-01
4.945912e-01
4.945912e-01
4.945912e-01
4.945912e-01
4.945912e-01
4.945912e-01
4.945912e-01
4.948064e-01
4.948064e-01
4.948064e-01
4.948064e-01
4.948064e-01
4.948064e-01
4.948064e-01
4.948064e-01
4.950763e-01
4.950763e-01
4.950763e-01
4.950763e-01
4.950763e-01
4.950763e-01
4.950763e-01
4.950763e-01
4.953515e-01
4.953515e-01
4.953515e-01
4.953515e-01
4.953515e-01
4.953515e-01
4.953515e-01
4.953515e-01
4.953515e-01
4.953515e-01
4.953515e-01
4.953515e-01
4.969227e-01
4.969227e-01
4.969227e-01
4.969227e-01
4.974819e-01
4.974819e-01
4.974819e-01
4.974819e-01
4.974819e-01
4.974819e-01
4.974819e-01
4.974819e-01
4.990088e-01
4.990088e-01
4.990088e-01
4.990088e-01
4.990088e-01
4.990088e-01
4.990088e-01
4.990088e-01
4.994360e-01
4.994360e-01
4.994360e-01
4.994360e-01
4.994360e-01
4.994360e-01
4.994360e-01
4.994360e-01
5.025288e-01
5.025288e-01
5.025288e-01
5.025288e-01
5.025288e-01
5.025288e-01
5.025288e-01
5.025288e-01
5.065450e-01
5.065450e-01
5.065450e-01
5.065450e-01
5.065450e-01
5.065450e-01
5.065450e-01
5.065450e-01
5.068482e-01
5.068482e-01
5.068482e-01
5.068482e-01
5.068482e-01
5.068482e-01
5.068482e-01
5.068482e-01
5.068482e-01
5.068482e-01
5.068482e-01
5.068482e-01
5.083400e-01
5.083400e-01
5.083400e-01
5.083400e-01
5.104672e-01
5.104672e-01
5.104672e-01
5.104672e-01
5.104672e-01
5.104672e-01
5.104672e-01
5.104672e-01
5.104672e-01
5.104672e-01
5.104672e-01
5.104672e-01
5.104672e-01
5.104672e-01
5.104672e-01
5.104672e-01
5.104672e-01
5.104672e-01
5.104672e-01
5.104672e-01
5.104672e-01
5.104672e-01
5.104672e-01
5.104672e-01
5.150241e-01
5.150241e-01
5.150241e-01
5.150241e-01
5.150241e-01
5.150241e-01
5.150241e-01
5.150241e-01
5.165369e-01
5.165369e-01
5.165369e-01
5.165369e-01
5.165369e-01
5.165369e-01
5.165369e-01
5.165369e-01
5.197230e-01
5.197230e-01
5.197230e-01
5.197230e-01
5.197230e-01
5.197230e-01
5.197230e-01
5.197230e-01
5.218407e-01
5.218407e-01
5.218407e-01
5.218407e-01
5.218407e-01
5.218407e-01
5.218407e-01
5.218407e-01
5.218407e-01
5.218407e-01
5.218407e-01
5.218407e-01
5.242798e-01
5.242798e-01
5.242798e-01
5.242798e-01
5.242798e-01
5.242798e-01
5.242798e-01
5.242798e-01
5.250230e-01
5.250230e-01
5.250230e-01
5.250230e-01
5.250230e-01
5.250230e-01
5.250230e-01
5.250230e-01
5.260848e-01
5.260848e-01
5.260848e-01
5.260848e-01
5.260848e-01
5.260848e-01
5.260848e-01
5.260848e-01
5.271532e-01
5.271532e-01
5.271532e-01
5.271532e-01
5.276270e-01
5.276270e-01
5.276270e-01
5.276270e-01
5.276270e-01
5.276270e-01
5.276270e-01
5.276270e-01
5.285310e-01
5.285310e-01
5.285310e-01
5.285310e-01
5.303671e-01
5.303671e-01
5.303671e-01
5.303671e-01
5.303671e-01
5.303671e-01
5.303671e-01
5.303671e-01
5.355326e-01
5.355326e-01
5.355326e-01
5.355326e-01
5.355326e-01
5.355326e-01
5.355326e-01
5.355326e-01
5.356670e-01
5.356670e-01
5.356670e-01
5.356670e-01
5.434399e-01
5.434399e-01
5.434399e-01
5.434399e-01
5.434399e-01
5.434399e-01
5.434399e-01
5.434399e-01
5.437745e-01
5.437745e-01
5.437745e-01
5.437745e-01
5.458525e-01
5.458525e-01
5.458525e-01
5.458525e-01
5.458525e-01
5.458525e-01
5.458525e-01
5.458525e-01
5.458824e-01
5.458824e-01
5.458824e-01
5.458824e-01
5.458824e-01
5.458824e-01
5.458824e-01
5.458824e-01
5.491881e-01
5.491881e-01
5.491881e-01
5.491881e-01
5.491881e-01
5.491881e-01
5.491881e-01
5.491881e-01
5.492294e-01
5.492294e-01
5.492294e-01
5.492294e-01
5.495633e-01
5.495633e-01
5.495633e-01
5.495633e-01
5.495633e-01
5.495633e-01
5.495633e-01
5.495633e-01
5.495633e-01
5.495633e-01
5.495633e-01
5.495633e-01
5.513487e-01
5.513487e-01
5.513487e-01
5.513487e-01
5.513487e-01
5.513487e-01
5.513487e-01
5.513487e-01
5.513487e-01
5.513487e-01
5.513487e-01
5.513487e-01
5.513487e-01
5.513487e-01
5.513487e-01
5.513487e-01
5.513487e-01
5.513487e-01
5.513487e-01
5.513487e-01
5.513487e-01
5.513487e-01
5.513487e-01
5.513487e-01
5.537479e-01
5.537479e-01
5.537479e-01
5.537479e-01
5.537479e-01
5.537479e-01
5.537479e-01
5.537479e-01
5.537479e-01
5.537479e-01
5.537479e-01
5.537479e-01
5.546916e-01
5.546916e-01
5.546916e-01
5.546916e-01
5.546916e-01
5.546916e-01
5.546916e-01
5.546916e-01
5.573945e-01
5.573945e-01
5.573945e-01
5.573945e-01
5.573945e-01
5.573945e-01
5.573945e-01
5.573945e-01
5.576560e-01
5.576560e-01
5.576560e-01
5.576560e-01
5.576560e-01
5.576560e-01
5.576560e-01
5.576560e-01
5.648050e-01
5.648050e-01
5.648050e-01
5.648050e-01
5.648050e-01
5.648050e-01
5.648050e-01
5.648050e-01
5.653655e-01
5.653655e-01
5.653655e-01
5.653655e-01
5.653655e-01
5.653655e-01
5.653655e-01
5.653655e-01
5.731487e-01
5.731487e-01
5.731487e-01
5.731487e-01
5.731487e-01
5.731487e-01
5.731487e-01
5.731487e-01
5.752587e-01
5.752587e-01
5.752587e-01
5.752587e-01
5.752587e-01
5.752587e-01
5.752587e-01
5.752587e-01
5.752587e-01
5.752587e-01
5.752587e-01
5.752587e-01
5.764085e-01
5.764085e-01
5.764085e-01
5.764085e-01
5.764085e-01
5.764085e-01
5.764085e-01
5.764085e-01
5.774316e-01
5.774316e-01
5.774316e-01
5.774316e-01
5.774316e-01
5.774316e-01
5.774316e-01
5.774316e-01
5.788014e-01
5.788014e-01
5.788014e-01
5.788014e-01
5.788014e-01
5.788014e-01
5.788014e-01
5.788014e-01
5.804264e-01
5.804264e-01
5.804264e-01
5.804264e-01
5.804264e-01
5.804264e-01
5.804264e-01
5.804264e-01
5.810243e-01
5.810243e-01
5.810243e-01
5.810243e-01
5.810243e-01
5.810243e-01
5.810243e-01
5.810243e-01
5.843570e-01
5.843570e-01
5.843570e-01
5.843570e-01
5.843570e-01
5.843570e-01
5.843570e-01
5.843570e-01
5.843570e-01
5.843570e-01
5.843570e-01
5.843570e-01
5.889018e-01
5.889018e-01
5.889018e-01
5.889018e-01
5.889018e-01
5.889018e-01
5.889018e-01
5.889018e-01
5.925309e-01
5.925309e-01
5.925309e-01
5.925309e-01
5.925309e-01
5.925309e-01
5.925309e-01
5.925309e-01
5.939586e-01
5.939586e-01
5.939586e-01
5.939586e-01
5.946262e-01
5.946262e-01
5.946262e-01
5.946262e-01
5.967812e-01
5.967812e-01
5.967812e-01
5.967812e-01
5.967812e-01
5.967812e-01
5.967812e-01
5.967812e-01
6.025505e-01
6.025505e-01
6.025505e-01
6.025505e-01
6.046625e-01
6.046625e-01
6.046625e-01
6.046625e-01
6.046625e-01
6.046625e-01
6.046625e-01
6.046625e-01
6.046625e-01
6.046625e-01
6.046625e-01
6.046625e-01
6.046625e-01
6.046625e-01
6.046625e-01
6.046625e-01
6.046625e-01
6.046625e-01
6.046625e-01
6.046625e-01
6.046625e-01
6.046625e-01
6.046625e-01
6.046625e-01
6.059681e-01
6.059681e-01
6.059681e-01
6.059681e-01
6.080706e-01
6.080706e-01
6.080706e-01
6.080706e-01
6.080706e-01
6.080706e-01
6.080706e-01
6.080706e-01
6.082009e-01
6.082009e-01
6.082009e-01
6.082009e-01
6.082009e-01
6.082009e-01
6.082009e-01
6.082009e-01
6.082067e-01
6.082067e-01
6.082067e-01
6.082067e-01
6.082067e-01
6.082067e-01
6.082067e-01
6.082067e-01
6.126665e-01
6.126665e-01
6.126665e-01
6.126665e-01
6.126665e-01
6.126665e-01
6.126665e-01
6.126665e-01
6.159893e-01
6.159893e-01
6.159893e-01
6.159893e-01
6.159893e-01
6.159893e-01
6.159893e-01
6.159893e-01
6.159893e-01
6.159893e-01
6.159893e-01
6.159893e-01
6.231276e-01
6.231276e-01
6.231276e-01
6.231276e-01
6.231276e-01
6.231276e-01
6.231276e-01
6.231276e-01
6.238125e-01
6.238125e-01
6.238125e-01
6.238125e-01
6.238125e-01
6.238125e-01
6.238125e-01
6.238125e-01
6.238885e-01
6.238885e-01
6.238885e-01
6.238885e-01
6.238885e-01
6.238885e-01
6.238885e-01
6.238885e-01
6.352637e-01
6.352637e-01
6.352637e-01
6.352637e-01
6.352637e-01
6.352637e-01
6.352637e-01
6.352637e-01
6.373681e-01
6.373681e-01
6.373681e-01
6.373681e-01
6.373681e-01
6.373681e-01
6.373681e-01
6.373681e-01
6.373681e-01
6.373681e-01
6.373681e-01
6.373681e-01
6.395708e-01
6.395708e-01
6.395708e-01
6.395708e-01
6.395708e-01
6.395708e-01
6.395708e-01
6.395708e-01
6.421163e-01
6.421163e-01
6.421163e-01
6.421163e-01
6.431180e-01
6.431180e-01
6.431180e-01
6.431180e-01
6.431180e-01
6.431180e-01
6.431180e-01
6.431180e-01
6.436768e-01
6.436768e-01
6.436768e-01
6.436768e-01
6.436768e-01
6.436768e-01
6.436768e-01
6.436768e-01
6.451947e-01
6.451947e-01
6.451947e-01
6.451947e-01
6.451947e-01
6.451947e-01
6.451947e-01
6.451947e-01
6.509741e-01
6.509741e-01
6.509741e-01
6.509741e-01
6.509741e-01
6.509741e-01
6.509741e-01
6.509741e-01
6.531525e-01
6.531525e-01
6.531525e-01
6.531525e-01
6.557817e-01
6.557817e-01
6.557817e-01
6.557817e-01
6.557817e-01
6.557817e-01
6.557817e-01
6.557817e-01
6.580382e-01
6.580382e-01
6.580382e-01
6.580382e-01
6.580382e-01
6.580382e-01
6.580382e-01
6.580382e-01
6.588320e-01
6.588320e-01
6.588320e-01
6.588320e-01
6.588320e-01
6.588320e-01
6.588320e-01
6.588320e-01
6.645855e-01
6.645855e-01
6.645855e-01
6.645855e-01
6.666917e-01
6.666917e-01
6.666917e-01
6.666917e-01
6.666917e-01
6.666917e-01
6.666917e-01
6.666917e-01
6.666917e-01
6.666917e-01
6.666917e-01
6.666917e-01
6.666917e-01
6.666917e-01
6.666917e-01
6.666917e-01
6.666917e-01
6.666917e-01
6.666917e-01
6.666917e-01
6.666917e-01
6.666917e-01
6.666917e-01
6.666917e-01
6.715594e-01
6.715594e-01
6.715594e-01
6.715594e-01
6.715594e-01
6.715594e-01
6.715594e-01
6.715594e-01
6.723247e-01
6.723247e-01
6.723247e-01
6.723247e-01
6.733304e-01
6.733304e-01
6.733304e-01
6.733304e-01
6.744240e-01
6.744240e-01
6.744240e-01
6.744240e-01
6.744240e-01
6.744240e-01
6.744240e-01
6.744240e-01
6.815112e-01
6.815112e-01
6.815112e-01
6.815112e-01
6.815112e-01
6.815112e-01
6.815112e-01
6.815112e-01
6.815112e-01
6.815112e-01
6.815112e-01
6.815112e-01
6.824187e-01
6.824187e-01
6.824187e-01
6.824187e-01
6.824187e-01
6.824187e-01
6.824187e-01
6.824187e-01
6.870911e-01
6.870911e-01
6.870911e-01
6.870911e-01
6.870911e-01
6.870911e-01
6.870911e-01
6.870911e-01
6.873352e-01
6.873352e-01
6.873352e-01
6.873352e-01
6.873352e-01
6.873352e-01
6.873352e-01
6.873352e-01
6.893377e-01
6.893377e-01
6.893377e-01
6.893377e-01
6.893377e-01
6.893377e-01
6.893377e-01
6.893377e-01
6.906764e-01
6.906764e-01
6.906764e-01
6.906764e-01
6.906764e-01
6.906764e-01
6.906764e-01
6.906764e-01
6.906764e-01
6.906764e-01
6.906764e-01
6.906764e-01
6.906764e-01
6.906764e-01
6.906764e-01
6.906764e-01
6.906764e-01
6.906764e-01
6.906764e-01
6.906764e-01
6.906764e-01
6.906764e-01
6.906764e-01
6.906764e-01
6.915757e-01
6.915757e-01
6.915757e-01
6.915757e-01
6.940585e-01
6.940585e-01
6.940585e-01
6.940585e-01
6.940585e-01
6.940585e-01
6.940585e-01
6.940585e-01
6.975106e-01
6.975106e-01
6.975106e-01
6.975106e-01
6.975106e-01
6.975106e-01
6.975106e-01
6.975106e-01
7.009957e-01
7.009957e-01
7.009957e-01
7.009957e-01
7.010326e-01
7.010326e-01
7.010326e-01
7.010326e-01
7.010326e-01
7.010326e-01
7.010326e-01
7.010326e-01
7.015751e-01
7.015751e-01
7.015751e-01
7.015751e-01
7.015751e-01
7.015751e-01
7.015751e-01
7.015751e-01
7.029792e-01
7.029792e-01
7.029792e-01
7.029792e-01
7.029792e-01
7.029792e-01
7.029792e-01
7.029792e-01
7.036551e-01
7.036551e-01
7.036551e-01
7.036551e-01
7.036551e-01
7.036551e-01
7.036551e-01
7.036551e-01
7.036551e-01
7.036551e-01
7.036551e-01
7.036551e-01
7.036760e-01
7.036760e-01
7.036760e-01
7.036760e-01
7.036760e-01
7.036760e-01
7.036760e-01
7.036760e-01
7.036760e-01
7.036760e-01
7.036760e-01
7.036760e-01
7.046244e-01
7.046244e-01
7.046244e-01
7.046244e-01
7.046244e-01
7.046244e-01
7.046244e-01
7.046244e-01
7.094164e-01
7.094164e-01
7.094164e-01
7.094164e-01
7.094164e-01
7.094164e-01
7.094164e-01
7.094164e-01
7.107255e-01
7.107255e-01
7.107255e-01
7.107255e-01
7.107255e-01
7.107255e-01
7.107255e-01
7.107255e-01
7.172592e-01
7.172592e-01
7.172592e-01
7.172592e-01
7.172592e-01
7.172592e-01
7.172592e-01
7.172592e-01
7.174288e-01
7.174288e-01
7.174288e-01
7.174288e-01
7.174288e-01
7.174288e-01
7.174288e-01
7.174288e-01
7.176033e-01
7.176033e-01
7.176033e-01
7.176033e-01
7.176033e-01
7.176033e-01
7.176033e-01
7.176033e-01
7.186417e-01
7.186417e-01
7.186417e-01
7.186417e-01
7.188659e-01
7.188659e-01
7.188659e-01
7.188659e-01
7.188659e-01
7.188659e-01
7.188659e-01
7.188659e-01
7.251036e-01
7.251036e-01
7.251036e-01
7.251036e-01
7.251036e-01
7.251036e-01
7.251036e-01
7.251036e-01
7.304252e-01
7.304252e-01
7.304252e-01
7.304252e-01
7.304252e-01
7.304252e-01
7.304252e-01
7.304252e-01
7.308470e-01
7.308470e-01
7.308470e-01
7.308470e-01
7.325091e-01
7.325091e-01
7.325091e-01
7.325091e-01
7.325091e-01
7.325091e-01
7.325091e-01
7.325091e-01
7.326229e-01
7.326229e-01
7.326229e-01
7.326229e-01
7.329494e-01
7.329494e-01
7.329494e-01
7.329494e-01
7.329494e-01
7.329494e-01
7.329494e-01
7.329494e-01
7.329494e-01
7.329494e-01
7.329494e-01
7.329494e-01
7.329494e-01
7.329494e-01
7.329494e-01
7.329494e-01
7.329494e-01
7.329494e-01
7.329494e-01
7.329494e-01
7.329494e-01
7.329494e-01
7.329494e-01
7.329494e-01
7.378554e-01
7.378554e-01
7.378554e-01
7.378554e-01
7.399544e-01
7.399544e-01
7.399544e-01
7.399544e-01
7.399544e-01
7.399544e-01
7.399544e-01
7.399544e-01
7.409590e-01
7.409590e-01
7.409590e-01
7.409590e-01
7.409590e-01
7.409590e-01
7.409590e-01
7.409590e-01
7.409590e-01
7.409590e-01
7.409590e-01
7.409590e-01
7.440183e-01
7.440183e-01
7.440183e-01
7.440183e-01
7.440183e-01
7.440183e-01
7.440183e-01
7.440183e-01
7.483554e-01
7.483554e-01
7.483554e-01
7.483554e-01
7.483554e-01
7.483554e-01
7.483554e-01
7.483554e-01
7.483554e-01
7.483554e-01
7.483554e-01
7.483554e-01
7.488029e-01
7.488029e-01
7.488029e-01
7.488029e-01
7.488029e-01
7.488029e-01
7.488029e-01
7.488029e-01
7.617605e-01
7.617605e-01
7.617605e-01
7.617605e-01
7.617605e-01
7.617605e-01
7.617605e-01
7.617605e-01
7.622610e-01
7.622610e-01
7.622610e-01
7.622610e-01
7.622610e-01
7.622610e-01
7.622610e-01
7.622610e-01
7.656182e-01
7.656182e-01
7.656182e-01
7.656182e-01
7.656182e-01
7.656182e-01
7.656182e-01
7.656182e-01
7.670978e-01
7.670978e-01
7.670978e-01
7.670978e-01
7.670978e-01
7.670978e-01
7.670978e-01
7.670978e-01
7.691979e-01
7.691979e-01
7.691979e-01
7.691979e-01
7.691979e-01
7.691979e-01
7.691979e-01
7.691979e-01
7.691979e-01
7.691979e-01
7.691979e-01
7.691979e-01
7.702340e-01
7.702340e-01
7.702340e-01
7.702340e-01
7.702340e-01
7.702340e-01
7.702340e-01
7.702340e-01
7.749358e-01
7.749358e-01
7.749358e-01
7.749358e-01
7.749358e-01
7.749358e-01
7.749358e-01
7.749358e-01
7.827747e-01
7.827747e-01
7.827747e-01
7.827747e-01
7.827747e-01
7.827747e-01
7.827747e-01
7.827747e-01
7.827757e-01
7.827757e-01
7.827757e-01
7.827757e-01
7.827757e-01
7.827757e-01
7.827757e-01
7.827757e-01
7.892634e-01
7.892634e-01
7.892634e-01
7.892634e-01
7.892634e-01
7.892634e-01
7.892634e-01
7.892634e-01
7.892634e-01
7.892634e-01
7.892634e-01
7.892634e-01
7.906147e-01
7.906147e-01
7.906147e-01
7.906147e-01
7.906147e-01
7.906147e-01
7.906147e-01
7.906147e-01
7.963546e-01
7.963546e-01
7.963546e-01
7.963546e-01
7.971442e-01
7.971442e-01
7.971442e-01
7.971442e-01
7.971442e-01
7.971442e-01
7.971442e-01
7.971442e-01
7.974107e-01
7.974107e-01
7.974107e-01
7.974107e-01
7.977047e-01
7.977047e-01
7.977047e-01
7.977047e-01
7.977047e-01
7.977047e-01
7.977047e-01
7.977047e-01
7.984557e-01
7.984557e-01
7.984557e-01
7.984557e-01
7.984557e-01
7.984557e-01
7.984557e-01
7.984557e-01
7.984557e-01
7.984557e-01
7.984557e-01
7.984557e-01
7.984557e-01
7.984557e-01
7.984557e-01
7.984557e-01
7.984557e-01
7.984557e-01
7.984557e-01
7.984557e-01
7.984557e-01
7.984557e-01
7.984557e-01
7.984557e-01
7.995130e-01
7.995130e-01
7.995130e-01
7.995130e-01
7.995130e-01
7.995130e-01
7.995130e-01
7.995130e-01
8.012901e-01
8.012901e-01
8.012901e-01
8.012901e-01
8.101645e-01
8.101645e-01
8.101645e-01
8.101645e-01
8.101645e-01
8.101645e-01
8.101645e-01
8.101645e-01
8.186724e-01
8.186724e-01
8.186724e-01
8.186724e-01
8.186724e-01
8.186724e-01
8.186724e-01
8.186724e-01
8.206274e-01
8.206274e-01
8.206274e-01
8.206274e-01
8.206274e-01
8.206274e-01
8.206274e-01
8.206274e-01
8.215185e-01
8.215185e-01
8.215185e-01
8.215185e-01
8.215185e-01
8.215185e-01
8.215185e-01
8.215185e-01
8.215185e-01
8.215185e-01
8.215185e-01
8.215185e-01
8.266937e-01
8.266937e-01
8.266937e-01
8.266937e-01
8.266937e-01
8.266937e-01
8.266937e-01
8.266937e-01
8.287963e-01
8.287963e-01
8.287963e-01
8.287963e-01
8.287963e-01
8.287963e-01
8.287963e-01
8.287963e-01
8.287963e-01
8.287963e-01
8.287963e-01
8.287963e-01
8.294555e-01
8.294555e-01
8.294555e-01
8.294555e-01
8.294555e-01
8.294555e-01
8.294555e-01
8.294555e-01
8.313153e-01
8.313153e-01
8.313153e-01
8.313153e-01
8.313153e-01
8.313153e-01
8.313153e-01
8.313153e-01
8.345408e-01
8.345408e-01
8.345408e-01
8.345408e-01
8.345408e-01
8.345408e-01
8.345408e-01
8.345408e-01
8.407485e-01
8.407485e-01
8.407485e-01
8.407485e-01
8.423884e-01
8.423884e-01
8.423884e-01
8.423884e-01
8.423884e-01
8.423884e-01
8.423884e-01
8.423884e-01
8.459642e-01
8.459642e-01
8.459642e-01
8.459642e-01
8.480750e-01
8.480750e-01
8.480750e-01
8.480750e-01
8.480750e-01
8.480750e-01
8.480750e-01
8.480750e-01
8.502362e-01
8.502362e-01
8.502362e-01
8.502362e-01
8.502362e-01
8.502362e-01
8.502362e-01
8.502362e-01
8.511369e-01
8.511369e-01
8.511369e-01
8.511369e-01
8.511369e-01
8.511369e-01
8.511369e-01
8.511369e-01
8.559815e-01
8.559815e-01
8.559815e-01
8.559815e-01
8.580845e-01
8.580845e-01
8.580845e-01
8.580845e-01
8.580845e-01
8.580845e-01
8.580845e-01
8.580845e-01
8.580845e-01
8.580845e-01
8.580845e-01
8.580845e-01
8.580845e-01
8.580845e-01
8.580845e-01
8.580845e-01
8.580845e-01
8.580845e-01
8.580845e-01
8.580845e-01
8.580845e-01
8.580845e-01
8.580845e-01
8.580845e-01
8.616121e-01
8.616121e-01
8.616121e-01
8.616121e-01
8.616121e-01
8.616121e-01
8.616121e-01
8.616121e-01
8.753611e-01
8.753611e-01
8.753611e-01
8.753611e-01
8.753611e-01
8.753611e-01
8.753611e-01
8.753611e-01
8.774715e-01
8.774715e-01
8.774715e-01
8.774715e-01
8.774715e-01
8.774715e-01
8.774715e-01
8.774715e-01
8.774715e-01
8.774715e-01
8.774715e-01
8.774715e-01
8.786220e-01
8.786220e-01
8.786220e-01
8.786220e-01
8.807477e-01
8.807477e-01
8.807477e-01
8.807477e-01
8.807477e-01
8.807477e-01
8.807477e-01
8.807477e-01
8.832370e-01
8.832370e-01
8.832370e-01
8.832370e-01
8.832370e-01
8.832370e-01
8.832370e-01
8.832370e-01
8.874837e-01
8.874837e-01
8.874837e-01
8.874837e-01
8.874837e-01
8.874837e-01
8.874837e-01
8.874837e-01
8.911125e-01
8.911125e-01
8.911125e-01
8.911125e-01
8.911125e-01
8.911125e-01
8.911125e-01
8.911125e-01
8.989875e-01
8.989875e-01
8.989875e-01
8.989875e-01
8.989875e-01
8.989875e-01
8.989875e-01
8.989875e-01
9.047522e-01
9.047522e-01
9.047522e-01
9.047522e-01
9.053958e-01
9.053958e-01
9.053958e-01
9.053958e-01
9.053958e-01
9.053958e-01
9.053958e-01
9.053958e-01
9.053958e-01
9.053958e-01
9.053958e-01
9.053958e-01
9.068622e-01
9.068622e-01
9.068622e-01
9.068622e-01
9.068622e-01
9.068622e-01
9.068622e-01
9.068622e-01
9.068622e-01
9.068622e-01
9.068622e-01
9.068622e-01
9.068622e-01
9.068622e-01
9.068622e-01
9.068622e-01
9.068622e-01
9.068622e-01
9.068622e-01
9.068622e-01
9.068622e-01
9.068622e-01
9.068622e-01
9.068622e-01
9.082252e-01
9.082252e-01
9.082252e-01
9.082252e-01
9.082252e-01
9.082252e-01
9.082252e-01
9.082252e-01
9.103502e-01
9.103502e-01
9.103502e-01
9.103502e-01
9.103502e-01
9.103502e-01
9.103502e-01
9.103502e-01
9.103502e-01
9.103502e-01
9.103502e-01
9.103502e-01
9.114557e-01
9.114557e-01
9.114557e-01
9.114557e-01
9.114557e-01
9.114557e-01
9.114557e-01
9.114557e-01
9.161558e-01
9.161558e-01
9.161558e-01
9.161558e-01
9.161558e-01
9.161558e-01
9.161558e-01
9.161558e-01
9.240859e-01
9.240859e-01
9.240859e-01
9.240859e-01
9.240859e-01
9.240859e-01
9.240859e-01
9.240859e-01
9.282298e-01
9.282298e-01
9.282298e-01
9.282298e-01
9.282298e-01
9.282298e-01
9.282298e-01
9.282298e-01
9.320153e-01
9.320153e-01
9.320153e-01
9.320153e-01
9.320153e-01
9.320153e-01
9.320153e-01
9.320153e-01
9.378196e-01
9.378196e-01
9.378196e-01
9.378196e-01
9.399440e-01
9.399440e-01
9.399440e-01
9.399440e-01
9.399440e-01
9.399440e-01
9.399440e-01
9.399440e-01
9.399440e-01
9.399440e-01
9.399440e-01
9.399440e-01
9.399440e-01
9.399440e-01
9.399440e-01
9.399440e-01
9.399440e-01
9.399440e-01
9.399440e-01
9.399440e-01
9.399440e-01
9.399440e-01
9.399440e-01
9.399440e-01
9.499368e-01
9.499368e-01
9.499368e-01
9.499368e-01
9.516354e-01
9.516354e-01
9.516354e-01
9.516354e-01
9.516354e-01
9.516354e-01
9.516354e-01
9.516354e-01
9.738365e-01
9.738365e-01
9.738365e-01
9.738365e-01
9.738365e-01
9.738365e-01
9.738365e-01
9.738365e-01
9.755719e-01
9.755719e-01
9.755719e-01
9.755719e-01
9.755719e-01
9.755719e-01
9.755719e-01
9.755719e-01
9.755719e-01
9.755719e-01
9.755719e-01
9.755719e-01
9.803259e-01
9.803259e-01
9.803259e-01
9.803259e-01
9.803259e-01
9.803259e-01
9.803259e-01
9.803259e-01
9.868502e-01
9.868502e-01
9.868502e-01
9.868502e-01
9.868502e-01
9.868502e-01
9.868502e-01
9.868502e-01
9.934084e-01
9.934084e-01
9.934084e-01
9.934084e-01
9.934084e-01
9.934084e-01
9.934084e-01
9.934084e-01
9.982306e-01
9.982306e-01
9.982306e-01
9.982306e-01
1.000000e+00
1.000000e+00
1.000000e+00
1.000000e+00
1.000000e+00
1.000000e+00
1.000000e+00
1.000000e+00
1.000000e+00
1.000000e+00
1.000000e+00
1.000000e+00
1.000000e+00
1.000000e+00
1.000000e+00
1.000000e+00
1.000000e+00
1.000000e+00
1.000000e+00
1.000000e+00
1.000000e+00
1.000000e+00
1.000000e+00
1.000000e+00
