# SF-29 N2 candidate (i) i0 field=gauss eps=0.25 N=12: sorted relative singular values of the dense central-FD Jacobian at the final_iterate state (rows F_i=-q(L_i-S_i); smax=2.066675e+03)
1.211555e-05
2.917807e-05
4.034289e-05
5.137390e-05
6.044901e-05
7.759312e-05
9.275842e-05
1.117442e-04
1.191234e-04
1.580028e-04
1.928785e-04
2.078120e-04
2.503046e-04
2.638006e-04
3.101502e-04
3.429029e-04
4.318181e-04
4.445726e-04
4.623333e-04
5.067138e-04
5.587730e-04
6.028819e-04
6.535640e-04
6.760119e-04
7.540500e-04
8.339797e-04
8.601740e-04
8.884427e-04
9.220478e-04
9.768680e-04
1.076276e-03
1.116546e-03
1.211105e-03
1.235832e-03
1.365469e-03
1.403232e-03
1.475864e-03
1.565672e-03
1.717766e-03
1.755039e-03
1.781721e-03
1.912705e-03
1.953873e-03
2.060906e-03
2.107074e-03
2.216072e-03
2.272536e-03
2.366921e-03
2.429239e-03
2.603838e-03
2.648331e-03
2.701796e-03
2.769108e-03
2.862387e-03
3.110235e-03
3.154345e-03
3.207890e-03
3.310553e-03
3.489233e-03
3.513638e-03
3.827520e-03
3.985371e-03
4.102196e-03
4.354857e-03
4.453795e-03
4.660759e-03
4.702414e-03
4.936895e-03
5.087275e-03
5.249367e-03
5.553872e-03
5.669804e-03
5.832717e-03
5.940937e-03
6.044470e-03
6.093902e-03
6.188811e-03
6.361349e-03
6.449157e-03
6.625681e-03
6.633220e-03
6.741969e-03
6.839021e-03
6.865467e-03
6.950562e-03
7.055219e-03
7.221699e-03
7.230149e-03
7.286892e-03
7.338768e-03
7.410678e-03
7.466217e-03
7.499204e-03
7.638921e-03
7.730927e-03
7.748559e-03
7.803851e-03
7.898672e-03
7.994061e-03
8.075266e-03
8.167788e-03
8.487035e-03
8.565151e-03
8.666390e-03
8.754672e-03
8.832087e-03
9.011513e-03
9.193699e-03
9.265067e-03
9.747068e-03
9.903956e-03
1.018461e-02
1.026089e-02
1.028526e-02
1.037103e-02
1.045351e-02
1.056914e-02
1.068993e-02
1.090186e-02
1.100400e-02
1.121575e-02
1.124883e-02
1.144800e-02
1.159216e-02
1.180076e-02
1.198332e-02
1.247996e-02
1.282599e-02
1.319483e-02
1.379038e-02
1.389930e-02
1.397181e-02
1.429556e-02
1.441296e-02
1.457684e-02
1.463186e-02
1.471345e-02
1.511124e-02
1.526411e-02
1.530303e-02
1.545720e-02
1.570203e-02
1.578758e-02
1.625395e-02
1.637737e-02
1.663386e-02
1.684833e-02
1.714704e-02
1.718408e-02
1.746995e-02
1.783073e-02
1.801839e-02
1.834810e-02
1.876105e-02
1.884496e-02
1.902135e-02
1.908125e-02
1.921183e-02
1.933169e-02
1.951324e-02
1.954705e-02
2.006576e-02
2.016475e-02
2.029357e-02
2.035776e-02
2.041364e-02
2.058087e-02
2.064086e-02
2.073703e-02
2.086492e-02
2.100942e-02
2.104536e-02
2.117683e-02
2.125232e-02
2.144559e-02
2.152251e-02
2.177930e-02
2.179547e-02
2.185931e-02
2.198750e-02
2.207383e-02
2.214472e-02
2.221930e-02
2.228229e-02
2.230753e-02
2.247140e-02
2.252217e-02
2.261152e-02
2.268774e-02
2.272730e-02
2.277362e-02
2.291970e-02
2.301897e-02
2.313198e-02
2.320158e-02
2.326957e-02
2.335906e-02
2.355090e-02
2.365075e-02
2.395246e-02
2.408542e-02
2.421219e-02
2.428726e-02
2.435439e-02
2.457854e-02
2.481324e-02
2.488793e-02
2.520041e-02
2.524704e-02
2.544783e-02
2.549024e-02
2.556772e-02
2.562487e-02
2.584020e-02
2.610855e-02
2.611217e-02
2.636619e-02
2.642638e-02
2.646537e-02
2.657070e-02
2.668901e-02
2.689065e-02
2.723074e-02
2.794275e-02
2.796116e-02
2.841778e-02
2.861763e-02
2.917848e-02
2.927174e-02
2.935578e-02
2.945582e-02
2.991246e-02
2.999376e-02
3.011559e-02
3.044714e-02
3.060097e-02
3.096431e-02
3.124348e-02
3.138649e-02
3.149855e-02
3.157422e-02
3.294624e-02
3.324617e-02
3.340447e-02
3.430276e-02
3.443579e-02
3.478181e-02
3.496122e-02
3.510185e-02
3.512633e-02
3.528020e-02
3.554851e-02
3.565973e-02
3.602575e-02
3.622859e-02
3.637283e-02
3.652329e-02
3.660152e-02
3.664797e-02
3.679780e-02
3.695097e-02
3.712380e-02
3.730927e-02
3.758197e-02
3.783834e-02
3.785131e-02
3.825247e-02
3.842345e-02
3.847668e-02
3.862436e-02
3.869525e-02
3.884793e-02
3.904688e-02
3.916064e-02
3.919051e-02
3.943258e-02
3.952465e-02
3.976905e-02
3.981251e-02
4.008154e-02
4.021213e-02
4.030859e-02
4.063447e-02
4.068633e-02
4.087978e-02
4.097481e-02
4.121388e-02
4.137834e-02
4.170125e-02
4.172667e-02
4.180844e-02
4.188169e-02
4.207064e-02
4.217496e-02
4.228943e-02
4.242019e-02
4.262506e-02
4.285543e-02
4.291276e-02
4.318582e-02
4.339540e-02
4.369108e-02
4.382493e-02
4.391390e-02
4.402941e-02
4.418291e-02
4.433044e-02
4.440714e-02
4.461420e-02
4.479810e-02
4.487093e-02
4.498072e-02
4.515553e-02
4.527925e-02
4.533324e-02
4.548964e-02
4.562878e-02
4.593883e-02
4.620385e-02
4.622822e-02
4.638508e-02
4.647285e-02
4.660692e-02
4.670044e-02
4.729335e-02
4.737480e-02
4.749527e-02
4.788883e-02
4.801190e-02
4.833643e-02
4.893384e-02
4.916171e-02
4.937788e-02
4.966728e-02
5.015118e-02
5.023289e-02
5.050368e-02
5.075198e-02
5.089973e-02
5.120572e-02
5.154039e-02
5.154444e-02
5.180890e-02
5.204316e-02
5.209133e-02
5.225376e-02
5.252768e-02
5.265649e-02
5.287346e-02
5.312881e-02
5.328864e-02
5.348687e-02
5.367773e-02
5.374677e-02
5.385526e-02
5.401322e-02
5.415566e-02
5.441514e-02
5.454998e-02
5.479395e-02
5.494326e-02
5.536283e-02
5.547485e-02
5.571723e-02
5.575454e-02
5.577257e-02
5.590896e-02
5.601917e-02
5.616873e-02
5.640631e-02
5.662319e-02
5.680233e-02
5.687712e-02
5.708169e-02
5.716878e-02
5.746775e-02
5.767654e-02
5.774888e-02
5.803731e-02
5.826691e-02
5.844293e-02
5.851318e-02
5.876192e-02
5.909241e-02
5.922429e-02
5.958557e-02
5.972962e-02
6.001207e-02
6.013496e-02
6.035789e-02
6.070070e-02
6.077436e-02
6.094017e-02
6.107381e-02
6.130893e-02
6.138562e-02
6.169490e-02
6.178693e-02
6.190817e-02
6.231190e-02
6.243598e-02
6.268794e-02
6.272915e-02
6.315760e-02
6.332767e-02
6.340980e-02
6.347538e-02
6.373818e-02
6.403452e-02
6.425998e-02
6.456415e-02
6.502118e-02
6.507374e-02
6.558549e-02
6.577636e-02
6.590934e-02
6.605942e-02
6.627256e-02
6.649892e-02
6.654342e-02
6.676304e-02
6.701396e-02
6.717058e-02
6.733870e-02
6.747395e-02
6.762520e-02
6.769362e-02
6.800706e-02
6.811427e-02
6.832779e-02
6.848336e-02
6.860109e-02
6.868390e-02
6.883704e-02
6.928319e-02
6.931386e-02
6.955687e-02
6.973269e-02
6.977921e-02
6.982401e-02
6.994444e-02
7.008981e-02
7.027436e-02
7.049771e-02
7.057603e-02
7.076712e-02
7.101115e-02
7.112683e-02
7.131057e-02
7.151035e-02
7.155474e-02
7.178256e-02
7.193796e-02
7.215335e-02
7.230864e-02
7.244204e-02
7.255206e-02
7.266500e-02
7.275514e-02
7.301377e-02
7.308920e-02
7.334955e-02
7.351442e-02
7.368826e-02
7.374556e-02
7.390920e-02
7.396568e-02
7.453931e-02
7.462031e-02
7.471077e-02
7.498496e-02
7.501187e-02
7.545185e-02
7.564714e-02
7.575507e-02
7.580730e-02
7.593136e-02
7.598979e-02
7.620306e-02
7.635906e-02
7.648000e-02
7.673381e-02
7.697454e-02
7.712139e-02
7.736687e-02
7.757165e-02
7.769585e-02
7.772357e-02
7.790127e-02
7.807652e-02
7.814162e-02
7.829615e-02
7.864514e-02
7.870989e-02
7.880376e-02
7.902229e-02
7.917112e-02
7.930935e-02
7.935690e-02
7.960199e-02
7.977769e-02
8.019538e-02
8.048438e-02
8.072042e-02
8.084459e-02
8.098613e-02
8.122587e-02
8.151013e-02
8.173760e-02
8.196346e-02
8.224185e-02
8.231339e-02
8.252844e-02
8.268689e-02
8.277833e-02
8.298074e-02
8.315781e-02
8.324745e-02
8.364810e-02
8.373541e-02
8.388211e-02
8.409849e-02
8.420220e-02
8.452322e-02
8.456873e-02
8.490107e-02
8.499066e-02
8.535141e-02
8.548845e-02
8.556779e-02
8.572848e-02
8.581572e-02
8.602724e-02
8.619536e-02
8.641446e-02
8.691305e-02
8.695196e-02
8.715002e-02
8.738438e-02
8.751065e-02
8.756587e-02
8.791420e-02
8.802139e-02
8.820232e-02
8.842139e-02
8.863306e-02
8.880665e-02
8.891062e-02
8.915970e-02
8.928894e-02
8.930864e-02
8.949400e-02
8.968138e-02
8.983239e-02
9.007449e-02
9.024466e-02
9.034982e-02
9.050357e-02
9.086237e-02
9.097799e-02
9.115824e-02
9.134908e-02
9.144997e-02
9.177281e-02
9.196285e-02
9.204906e-02
9.236726e-02
9.244864e-02
9.255225e-02
9.295866e-02
9.302683e-02
9.325366e-02
9.341251e-02
9.354739e-02
9.379372e-02
9.389959e-02
9.404003e-02
9.418504e-02
9.425307e-02
9.434731e-02
9.470640e-02
9.487345e-02
9.498954e-02
9.524293e-02
9.528143e-02
9.540176e-02
9.551523e-02
9.568586e-02
9.598675e-02
9.605869e-02
9.619126e-02
9.651760e-02
9.666214e-02
9.679315e-02
9.687637e-02
9.700724e-02
9.725888e-02
9.744476e-02
9.757536e-02
9.795507e-02
9.802442e-02
9.805095e-02
9.839651e-02
9.852485e-02
9.879460e-02
9.900595e-02
9.931640e-02
9.944047e-02
9.948910e-02
9.968518e-02
9.976577e-02
9.998948e-02
1.002135e-01
1.003448e-01
1.005106e-01
1.005713e-01
1.007261e-01
1.007838e-01
1.009368e-01
1.010650e-01
1.012106e-01
1.014340e-01
1.015689e-01
1.018338e-01
1.020142e-01
1.022612e-01
1.023486e-01
1.026019e-01
1.026653e-01
1.027696e-01
1.029115e-01
1.030925e-01
1.033137e-01
1.034006e-01
1.035116e-01
1.038342e-01
1.039390e-01
1.040199e-01
1.041383e-01
1.042900e-01
1.044717e-01
1.046614e-01
1.047412e-01
1.049772e-01
1.050455e-01
1.051499e-01
1.053084e-01
1.055427e-01
1.056351e-01
1.057402e-01
1.059136e-01
1.062738e-01
1.064079e-01
1.066431e-01
1.067798e-01
1.070583e-01
1.071082e-01
1.071638e-01
1.071886e-01
1.075502e-01
1.076358e-01
1.079266e-01
1.080845e-01
1.082928e-01
1.085836e-01
1.086500e-01
1.088799e-01
1.089477e-01
1.091982e-01
1.092745e-01
1.094591e-01
1.096154e-01
1.097712e-01
1.098879e-01
1.100368e-01
1.101374e-01
1.107418e-01
1.107972e-01
1.110395e-01
1.111279e-01
1.113395e-01
1.116268e-01
1.118558e-01
1.121168e-01
1.123240e-01
1.124780e-01
1.125994e-01
1.129792e-01
1.131823e-01
1.131993e-01
1.133996e-01
1.135762e-01
1.136915e-01
1.140311e-01
1.141371e-01
1.142654e-01
1.145603e-01
1.146632e-01
1.149327e-01
1.152027e-01
1.153126e-01
1.154662e-01
1.156048e-01
1.158573e-01
1.160544e-01
1.164041e-01
1.164293e-01
1.165485e-01
1.168217e-01
1.168677e-01
1.171143e-01
1.172459e-01
1.175491e-01
1.176503e-01
1.179182e-01
1.180234e-01
1.182100e-01
1.184051e-01
1.185273e-01
1.187396e-01
1.188988e-01
1.191642e-01
1.193426e-01
1.194602e-01
1.196038e-01
1.197022e-01
1.198488e-01
1.201516e-01
1.201792e-01
1.202080e-01
1.205061e-01
1.206543e-01
1.207487e-01
1.209217e-01
1.210706e-01
1.212184e-01
1.213704e-01
1.215740e-01
1.218555e-01
1.219499e-01
1.220653e-01
1.222786e-01
1.224070e-01
1.226342e-01
1.226911e-01
1.228798e-01
1.230487e-01
1.233159e-01
1.234198e-01
1.235485e-01
1.237128e-01
1.238430e-01
1.240481e-01
1.241724e-01
1.244420e-01
1.245833e-01
1.247345e-01
1.249543e-01
1.250636e-01
1.251144e-01
1.252282e-01
1.253350e-01
1.256283e-01
1.258048e-01
1.259889e-01
1.261390e-01
1.263211e-01
1.264883e-01
1.265830e-01
1.267713e-01
1.269009e-01
1.271806e-01
1.273115e-01
1.274027e-01
1.275479e-01
1.275677e-01
1.279019e-01
1.280707e-01
1.281484e-01
1.283060e-01
1.285695e-01
1.285793e-01
1.287001e-01
1.291367e-01
1.293547e-01
1.293776e-01
1.295484e-01
1.296791e-01
1.298336e-01
1.300000e-01
1.300600e-01
1.305391e-01
1.305978e-01
1.307236e-01
1.308274e-01
1.309515e-01
1.312111e-01
1.313707e-01
1.314145e-01
1.316014e-01
1.316359e-01
1.319417e-01
1.320333e-01
1.322458e-01
1.323186e-01
1.326213e-01
1.328233e-01
1.328670e-01
1.330739e-01
1.331218e-01
1.333363e-01
1.334085e-01
1.336462e-01
1.337968e-01
1.338990e-01
1.340381e-01
1.342815e-01
1.344076e-01
1.345548e-01
1.346159e-01
1.349085e-01
1.349975e-01
1.350815e-01
1.353643e-01
1.354436e-01
1.355906e-01
1.358599e-01
1.360834e-01
1.361574e-01
1.363859e-01
1.364675e-01
1.366076e-01
1.366923e-01
1.368270e-01
1.369621e-01
1.371931e-01
1.372749e-01
1.374961e-01
1.376506e-01
1.377629e-01
1.378898e-01
1.380923e-01
1.381751e-01
1.382713e-01
1.383299e-01
1.387590e-01
1.388131e-01
1.388866e-01
1.392061e-01
1.392924e-01
1.393290e-01
1.395596e-01
1.397076e-01
1.398959e-01
1.401515e-01
1.403309e-01
1.403524e-01
1.405275e-01
1.407589e-01
1.409536e-01
1.410504e-01
1.411713e-01
1.415215e-01
1.415895e-01
1.417086e-01
1.420249e-01
1.421322e-01
1.422658e-01
1.424409e-01
1.427516e-01
1.427708e-01
1.429324e-01
1.431930e-01
1.432810e-01
1.433144e-01
1.434821e-01
1.437346e-01
1.438572e-01
1.439596e-01
1.440874e-01
1.443053e-01
1.444420e-01
1.447422e-01
1.449524e-01
1.449981e-01
1.451288e-01
1.454189e-01
1.455310e-01
1.455482e-01
1.459152e-01
1.459907e-01
1.461054e-01
1.462372e-01
1.464477e-01
1.466372e-01
1.468130e-01
1.470251e-01
1.472247e-01
1.473778e-01
1.474851e-01
1.475965e-01
1.477584e-01
1.479630e-01
1.480127e-01
1.480689e-01
1.482010e-01
1.483542e-01
1.484892e-01
1.485863e-01
1.487794e-01
1.491115e-01
1.491924e-01
1.494724e-01
1.496285e-01
1.497151e-01
1.498675e-01
1.499689e-01
1.500676e-01
1.502565e-01
1.502838e-01
1.504512e-01
1.506292e-01
1.509389e-01
1.509795e-01
1.511863e-01
1.512796e-01
1.515452e-01
1.517106e-01
1.518384e-01
1.519135e-01
1.520463e-01
1.522908e-01
1.525415e-01
1.526748e-01
1.529573e-01
1.530920e-01
1.531460e-01
1.533216e-01
1.534940e-01
1.536920e-01
1.537263e-01
1.538299e-01
1.539494e-01
1.540195e-01
1.542842e-01
1.544383e-01
1.544820e-01
1.545582e-01
1.548243e-01
1.549231e-01
1.552202e-01
1.552451e-01
1.554290e-01
1.556845e-01
1.557943e-01
1.558531e-01
1.560024e-01
1.560965e-01
1.561526e-01
1.562295e-01
1.565483e-01
1.567281e-01
1.568179e-01
1.568851e-01
1.570680e-01
1.573135e-01
1.575590e-01
1.576853e-01
1.577706e-01
1.579033e-01
1.580635e-01
1.582280e-01
1.583663e-01
1.584789e-01
1.586578e-01
1.588090e-01
1.588337e-01
1.590914e-01
1.592779e-01
1.594408e-01
1.595261e-01
1.596045e-01
1.597432e-01
1.598561e-01
1.599595e-01
1.601728e-01
1.602042e-01
1.603471e-01
1.604543e-01
1.606056e-01
1.607145e-01
1.610114e-01
1.610734e-01
1.612856e-01
1.613589e-01
1.615794e-01
1.617753e-01
1.618689e-01
1.619128e-01
1.620617e-01
1.621885e-01
1.623830e-01
1.624953e-01
1.626256e-01
1.628373e-01
1.629183e-01
1.631310e-01
1.631929e-01
1.632900e-01
1.634897e-01
1.636329e-01
1.638270e-01
1.639903e-01
1.641072e-01
1.643077e-01
1.643896e-01
1.645752e-01
1.646408e-01
1.647595e-01
1.650933e-01
1.652197e-01
1.653030e-01
1.654946e-01
1.656657e-01
1.657742e-01
1.660920e-01
1.661783e-01
1.663708e-01
1.667284e-01
1.668025e-01
1.668362e-01
1.669502e-01
1.670574e-01
1.671274e-01
1.672775e-01
1.675187e-01
1.677193e-01
1.677271e-01
1.678773e-01
1.681591e-01
1.682658e-01
1.684571e-01
1.686019e-01
1.686119e-01
1.688771e-01
1.690162e-01
1.693209e-01
1.693925e-01
1.695679e-01
1.697493e-01
1.699029e-01
1.699595e-01
1.701668e-01
1.704029e-01
1.705656e-01
1.706135e-01
1.707839e-01
1.709259e-01
1.709839e-01
1.711217e-01
1.712131e-01
1.714734e-01
1.716302e-01
1.716628e-01
1.717446e-01
1.720006e-01
1.721076e-01
1.722724e-01
1.724281e-01
1.726559e-01
1.727585e-01
1.729045e-01
1.730610e-01
1.732049e-01
1.733807e-01
1.734127e-01
1.735787e-01
1.736322e-01
1.737837e-01
1.739368e-01
1.741355e-01
1.742946e-01
1.744770e-01
1.745837e-01
1.746845e-01
1.748404e-01
1.750965e-01
1.752020e-01
1.753154e-01
1.755046e-01
1.757064e-01
1.759996e-01
1.761035e-01
1.761823e-01
1.764038e-01
1.764122e-01
1.764777e-01
1.765951e-01
1.767462e-01
1.769104e-01
1.771327e-01
1.772777e-01
1.773996e-01
1.775915e-01
1.777552e-01
1.779627e-01
1.780692e-01
1.782223e-01
1.783598e-01
1.784388e-01
1.784938e-01
1.788031e-01
1.789641e-01
1.789806e-01
1.791964e-01
1.793949e-01
1.794843e-01
1.796627e-01
1.798280e-01
1.800013e-01
1.801120e-01
1.802350e-01
1.802624e-01
1.805027e-01
1.806326e-01
1.806482e-01
1.808315e-01
1.810560e-01
1.811546e-01
1.812814e-01
1.814864e-01
1.815178e-01
1.817274e-01
1.819109e-01
1.819975e-01
1.821417e-01
1.821987e-01
1.822623e-01
1.824895e-01
1.826325e-01
1.827043e-01
1.828631e-01
1.830275e-01
1.831204e-01
1.832311e-01
1.833343e-01
1.834076e-01
1.838054e-01
1.838925e-01
1.839459e-01
1.840033e-01
1.842205e-01
1.843698e-01
1.844732e-01
1.846438e-01
1.848342e-01
1.850196e-01
1.851752e-01
1.852855e-01
1.854549e-01
1.854811e-01
1.856312e-01
1.857277e-01
1.859616e-01
1.860224e-01
1.861281e-01
1.862437e-01
1.863202e-01
1.864679e-01
1.865745e-01
1.867367e-01
1.868970e-01
1.869951e-01
1.871776e-01
1.873036e-01
1.874535e-01
1.876633e-01
1.878267e-01
1.879370e-01
1.879839e-01
1.881307e-01
1.882531e-01
1.883914e-01
1.885098e-01
1.887664e-01
1.888306e-01
1.889549e-01
1.890939e-01
1.892059e-01
1.893499e-01
1.894805e-01
1.896207e-01
1.897684e-01
1.898506e-01
1.899419e-01
1.901256e-01
1.903134e-01
1.904755e-01
1.905852e-01
1.907359e-01
1.909631e-01
1.910397e-01
1.911799e-01
1.913511e-01
1.914272e-01
1.916485e-01
1.918891e-01
1.919170e-01
1.920360e-01
1.921905e-01
1.922941e-01
1.923581e-01
1.924329e-01
1.926169e-01
1.927027e-01
1.928031e-01
1.928941e-01
1.930363e-01
1.933327e-01
1.934616e-01
1.935908e-01
1.936417e-01
1.939161e-01
1.939580e-01
1.942795e-01
1.943728e-01
1.944629e-01
1.944935e-01
1.947131e-01
1.949709e-01
1.950565e-01
1.950773e-01
1.953231e-01
1.954485e-01
1.955378e-01
1.956984e-01
1.958504e-01
1.959289e-01
1.960790e-01
1.961644e-01
1.962753e-01
1.964267e-01
1.966222e-01
1.967081e-01
1.968719e-01
1.969173e-01
1.971253e-01
1.972881e-01
1.974049e-01
1.975083e-01
1.978023e-01
1.979264e-01
1.979709e-01
1.981782e-01
1.984287e-01
1.985944e-01
1.986472e-01
1.986665e-01
1.988780e-01
1.989665e-01
1.990946e-01
1.993182e-01
1.994395e-01
1.995731e-01
1.996896e-01
1.998258e-01
1.999416e-01
2.000977e-01
2.002876e-01
2.004464e-01
2.005374e-01
2.007448e-01
2.008912e-01
2.010754e-01
2.011487e-01
2.014864e-01
2.015249e-01
2.015777e-01
2.017133e-01
2.018515e-01
2.019842e-01
2.022578e-01
2.023312e-01
2.024661e-01
2.026074e-01
2.027805e-01
2.029371e-01
2.029757e-01
2.032018e-01
2.032678e-01
2.034581e-01
2.035938e-01
2.038073e-01
2.039596e-01
2.040623e-01
2.042683e-01
2.044063e-01
2.044892e-01
2.045735e-01
2.048015e-01
2.048917e-01
2.050272e-01
2.052291e-01
2.052871e-01
2.053387e-01
2.055909e-01
2.056554e-01
2.058748e-01
2.059681e-01
2.061713e-01
2.062304e-01
2.063179e-01
2.063998e-01
2.065071e-01
2.067095e-01
2.068603e-01
2.070441e-01
2.072489e-01
2.075299e-01
2.076176e-01
2.077195e-01
2.077963e-01
2.080301e-01
2.081056e-01
2.082856e-01
2.084202e-01
2.085183e-01
2.086812e-01
2.089811e-01
2.090795e-01
2.094073e-01
2.095070e-01
2.095758e-01
2.096239e-01
2.099839e-01
2.100689e-01
2.102029e-01
2.103086e-01
2.104261e-01
2.105448e-01
2.106694e-01
2.107795e-01
2.108366e-01
2.110543e-01
2.112266e-01
2.113201e-01
2.115439e-01
2.116077e-01
2.117287e-01
2.118005e-01
2.120793e-01
2.121642e-01
2.122439e-01
2.124652e-01
2.125141e-01
2.127698e-01
2.128533e-01
2.130643e-01
2.132068e-01
2.133059e-01
2.134686e-01
2.135805e-01
2.136802e-01
2.138063e-01
2.139439e-01
2.140195e-01
2.141814e-01
2.144027e-01
2.146382e-01
2.147657e-01
2.148023e-01
2.150251e-01
2.150747e-01
2.153828e-01
2.154421e-01
2.155051e-01
2.157095e-01
2.158060e-01
2.161578e-01
2.162057e-01
2.163992e-01
2.166055e-01
2.167098e-01
2.168217e-01
2.169429e-01
2.169797e-01
2.171232e-01
2.171918e-01
2.173091e-01
2.173534e-01
2.175320e-01
2.175972e-01
2.177329e-01
2.178088e-01
2.180256e-01
2.181485e-01
2.182521e-01
2.183278e-01
2.184618e-01
2.185212e-01
2.186746e-01
2.187633e-01
2.190460e-01
2.192219e-01
2.192774e-01
2.193893e-01
2.194871e-01
2.195879e-01
2.199055e-01
2.200185e-01
2.200816e-01
2.202145e-01
2.202560e-01
2.204319e-01
2.205653e-01
2.207321e-01
2.209253e-01
2.209474e-01
2.210219e-01
2.211922e-01
2.214290e-01
2.215053e-01
2.216379e-01
2.217498e-01
2.219626e-01
2.221486e-01
2.221862e-01
2.223580e-01
2.225332e-01
2.226088e-01
2.227246e-01
2.229216e-01
2.230002e-01
2.231296e-01
2.231945e-01
2.232929e-01
2.235652e-01
2.236394e-01
2.238225e-01
2.240206e-01
2.240451e-01
2.241904e-01
2.243294e-01
2.246023e-01
2.247007e-01
2.249043e-01
2.250269e-01
2.250684e-01
2.252549e-01
2.253071e-01
2.255395e-01
2.256147e-01
2.258463e-01
2.259040e-01
2.260781e-01
2.262121e-01
2.264409e-01
2.264676e-01
2.265535e-01
2.266478e-01
2.268257e-01
2.269622e-01
2.271283e-01
2.272419e-01
2.272857e-01
2.273724e-01
2.275165e-01
2.275764e-01
2.278800e-01
2.279199e-01
2.280670e-01
2.282363e-01
2.283797e-01
2.284488e-01
2.284880e-01
2.288777e-01
2.289398e-01
2.291290e-01
2.292828e-01
2.293334e-01
2.293521e-01
2.296181e-01
2.297241e-01
2.299013e-01
2.299710e-01
2.300616e-01
2.302409e-01
2.302698e-01
2.304434e-01
2.306780e-01
2.307036e-01
2.308164e-01
2.308364e-01
2.309210e-01
2.310986e-01
2.312004e-01
2.313261e-01
2.316475e-01
2.316980e-01
2.317702e-01
2.320077e-01
2.320715e-01
2.322891e-01
2.323432e-01
2.324268e-01
2.325554e-01
2.327694e-01
2.328427e-01
2.330794e-01
2.331460e-01
2.332228e-01
2.335326e-01
2.335621e-01
2.336055e-01
2.336934e-01
2.339105e-01
2.340058e-01
2.340973e-01
2.343410e-01
2.344050e-01
2.345116e-01
2.346672e-01
2.347197e-01
2.348195e-01
2.350247e-01
2.353767e-01
2.354303e-01
2.355763e-01
2.357323e-01
2.357586e-01
2.359294e-01
2.360887e-01
2.361121e-01
2.363184e-01
2.365033e-01
2.366141e-01
2.367636e-01
2.368240e-01
2.368986e-01
2.369773e-01
2.371047e-01
2.373339e-01
2.374820e-01
2.376796e-01
2.377870e-01
2.379018e-01
2.380589e-01
2.381300e-01
2.382531e-01
2.385341e-01
2.387046e-01
2.388191e-01
2.388598e-01
2.390775e-01
2.391358e-01
2.393768e-01
2.394728e-01
2.396266e-01
2.396385e-01
2.397041e-01
2.398679e-01
2.400162e-01
2.401959e-01
2.403387e-01
2.404001e-01
2.404979e-01
2.406485e-01
2.408302e-01
2.410012e-01
2.410521e-01
2.412101e-01
2.412554e-01
2.413840e-01
2.416105e-01
2.417819e-01
2.418790e-01
2.421087e-01
2.423039e-01
2.423590e-01
2.424911e-01
2.425763e-01
2.426619e-01
2.429345e-01
2.431132e-01
2.432562e-01
2.433516e-01
2.435351e-01
2.435926e-01
2.437999e-01
2.439418e-01
2.439933e-01
2.440820e-01
2.443620e-01
2.444376e-01
2.444816e-01
2.446063e-01
2.448504e-01
2.448705e-01
2.450445e-01
2.452097e-01
2.452196e-01
2.454299e-01
2.455667e-01
2.458199e-01
2.458598e-01
2.459448e-01
2.460799e-01
2.462957e-01
2.463562e-01
2.465084e-01
2.466094e-01
2.468363e-01
2.469212e-01
2.471255e-01
2.472428e-01
2.473843e-01
2.474727e-01
2.476029e-01
2.477379e-01
2.481426e-01
2.482405e-01
2.483123e-01
2.483816e-01
2.485243e-01
2.487217e-01
2.488059e-01
2.489517e-01
2.490662e-01
2.493448e-01
2.494672e-01
2.496701e-01
2.496969e-01
2.498516e-01
2.500585e-01
2.501381e-01
2.502511e-01
2.505314e-01
2.507087e-01
2.507769e-01
2.509390e-01
2.510274e-01
2.511419e-01
2.512942e-01
2.514158e-01
2.516317e-01
2.517622e-01
2.518917e-01
2.520570e-01
2.522195e-01
2.523601e-01
2.524094e-01
2.525005e-01
2.526522e-01
2.528022e-01
2.528999e-01
2.530890e-01
2.532066e-01
2.533106e-01
2.535960e-01
2.537027e-01
2.537604e-01
2.539291e-01
2.540410e-01
2.542514e-01
2.542879e-01
2.544530e-01
2.544929e-01
2.547859e-01
2.548351e-01
2.549345e-01
2.551207e-01
2.552361e-01
2.552716e-01
2.553900e-01
2.555313e-01
2.556363e-01
2.558056e-01
2.560539e-01
2.562061e-01
2.563320e-01
2.565180e-01
2.565464e-01
2.567429e-01
2.568415e-01
2.569117e-01
2.570380e-01
2.571697e-01
2.572565e-01
2.575445e-01
2.575887e-01
2.578625e-01
2.579239e-01
2.579806e-01
2.581237e-01
2.584423e-01
2.584835e-01
2.586787e-01
2.588057e-01
2.588751e-01
2.589853e-01
2.591528e-01
2.592833e-01
2.594473e-01
2.596830e-01
2.598073e-01
2.599225e-01
2.601327e-01
2.601873e-01
2.603625e-01
2.604473e-01
2.605420e-01
2.606362e-01
2.608492e-01
2.609767e-01
2.611106e-01
2.611744e-01
2.613899e-01
2.615117e-01
2.616557e-01
2.618201e-01
2.620806e-01
2.621578e-01
2.622897e-01
2.623728e-01
2.625431e-01
2.625893e-01
2.628845e-01
2.630145e-01
2.632138e-01
2.633148e-01
2.633910e-01
2.635154e-01
2.636350e-01
2.638064e-01
2.639383e-01
2.640445e-01
2.641632e-01
2.643081e-01
2.644201e-01
2.645477e-01
2.646975e-01
2.649594e-01
2.649834e-01
2.650739e-01
2.652511e-01
2.653979e-01
2.654938e-01
2.658046e-01
2.658787e-01
2.659747e-01
2.660856e-01
2.663468e-01
2.663908e-01
2.665481e-01
2.666339e-01
2.667329e-01
2.669834e-01
2.673024e-01
2.673379e-01
2.674640e-01
2.676296e-01
2.678281e-01
2.679712e-01
2.682265e-01
2.682405e-01
2.683720e-01
2.683929e-01
2.685962e-01
2.687337e-01
2.688860e-01
2.690213e-01
2.690920e-01
2.692775e-01
2.695867e-01
2.696263e-01
2.697091e-01
2.699350e-01
2.701497e-01
2.702010e-01
2.702579e-01
2.703784e-01
2.704195e-01
2.706919e-01
2.708044e-01
2.708393e-01
2.710053e-01
2.711882e-01
2.714013e-01
2.714851e-01
2.716697e-01
2.718009e-01
2.718361e-01
2.721248e-01
2.722844e-01
2.724391e-01
2.726909e-01
2.728578e-01
2.729248e-01
2.730177e-01
2.730582e-01
2.732090e-01
2.732721e-01
2.734540e-01
2.735933e-01
2.736433e-01
2.738958e-01
2.740325e-01
2.741581e-01
2.743049e-01
2.744154e-01
2.746135e-01
2.746926e-01
2.749138e-01
2.749336e-01
2.751590e-01
2.752702e-01
2.754797e-01
2.757000e-01
2.758194e-01
2.758957e-01
2.760445e-01
2.762111e-01
2.763650e-01
2.765435e-01
2.766419e-01
2.768057e-01
2.769063e-01
2.770072e-01
2.771297e-01
2.773057e-01
2.774243e-01
2.775142e-01
2.777471e-01
2.778671e-01
2.779507e-01
2.780594e-01
2.783302e-01
2.784613e-01
2.785016e-01
2.786423e-01
2.787295e-01
2.788442e-01
2.790202e-01
2.791538e-01
2.794610e-01
2.797391e-01
2.798619e-01
2.799965e-01
2.800109e-01
2.804350e-01
2.804801e-01
2.805788e-01
2.807097e-01
2.808359e-01
2.809379e-01
2.811599e-01
2.813833e-01
2.814765e-01
2.814803e-01
2.815973e-01
2.817376e-01
2.819018e-01
2.819115e-01
2.822420e-01
2.823060e-01
2.826433e-01
2.827461e-01
2.829208e-01
2.831131e-01
2.832551e-01
2.833531e-01
2.834739e-01
2.836026e-01
2.837128e-01
2.839281e-01
2.840351e-01
2.841943e-01
2.843009e-01
2.845194e-01
2.846607e-01
2.847370e-01
2.849035e-01
2.850954e-01
2.851928e-01
2.853306e-01
2.853756e-01
2.856078e-01
2.857594e-01
2.858860e-01
2.862807e-01
2.862963e-01
2.863865e-01
2.865015e-01
2.866480e-01
2.868285e-01
2.869231e-01
2.871324e-01
2.872634e-01
2.873234e-01
2.875192e-01
2.877076e-01
2.878392e-01
2.880477e-01
2.881204e-01
2.883024e-01
2.884579e-01
2.886386e-01
2.886830e-01
2.888035e-01
2.891817e-01
2.893533e-01
2.894602e-01
2.895853e-01
2.896314e-01
2.896958e-01
2.897756e-01
2.902389e-01
2.903359e-01
2.904616e-01
2.905673e-01
2.907302e-01
2.907805e-01
2.909236e-01
2.909522e-01
2.911251e-01
2.912685e-01
2.913587e-01
2.915391e-01
2.916641e-01
2.917121e-01
2.918182e-01
2.921564e-01
2.922462e-01
2.924509e-01
2.926700e-01
2.928004e-01
2.929479e-01
2.930298e-01
2.930664e-01
2.932339e-01
2.934136e-01
2.935276e-01
2.937219e-01
2.939815e-01
2.940802e-01
2.942301e-01
2.944165e-01
2.945086e-01
2.946976e-01
2.948697e-01
2.949754e-01
2.950910e-01
2.951602e-01
2.953129e-01
2.955596e-01
2.955770e-01
2.958307e-01
2.959787e-01
2.961626e-01
2.963186e-01
2.964006e-01
2.965350e-01
2.967818e-01
2.968198e-01
2.969226e-01
2.971259e-01
2.972569e-01
2.973463e-01
2.976989e-01
2.977304e-01
2.977775e-01
2.979827e-01
2.981289e-01
2.982653e-01
2.983774e-01
2.986225e-01
2.988121e-01
2.989712e-01
2.991060e-01
2.991435e-01
2.992686e-01
2.994186e-01
2.995691e-01
2.997808e-01
3.000308e-01
3.001137e-01
3.003069e-01
3.004267e-01
3.005535e-01
3.008537e-01
3.009312e-01
3.011776e-01
3.011828e-01
3.014232e-01
3.015498e-01
3.017575e-01
3.018214e-01
3.019776e-01
3.021088e-01
3.022246e-01
3.023538e-01
3.025759e-01
3.027556e-01
3.029102e-01
3.030044e-01
3.031709e-01
3.033485e-01
3.033717e-01
3.034457e-01
3.037868e-01
3.039005e-01
3.040527e-01
3.042363e-01
3.043919e-01
3.045135e-01
3.048431e-01
3.049618e-01
3.050145e-01
3.050580e-01
3.052252e-01
3.053230e-01
3.055823e-01
3.058018e-01
3.060342e-01
3.061477e-01
3.062489e-01
3.063573e-01
3.066292e-01
3.066347e-01
3.066697e-01
3.069061e-01
3.070824e-01
3.073131e-01
3.074835e-01
3.075282e-01
3.076733e-01
3.079780e-01
3.081930e-01
3.083728e-01
3.083886e-01
3.086144e-01
3.087050e-01
3.088425e-01
3.089778e-01
3.090460e-01
3.092236e-01
3.093715e-01
3.095980e-01
3.097823e-01
3.098261e-01
3.099420e-01
3.099832e-01
3.102979e-01
3.103430e-01
3.104791e-01
3.107010e-01
3.109183e-01
3.109367e-01
3.111721e-01
3.112750e-01
3.114482e-01
3.117252e-01
3.117777e-01
3.119230e-01
3.121117e-01
3.123047e-01
3.125159e-01
3.126066e-01
3.126566e-01
3.128267e-01
3.130553e-01
3.131760e-01
3.132257e-01
3.133919e-01
3.136671e-01
3.137408e-01
3.137513e-01
3.140545e-01
3.140745e-01
3.141563e-01
3.143301e-01
3.145838e-01
3.146161e-01
3.149985e-01
3.150282e-01
3.151077e-01
3.152346e-01
3.154034e-01
3.155549e-01
3.157618e-01
3.159200e-01
3.161437e-01
3.163177e-01
3.164002e-01
3.166781e-01
3.168880e-01
3.170459e-01
3.171439e-01
3.172337e-01
3.173788e-01
3.176446e-01
3.177540e-01
3.178488e-01
3.180725e-01
3.181257e-01
3.183337e-01
3.184863e-01
3.185327e-01
3.185993e-01
3.189030e-01
3.190852e-01
3.192714e-01
3.193567e-01
3.193851e-01
3.195472e-01
3.197682e-01
3.200022e-01
3.200953e-01
3.203405e-01
3.203892e-01
3.204867e-01
3.206626e-01
3.208186e-01
3.210324e-01
3.211828e-01
3.212634e-01
3.215499e-01
3.216589e-01
3.217853e-01
3.218914e-01
3.220127e-01
3.222066e-01
3.223349e-01
3.224948e-01
3.226757e-01
3.228276e-01
3.229296e-01
3.230324e-01
3.232097e-01
3.234560e-01
3.235916e-01
3.237087e-01
3.239445e-01
3.240386e-01
3.242235e-01
3.243383e-01
3.244214e-01
3.246258e-01
3.246511e-01
3.248989e-01
3.250222e-01
3.251599e-01
3.253711e-01
3.254588e-01
3.255896e-01
3.257168e-01
3.258243e-01
3.260624e-01
3.262198e-01
3.263448e-01
3.266384e-01
3.266812e-01
3.267537e-01
3.271420e-01
3.272733e-01
3.273961e-01
3.274603e-01
3.275204e-01
3.278890e-01
3.281165e-01
3.281733e-01
3.283271e-01
3.285556e-01
3.286030e-01
3.287378e-01
3.289330e-01
3.291658e-01
3.292244e-01
3.293932e-01
3.294617e-01
3.295836e-01
3.298199e-01
3.300872e-01
3.302043e-01
3.302725e-01
3.303872e-01
3.306841e-01
3.308224e-01
3.311016e-01
3.311519e-01
3.313699e-01
3.314325e-01
3.316436e-01
3.317240e-01
3.318344e-01
3.319414e-01
3.321238e-01
3.322048e-01
3.323418e-01
3.325206e-01
3.327592e-01
3.329465e-01
3.329943e-01
3.330916e-01
3.333469e-01
3.335041e-01
3.336279e-01
3.339043e-01
3.340241e-01
3.341985e-01
3.342825e-01
3.344565e-01
3.346066e-01
3.346541e-01
3.347494e-01
3.350166e-01
3.351841e-01
3.353085e-01
3.353551e-01
3.356249e-01
3.359234e-01
3.359979e-01
3.361704e-01
3.362493e-01
3.364928e-01
3.366440e-01
3.367278e-01
3.370124e-01
3.371930e-01
3.373569e-01
3.376192e-01
3.377115e-01
3.379081e-01
3.380815e-01
3.381426e-01
3.382936e-01
3.384540e-01
3.387385e-01
3.387706e-01
3.389836e-01
3.391075e-01
3.392923e-01
3.394908e-01
3.397886e-01
3.398746e-01
3.400238e-01
3.401185e-01
3.402072e-01
3.405519e-01
3.406831e-01
3.410111e-01
3.411545e-01
3.412215e-01
3.414973e-01
3.416778e-01
3.421296e-01
3.421729e-01
3.423262e-01
3.425188e-01
3.427855e-01
3.428914e-01
3.430201e-01
3.430840e-01
3.431705e-01
3.434870e-01
3.435159e-01
3.436869e-01
3.437690e-01
3.443220e-01
3.444791e-01
3.446478e-01
3.447863e-01
3.449419e-01
3.450095e-01
3.450753e-01
3.453523e-01
3.454659e-01
3.457156e-01
3.458333e-01
3.458716e-01
3.461065e-01
3.464742e-01
3.465158e-01
3.467990e-01
3.468649e-01
3.471503e-01
3.472632e-01
3.475262e-01
3.477680e-01
3.479434e-01
3.481567e-01
3.482415e-01
3.482987e-01
3.483874e-01
3.484857e-01
3.488297e-01
3.489172e-01
3.490667e-01
3.493221e-01
3.494083e-01
3.496655e-01
3.497583e-01
3.499197e-01
3.502737e-01
3.503160e-01
3.505638e-01
3.508642e-01
3.510211e-01
3.512024e-01
3.514837e-01
3.516251e-01
3.517311e-01
3.518827e-01
3.521658e-01
3.524141e-01
3.525015e-01
3.526338e-01
3.528934e-01
3.529253e-01
3.530541e-01
3.533276e-01
3.534284e-01
3.535257e-01
3.537804e-01
3.539519e-01
3.543318e-01
3.544616e-01
3.545297e-01
3.547161e-01
3.548365e-01
3.548896e-01
3.552057e-01
3.553722e-01
3.554392e-01
3.555595e-01
3.559556e-01
3.562512e-01
3.563743e-01
3.566432e-01
3.567927e-01
3.568511e-01
3.570173e-01
3.572207e-01
3.573028e-01
3.573684e-01
3.575205e-01
3.577046e-01
3.579454e-01
3.581367e-01
3.584035e-01
3.585618e-01
3.587581e-01
3.589413e-01
3.590552e-01
3.592464e-01
3.594317e-01
3.594644e-01
3.598194e-01
3.601772e-01
3.602742e-01
3.604126e-01
3.605486e-01
3.608732e-01
3.611829e-01
3.612099e-01
3.613123e-01
3.613788e-01
3.617512e-01
3.619673e-01
3.621063e-01
3.622714e-01
3.623688e-01
3.627273e-01
3.628967e-01
3.631281e-01
3.632667e-01
3.634490e-01
3.636951e-01
3.637640e-01
3.638522e-01
3.640351e-01
3.641535e-01
3.642630e-01
3.644476e-01
3.646525e-01
3.648335e-01
3.649768e-01
3.653256e-01
3.655532e-01
3.656353e-01
3.656896e-01
3.660314e-01
3.661707e-01
3.664691e-01
3.666431e-01
3.669203e-01
3.669603e-01
3.671822e-01
3.674191e-01
3.675802e-01
3.677376e-01
3.679879e-01
3.682721e-01
3.685872e-01
3.686849e-01
3.687870e-01
3.689666e-01
3.690407e-01
3.693583e-01
3.696005e-01
3.698984e-01
3.699389e-01
3.700631e-01
3.703319e-01
3.705137e-01
3.707827e-01
3.709578e-01
3.711088e-01
3.711735e-01
3.714628e-01
3.715635e-01
3.718322e-01
3.720182e-01
3.720619e-01
3.722612e-01
3.724906e-01
3.726572e-01
3.727725e-01
3.730566e-01
3.732316e-01
3.734604e-01
3.735727e-01
3.740515e-01
3.742484e-01
3.742875e-01
3.743847e-01
3.745147e-01
3.747125e-01
3.749539e-01
3.752185e-01
3.753544e-01
3.755771e-01
3.758346e-01
3.760039e-01
3.760796e-01
3.762702e-01
3.763706e-01
3.765374e-01
3.766897e-01
3.770409e-01
3.771570e-01
3.774973e-01
3.778746e-01
3.779408e-01
3.781271e-01
3.782575e-01
3.783357e-01
3.786464e-01
3.788010e-01
3.789694e-01
3.790947e-01
3.792651e-01
3.794870e-01
3.797693e-01
3.798898e-01
3.801927e-01
3.803448e-01
3.804338e-01
3.805630e-01
3.810425e-01
3.811031e-01
3.812540e-01
3.814721e-01
3.817775e-01
3.820182e-01
3.823741e-01
3.824660e-01
3.826903e-01
3.827079e-01
3.828343e-01
3.831946e-01
3.834077e-01
3.835339e-01
3.836050e-01
3.837894e-01
3.838280e-01
3.839764e-01
3.841470e-01
3.844538e-01
3.846096e-01
3.847307e-01
3.848434e-01
3.852309e-01
3.853471e-01
3.854992e-01
3.857451e-01
3.858157e-01
3.860056e-01
3.863370e-01
3.864211e-01
3.866200e-01
3.868294e-01
3.873723e-01
3.875713e-01
3.876441e-01
3.878798e-01
3.880630e-01
3.883012e-01
3.885156e-01
3.887113e-01
3.887768e-01
3.892918e-01
3.893659e-01
3.895198e-01
3.897401e-01
3.899767e-01
3.902382e-01
3.902805e-01
3.905138e-01
3.906877e-01
3.910344e-01
3.912038e-01
3.913207e-01
3.914893e-01
3.919466e-01
3.920951e-01
3.923380e-01
3.925856e-01
3.927968e-01
3.932346e-01
3.934787e-01
3.935782e-01
3.939223e-01
3.939758e-01
3.941003e-01
3.945888e-01
3.946401e-01
3.946974e-01
3.950015e-01
3.951912e-01
3.954808e-01
3.956087e-01
3.956956e-01
3.958214e-01
3.959097e-01
3.963587e-01
3.964812e-01
3.966616e-01
3.967801e-01
3.970517e-01
3.973714e-01
3.976696e-01
3.978708e-01
3.980093e-01
3.980984e-01
3.982776e-01
3.986555e-01
3.987170e-01
3.989056e-01
3.992921e-01
3.994222e-01
3.996528e-01
3.998110e-01
3.998881e-01
4.001067e-01
4.001303e-01
4.004113e-01
4.006397e-01
4.008949e-01
4.012217e-01
4.013583e-01
4.018427e-01
4.020019e-01
4.021153e-01
4.022753e-01
4.025529e-01
4.025987e-01
4.030301e-01
4.031235e-01
4.033868e-01
4.035780e-01
4.037164e-01
4.039929e-01
4.041364e-01
4.044862e-01
4.048150e-01
4.050377e-01
4.052514e-01
4.055517e-01
4.057912e-01
4.059751e-01
4.061122e-01
4.063407e-01
4.068136e-01
4.071811e-01
4.074530e-01
4.075294e-01
4.076629e-01
4.079970e-01
4.083616e-01
4.088800e-01
4.091665e-01
4.094175e-01
4.096649e-01
4.097887e-01
4.098778e-01
4.102205e-01
4.104454e-01
4.105386e-01
4.107040e-01
4.107923e-01
4.113349e-01
4.114627e-01
4.119806e-01
4.121051e-01
4.123994e-01
4.124477e-01
4.129016e-01
4.131455e-01
4.133123e-01
4.136632e-01
4.138437e-01
4.139534e-01
4.141880e-01
4.145828e-01
4.149062e-01
4.150468e-01
4.152984e-01
4.155978e-01
4.156393e-01
4.160687e-01
4.163256e-01
4.167071e-01
4.169184e-01
4.172555e-01
4.175288e-01
4.177335e-01
4.179034e-01
4.180733e-01
4.183123e-01
4.185452e-01
4.186406e-01
4.187387e-01
4.190252e-01
4.190972e-01
4.193658e-01
4.196925e-01
4.198149e-01
4.199507e-01
4.206476e-01
4.207414e-01
4.211334e-01
4.213282e-01
4.214168e-01
4.215179e-01
4.218057e-01
4.221345e-01
4.223480e-01
4.227191e-01
4.230081e-01
4.231789e-01
4.234539e-01
4.236024e-01
4.238273e-01
4.241068e-01
4.243470e-01
4.245297e-01
4.245693e-01
4.249630e-01
4.252713e-01
4.254185e-01
4.256706e-01
4.260060e-01
4.260674e-01
4.262994e-01
4.264132e-01
4.269928e-01
4.272082e-01
4.275795e-01
4.277883e-01
4.280211e-01
4.282691e-01
4.285951e-01
4.288007e-01
4.289630e-01
4.292059e-01
4.296168e-01
4.296544e-01
4.301709e-01
4.302722e-01
4.304165e-01
4.305495e-01
4.305923e-01
4.310454e-01
4.311614e-01
4.312263e-01
4.315470e-01
4.317634e-01
4.318410e-01
4.322236e-01
4.323243e-01
4.324673e-01
4.326677e-01
4.329608e-01
4.331975e-01
4.332241e-01
4.334944e-01
4.335343e-01
4.339709e-01
4.343538e-01
4.345270e-01
4.349526e-01
4.349733e-01
4.352479e-01
4.356587e-01
4.358560e-01
4.360529e-01
4.364483e-01
4.365873e-01
4.368729e-01
4.369423e-01
4.373037e-01
4.375282e-01
4.377206e-01
4.377840e-01
4.381288e-01
4.384291e-01
4.386525e-01
4.390919e-01
4.395159e-01
4.397389e-01
4.398237e-01
4.402064e-01
4.404463e-01
4.406672e-01
4.407154e-01
4.411605e-01
4.412802e-01
4.414760e-01
4.417285e-01
4.422753e-01
4.426044e-01
4.427943e-01
4.429280e-01
4.432243e-01
4.434922e-01
4.436616e-01
4.439223e-01
4.443154e-01
4.445137e-01
4.445729e-01
4.448911e-01
4.450889e-01
4.452855e-01
4.453945e-01
4.455549e-01
4.456340e-01
4.459607e-01
4.462602e-01
4.467794e-01
4.468712e-01
4.474061e-01
4.480206e-01
4.480887e-01
4.485197e-01
4.487564e-01
4.490438e-01
4.492376e-01
4.494600e-01
4.498225e-01
4.502416e-01
4.503316e-01
4.503871e-01
4.509086e-01
4.512653e-01
4.513399e-01
4.516065e-01
4.519820e-01
4.524865e-01
4.527719e-01
4.531090e-01
4.534483e-01
4.537068e-01
4.538310e-01
4.540608e-01
4.543214e-01
4.546265e-01
4.554475e-01
4.555652e-01
4.558700e-01
4.563976e-01
4.566377e-01
4.567113e-01
4.570058e-01
4.572434e-01
4.573190e-01
4.576443e-01
4.580006e-01
4.582205e-01
4.584137e-01
4.589642e-01
4.591492e-01
4.594592e-01
4.597726e-01
4.600770e-01
4.602983e-01
4.605178e-01
4.610204e-01
4.611659e-01
4.613724e-01
4.615288e-01
4.618013e-01
4.622079e-01
4.626269e-01
4.628780e-01
4.629898e-01
4.633862e-01
4.637098e-01
4.640335e-01
4.643932e-01
4.646929e-01
4.649742e-01
4.652957e-01
4.653368e-01
4.656198e-01
4.657971e-01
4.658878e-01
4.664508e-01
4.666446e-01
4.672489e-01
4.673060e-01
4.673912e-01
4.681128e-01
4.683608e-01
4.684035e-01
4.687741e-01
4.689629e-01
4.694619e-01
4.694908e-01
4.699280e-01
4.701603e-01
4.705951e-01
4.709129e-01
4.711455e-01
4.712732e-01
4.713009e-01
4.718892e-01
4.721582e-01
4.723002e-01
4.727848e-01
4.731954e-01
4.732596e-01
4.736387e-01
4.738633e-01
4.740114e-01
4.743762e-01
4.745288e-01
4.747190e-01
4.751281e-01
4.758217e-01
4.763291e-01
4.764065e-01
4.768862e-01
4.771222e-01
4.773604e-01
4.776345e-01
4.778561e-01
4.780953e-01
4.784408e-01
4.788434e-01
4.794620e-01
4.797277e-01
4.799263e-01
4.803869e-01
4.805570e-01
4.806453e-01
4.810826e-01
4.811974e-01
4.814175e-01
4.815863e-01
4.823005e-01
4.824068e-01
4.827697e-01
4.830317e-01
4.832249e-01
4.835912e-01
4.840063e-01
4.842925e-01
4.845214e-01
4.849946e-01
4.854563e-01
4.855211e-01
4.855927e-01
4.861992e-01
4.867534e-01
4.869138e-01
4.871198e-01
4.874677e-01
4.878792e-01
4.884078e-01
4.889315e-01
4.891238e-01
4.893736e-01
4.894013e-01
4.897877e-01
4.902887e-01
4.904552e-01
4.909371e-01
4.911853e-01
4.915731e-01
4.920722e-01
4.927457e-01
4.930579e-01
4.932395e-01
4.934566e-01
4.939552e-01
4.942528e-01
4.943688e-01
4.948549e-01
4.952587e-01
4.954061e-01
4.954674e-01
4.957680e-01
4.963092e-01
4.964764e-01
4.968664e-01
4.970527e-01
4.973266e-01
4.978449e-01
4.982468e-01
4.987808e-01
4.990591e-01
4.996096e-01
5.000387e-01
5.002165e-01
5.008412e-01
5.011193e-01
5.013190e-01
5.016607e-01
5.020230e-01
5.022081e-01
5.030016e-01
5.033221e-01
5.035440e-01
5.036202e-01
5.039778e-01
5.042173e-01
5.047228e-01
5.050919e-01
5.055235e-01
5.057620e-01
5.060272e-01
5.063989e-01
5.066023e-01
5.068749e-01
5.072183e-01
5.075457e-01
5.076121e-01
5.086484e-01
5.090613e-01
5.091669e-01
5.093066e-01
5.096831e-01
5.098729e-01
5.103189e-01
5.107213e-01
5.111344e-01
5.112270e-01
5.114785e-01
5.121874e-01
5.124872e-01
5.129060e-01
5.133183e-01
5.138236e-01
5.139967e-01
5.143227e-01
5.144732e-01
5.149649e-01
5.153041e-01
5.157597e-01
5.160356e-01
5.165329e-01
5.170277e-01
5.174075e-01
5.174799e-01
5.182386e-01
5.186612e-01
5.189614e-01
5.192521e-01
5.196935e-01
5.201301e-01
5.205142e-01
5.206922e-01
5.211909e-01
5.214981e-01
5.217123e-01
5.220467e-01
5.224216e-01
5.227695e-01
5.229258e-01
5.234334e-01
5.235719e-01
5.238043e-01
5.243210e-01
5.249521e-01
5.250422e-01
5.255573e-01
5.260316e-01
5.264773e-01
5.267897e-01
5.273623e-01
5.276300e-01
5.279311e-01
5.286352e-01
5.290712e-01
5.291420e-01
5.298625e-01
5.299421e-01
5.302005e-01
5.309054e-01
5.311532e-01
5.312514e-01
5.317892e-01
5.319854e-01
5.321871e-01
5.327086e-01
5.330942e-01
5.336425e-01
5.338801e-01
5.340547e-01
5.344893e-01
5.349177e-01
5.353281e-01
5.356703e-01
5.359646e-01
5.369731e-01
5.376021e-01
5.377445e-01
5.379219e-01
5.383954e-01
5.387049e-01
5.388839e-01
5.391771e-01
5.394941e-01
5.399552e-01
5.410677e-01
5.416394e-01
5.419092e-01
5.421358e-01
5.424881e-01
5.430057e-01
5.433130e-01
5.435060e-01
5.439275e-01
5.442508e-01
5.444365e-01
5.448454e-01
5.459702e-01
5.465970e-01
5.472543e-01
5.481955e-01
5.484450e-01
5.488571e-01
5.494718e-01
5.496083e-01
5.499972e-01
5.503878e-01
5.511423e-01
5.516729e-01
5.521443e-01
5.524963e-01
5.527837e-01
5.534504e-01
5.538609e-01
5.542429e-01
5.544207e-01
5.549432e-01
5.554036e-01
5.554543e-01
5.569910e-01
5.571408e-01
5.574326e-01
5.576728e-01
5.583871e-01
5.587723e-01
5.589578e-01
5.596059e-01
5.598394e-01
5.602134e-01
5.606177e-01
5.609193e-01
5.614168e-01
5.616942e-01
5.619444e-01
5.627844e-01
5.636355e-01
5.637301e-01
5.639506e-01
5.642608e-01
5.647540e-01
5.649247e-01
5.661409e-01
5.669254e-01
5.672610e-01
5.678324e-01
5.681910e-01
5.682880e-01
5.689050e-01
5.701341e-01
5.702044e-01
5.711724e-01
5.715742e-01
5.719410e-01
5.722340e-01
5.729388e-01
5.732488e-01
5.739424e-01
5.742032e-01
5.746421e-01
5.757717e-01
5.764581e-01
5.766291e-01
5.770610e-01
5.774105e-01
5.776602e-01
5.779117e-01
5.787801e-01
5.791742e-01
5.802054e-01
5.805519e-01
5.809416e-01
5.814412e-01
5.815219e-01
5.821527e-01
5.825732e-01
5.830616e-01
5.834832e-01
5.839228e-01
5.844843e-01
5.846986e-01
5.853433e-01
5.857808e-01
5.860966e-01
5.865985e-01
5.866918e-01
5.872837e-01
5.877686e-01
5.881412e-01
5.888038e-01
5.894370e-01
5.896814e-01
5.902309e-01
5.905428e-01
5.910707e-01
5.917353e-01
5.919592e-01
5.922153e-01
5.928509e-01
5.930571e-01
5.938732e-01
5.945747e-01
5.946094e-01
5.950302e-01
5.963557e-01
5.975413e-01
5.975685e-01
5.981921e-01
5.984234e-01
5.987562e-01
5.992965e-01
5.996653e-01
5.999590e-01
6.001369e-01
6.005246e-01
6.010920e-01
6.024792e-01
6.030311e-01
6.036849e-01
6.042638e-01
6.049419e-01
6.055934e-01
6.060721e-01
6.071663e-01
6.076024e-01
6.080991e-01
6.086169e-01
6.088426e-01
6.089238e-01
6.096820e-01
6.100696e-01
6.103434e-01
6.111061e-01
6.114072e-01
6.115991e-01
6.121545e-01
6.129988e-01
6.136860e-01
6.142261e-01
6.148186e-01
6.149277e-01
6.155441e-01
6.158178e-01
6.160018e-01
6.164170e-01
6.165506e-01
6.173613e-01
6.178963e-01
6.185873e-01
6.188041e-01
6.189763e-01
6.193140e-01
6.206006e-01
6.210641e-01
6.214592e-01
6.218262e-01
6.225957e-01
6.227931e-01
6.230982e-01
6.240831e-01
6.250683e-01
6.263790e-01
6.269040e-01
6.277597e-01
6.287874e-01
6.292440e-01
6.298977e-01
6.302680e-01
6.306989e-01
6.310080e-01
6.316938e-01
6.323269e-01
6.332084e-01
6.338015e-01
6.347978e-01
6.353084e-01
6.359957e-01
6.365140e-01
6.373041e-01
6.376339e-01
6.378957e-01
6.397491e-01
6.410738e-01
6.412195e-01
6.416791e-01
6.433283e-01
6.444628e-01
6.449822e-01
6.459024e-01
6.462826e-01
6.467616e-01
6.476177e-01
6.480600e-01
6.488555e-01
6.495314e-01
6.500414e-01
6.510287e-01
6.513583e-01
6.516990e-01
6.521344e-01
6.527710e-01
6.533587e-01
6.544168e-01
6.552548e-01
6.558464e-01
6.567330e-01
6.579019e-01
6.580956e-01
6.586614e-01
6.591278e-01
6.598549e-01
6.605354e-01
6.611725e-01
6.613793e-01
6.625833e-01
6.628152e-01
6.633774e-01
6.642152e-01
6.652186e-01
6.662626e-01
6.681347e-01
6.685860e-01
6.688758e-01
6.697896e-01
6.713081e-01
6.731481e-01
6.747089e-01
6.758474e-01
6.762502e-01
6.768890e-01
6.779605e-01
6.780649e-01
6.783760e-01
6.793889e-01
6.799150e-01
6.814631e-01
6.817920e-01
6.823769e-01
6.862663e-01
6.864912e-01
6.881213e-01
6.891097e-01
6.898149e-01
6.900708e-01
6.907582e-01
6.915822e-01
6.921946e-01
6.929449e-01
6.935428e-01
6.943666e-01
6.964521e-01
6.970805e-01
6.974597e-01
6.976717e-01
6.989452e-01
6.997440e-01
7.001324e-01
7.014851e-01
7.018058e-01
7.025757e-01
7.028211e-01
7.032892e-01
7.063456e-01
7.074284e-01
7.088087e-01
7.092379e-01
7.096991e-01
7.112160e-01
7.121946e-01
7.135136e-01
7.140720e-01
7.147667e-01
7.155726e-01
7.165538e-01
7.175657e-01
7.177378e-01
7.187184e-01
7.197652e-01
7.198048e-01
7.201775e-01
7.211649e-01
7.242751e-01
7.247727e-01
7.253398e-01
7.269984e-01
7.272068e-01
7.284184e-01
7.287850e-01
7.301812e-01
7.308120e-01
7.311068e-01
7.319966e-01
7.322394e-01
7.340511e-01
7.353713e-01
7.384032e-01
7.388436e-01
7.398059e-01
7.409926e-01
7.431722e-01
7.437855e-01
7.449656e-01
7.458474e-01
7.481457e-01
7.506649e-01
7.509748e-01
7.511096e-01
7.521946e-01
7.524989e-01
7.527516e-01
7.535756e-01
7.558889e-01
7.568448e-01
7.582258e-01
7.587762e-01
7.599581e-01
7.619843e-01
7.626374e-01
7.639746e-01
7.649889e-01
7.669733e-01
7.678718e-01
7.705388e-01
7.707103e-01
7.713047e-01
7.739277e-01
7.749113e-01
7.760454e-01
7.772710e-01
7.795979e-01
7.833995e-01
7.843624e-01
7.863916e-01
7.874865e-01
7.905793e-01
7.913570e-01
7.951365e-01
7.953746e-01
7.969167e-01
7.979168e-01
7.981123e-01
8.001419e-01
8.019765e-01
8.029368e-01
8.047291e-01
8.077200e-01
8.100635e-01
8.124555e-01
8.142462e-01
8.153071e-01
8.160146e-01
8.162098e-01
8.180798e-01
8.234562e-01
8.242213e-01
8.297715e-01
8.314442e-01
8.346165e-01
8.367225e-01
8.403524e-01
8.425930e-01
8.431117e-01
8.448627e-01
8.449930e-01
8.465034e-01
8.492170e-01
8.514101e-01
8.548763e-01
8.564449e-01
8.608375e-01
8.624229e-01
8.660143e-01
8.725633e-01
8.766421e-01
8.879589e-01
8.885206e-01
8.976985e-01
9.031286e-01
9.037808e-01
9.045941e-01
9.089367e-01
9.091574e-01
9.176104e-01
9.269889e-01
9.279777e-01
9.353415e-01
9.356130e-01
9.404024e-01
9.431377e-01
9.485031e-01
9.518412e-01
9.567109e-01
9.695334e-01
9.761100e-01
9.938566e-01
9.947831e-01
1.000000e+00
