# sorted relative singular values (reduced_hessian) field=uniform eps=0 N=12 n=3312
3.618224147349159280e-19
7.161717052686107388e-19
8.437082798438168578e-19
1.329013514365114302e-18
2.381080985608701132e-18
2.587544350598060083e-18
3.132887172292787922e-18
4.087152730917974374e-18
4.599379031124967512e-18
5.102837687903912489e-18
5.634720710016779184e-18
6.314610055491053759e-18
6.781808905058715583e-18
7.674137446153628081e-18
8.303493745647207395e-18
8.919841256795490882e-18
9.631908042902663610e-18
1.010261230642899652e-17
1.042775928592993753e-17
1.056057459454318606e-17
1.154684961348744244e-17
1.212939697756319760e-17
1.244330329583548661e-17
1.304264572472193282e-17
1.339653293358870046e-17
1.408772068434092020e-17
1.458940469189451249e-17
1.594828997590250451e-17
1.685839216423876088e-17
1.717440693131708084e-17
1.773943079741764609e-17
1.921040944723390588e-17
1.953533762750322811e-17
1.970750257721440840e-17
2.037806939232348750e-17
2.077223891894675963e-17
2.114125571419926860e-17
2.183829133347807180e-17
2.223201322715294586e-17
2.308588385706046846e-17
2.325722739345938688e-17
2.413410619186582672e-17
2.455228249013443926e-17
2.484235560824185023e-17
2.525458735170887661e-17
2.627194343343814084e-17
2.705592635236318206e-17
2.733855632728196234e-17
2.837125199764135338e-17
2.890499484989337067e-17
3.002865246367371374e-17
3.055722060956596603e-17
3.091096440656611976e-17
3.150441350664871273e-17
3.230689328657113173e-17
3.270064382447483094e-17
3.347371688786727752e-17
3.439570798145899097e-17
3.486276483560807651e-17
3.521957584669466943e-17
3.612811663270886833e-17
3.688232735451304050e-17
3.752701159101313567e-17
3.789004261832844812e-17
3.834913770864409957e-17
3.987848331833152467e-17
4.006738556205827306e-17
4.105906999728257428e-17
4.166989168289487478e-17
4.279382795646384486e-17
4.337406702367494231e-17
4.369278933238295234e-17
4.490505033035546875e-17
4.585816556878209101e-17
4.655751077401322745e-17
4.690053421168282719e-17
4.770184751691609040e-17
4.827502755886792586e-17
4.899416406970179274e-17
4.921909355152295819e-17
5.006903921168232375e-17
5.087644138120824553e-17
5.118438148791261014e-17
5.179955222045513183e-17
5.296150861098507745e-17
5.424843850405899044e-17
5.548718527865623824e-17
5.590354432735841853e-17
5.682722385484999067e-17
5.749702493245367723e-17
5.818214401367384798e-17
5.836947113759977900e-17
5.904204414484876657e-17
5.978976323130507087e-17
6.014547677832800701e-17
6.140454026558272477e-17
6.297566932364623289e-17
6.389603729127085474e-17
6.440896103973346204e-17
6.562236153706574456e-17
6.634585825664559065e-17
6.689993084311858593e-17
6.755373916856889423e-17
6.873580520330540475e-17
6.893921381648252049e-17
7.037969440648336732e-17
7.192386449751770378e-17
7.261213559088365970e-17
7.306624275615092165e-17
7.343534269945579252e-17
7.457897656572389737e-17
7.626469179702157926e-17
7.658015040965839087e-17
7.767683894288502263e-17
7.875619977284504029e-17
7.965154233025668551e-17
8.046126710883338391e-17
8.128007030395752244e-17
8.186975553428848440e-17
8.346525535249799144e-17
8.523836476504922198e-17
8.575499111250889220e-17
8.637028417742604842e-17
8.815359559479984677e-17
8.914214801947913055e-17
9.062993881573627637e-17
9.091846751103960159e-17
9.172881064107109912e-17
9.386805130275877395e-17
9.504027918278522604e-17
9.511482747800866558e-17
9.582413519379846464e-17
9.665522267568027184e-17
9.748780701971943750e-17
9.874508266784939853e-17
9.946303278391843713e-17
1.007546181325879466e-16
1.023089096761322225e-16
1.034506184829743645e-16
1.036208759930334023e-16
1.052200177774127327e-16
1.054740333335269416e-16
1.073044649698055456e-16
1.082546578285751570e-16
1.104824068132820083e-16
1.113970824927758124e-16
1.119649135535837437e-16
1.130673467614210549e-16
1.142088614236352558e-16
1.163004466109064575e-16
1.171806799831593864e-16
1.187798461617624885e-16
1.189526407361296293e-16
1.199089213446452210e-16
1.218762904677223092e-16
1.248460600888979352e-16
1.256716498514040735e-16
1.277684894734296800e-16
1.296280137261898959e-16
1.301923310467865719e-16
1.308156756037734425e-16
1.326701819348220204e-16
1.337727774820813403e-16
1.345112464923498912e-16
1.369920063737546422e-16
1.383517802894041444e-16
1.398004751209824073e-16
1.406367018826166796e-16
1.418306428586195072e-16
1.425895239565583496e-16
1.441985755685577086e-16
1.463054758944521375e-16
1.474960383873777788e-16
1.492854577286376619e-16
1.515959654065075186e-16
1.524635521280046951e-16
1.534558762506870838e-16
1.549509634261100885e-16
1.552835184374013810e-16
1.565113379405659314e-16
1.600034558285457421e-16
1.616329350511107562e-16
1.632383994549975297e-16
1.635756379484610981e-16
1.654026511797807067e-16
1.675970710878980194e-16
1.697193824054792903e-16
1.701515548052716872e-16
1.711571999181541189e-16
1.734422454053149623e-16
1.765930825669700884e-16
1.773252540498363476e-16
1.789585902935902502e-16
1.816476382912910008e-16
1.822434514010978005e-16
1.847993914494506130e-16
1.858161963652273836e-16
1.885206163044699256e-16
1.897971156358866742e-16
1.917824556076958025e-16
1.930604731533982915e-16
1.939575522493442763e-16
1.962428273508359860e-16
1.984278714121368159e-16
2.012820730592124127e-16
2.027423080014639094e-16
2.041473698410716490e-16
2.082886007659218497e-16
2.091343123816240461e-16
2.110402409478339839e-16
2.112892513667539921e-16
2.139348000259520505e-16
2.156715184141791119e-16
2.168477726322560019e-16
2.197656592504114128e-16
2.239593057457097912e-16
2.244305060186712115e-16
2.272147134132901917e-16
2.283492575960403526e-16
2.305703427074441934e-16
2.336130323090404505e-16
2.351035053978615777e-16
2.372654177113341549e-16
2.383669800178299993e-16
2.403833857615614419e-16
2.419163831947786962e-16
2.475760447416422790e-16
2.492454632806372135e-16
2.497279204857879874e-16
2.521962042485930064e-16
2.549339304426702982e-16
2.573136350870860240e-16
2.604207236186949575e-16
2.624083172181517974e-16
2.646904926366123952e-16
2.660755855574562824e-16
2.685286294105842309e-16
2.712137251555418672e-16
2.734797716731187110e-16
2.763217406946128862e-16
2.791550798547120186e-16
2.806810155312235898e-16
2.882079642061568218e-16
2.905447800954405940e-16
2.915624722490184274e-16
2.939708653857755779e-16
2.983953051746710455e-16
3.044867310727993487e-16
3.060300053328047512e-16
3.099952034402887063e-16
3.153910286072867747e-16
3.170145535342053407e-16
3.200520629443999764e-16
3.219370019663103131e-16
3.229961932652016531e-16
3.280283786145408222e-16
3.323637160520238802e-16
3.353041114522920833e-16
3.391853792681529705e-16
3.472878622958659796e-16
3.494376489517220810e-16
3.513163697239968176e-16
3.599516730478794848e-16
3.626203857292912013e-16
3.642115996914451069e-16
3.676606241474810060e-16
3.742317708378946706e-16
3.753026610523262173e-16
3.826005868297067008e-16
3.856673265112949908e-16
3.911523186393458717e-16
3.929178817013155277e-16
3.983955435261338365e-16
4.074005173609570817e-16
4.166313746110352456e-16
4.187561489916377863e-16
4.255885821264391960e-16
4.362721551781680257e-16
4.418018521287551674e-16
4.459315501818037906e-16
4.515560232743138283e-16
4.649797601023730022e-16
4.713941274128636080e-16
4.820401408733906190e-16
4.877019520863568994e-16
4.998498356950426215e-16
5.531566186036087318e-16
7.597274382227204298e-16
1.331882836059408281e-04
1.331882836059536217e-04
1.331882836059651142e-04
1.331882836059660358e-04
1.331882836059710231e-04
1.331882836059757394e-04
1.331882836059950924e-04
1.331882836060105152e-04
1.419910896762989960e-04
1.419910896763316034e-04
1.419910896763406294e-04
1.419910896763524201e-04
1.419910896763559437e-04
1.419910896763617713e-04
1.419910896763837264e-04
1.419910896763861116e-04
1.648344907225867664e-04
1.648344907225907780e-04
1.648344907226006442e-04
1.648344907226050352e-04
1.648344907226167446e-04
1.648344907226202683e-04
1.648344907226352574e-04
1.648344907226475631e-04
1.907107946976884286e-04
1.907107946977145037e-04
1.907107946977244241e-04
1.907107946977333959e-04
1.907107946977364046e-04
1.907107946977409853e-04
1.907107946977624796e-04
1.907107946977787969e-04
1.975636517564087903e-04
1.975636517564196594e-04
1.975636517564299864e-04
1.975636517564340522e-04
1.975636517564462766e-04
1.975636517564552212e-04
1.975636517564652501e-04
1.975636517564791279e-04
4.970654413903255334e-04
4.970654413903393028e-04
4.970654413903530721e-04
4.970654413903594689e-04
4.970654413903622879e-04
4.970654413903763825e-04
4.970654413903820203e-04
4.970654413903930792e-04
5.287128596775105775e-04
5.287128596775331289e-04
5.287128596775457056e-04
5.287128596775474403e-04
5.287128596775536203e-04
5.287128596775620771e-04
5.287128596775658718e-04
5.287128596775938442e-04
5.962509516376858542e-04
5.962509516377117666e-04
5.962509516377219581e-04
5.962509516377324749e-04
5.962509516377348601e-04
5.962509516377424495e-04
5.962509516377528579e-04
5.962509516377691209e-04
6.211823913770577864e-04
6.211823913770663516e-04
6.211823913770788200e-04
6.211823913770807715e-04
6.211823913770867346e-04
6.211823913770935651e-04
6.211823913771046240e-04
6.211823913771123218e-04
9.941308827806651614e-04
9.941308827806885802e-04
9.941308827807033253e-04
9.941308827807169863e-04
9.941308827807198052e-04
9.941308827807286957e-04
9.941308827807325988e-04
9.941308827807369356e-04
1.051658532997841412e-03
1.051658532997863096e-03
1.051658532997872203e-03
1.051658532997881311e-03
1.051658532997888033e-03
1.051658532997896706e-03
1.051658532997901477e-03
1.051658532997912102e-03
1.118250489443830403e-03
1.118250489443841679e-03
1.118250489443855990e-03
1.118250489443863146e-03
1.118250489443866832e-03
1.118250489443869435e-03
1.118250489443887432e-03
1.118250489443909550e-03
1.186124925171847108e-03
1.186124925171853613e-03
1.186124925171872912e-03
1.186124925171877465e-03
1.186124925171896331e-03
1.186124925171902402e-03
1.186124925171907606e-03
1.186124925171949457e-03
1.262608782390865552e-03
1.262608782390893525e-03
1.262608782390918461e-03
1.262608782390924533e-03
1.262608782390924750e-03
1.262608782390932339e-03
1.262608782390940362e-03
1.262608782390964215e-03
1.461410121038298968e-03
1.461410121038310894e-03
1.461410121038316965e-03
1.461410121038323471e-03
1.461410121038325856e-03
1.461410121038337782e-03
1.461410121038353395e-03
1.461410121038376163e-03
1.491196324171025281e-03
1.491196324171037424e-03
1.491196324171056723e-03
1.491196324171063228e-03
1.491196324171078407e-03
1.491196324171080575e-03
1.491196324171091200e-03
1.491196324171101392e-03
1.555579786401993948e-03
1.555579786402004573e-03
1.555579786402013030e-03
1.555579786402016716e-03
1.555579786402029509e-03
1.555579786402034930e-03
1.555579786402044905e-03
1.555579786402060301e-03
1.687969503003693269e-03
1.687969503003713002e-03
1.687969503003723844e-03
1.687969503003726446e-03
1.687969503003746395e-03
1.687969503003750949e-03
1.687969503003756370e-03
1.687969503003811664e-03
1.751648818500952959e-03
1.751648818500966620e-03
1.751648818500971608e-03
1.751648818500981149e-03
1.751648818500988304e-03
1.751648818500998496e-03
1.751648818501019529e-03
1.751648818501031673e-03
1.855073481955428960e-03
1.855073481955441536e-03
1.855073481955448692e-03
1.855073481955459101e-03
1.855073481955469075e-03
1.855073481955477532e-03
1.855073481955482519e-03
1.855073481955485121e-03
3.225838326683990159e-03
3.225838326684009241e-03
3.225838326684021384e-03
3.225838326684025287e-03
3.225838326684049573e-03
3.225838326684062150e-03
3.225838326684066920e-03
3.225838326684087303e-03
3.424236137284995211e-03
3.424236137285026869e-03
3.424236137285032074e-03
3.424236137285045084e-03
3.424236137285050288e-03
3.424236137285054191e-03
3.424236137285061998e-03
3.424236137285069370e-03
3.941446735221613984e-03
3.941446735221639137e-03
3.941446735221654750e-03
3.941446735221666893e-03
3.941446735221668628e-03
3.941446735221679036e-03
3.941446735221685975e-03
3.941446735221709394e-03
4.426678484865263254e-03
4.426678484865272795e-03
4.426678484865297081e-03
4.426678484865300550e-03
4.426678484865303152e-03
4.426678484865310091e-03
4.426678484865322234e-03
4.426678484865341316e-03
4.537379349088683546e-03
4.537379349088700026e-03
4.537379349088714771e-03
4.537379349088728649e-03
4.537379349088729516e-03
4.537379349088736455e-03
4.537379349088755537e-03
4.537379349088777221e-03
4.702043295779860174e-03
4.702043295779889664e-03
4.702043295779896603e-03
4.702043295779902675e-03
4.702043295779913951e-03
4.702043295779920890e-03
4.702043295779934767e-03
4.702043295779958186e-03
4.723100377416820927e-03
4.723100377416841744e-03
4.723100377416856489e-03
4.723100377416856489e-03
4.723100377416862561e-03
4.723100377416869500e-03
4.723100377416885980e-03
4.723100377416908531e-03
5.294050464646482546e-03
5.294050464646486882e-03
5.294050464646510301e-03
5.294050464646521577e-03
5.294050464646524179e-03
5.294050464646528516e-03
5.294050464646559741e-03
5.294050464646571016e-03
5.521439527747094671e-03
5.521439527747111151e-03
5.521439527747125028e-03
5.521439527747125028e-03
5.521439527747134569e-03
5.521439527747138906e-03
5.521439527747153651e-03
5.521439527747188346e-03
6.124165793584239112e-03
6.124165793584263398e-03
6.124165793584279878e-03
6.124165793584290286e-03
6.124165793584298093e-03
6.124165793584312838e-03
6.124165793584333654e-03
6.124165793584353604e-03
6.476803127472873130e-03
6.476803127472900018e-03
6.476803127472915630e-03
6.476803127472919100e-03
6.476803127472920835e-03
6.476803127472938182e-03
6.476803127472974611e-03
6.476803127472995428e-03
7.399622473402736079e-03
7.399622473402759498e-03
7.399622473402761233e-03
7.399622473402782917e-03
7.399622473402785519e-03
7.399622473402802866e-03
7.399622473402828020e-03
7.399622473402849704e-03
8.477981614195951796e-03
8.477981614195965673e-03
8.477981614195977816e-03
8.477981614195988225e-03
8.477981614195993429e-03
8.477981614196009041e-03
8.477981614196021184e-03
8.477981614196062818e-03
8.591732473867148140e-03
8.591732473867194977e-03
8.853356969730582018e-03
8.853356969730585488e-03
8.853356969730599366e-03
8.853356969730613243e-03
8.853356969730623652e-03
8.853356969730632325e-03
8.853356969730642734e-03
8.853356969730656612e-03
8.858440485607053244e-03
8.858440485607063652e-03
8.858440485607067122e-03
8.858440485607075796e-03
8.858440485607086204e-03
8.858440485607098347e-03
8.858440485607120898e-03
8.858440485607155593e-03
9.355523929760089369e-03
9.355523929760099777e-03
9.355523929760103247e-03
9.355523929760110186e-03
9.355523929760118859e-03
9.355523929760129268e-03
9.355523929760143145e-03
9.355523929760184779e-03
9.698994751824461039e-03
9.698994751824467977e-03
9.698994751824485325e-03
9.698994751824490529e-03
9.698994751824500937e-03
9.698994751824509611e-03
9.698994751824537366e-03
9.698994751824570326e-03
9.948283225160940713e-03
9.948283225160954590e-03
9.948283225160977142e-03
9.948283225160984081e-03
9.948283225160991020e-03
9.948283225160997958e-03
9.948283225161025714e-03
9.948283225161036122e-03
1.021512694015265683e-02
1.021512694015269673e-02
1.021512694015270714e-02
1.021512694015271755e-02
1.021512694015273143e-02
1.021512694015273663e-02
1.021512694015274531e-02
1.021512694015278867e-02
1.157156501702482146e-02
1.157156501702483534e-02
1.157156501702484401e-02
1.157156501702484748e-02
1.157156501702486483e-02
1.157156501702488217e-02
1.157156501702489605e-02
1.157156501702494983e-02
1.203899253218779566e-02
1.203899253218781128e-02
1.203899253218781822e-02
1.203899253218782342e-02
1.203899253218784250e-02
1.203899253218784424e-02
1.203899253218788760e-02
1.203899253218791363e-02
1.275498298476481288e-02
1.275498298476483369e-02
1.275498298476484584e-02
1.275498298476485971e-02
1.275498298476487186e-02
1.275498298476488573e-02
1.275498298476489961e-02
1.275498298476495339e-02
1.318098734988947321e-02
1.318098734988948362e-02
1.318098734988949576e-02
1.318098734988950790e-02
1.318098734988951484e-02
1.318098734988952352e-02
1.318098734988955127e-02
1.318098734988958597e-02
1.328003545459588777e-02
1.328003545459589645e-02
1.328003545459590339e-02
1.328003545459591032e-02
1.328003545459591726e-02
1.328003545459592594e-02
1.328003545459594155e-02
1.328003545459596237e-02
1.372570555065713224e-02
1.372570555065714785e-02
1.372570555065716173e-02
1.372570555065717214e-02
1.372570555065717908e-02
1.372570555065718255e-02
1.372570555065718775e-02
1.372570555065725020e-02
1.382428514983826372e-02
1.382428514983827239e-02
1.382428514983828280e-02
1.382428514983828800e-02
1.382428514983831402e-02
1.382428514983832790e-02
1.382428514983834004e-02
1.382428514983836086e-02
1.384603002047064130e-02
1.384603002047065344e-02
1.384603002047067252e-02
1.384603002047067426e-02
1.384603002047068293e-02
1.384603002047071416e-02
1.384603002047072977e-02
1.384603002047077487e-02
1.431542617625539485e-02
1.431542617625542607e-02
1.431542617625545036e-02
1.431542617625547464e-02
1.431542617625548505e-02
1.431542617625549026e-02
1.431542617625550240e-02
1.431542617625552669e-02
1.439621787401171304e-02
1.439621787401171304e-02
1.439621787401171825e-02
1.439621787401172172e-02
1.439621787401173733e-02
1.439621787401175294e-02
1.439621787401176682e-02
1.439621787401181019e-02
1.495997889167670694e-02
1.495997889167673123e-02
1.495997889167673296e-02
1.495997889167674857e-02
1.495997889167676766e-02
1.495997889167676939e-02
1.495997889167678847e-02
1.495997889167685092e-02
1.616602221886767957e-02
1.616602221886769344e-02
1.616602221886770732e-02
1.616602221886771426e-02
1.616602221886773508e-02
1.616602221886774202e-02
1.616602221886776630e-02
1.616602221886781141e-02
1.652058901428931151e-02
1.652058901428932192e-02
1.652058901428933579e-02
1.652058901428934273e-02
1.652058901428935661e-02
1.652058901428936702e-02
1.652058901428939477e-02
1.652058901428942253e-02
1.795128514138522383e-02
1.795128514138523076e-02
1.795128514138525505e-02
1.795128514138526893e-02
1.795128514138527240e-02
1.795128514138528628e-02
1.795128514138529668e-02
1.795128514138534873e-02
1.829739788672379505e-02
1.829739788672380199e-02
1.829739788672382975e-02
1.829739788672383322e-02
1.829739788672384362e-02
1.829739788672387138e-02
1.829739788672387485e-02
1.829739788672392342e-02
1.875577804982683436e-02
1.875577804982684130e-02
1.875577804982684477e-02
1.875577804982686558e-02
1.875577804982687252e-02
1.875577804982687599e-02
1.875577804982689681e-02
1.875577804982692109e-02
1.925146227211645827e-02
1.925146227211646174e-02
1.925146227211647562e-02
1.925146227211647909e-02
1.925146227211648603e-02
1.925146227211650685e-02
1.925146227211654848e-02
1.925146227211662481e-02
2.088784736653364824e-02
2.088784736653367599e-02
2.088784736653369334e-02
2.088784736653370375e-02
2.088784736653372109e-02
2.088784736653374191e-02
2.088784736653376620e-02
2.088784736653384946e-02
2.211022481772863257e-02
2.211022481772866727e-02
2.211022481772868115e-02
2.211022481772869155e-02
2.211022481772870196e-02
2.211022481772872278e-02
2.211022481772872625e-02
2.211022481772885809e-02
2.285569789563190318e-02
2.285569789563190665e-02
2.285569789563195175e-02
2.285569789563195869e-02
2.285569789563197604e-02
2.285569789563197604e-02
2.285569789563200380e-02
2.285569789563207319e-02
2.302351598760102661e-02
2.302351598760106477e-02
2.302351598760107865e-02
2.302351598760108559e-02
2.302351598760109599e-02
2.302351598760111334e-02
2.302351598760112722e-02
2.302351598760116191e-02
2.349053003089535477e-02
2.349053003089538599e-02
2.349053003089538946e-02
2.349053003089540334e-02
2.349053003089541722e-02
2.349053003089543804e-02
2.349053003089546579e-02
2.349053003089556640e-02
2.407798506437560174e-02
2.407798506437561561e-02
2.407798506437564337e-02
2.407798506437565378e-02
2.407798506437566766e-02
2.407798506437566766e-02
2.407798506437569541e-02
2.407798506437573705e-02
2.413169962581407368e-02
2.413169962581409103e-02
2.413169962581410838e-02
2.413169962581412920e-02
2.413169962581413960e-02
2.413169962581414307e-02
2.413169962581421246e-02
2.413169962581430614e-02
2.477365696834174860e-02
2.477365696834176595e-02
2.477365696834177636e-02
2.477365696834179717e-02
2.477365696834181799e-02
2.477365696834183187e-02
2.477365696834184228e-02
2.477365696834197065e-02
2.539086541835355176e-02
2.539086541835356217e-02
2.539086541835358646e-02
2.539086541835358646e-02
2.539086541835359340e-02
2.539086541835361421e-02
2.539086541835363850e-02
2.539086541835371830e-02
2.545242146066682698e-02
2.545242146066683739e-02
2.545242146066686514e-02
2.545242146066686514e-02
2.545242146066686514e-02
2.545242146066691719e-02
2.545242146066693800e-02
2.545242146066701086e-02
2.594120310431255808e-02
2.594120310431256848e-02
2.594120310431258583e-02
2.594120310431259971e-02
2.594120310431263093e-02
2.594120310431267257e-02
2.594120310431268991e-02
2.594120310431282522e-02
2.693787332126312828e-02
2.693787332126314910e-02
2.693787332126319767e-02
2.693787332126320461e-02
2.693787332126320808e-02
2.693787332126321848e-02
2.693787332126324971e-02
2.693787332126332951e-02
2.696273301475354475e-02
2.696273301475357945e-02
2.696273301475359332e-02
2.696273301475360026e-02
2.696273301475361414e-02
2.696273301475363149e-02
2.696273301475364190e-02
2.696273301475376680e-02
2.699960873908420489e-02
2.699960873908421877e-02
2.699960873908422918e-02
2.699960873908426040e-02
2.699960873908427428e-02
2.699960873908429856e-02
2.699960873908436795e-02
2.699960873908443040e-02
2.824741427724132559e-02
2.824741427724134640e-02
2.824741427724134987e-02
2.824741427724137069e-02
2.824741427724139844e-02
2.824741427724143661e-02
2.824741427724146783e-02
2.824741427724163437e-02
2.845233449021920824e-02
2.845233449021922559e-02
2.845233449021923600e-02
2.845233449021923600e-02
2.845233449021927069e-02
2.845233449021929151e-02
2.845233449021932967e-02
2.845233449021939906e-02
2.920350554603828169e-02
2.920350554603829557e-02
2.920350554603833373e-02
2.920350554603834414e-02
2.920350554603835455e-02
2.920350554603838578e-02
2.920350554603841353e-02
2.920350554603856966e-02
2.959592990611540145e-02
2.959592990611542573e-02
2.959592990611543614e-02
2.959592990611546737e-02
2.959592990611549165e-02
2.959592990611549165e-02
2.959592990611555410e-02
2.959592990611566860e-02
3.005308853469782979e-02
3.005308853469787142e-02
3.005308853469789224e-02
3.005308853469789571e-02
3.005308853469792346e-02
3.005308853469795122e-02
3.005308853469799632e-02
3.005308853469811081e-02
3.026036879734471385e-02
3.026036879734472773e-02
3.026036879734474855e-02
3.026036879734475202e-02
3.026036879734476243e-02
3.026036879734480059e-02
3.026036879734485263e-02
3.026036879734497753e-02
3.169214968258316639e-02
3.169214968258317333e-02
3.169214968258318721e-02
3.169214968258319415e-02
3.169214968258322190e-02
3.169214968258324966e-02
3.169214968258328435e-02
3.169214968258338150e-02
3.278908921154986139e-02
3.278908921154987527e-02
3.278908921154988915e-02
3.278908921154991690e-02
3.278908921154991690e-02
3.278908921154994466e-02
3.278908921154998629e-02
3.278908921155009731e-02
3.291049928098817301e-02
3.291049928098819383e-02
3.291049928098820770e-02
3.291049928098827015e-02
3.291049928098827709e-02
3.291049928098829791e-02
3.291049928098830485e-02
3.291049928098849914e-02
3.308468803909387496e-02
3.308468803909387496e-02
3.308468803909390271e-02
3.308468803909392353e-02
3.308468803909392353e-02
3.308468803909395128e-02
3.308468803909396516e-02
3.308468803909412476e-02
3.325076485025509065e-02
3.325076485025509065e-02
3.325076485025511147e-02
3.325076485025511841e-02
3.325076485025513923e-02
3.325076485025515310e-02
3.325076485025516698e-02
3.325076485025527107e-02
3.378141752588376123e-02
3.378141752588397634e-02
3.435695447087552118e-02
3.435695447087554200e-02
3.435695447087554893e-02
3.435695447087568771e-02
3.437047459840054942e-02
3.437047459840057717e-02
3.437047459840059105e-02
3.437047459840060493e-02
3.437047459840061880e-02
3.437047459840063268e-02
3.437047459840068125e-02
3.437047459840079922e-02
3.479382377514442237e-02
3.479382377514445013e-02
3.479382377514445707e-02
3.479382377514446401e-02
3.479382377514447094e-02
3.479382377514450564e-02
3.479382377514453339e-02
3.479382377514465829e-02
3.572441287720640873e-02
3.572441287720642955e-02
3.572441287720645037e-02
3.572441287720645731e-02
3.572441287720647812e-02
3.572441287720651282e-02
3.572441287720653363e-02
3.572441287720658221e-02
3.604434341269601577e-02
3.604434341269608516e-02
3.604434341269611292e-02
3.604434341269613373e-02
3.611697759656344597e-02
3.611697759656347373e-02
3.611697759656348761e-02
3.611697759656350842e-02
3.611697759656352924e-02
3.611697759656354312e-02
3.611697759656355700e-02
3.611697759656368190e-02
3.619714119615289466e-02
3.619714119615290160e-02
3.619714119615291548e-02
3.619714119615292935e-02
3.619714119615293629e-02
3.619714119615294323e-02
3.619714119615298487e-02
3.619714119615314446e-02
3.663276004698996779e-02
3.663276004699000249e-02
3.663276004699002331e-02
3.663276004699003024e-02
3.663276004699005800e-02
3.663276004699011351e-02
3.663276004699012045e-02
3.663276004699017596e-02
3.736893697351988813e-02
3.736893697351990895e-02
3.736893697351993671e-02
3.736893697351995752e-02
3.736893697351999222e-02
3.736893697352001303e-02
3.736893697352003385e-02
3.736893697352007548e-02
3.761555574383525918e-02
3.761555574383530082e-02
3.761555574383530082e-02
3.761555574383532163e-02
3.761555574383534245e-02
3.761555574383534245e-02
3.761555574383537021e-02
3.761555574383543959e-02
3.806931789341420208e-02
3.806931789341421596e-02
3.806931789341422984e-02
3.806931789341424371e-02
3.806931789341427147e-02
3.806931789341428535e-02
3.806931789341429923e-02
3.806931789341449351e-02
3.872859158400487195e-02
3.872859158400489971e-02
3.872859158400492052e-02
3.872859158400503155e-02
3.874760477046661905e-02
3.874760477046662599e-02
3.874760477046662599e-02
3.874760477046662599e-02
3.874760477046663987e-02
3.874760477046666762e-02
3.874760477046672313e-02
3.874760477046685497e-02
3.943126633748898768e-02
3.943126633748898768e-02
3.943126633748899462e-02
3.943126633748902932e-02
3.943126633748903626e-02
3.943126633748906401e-02
3.943126633748907789e-02
3.943126633748922361e-02
4.116729390537449129e-02
4.116729390537449823e-02
4.116729390537451905e-02
4.116729390537453293e-02
4.116729390537456068e-02
4.116729390537458844e-02
4.116729390537463701e-02
4.116729390537469252e-02
4.171682908075445562e-02
4.171682908075448337e-02
4.171682908075448337e-02
4.171682908075449725e-02
4.171682908075453888e-02
4.171682908075460133e-02
4.171682908075461521e-02
4.171682908075469154e-02
4.222677190785718154e-02
4.222677190785720236e-02
4.222677190785728563e-02
4.222677190785738277e-02
4.230566017455916761e-02
4.230566017455918842e-02
4.230566017455918842e-02
4.230566017455920924e-02
4.230566017455924394e-02
4.230566017455927169e-02
4.230566017455932026e-02
4.230566017455943822e-02
4.237315000025343448e-02
4.237315000025346917e-02
4.237315000025353856e-02
4.237315000025366346e-02
4.355719938979848993e-02
4.355719938979857320e-02
4.355719938979858014e-02
4.355719938979860789e-02
4.355719938979862177e-02
4.355719938979864259e-02
4.355719938979869810e-02
4.355719938979875361e-02
4.443532560246556129e-02
4.443532560246558905e-02
4.443532560246563762e-02
4.443532560246565843e-02
4.443532560246570007e-02
4.443532560246574170e-02
4.443532560246577640e-02
4.443532560246582497e-02
4.493013180206725798e-02
4.493013180206727186e-02
4.493013180206728574e-02
4.493013180206729962e-02
4.493013180206733431e-02
4.493013180206736207e-02
4.493013180206741758e-02
4.493013180206752166e-02
4.571139579126387575e-02
4.571139579126391739e-02
4.571139579126391739e-02
4.571139579126391739e-02
4.571139579126393127e-02
4.571139579126402147e-02
4.571139579126406310e-02
4.571139579126417413e-02
4.630048917619873639e-02
4.630048917619877802e-02
4.630048917619883353e-02
4.630048917619885435e-02
4.806595407035110096e-02
4.806595407035110096e-02
4.806595407035112871e-02
4.806595407035119116e-02
4.806595407035119116e-02
4.806595407035122586e-02
4.806595407035124667e-02
4.806595407035142015e-02
5.067212628932803858e-02
5.067212628932810103e-02
5.067212628932821206e-02
5.067212628932826757e-02
5.110293899053906796e-02
5.110293899053915123e-02
5.110293899053920674e-02
5.110293899053922756e-02
5.110293899053925532e-02
5.110293899053926919e-02
5.110293899053929695e-02
5.110293899053940797e-02
5.122503048478273951e-02
5.122503048478273951e-02
5.122503048478276727e-02
5.122503048478278809e-02
5.122503048478281584e-02
5.122503048478285054e-02
5.122503048478287829e-02
5.122503048478297544e-02
5.366231705892027248e-02
5.366231705892035575e-02
5.366231705892035575e-02
5.366231705892039738e-02
5.366231705892044596e-02
5.366231705892048065e-02
5.366231705892048065e-02
5.366231705892061943e-02
5.504376340245762528e-02
5.504376340245765303e-02
5.504376340245767385e-02
5.504376340245770854e-02
5.911748067079906216e-02
5.911748067079920094e-02
5.911748067079928420e-02
5.911748067079937441e-02
5.928555685584411400e-02
5.928555685584414175e-02
5.928555685584416257e-02
5.928555685584416257e-02
5.928555685584421808e-02
5.928555685584421808e-02
5.928555685584423890e-02
5.928555685584446788e-02
6.240940136826812062e-02
6.240940136826814838e-02
6.240940136826814838e-02
6.240940136826816226e-02
6.240940136826822471e-02
6.240940136826825246e-02
6.240940136826827328e-02
6.240940136826838430e-02
6.261566099465130930e-02
6.261566099465135093e-02
6.261566099465136481e-02
6.261566099465150359e-02
6.361252022457490607e-02
6.361252022457510036e-02
6.361252022457514199e-02
6.361252022457526689e-02
6.529990916596017936e-02
6.529990916596020711e-02
6.529990916596024875e-02
6.529990916596027650e-02
6.529990916639544229e-02
6.529990916639548393e-02
6.529990916639549781e-02
6.529990916639558107e-02
6.698729810778075722e-02
6.698729810778082661e-02
6.698729810778085436e-02
6.698729810778089599e-02
6.699510820880610895e-02
6.699510820880613671e-02
6.699510820880613671e-02
6.699510820880616446e-02
6.699510820880624773e-02
6.699510820880624773e-02
6.699510820880633100e-02
6.699510820880637263e-02
6.756283505226999553e-02
6.756283505227006492e-02
6.756283505227009267e-02
6.756283505227013431e-02
6.798415733770429847e-02
6.798415733770434011e-02
6.798415733770442337e-02
6.798415733770452052e-02
6.856709368689581363e-02
6.856709368689585526e-02
6.856709368689591078e-02
6.856709368689595241e-02
6.856709368689596629e-02
6.856709368689602180e-02
6.856709368689607731e-02
6.856709368689614670e-02
6.992498363285394591e-02
6.992498363285397367e-02
6.992498363285398755e-02
6.992498363285401530e-02
6.992498363285405694e-02
6.992498363285409857e-02
6.992498363285416796e-02
6.992498363285432061e-02
7.105317880946357412e-02
7.105317880946362963e-02
7.105317880946372677e-02
7.105317880946378228e-02
7.129710260070265537e-02
7.129710260070271088e-02
7.129710260070273864e-02
7.129710260070273864e-02
7.129710260070273864e-02
7.129710260070276640e-02
7.129710260070291905e-02
7.129710260070297456e-02
7.148233766155662194e-02
7.148233766155664970e-02
7.148233766155667746e-02
7.148233766155671909e-02
7.239428239230583095e-02
7.239428239230583095e-02
7.239428239230583095e-02
7.239428239230592810e-02
7.239428239230598361e-02
7.239428239230601136e-02
7.239428239230603912e-02
7.239428239230612239e-02
7.385241974767756123e-02
7.385241974767790818e-02
7.555605492989807270e-02
7.555605492989815597e-02
7.555605492989818373e-02
7.555605492989832250e-02
7.586974158360541842e-02
7.586974158360550169e-02
7.586974158360550169e-02
7.586974158360561271e-02
7.586974158360562659e-02
7.586974158360562659e-02
7.586974158360565434e-02
7.586974158360595966e-02
7.680541432002935265e-02
7.680541432002946367e-02
7.680541432002950530e-02
7.680541432002951918e-02
7.680541432002951918e-02
7.680541432002957469e-02
7.680541432002965796e-02
7.680541432002978286e-02
7.992769204302757613e-02
7.992769204302761776e-02
7.992769204302761776e-02
7.992769204302788144e-02
8.062637290286388259e-02
8.062637290286389646e-02
8.062637290286392422e-02
8.062637290286395197e-02
8.062637290286395197e-02
8.062637290286396585e-02
8.062637290286407687e-02
8.062637290286413239e-02
8.098867930747384591e-02
8.098867930747387367e-02
8.098867930747388755e-02
8.098867930747401245e-02
8.098867930747409571e-02
8.098867930747417898e-02
8.098867930747417898e-02
8.098867930747429000e-02
8.251648238653380707e-02
8.251648238653383483e-02
8.251648238653387646e-02
8.251648238653394585e-02
8.251648238653394585e-02
8.251648238653398748e-02
8.251648238653409850e-02
8.251648238653415401e-02
8.429932915615684363e-02
8.429932915615691302e-02
8.429932915615695466e-02
8.429932915615698241e-02
8.529862578894333025e-02
8.529862578894342739e-02
8.529862578894342739e-02
8.529862578894344127e-02
8.529862578894363556e-02
8.529862578894364944e-02
8.529862578894366332e-02
8.529862578894377434e-02
8.584902542947854542e-02
8.584902542947865645e-02
8.584902542947868420e-02
8.584902542947878135e-02
8.584902542947882298e-02
8.584902542947886461e-02
8.584902542947894788e-02
8.584902542947900339e-02
8.837304642449819725e-02
8.837304642449843317e-02
8.837304642449857195e-02
8.837304642449890502e-02
9.187122674835071501e-02
9.187122674835083991e-02
9.187122674835089542e-02
9.187122674835097869e-02
9.379475506345967550e-02
9.379475506345978653e-02
9.379475506345985591e-02
9.379475506345989755e-02
9.379475506345991143e-02
9.379475506345993918e-02
9.379475506345996694e-02
9.379475506346017510e-02
9.455547491965929363e-02
9.455547491965933526e-02
9.455547491965958506e-02
9.455547491965965445e-02
9.455547491965969609e-02
9.455547491965970996e-02
9.455547491965973772e-02
9.455547491965982099e-02
9.624286386147991312e-02
9.624286386148020456e-02
9.624286386148024619e-02
9.624286386148032946e-02
9.681388799475797169e-02
9.681388799475804108e-02
9.681388799475809659e-02
9.681388799475822149e-02
9.681388799475829088e-02
9.681388799475833251e-02
9.681388799475837414e-02
9.681388799475861007e-02
9.901209295658702780e-02
9.901209295658706944e-02
9.901209295658713883e-02
9.901209295658718046e-02
9.901209295658719434e-02
9.901209295658736087e-02
9.901209295658740250e-02
9.901209295658743026e-02
1.004582729082966613e-01
1.004582729082967030e-01
1.004582729082967585e-01
1.004582729082968973e-01
1.004582729082969111e-01
1.004582729082969389e-01
1.004582729082969944e-01
1.004582729082971054e-01
1.024500609695653541e-01
1.024500609695654235e-01
1.024500609695654374e-01
1.024500609695654652e-01
1.024500609695654790e-01
1.024500609695655345e-01
1.024500609695657566e-01
1.024500609695659092e-01
1.069984580118774065e-01
1.069984580118774481e-01
1.069984580118775314e-01
1.069984580118776007e-01
1.069984580118776563e-01
1.069984580118777673e-01
1.069984580118778228e-01
1.069984580118779338e-01
1.076338372740636845e-01
1.076338372740638233e-01
1.076338372740639898e-01
1.076338372740642674e-01
1.085914235884587326e-01
1.085914235884587326e-01
1.085914235884587603e-01
1.085914235884587603e-01
1.085914235884588019e-01
1.085914235884588713e-01
1.085914235884588852e-01
1.085914235884589685e-01
1.089889664569342886e-01
1.089889664569344552e-01
1.089889664569344968e-01
1.089889664569345801e-01
1.089889664569346633e-01
1.089889664569347050e-01
1.089889664569348021e-01
1.089889664569349548e-01
1.092555446390780921e-01
1.092555446390782864e-01
1.092555446390783835e-01
1.092555446390784113e-01
1.092555446390784946e-01
1.092555446390785362e-01
1.092555446390786611e-01
1.092555446390787027e-01
1.126844324381694740e-01
1.126844324381696405e-01
1.126844324381697238e-01
1.126844324381697654e-01
1.126844324381697654e-01
1.126844324381698487e-01
1.126844324381699597e-01
1.126844324381700568e-01
1.128617999519987286e-01
1.128617999519988951e-01
1.128617999519988951e-01
1.128617999519989368e-01
1.128617999519990478e-01
1.128617999519990617e-01
1.128617999519991033e-01
1.128617999519994225e-01
1.136142433113553063e-01
1.136142433113553341e-01
1.136142433113553757e-01
1.136142433113553757e-01
1.136142433113553896e-01
1.136142433113555839e-01
1.136142433113556671e-01
1.136142433113557088e-01
1.154034777592013311e-01
1.154034777592013589e-01
1.154034777592015393e-01
1.154034777592016225e-01
1.154034777592016919e-01
1.154034777592018307e-01
1.154034777592019001e-01
1.154034777592019279e-01
1.182767128164781550e-01
1.182767128164782106e-01
1.182767128164784326e-01
1.182767128164784465e-01
1.182767128164785297e-01
1.182767128164787657e-01
1.182767128164788489e-01
1.182767128164789044e-01
1.222998146918974904e-01
1.222998146918976292e-01
1.222998146918976292e-01
1.222998146918976431e-01
1.222998146918976708e-01
1.222998146918976847e-01
1.222998146918979206e-01
1.222998146918979345e-01
1.223042569613469049e-01
1.223042569613469605e-01
1.223042569613470576e-01
1.223042569613471131e-01
1.223042569613471547e-01
1.223042569613472241e-01
1.223042569613473213e-01
1.223042569613474045e-01
1.240935438116774064e-01
1.240935438116775313e-01
1.240935438116776146e-01
1.240935438116776146e-01
1.240935438116776285e-01
1.240935438116776285e-01
1.240935438116777118e-01
1.240935438116778783e-01
1.260739665582960300e-01
1.260739665582961688e-01
1.282103617129552731e-01
1.282103617129553841e-01
1.282103617129554951e-01
1.282103617129555229e-01
1.282103617129556894e-01
1.282103617129559114e-01
1.282103617129559392e-01
1.282103617129560780e-01
1.282218996786381460e-01
1.282218996786383403e-01
1.282218996786385345e-01
1.282218996786385901e-01
1.292175742207608835e-01
1.292175742207610778e-01
1.292175742207611333e-01
1.292175742207612166e-01
1.292175742207613276e-01
1.292175742207614941e-01
1.292175742207615496e-01
1.292175742207615774e-01
1.319422289701447648e-01
1.319422289701447926e-01
1.319422289701449313e-01
1.319422289701452644e-01
1.321855231190530444e-01
1.321855231190531277e-01
1.321855231190532387e-01
1.321855231190533775e-01
1.321855231190535718e-01
1.321855231190535995e-01
1.321855231190537661e-01
1.321855231190538216e-01
1.339902164176120791e-01
1.339902164176124955e-01
1.339902164176125232e-01
1.339902164176125232e-01
1.339902164176125787e-01
1.339902164176126065e-01
1.339902164176126620e-01
1.339902164176128563e-01
1.345193209416423175e-01
1.345193209416423730e-01
1.345193209416427338e-01
1.345193209416428171e-01
1.346656990340386884e-01
1.346656990340387161e-01
1.346656990340387994e-01
1.346656990340389937e-01
1.350895700327873206e-01
1.350895700327873206e-01
1.350895700327874593e-01
1.350895700327874871e-01
1.350895700327875426e-01
1.350895700327876259e-01
1.350895700327876814e-01
1.350895700327877369e-01
1.383512508495708393e-01
1.383512508495710058e-01
1.383512508495710336e-01
1.383512508495711169e-01
1.383512508495711169e-01
1.383512508495711724e-01
1.383512508495713111e-01
1.383512508495713389e-01
1.394839439297493600e-01
1.394839439297493877e-01
1.394839439297494710e-01
1.394839439297494710e-01
1.394839439297495542e-01
1.394839439297498040e-01
1.394839439297500261e-01
1.394839439297501371e-01
1.396748865809334661e-01
1.396748865809336881e-01
1.396748865809336881e-01
1.396748865809337437e-01
1.396748865809338824e-01
1.396748865809340212e-01
1.396748865809342155e-01
1.396748865809344375e-01
1.445370714970909409e-01
1.445370714970911907e-01
1.445370714970911907e-01
1.445370714970913295e-01
1.448429998469036861e-01
1.448429998469037139e-01
1.448429998469039359e-01
1.448429998469040192e-01
1.448429998469042135e-01
1.448429998469042967e-01
1.448429998469043800e-01
1.448429998469044355e-01
1.461914932337927686e-01
1.461914932337929907e-01
1.461914932337930184e-01
1.461914932337931849e-01
1.461914932337932405e-01
1.461914932337932682e-01
1.461914932337932960e-01
1.461914932337940731e-01
1.479432340770311660e-01
1.479432340770311938e-01
1.479432340770313326e-01
1.479432340770313603e-01
1.479432340770314436e-01
1.479432340770314436e-01
1.479432340770316101e-01
1.479432340770318599e-01
1.503765802256276651e-01
1.503765802256276651e-01
1.503765802256276651e-01
1.503765802256278039e-01
1.503765802256279149e-01
1.503765802256279149e-01
1.503765802256280537e-01
1.503765802256281092e-01
1.506996112650615949e-01
1.506996112650616504e-01
1.506996112650616781e-01
1.506996112650617614e-01
1.506996112650617614e-01
1.506996112650618169e-01
1.506996112650618447e-01
1.506996112650618447e-01
1.536750914543478508e-01
1.536750914543478785e-01
1.536750914543482116e-01
1.536750914543483781e-01
1.536750914543484892e-01
1.536750914543485724e-01
1.536750914543486002e-01
1.536750914543486557e-01
1.575924581997452112e-01
1.575924581997452945e-01
1.575924581997454610e-01
1.575924581997457108e-01
1.591022348154865207e-01
1.591022348154866317e-01
1.591022348154867150e-01
1.591022348154867982e-01
1.591022348154868538e-01
1.591022348154869370e-01
1.591022348154869370e-01
1.591022348154869370e-01
1.592559046790591737e-01
1.592559046790593957e-01
1.592559046790595900e-01
1.592559046790596455e-01
1.592559046790597566e-01
1.592559046790598121e-01
1.592559046790598121e-01
1.592559046790598676e-01
1.598553840846816676e-01
1.598553840846818619e-01
1.598553840846818896e-01
1.598553840846821950e-01
1.598553840860548192e-01
1.598553840860550135e-01
1.598553840860550690e-01
1.598553840860553465e-01
1.650329647730673921e-01
1.650329647730677252e-01
1.650329647730677529e-01
1.650329647730677529e-01
1.650329647730677807e-01
1.650329647730678917e-01
1.650329647730679750e-01
1.650329647730684191e-01
1.709551530994785906e-01
1.709551530994792845e-01
1.709551530994793678e-01
1.709551530994794233e-01
1.709551530994794233e-01
1.709551530994795898e-01
1.709551530994795898e-01
1.709551530994796731e-01
1.713115494368364911e-01
1.713115494368365466e-01
1.713115494368366576e-01
1.713115494368367131e-01
1.713115494368367964e-01
1.713115494368368519e-01
1.713115494368369907e-01
1.713115494368370739e-01
1.727957780208662086e-01
1.727957780208664307e-01
1.727957780208666250e-01
1.727957780208666250e-01
1.734675615164043005e-01
1.734675615164044948e-01
1.734675615164046336e-01
1.734675615164047446e-01
1.734675615164047446e-01
1.734675615164048557e-01
1.734675615164049112e-01
1.734675615164056051e-01
1.806655954569103550e-01
1.806655954569104661e-01
1.806655954569106326e-01
1.806655954569106326e-01
1.814691448058470269e-01
1.814691448058470269e-01
1.814691448058471379e-01
1.814691448058472489e-01
1.814691448058474987e-01
1.814691448058475542e-01
1.814691448058476098e-01
1.814691448058478318e-01
1.847382609350210203e-01
1.847382609350212146e-01
1.847382609350213811e-01
1.847382609350215199e-01
1.847382609350216864e-01
1.847382609350217419e-01
1.847382609350217419e-01
1.847382609350224081e-01
1.868872458427810190e-01
1.868872458427811023e-01
1.891109498393189203e-01
1.891109498393190591e-01
1.891109498393192256e-01
1.891109498393197252e-01
1.911744163884736836e-01
1.911744163884737113e-01
1.911744163884737946e-01
1.911744163884738779e-01
1.911744163884740166e-01
1.911744163884741277e-01
1.911744163884741277e-01
1.911744163884741277e-01
1.912588829587237860e-01
1.912588829587241190e-01
1.912588829587242301e-01
1.912588829587244521e-01
1.936277759895162487e-01
1.936277759895163597e-01
1.936277759895163597e-01
1.936277759895164152e-01
1.936277759895164152e-01
1.936277759895164430e-01
1.936277759895164985e-01
1.936277759895168316e-01
1.955547491956575179e-01
1.955547491956576012e-01
1.955547491956578510e-01
1.955547491956581008e-01
1.975563042217279575e-01
1.975563042217280407e-01
1.975563042217284571e-01
1.975563042217287346e-01
1.996924493415126456e-01
1.996924493415128121e-01
1.996924493415129787e-01
1.996924493415129787e-01
1.996924493415130342e-01
1.996924493415132007e-01
1.996924493415132285e-01
1.996924493415138668e-01
1.999263863078487580e-01
1.999263863078490355e-01
1.999263863078491188e-01
1.999263863078492853e-01
2.005290451173252220e-01
2.005290451173254718e-01
2.005290451173255273e-01
2.005290451173255550e-01
2.005290451173257216e-01
2.005290451173257771e-01
2.005290451173259436e-01
2.005290451173259714e-01
2.009853246264180215e-01
2.009853246264181048e-01
2.009853246264181881e-01
2.009853246264182713e-01
2.009853246264183546e-01
2.009853246264189097e-01
2.009853246264189375e-01
2.009853246264189930e-01
2.054261216577719651e-01
2.054261216577720484e-01
2.054261216577722982e-01
2.054261216577724647e-01
2.073019438545103399e-01
2.073019438545108117e-01
2.073019438545111170e-01
2.073019438545112003e-01
2.073019438545112836e-01
2.073019438545112836e-01
2.073019438545113113e-01
2.073019438545115611e-01
2.075740547771766364e-01
2.075740547771766920e-01
2.075740547771768030e-01
2.075740547771773858e-01
2.100863919420005999e-01
2.100863919420006831e-01
2.100863919420010162e-01
2.100863919420010162e-01
2.100863919420012382e-01
2.100863919420013493e-01
2.100863919420013493e-01
2.100863919420014325e-01
2.121499707168610083e-01
2.121499707168610083e-01
2.121499707168611193e-01
2.121499707168612581e-01
2.121499707168612581e-01
2.121499707168614246e-01
2.121499707168617299e-01
2.121499707168621462e-01
2.144470129846693385e-01
2.144470129846700324e-01
2.144470129846701156e-01
2.144470129846701711e-01
2.147900324565835684e-01
2.147900324565836239e-01
2.147900324565838182e-01
2.147900324565838737e-01
2.147900324565840680e-01
2.147900324565841235e-01
2.147900324565842067e-01
2.147900324565844565e-01
2.179779329138688271e-01
2.179779329138692434e-01
2.179779329138692712e-01
2.179779329138693267e-01
2.179779329138694932e-01
2.179779329138694932e-01
2.179779329138695210e-01
2.179779329138695765e-01
2.206294414788929348e-01
2.206294414788931013e-01
2.206294414788933234e-01
2.206294414788938230e-01
2.206294414798304349e-01
2.206294414798306014e-01
2.206294414798311843e-01
2.206294414798316006e-01
2.206686633691671007e-01
2.206686633691672395e-01
2.206686633691673227e-01
2.206686633691677946e-01
2.253510986683359141e-01
2.253510986683361361e-01
2.253510986683361361e-01
2.253510986683362471e-01
2.253510986683365525e-01
2.253510986683368023e-01
2.253510986683371631e-01
2.253510986683373296e-01
2.289687333449854645e-01
2.289687333449854922e-01
2.289687333449856588e-01
2.289687333449856588e-01
2.289687333449856588e-01
2.289687333449858808e-01
2.289687333449859086e-01
2.289687333449860751e-01
2.336848281815473161e-01
2.336848281815473438e-01
2.336848281815474826e-01
2.336848281815478157e-01
2.358327613009522927e-01
2.358327613009522927e-01
2.358327613009525703e-01
2.358327613009526258e-01
2.365534256329564211e-01
2.365534256329565876e-01
2.365534256329566432e-01
2.365534256329566987e-01
2.365534256329567264e-01
2.365534256329568930e-01
2.365534256329570595e-01
2.365534256329570595e-01
2.374051574730539904e-01
2.374051574730541292e-01
2.374051574730542957e-01
2.374051574730545733e-01
2.381467236073032678e-01
2.381467236073035731e-01
2.381467236073036842e-01
2.381467236073038507e-01
2.381467236073038507e-01
2.381467236073039340e-01
2.381467236073040727e-01
2.381467236073042393e-01
2.412174809103828643e-01
2.412174809103828921e-01
2.412174809103829753e-01
2.412174809103830309e-01
2.412174809103831141e-01
2.412174809103832251e-01
2.412174809103833084e-01
2.412174809103836415e-01
2.437025787369960783e-01
2.437025787369963281e-01
2.437025787369966612e-01
2.437025787369967444e-01
2.442593602902122518e-01
2.442593602902124184e-01
2.442593602902126682e-01
2.442593602902126682e-01
2.442593602902127237e-01
2.442593602902128902e-01
2.442593602902129180e-01
2.442593602902130012e-01
2.445002646510150146e-01
2.445002646510154309e-01
2.445002646510155975e-01
2.445002646510158473e-01
2.475494471596008661e-01
2.475494471596009494e-01
2.475494471596013379e-01
2.475494471596013379e-01
2.475494471596017543e-01
2.475494471596019763e-01
2.475494471596022261e-01
2.475494471596023927e-01
2.481870876233545908e-01
2.481870876233547296e-01
2.481870876233548129e-01
2.481870876233548129e-01
2.481870876233549239e-01
2.481870876233550904e-01
2.481870876233553125e-01
2.481870876233556733e-01
2.500000000000001110e-01
2.500000000000001110e-01
2.500000000000003886e-01
2.500000000000006661e-01
2.500291476938387714e-01
2.500291476938387714e-01
2.500291476938388269e-01
2.500291476938389379e-01
2.500291476938390489e-01
2.500291476938393265e-01
2.500291476938396040e-01
2.500291476938396595e-01
2.506568844290172349e-01
2.506568844290174569e-01
2.506568844290174569e-01
2.506568844290175124e-01
2.506568844290175124e-01
2.506568844290176235e-01
2.506568844290177345e-01
2.506568844290180120e-01
2.521479331165910054e-01
2.521479331165916160e-01
2.521479331184665607e-01
2.521479331184668382e-01
2.521479331184668382e-01
2.521479331184670047e-01
2.521479331194045326e-01
2.521479331194045326e-01
2.521479331194046991e-01
2.521479331194047546e-01
2.547549603399090756e-01
2.547549603399091311e-01
2.547549603399091867e-01
2.547549603399092422e-01
2.547549603399092422e-01
2.547549603399092977e-01
2.547549603399094087e-01
2.547549603399102969e-01
2.559202459960986387e-01
2.559202459960989717e-01
2.559202459960991383e-01
2.559202459960991383e-01
2.559202459960992493e-01
2.559202459960992493e-01
2.559202459960994713e-01
2.559202459960996379e-01
2.560927816015208802e-01
2.560927816015211023e-01
2.560927816015213798e-01
2.560927816015214353e-01
2.560927816015214353e-01
2.560927816015215464e-01
2.560927816015216019e-01
2.560927816015217129e-01
2.562064652551228061e-01
2.562064652551233612e-01
2.562064652551233612e-01
2.562064652551237498e-01
2.562064652551238053e-01
2.562064652551238053e-01
2.562064652551240274e-01
2.562064652551240829e-01
2.564437993572756258e-01
2.564437993572760144e-01
2.564437993572761254e-01
2.564437993572762364e-01
2.564437993572762364e-01
2.564437993572765140e-01
2.564437993572767360e-01
2.564437993572769581e-01
2.566072121948070883e-01
2.566072121948074214e-01
2.566072121948074214e-01
2.566072121948075324e-01
2.566072121948075879e-01
2.566072121948076434e-01
2.566072121948077545e-01
2.566072121948082541e-01
2.577029227281930068e-01
2.577029227281930623e-01
2.577029227281930623e-01
2.577029227281934509e-01
2.577029227281935619e-01
2.577029227281937285e-01
2.577029227281937285e-01
2.577029227281938395e-01
2.578291178919314142e-01
2.578291178919315252e-01
2.578291178919315252e-01
2.578291178919321358e-01
2.578291178919321358e-01
2.578291178919322468e-01
2.578291178919323023e-01
2.578291178919324689e-01
2.581586301209123357e-01
2.581586301209125023e-01
2.581586301209125578e-01
2.581586301209129464e-01
2.581586301209130574e-01
2.581586301209132239e-01
2.581586301209132239e-01
2.581586301209133349e-01
2.599343315281065769e-01
2.599343315281071320e-01
2.599343315281075761e-01
2.599343315281075761e-01
2.599343315281076316e-01
2.599343315281077982e-01
2.599343315281079647e-01
2.599343315281087419e-01
2.607396655942095243e-01
2.607396655942095798e-01
2.607396655942095798e-01
2.607396655942103569e-01
2.670170882557018066e-01
2.670170882557023617e-01
2.670170882557024172e-01
2.670170882557025283e-01
2.670170882557025283e-01
2.670170882557026393e-01
2.670170882557030834e-01
2.670170882557031944e-01
2.681400578396687662e-01
2.681400578396687662e-01
2.681400578396689327e-01
2.681400578396690437e-01
2.681400578396692103e-01
2.681400578396694323e-01
2.681400578396695988e-01
2.681400578396700984e-01
2.684631049378573553e-01
2.684631049378578549e-01
2.684631049378580769e-01
2.684631049378584655e-01
2.690386418832840243e-01
2.690386418832844684e-01
2.690386418832846349e-01
2.690386418832847459e-01
2.690386418832847459e-01
2.690386418832848014e-01
2.690386418832850235e-01
2.690386418832850790e-01
2.702715289919863095e-01
2.702715289919866426e-01
2.702715289919866426e-01
2.702715289919866981e-01
2.702715289919867536e-01
2.702715289919868646e-01
2.702715289919870312e-01
2.702715289919876418e-01
2.754858009693189613e-01
2.754858009693195164e-01
2.754858009693195720e-01
2.754858009693195720e-01
2.754858009693196830e-01
2.754858009693197940e-01
2.754858009693200160e-01
2.754858009693201271e-01
2.827857846352316296e-01
2.827857846352320181e-01
2.827857846352321847e-01
2.827857846352322957e-01
2.827857846352324067e-01
2.827857846352325177e-01
2.827857846352326288e-01
2.827857846352326288e-01
2.836664247589785748e-01
2.836664247589786858e-01
2.836664247589789634e-01
2.836664247589790189e-01
2.836664247589791299e-01
2.836664247589791299e-01
2.836664247589792409e-01
2.836664247589795740e-01
2.847786766646633327e-01
2.847786766646634993e-01
2.847786766646636658e-01
2.847786766646638879e-01
2.847786766646641099e-01
2.847786766646641654e-01
2.847786766646642764e-01
2.847786766646646650e-01
2.859293506429775311e-01
2.859293506429778642e-01
2.859293506429781972e-01
2.859293506429784193e-01
2.859293506462264323e-01
2.859293506462264323e-01
2.859293506462266543e-01
2.859293506462270984e-01
2.872190666502228429e-01
2.872190666502230649e-01
2.872190666502232315e-01
2.872190666502236756e-01
2.872190666502236756e-01
2.872190666502238976e-01
2.872190666502240641e-01
2.872190666502242862e-01
2.890741429941813267e-01
2.890741429941814378e-01
2.890741429941818263e-01
2.890741429941818819e-01
2.890741429941820484e-01
2.890741429941821039e-01
2.890741429941821039e-01
2.890741429941822149e-01
2.904416639842741232e-01
2.904416639842741787e-01
2.904416639842745673e-01
2.904416639842746228e-01
2.904416639842746783e-01
2.904416639842747339e-01
2.904416639842747339e-01
2.904416639842747894e-01
2.967218114616332891e-01
2.967218114616334557e-01
2.967218114616338998e-01
2.967218114616343994e-01
2.982942076337353199e-01
2.982942076337357085e-01
2.982942076337357640e-01
2.982942076337362636e-01
2.990542237120168978e-01
2.990542237120172309e-01
2.990542237120178970e-01
2.990542237120179525e-01
2.990542237120180635e-01
2.990542237120181190e-01
2.990542237120182856e-01
2.990542237120183966e-01
3.032707696474052916e-01
3.032707696474054027e-01
3.032707696474057357e-01
3.032707696474058467e-01
3.032707696474058467e-01
3.032707696474059578e-01
3.032707696474060688e-01
3.032707696474061798e-01
3.067395620170811910e-01
3.067395620170820236e-01
3.067395620170820236e-01
3.067395620170826342e-01
3.079557047284061100e-01
3.079557047284067761e-01
3.079557047284068316e-01
3.079557047284069982e-01
3.079557047284073867e-01
3.079557047284074422e-01
3.079557047284074978e-01
3.079557047284076088e-01
3.081139395309708817e-01
3.081139395309716034e-01
3.081139395309717144e-01
3.081139395309719364e-01
3.081139395309721030e-01
3.081139395309722140e-01
3.081139395309722695e-01
3.081139395309724360e-01
3.122322205412433327e-01
3.122322205412435547e-01
3.122322205412436102e-01
3.122322205412438323e-01
3.122322205412439433e-01
3.122322205412441098e-01
3.122322205412444429e-01
3.122322205412445539e-01
3.125779334102827267e-01
3.125779334102833373e-01
3.125779334102833373e-01
3.125779334102835594e-01
3.125779334102835594e-01
3.125779334102835594e-01
3.125779334102835594e-01
3.125779334102840590e-01
3.129612124029524378e-01
3.129612124029525488e-01
3.129612124029526599e-01
3.129612124029527709e-01
3.130369832800853347e-01
3.130369832800864449e-01
3.130369832800866114e-01
3.130369832800873331e-01
3.151849163994899228e-01
3.151849163994902003e-01
3.151849163994906444e-01
3.151849163994909220e-01
3.151849163994911995e-01
3.151849163994912550e-01
3.151849163994914771e-01
3.151849163994923098e-01
3.174086203904014081e-01
3.174086203904025738e-01
3.192274423283132379e-01
3.192274423283134044e-01
3.192274423283135154e-01
3.192274423283135709e-01
3.192274423283139595e-01
3.192274423283140705e-01
3.192274423283141260e-01
3.192274423283143481e-01
3.212187151946418462e-01
3.212187151946423458e-01
3.212187151946426789e-01
3.212187151946427899e-01
3.212187151946432895e-01
3.212187151946435115e-01
3.212187151946436225e-01
3.212187151946436225e-01
3.260003528680202600e-01
3.260003528680202600e-01
3.260003528680205931e-01
3.260003528680207596e-01
3.269668993708035321e-01
3.269668993708036431e-01
3.269668993708043092e-01
3.269668993708044202e-01
3.269668993708046978e-01
3.269668993708046978e-01
3.269668993708049198e-01
3.269668993708050309e-01
3.292763842223426773e-01
3.292763842223427884e-01
3.292763842223431214e-01
3.292763842223433990e-01
3.355332661399810235e-01
3.355332661399814120e-01
3.355332661399817451e-01
3.355332661399819116e-01
3.355332661399819671e-01
3.355332661399824667e-01
3.355332661399824667e-01
3.355332661399829108e-01
3.364133094613133701e-01
3.364133094613135921e-01
3.364133094613138697e-01
3.364133094613139807e-01
3.364133094613142583e-01
3.364133094613145913e-01
3.364133094613148689e-01
3.364133094613149799e-01
3.389627515216427356e-01
3.389627515216433462e-01
3.389627515216434572e-01
3.389627515216435683e-01
3.389627515216436238e-01
3.389627515216436793e-01
3.389627515216437903e-01
3.389627515216438458e-01
3.396692993477656297e-01
3.396692993477657407e-01
3.396692993477659073e-01
3.396692993477659073e-01
3.396692993477659628e-01
3.396692993477659628e-01
3.396692993477662403e-01
3.396692993477662403e-01
3.415332875201008145e-01
3.415332875201009810e-01
3.415332875201012031e-01
3.415332875201015361e-01
3.415332875201015361e-01
3.415332875201020912e-01
3.415332875201024243e-01
3.415332875201025908e-01
3.455915560417330834e-01
3.455915560417330834e-01
3.455915560417331389e-01
3.455915560417332499e-01
3.455915560417332499e-01
3.455915560417332499e-01
3.455915560417337495e-01
3.455915560417341936e-01
3.511900379167876562e-01
3.511900379167878228e-01
3.511900379167878783e-01
3.511900379167883779e-01
3.548301384494338961e-01
3.548301384494340072e-01
3.548301384494347288e-01
3.548301384494348953e-01
3.548301384494350619e-01
3.548301384494352284e-01
3.548301384494355615e-01
3.548301384494359501e-01
3.591832577944155114e-01
3.591832577944160110e-01
3.591832577944162330e-01
3.591832577944162330e-01
3.613143488747191379e-01
3.613143488747197485e-01
3.613143488747197485e-01
3.613143488747200816e-01
3.613143488747200816e-01
3.613143488747202481e-01
3.613143488747203036e-01
3.613143488747207477e-01
3.647226081009229404e-01
3.647226081009236620e-01
3.647226081009236620e-01
3.647226081009238841e-01
3.647226081009240506e-01
3.647226081009241616e-01
3.647226081009246057e-01
3.647226081009247167e-01
3.652209071125972484e-01
3.652209071125974149e-01
3.652209071125976370e-01
3.652209071125976370e-01
3.652209071125976370e-01
3.652209071125977480e-01
3.652209071125978590e-01
3.652209071125984696e-01
3.668634455385012538e-01
3.668634455385018089e-01
3.668634455385021975e-01
3.668634455385023085e-01
3.668634455385024196e-01
3.668634455385024751e-01
3.668634455385025306e-01
3.668634455385027526e-01
3.673398763441404480e-01
3.673398763441407255e-01
3.673398763441407811e-01
3.673398763441413917e-01
3.673398763441415027e-01
3.673398763441415027e-01
3.673398763441415582e-01
3.673398763441420023e-01
3.676452655221875143e-01
3.676452655221876253e-01
3.676452655221879584e-01
3.676452655221881805e-01
3.676452655221884580e-01
3.676452655221886801e-01
3.676452655221886801e-01
3.676452655221886801e-01
3.692181069646228164e-01
3.692181069646235936e-01
3.692181069646237046e-01
3.692181069646237601e-01
3.692181069646242597e-01
3.692181069646242597e-01
3.692181069646243152e-01
3.692181069646246483e-01
3.721562337573096069e-01
3.721562337573097179e-01
3.721562337573099399e-01
3.721562337573100510e-01
3.721562337573102175e-01
3.721562337573107171e-01
3.721562337573107726e-01
3.721562337573111057e-01
3.722806314350314283e-01
3.722806314350318724e-01
3.722806314350319834e-01
3.722806314350322054e-01
3.722806314350323720e-01
3.722806314350324830e-01
3.722806314350325940e-01
3.722806314350327050e-01
3.731416341214888743e-01
3.731416341214893739e-01
3.731416341214895960e-01
3.731416341214895960e-01
3.731416341214896515e-01
3.731416341214897070e-01
3.731416341214901511e-01
3.731416341214905397e-01
3.782218996748862305e-01
3.782218996748868967e-01
3.782218996767620078e-01
3.782218996767620078e-01
3.782218996767621744e-01
3.782218996767629515e-01
3.782218996776997022e-01
3.782218996776998687e-01
3.782218996777007569e-01
3.782218996777012010e-01
3.782218996786373411e-01
3.782218996786374521e-01
3.782218996786375076e-01
3.782218996786376741e-01
3.782218996786378407e-01
3.782218996786379517e-01
3.782218996786381737e-01
3.782218996786382847e-01
3.782218996786383403e-01
3.782218996786385068e-01
3.782218996786389509e-01
3.782218996786390064e-01
3.822984062808003070e-01
3.822984062808005845e-01
3.822984062808009176e-01
3.822984062808010286e-01
3.822984062808010841e-01
3.822984062808011951e-01
3.822984062808014172e-01
3.822984062808022498e-01
3.825825235524376033e-01
3.825825235524378809e-01
3.825825235524380474e-01
3.825825235524380474e-01
3.825825235524389356e-01
3.825825235524391021e-01
3.825825235524394352e-01
3.825825235524395462e-01
3.846656990359141881e-01
3.846656990359145212e-01
3.846656990359145212e-01
3.846656990359156314e-01
3.861786511858157911e-01
3.861786511858162352e-01
3.861786511858167903e-01
3.861786511858170678e-01
3.861786511858172344e-01
3.861786511858174009e-01
3.861786511858174564e-01
3.861786511858175674e-01
3.868136321543810818e-01
3.868136321543820810e-01
3.868136321543820810e-01
3.868136321543821921e-01
3.923627957366105368e-01
3.923627957366112029e-01
3.923627957366116470e-01
3.923627957366117025e-01
3.923627957366119801e-01
3.923627957366120356e-01
3.923627957366123131e-01
3.923627957366123131e-01
3.951506670090273454e-01
3.951506670090273454e-01
3.951506670090276785e-01
3.951506670090280116e-01
3.951506670090286777e-01
3.951506670090287887e-01
3.951506670090288442e-01
3.951506670090291218e-01
4.035579628249265638e-01
4.035579628249276185e-01
4.035579628249277295e-01
4.035579628249283957e-01
4.045607133061696059e-01
4.045607133061702720e-01
4.045607133061703831e-01
4.045607133061703831e-01
4.045607133061705496e-01
4.045607133061706051e-01
4.045607133061706051e-01
4.045607133061720484e-01
4.048851267253987252e-01
4.048851267253990582e-01
4.048851267253991137e-01
4.048851267253993913e-01
4.048851267253994468e-01
4.048851267253997244e-01
4.048851267253997244e-01
4.048851267254004460e-01
4.067523602817001427e-01
4.067523602817002537e-01
4.067523602817003092e-01
4.067523602817003092e-01
4.067523602817004758e-01
4.067523602817005868e-01
4.067523602817018635e-01
4.067523602817020301e-01
4.108522433155432640e-01
4.108522433155436526e-01
4.108522433155436526e-01
4.108522433155441522e-01
4.108522433155441522e-01
4.108522433155443188e-01
4.108522433155443188e-01
4.108522433155444298e-01
4.120033172012730338e-01
4.120033172012733669e-01
4.120033172012737555e-01
4.120033172012745326e-01
4.120033172063977678e-01
4.120033172063986004e-01
4.120033172063986004e-01
4.120033172063991000e-01
4.157190947458631602e-01
4.157190947458633268e-01
4.157190947458638264e-01
4.157190947458638819e-01
4.157190947458639929e-01
4.157190947458643260e-01
4.157190947458644925e-01
4.157190947458648256e-01
4.159228198105601737e-01
4.159228198105601737e-01
4.159228198105606733e-01
4.159228198105611174e-01
4.225044438738764785e-01
4.225044438738764785e-01
4.225044438738765895e-01
4.225044438738767560e-01
4.225044438738768116e-01
4.225044438738772556e-01
4.225044438738773112e-01
4.225044438738777552e-01
4.232343152399865582e-01
4.232343152399871689e-01
4.232343152399875019e-01
4.232343152399875019e-01
4.232343152399877240e-01
4.232343152399878905e-01
4.232343152399878905e-01
4.232343152399883901e-01
4.271674151330578373e-01
4.271674151330586144e-01
4.271674151330600577e-01
4.271674151330601132e-01
4.283041022693375166e-01
4.283041022693378497e-01
4.283041022693379052e-01
4.283041022693380162e-01
4.283041022693382383e-01
4.283041022693385713e-01
4.283041022693386823e-01
4.283041022693392930e-01
4.292385856416154888e-01
4.292385856416161549e-01
4.292385856416163215e-01
4.292385856416165435e-01
4.292385856416165435e-01
4.292385856416173207e-01
4.292385856416179868e-01
4.292385856416185974e-01
4.304434464855056430e-01
4.304434464855063092e-01
4.317362341201783638e-01
4.317362341201788634e-01
4.317362341201791964e-01
4.317362341201793074e-01
4.317362341201799736e-01
4.317362341201801401e-01
4.317362341201806952e-01
4.317362341201821940e-01
4.336112144912727673e-01
4.336112144912728783e-01
4.336112144912730448e-01
4.336112144912732669e-01
4.345632590740879930e-01
4.345632590740889922e-01
4.345632590740892698e-01
4.345632590740894363e-01
4.345632590740896029e-01
4.345632590740898804e-01
4.345632590740898804e-01
4.345632590740909351e-01
4.390351789631229407e-01
4.390351789631247725e-01
4.390351789631250501e-01
4.390351789631253832e-01
4.412588829577857030e-01
4.412588829577858696e-01
4.412588829577862026e-01
4.412588829577862026e-01
4.412588829577862581e-01
4.412588829577873129e-01
4.412588829577876459e-01
4.412588829577877014e-01
4.414147015833302934e-01
4.414147015833304044e-01
4.414147015833307375e-01
4.414147015833307930e-01
4.414147015833314036e-01
4.414147015833315701e-01
4.414147015833315701e-01
4.414147015833321808e-01
4.434825869505731322e-01
4.434825869505735763e-01
4.434825869505737983e-01
4.434825869505756857e-01
4.474836971446956579e-01
4.474836971446962131e-01
4.474836971446963241e-01
4.474836971446969902e-01
4.474836971446972678e-01
4.474836971446972678e-01
4.474836971446976008e-01
4.474836971446988221e-01
4.481879342636663766e-01
4.481879342636665431e-01
4.481879342636667096e-01
4.481879342636668206e-01
4.481879342636674868e-01
4.481879342636678754e-01
4.481879342636678754e-01
4.481879342636689856e-01
4.492390956066511509e-01
4.492390956066520391e-01
4.492390956066520946e-01
4.492390956066523722e-01
4.492390956066524277e-01
4.492390956066525387e-01
4.492390956066530383e-01
4.492390956066532604e-01
4.520743194281915400e-01
4.520743194281915955e-01
4.520743194281926502e-01
4.520743194281932054e-01
4.543052338281574065e-01
4.543052338281576841e-01
4.543052338281579061e-01
4.543052338281580171e-01
4.543052338281580727e-01
4.543052338281581837e-01
4.543052338281585167e-01
4.543052338281591829e-01
4.601107213376684490e-01
4.601107213376686156e-01
4.601107213376691152e-01
4.601107213376691707e-01
4.601107213376692817e-01
4.601107213376693372e-01
4.601107213376697813e-01
4.601107213376701144e-01
4.631234103964539939e-01
4.631234103964544935e-01
4.631234103964546045e-01
4.631234103964546600e-01
4.631234103964549376e-01
4.631234103964549376e-01
4.631234103964552151e-01
4.631234103964557702e-01
4.642248640118903369e-01
4.642248640118906700e-01
4.642248640118922243e-01
4.642248640118931124e-01
4.646461862973249035e-01
4.646461862973251256e-01
4.646461862973261248e-01
4.646461862973271240e-01
4.661669326667602919e-01
4.661669326667609581e-01
4.661669326667611801e-01
4.661669326667612911e-01
4.661669326667613467e-01
4.661669326667615132e-01
4.661669326667621793e-01
4.661669326667630120e-01
4.673696563630938550e-01
4.673696563630948542e-01
4.673696563630952983e-01
4.673696563630954648e-01
4.673696563630956868e-01
4.673696563630958534e-01
4.673696563630961309e-01
4.673696563630961864e-01
4.705144487072988602e-01
4.705144487072993043e-01
4.726421479390617297e-01
4.726421479390619518e-01
4.726421479390621183e-01
4.726421479390624514e-01
4.726421479390627844e-01
4.726421479390632285e-01
4.726421479390635616e-01
4.726421479390639502e-01
4.727773745964222174e-01
4.727773745964222174e-01
4.727773745964227725e-01
4.727773745964230501e-01
4.727773745992356336e-01
4.727773745992360221e-01
4.727773745992368548e-01
4.727773745992370213e-01
4.745466042542385021e-01
4.745466042542388907e-01
4.745466042542390017e-01
4.745466042542390017e-01
4.745466042542390572e-01
4.745466042542391683e-01
4.745466042542392793e-01
4.745466042542405005e-01
4.773838615560347942e-01
4.773838615560350163e-01
4.773838615560356824e-01
4.773838615560360710e-01
4.773838615560366261e-01
4.773838615560370702e-01
4.773838615560375698e-01
4.773838615560375698e-01
4.779431452070981301e-01
4.779431452070983521e-01
4.779431452070986852e-01
4.779431452070989628e-01
4.779431452070992958e-01
4.779431452070996289e-01
4.779431452070997954e-01
4.779431452071000175e-01
4.785306442436773611e-01
4.785306442436777496e-01
4.785306442436777496e-01
4.785306442436786378e-01
4.791061811881656141e-01
4.791061811881668908e-01
4.791061811881670573e-01
4.791061811881677235e-01
4.797473569883353162e-01
4.797473569883357603e-01
4.797473569883363154e-01
4.797473569883364264e-01
4.797473569883365929e-01
4.797473569883375921e-01
4.797473569883377587e-01
4.797473569883380362e-01
4.823732014827209480e-01
4.823732014827210035e-01
4.823732014827213366e-01
4.823732014827216696e-01
4.823732014827221137e-01
4.823732014827226133e-01
4.823732014827230574e-01
4.823732014827237236e-01
4.874051574739913795e-01
4.874051574739915460e-01
4.874051574739921011e-01
4.874051574739921566e-01
4.874051574739921566e-01
4.874051574739924342e-01
4.874051574739926007e-01
4.874051574739931003e-01
4.874113985870481836e-01
4.874113985870490717e-01
4.874113985870490717e-01
4.874113985870493493e-01
4.874113985870493493e-01
4.874113985870494048e-01
4.874113985870501820e-01
4.874113985870501820e-01
4.921046863151081752e-01
4.921046863151093409e-01
4.921046863151094519e-01
4.921046863151100070e-01
4.921046863151100070e-01
4.921046863151100070e-01
4.921046863151101181e-01
4.921046863151101736e-01
4.952799856802282408e-01
4.952799856802289069e-01
4.952799856802289624e-01
4.952799856802290734e-01
4.952799856802292400e-01
4.952799856802292400e-01
4.952799856802292955e-01
4.952799856802299616e-01
4.957041337593139918e-01
4.957041337593169339e-01
4.993391754788605308e-01
4.993391754788605863e-01
4.993391754788605863e-01
4.993391754788606973e-01
4.993391754788609194e-01
4.993391754788611969e-01
4.993391754788613079e-01
4.993391754788616410e-01
4.999999999999980571e-01
4.999999999999992228e-01
4.999999999999998335e-01
5.000000000000007772e-01
5.000000000000008882e-01
5.000000000000011102e-01
5.000000000000015543e-01
5.000000000000018874e-01
5.020329403478097641e-01
5.020329403478104302e-01
5.020329403478107633e-01
5.020329403478115404e-01
5.020329403538735802e-01
5.020329403538736912e-01
5.020329403538740243e-01
5.020329403538745794e-01
5.042958662336849418e-01
5.042958662336853859e-01
5.042958662336854969e-01
5.042958662336854969e-01
5.042958662350578436e-01
5.042958662350579546e-01
5.042958662350582877e-01
5.042958662350588428e-01
5.042958662369336764e-01
5.042958662369336764e-01
5.042958662369337874e-01
5.042958662369346756e-01
5.042958662388092872e-01
5.042958662388093982e-01
5.042958662388100644e-01
5.042958662388100644e-01
5.042958662401829661e-01
5.042958662401831882e-01
5.042958662401832992e-01
5.042958662401832992e-01
5.098878174686802822e-01
5.098878174686815035e-01
5.098878174686819476e-01
5.098878174686821696e-01
5.098878174686821696e-01
5.098878174686825027e-01
5.098878174686826137e-01
5.098878174686827247e-01
5.119435347043856943e-01
5.119435347043862494e-01
5.119435347043864715e-01
5.119435347043869156e-01
5.128875987145531390e-01
5.128875987145531390e-01
5.178256759787828178e-01
5.178256759787831509e-01
5.178256759787832619e-01
5.178256759787838170e-01
5.178256759787838170e-01
5.178256759787839281e-01
5.178256759787841501e-01
5.178256759787849273e-01
5.183873340625992920e-01
5.183873340626004023e-01
5.183873340626009574e-01
5.183873340626017345e-01
5.255352364580067048e-01
5.255352364580073710e-01
5.255352364580080371e-01
5.255352364580094804e-01
5.294855512857025159e-01
5.294855512857026270e-01
5.294855512857027380e-01
5.294855512857031821e-01
5.335488346259745773e-01
5.335488346259760206e-01
5.335488346259761316e-01
5.335488346259765757e-01
5.335488346259766868e-01
5.335488346259769088e-01
5.335488346259776860e-01
5.335488346259784631e-01
5.352882533277489863e-01
5.352882533277495414e-01
5.352882533277499855e-01
5.352882533277500965e-01
5.352882533277505406e-01
5.352882533277508736e-01
5.352882533277508736e-01
5.352882533277516508e-01
5.380772837665697139e-01
5.380772837665714903e-01
5.394196944043584407e-01
5.394196944043596620e-01
5.394196944043603281e-01
5.394196944043604391e-01
5.419967863707315647e-01
5.419967863707318978e-01
5.419967863707318978e-01
5.419967863707330080e-01
5.423710433668360587e-01
5.423710433668360587e-01
5.423710433668362807e-01
5.423710433668362807e-01
5.423710433668368358e-01
5.423710433668369468e-01
5.423710433668372799e-01
5.423710433668378350e-01
5.426011200567322224e-01
5.426011200567323334e-01
5.426011200567323334e-01
5.426011200567328885e-01
5.426011200567331105e-01
5.426011200567338877e-01
5.426011200567341097e-01
5.426011200567347759e-01
5.443668684619754616e-01
5.443668684619764608e-01
5.443668684619770159e-01
5.443668684619796805e-01
5.477587010279900692e-01
5.477587010279907354e-01
5.477587010279910684e-01
5.477587010279916235e-01
5.477587010279919566e-01
5.477587010279922897e-01
5.477587010279932889e-01
5.477587010279932889e-01
5.551188877359705121e-01
5.551188877359707341e-01
5.551188877359708451e-01
5.551188877359708451e-01
5.551188877359711782e-01
5.551188877359712892e-01
5.551188877359723994e-01
5.551188877359723994e-01
5.565174130456755908e-01
5.565174130456775892e-01
5.565174130456775892e-01
5.565174130456786994e-01
5.584525533327370228e-01
5.584525533327371338e-01
5.584525533327375779e-01
5.584525533327381330e-01
5.584525533327383551e-01
5.584525533327385771e-01
5.584525533327386881e-01
5.584525533327387992e-01
5.608890501597445510e-01
5.608890501597447731e-01
5.608890501597451061e-01
5.608890501597454392e-01
5.651091455232958305e-01
5.651091455232959415e-01
5.651091455232967187e-01
5.651091455232974958e-01
5.673328495179585929e-01
5.673328495179590369e-01
5.673328495179592590e-01
5.673328495179595921e-01
5.695565535107448563e-01
5.695565535107449673e-01
5.695565535107450783e-01
5.695565535107456334e-01
5.720598678226437306e-01
5.720598678226439526e-01
5.720598678226443967e-01
5.720598678226446188e-01
5.720598678226446188e-01
5.720598678226451739e-01
5.720598678226456180e-01
5.720598678226457290e-01
5.781482859883630976e-01
5.781482859883653180e-01
5.838078560036983333e-01
5.838078560036983333e-01
5.838078560036983333e-01
5.838078560036988884e-01
5.838078560036991105e-01
5.838078560036999987e-01
5.838078560037008868e-01
5.838078560037011089e-01
5.868655111668618085e-01
5.868655111668622526e-01
5.868655111668623636e-01
5.868655111668623636e-01
5.868655111668625857e-01
5.868655111668628077e-01
5.868655111668636959e-01
5.868655111668638069e-01
5.881430608911244473e-01
5.881430608911258906e-01
5.881430608911262237e-01
5.881430608911270008e-01
5.939123824525551765e-01
5.939123824525557316e-01
5.939123824525561757e-01
5.939123824525561757e-01
5.939123824525561757e-01
5.939123824525561757e-01
5.939123824525563977e-01
5.939123824525568418e-01
5.951889060110506779e-01
5.951889060110510110e-01
5.951889060110517882e-01
5.951889060110518992e-01
5.951889060110521212e-01
5.951889060110522323e-01
5.951889060110527874e-01
5.951889060110542307e-01
5.962522133857158790e-01
5.962522133857173223e-01
5.962522133857186546e-01
5.962522133857189877e-01
5.962522133857192097e-01
5.962522133857194317e-01
5.962522133857195428e-01
5.962522133857199869e-01
5.965884152674708618e-01
5.965884152674711949e-01
5.965884152674713059e-01
5.965884152674716390e-01
5.965884152725950962e-01
5.965884152725957623e-01
5.965884152725963174e-01
5.965884152725968725e-01
5.983727203680927476e-01
5.983727203680944129e-01
5.983727203680945239e-01
5.983727203680947460e-01
5.983727203680948570e-01
5.983727203680953011e-01
5.983727203680957452e-01
5.983727203680960782e-01
6.018725005082978807e-01
6.018725005082988799e-01
6.018725005082995461e-01
6.018725005082996571e-01
6.018725005082997681e-01
6.018725005083003232e-01
6.018725005083004342e-01
6.018725005083014334e-01
6.150354696169720858e-01
6.150354696169729740e-01
6.150354696169734181e-01
6.150354696169740842e-01
6.150354696169743063e-01
6.150354696169744173e-01
6.150354696169746394e-01
6.150354696169775259e-01
6.162783649733142299e-01
6.162783649733158953e-01
6.162783649733164504e-01
6.162783649733170055e-01
6.217781003194866596e-01
6.217781003194867706e-01
6.217781003194873257e-01
6.217781003194888800e-01
6.249841856235709425e-01
6.249841856235710535e-01
6.249841856235717197e-01
6.249841856235720527e-01
6.249841856235723858e-01
6.249841856235726079e-01
6.249841856235737181e-01
6.249841856235742732e-01
6.303698327952302893e-01
6.303698327952305114e-01
6.303698327952305114e-01
6.303698327952305114e-01
6.303698327971056781e-01
6.303698327971060111e-01
6.303698327971065662e-01
6.303698327971068993e-01
6.303698327989813999e-01
6.303698327989821770e-01
6.414935733736293333e-01
6.414935733736294443e-01
6.414935733736294443e-01
6.414935733736298884e-01
6.414935733736302215e-01
6.414935733736302215e-01
6.414935733736308876e-01
6.414935733736309986e-01
6.448826229072661675e-01
6.448826229072680549e-01
6.448826229072693872e-01
6.448826229072694982e-01
6.465208269499328475e-01
6.465208269499352900e-01
6.465208269499367333e-01
6.465208269499369553e-01
6.465208269499369553e-01
6.465208269499371774e-01
6.465208269499375104e-01
6.465208269499377325e-01
6.542919608890030991e-01
6.542919608890035432e-01
6.542919608890042094e-01
6.542919608890043204e-01
6.542919608890054306e-01
6.542919608890058747e-01
6.542919608890059857e-01
6.542919608890059857e-01
6.543488553329910307e-01
6.543488553329914748e-01
6.543488553329926960e-01
6.543488553329930291e-01
6.543488553329932511e-01
6.543488553329934732e-01
6.543488553329936952e-01
6.543488553329943613e-01
6.574016945570769765e-01
6.574016945570818615e-01
6.574016945570821946e-01
6.574016945570831938e-01
6.618883244366793317e-01
6.618883244366801089e-01
6.618883244366806640e-01
6.618883244366823293e-01
6.727388002872525252e-01
6.727388002872537465e-01
6.727388002872537465e-01
6.727388002872539685e-01
6.727388002872541906e-01
6.727388002872546346e-01
6.727388002872566330e-01
6.727388002872568551e-01
6.757821618758236282e-01
6.757821618758250715e-01
6.757821618758255156e-01
6.757821618758258486e-01
6.757821618758281801e-01
6.757821618758290683e-01
6.757821618758290683e-01
6.757821618758298454e-01
6.803761896616794536e-01
6.803761896616796756e-01
6.803761896616797866e-01
6.803761896616804528e-01
6.803761896616806748e-01
6.803761896616822291e-01
6.803761896616838944e-01
6.803761896616846716e-01
6.825913796058442617e-01
6.825913796058463712e-01
6.825913796058468153e-01
6.825913796058500349e-01
6.834972398889895828e-01
6.834972398889924694e-01
6.834972398889931355e-01
6.834972398889932466e-01
6.834972398889946898e-01
6.834972398889953560e-01
6.834972398889956890e-01
6.834972398889960221e-01
6.911831120834664999e-01
6.911831120834716069e-01
6.956305200709136383e-01
6.956305200709151926e-01
6.956305200709153036e-01
6.956305200709193004e-01
7.010544845446429196e-01
7.010544845446434747e-01
7.010544845446440299e-01
7.010544845446448070e-01
7.057716730679475248e-01
7.057716730679478578e-01
7.057716730679484129e-01
7.057716730679511885e-01
7.067538328019271621e-01
7.067538328019279392e-01
7.067538328019288274e-01
7.067538328019292715e-01
7.067538328019327132e-01
7.067538328019327132e-01
7.067538328019330462e-01
7.067538328019334903e-01
7.102293656417174583e-01
7.102293656417176804e-01
7.102293656417179024e-01
7.102293656417182355e-01
7.102293656417186796e-01
7.102293656417203449e-01
7.102293656417205669e-01
7.102293656417206780e-01
7.107183876121107025e-01
7.107183876121121457e-01
7.107183876121144772e-01
7.107183876121154764e-01
7.107183876121163646e-01
7.107183876121180299e-01
7.107183876121188071e-01
7.107183876121199173e-01
7.226623818276394218e-01
7.226623818276406430e-01
7.226623818276410871e-01
7.226623818276459721e-01
7.226623818308878233e-01
7.226623818308927083e-01
7.226623818308929303e-01
7.226623818308953728e-01
7.290027399687126763e-01
7.290027399687137866e-01
7.290027399687147858e-01
7.290027399687152299e-01
7.290027399687152299e-01
7.290027399687166731e-01
7.290027399687178944e-01
7.290027399687192267e-01
7.311077362109869027e-01
7.311077362109871247e-01
7.311077362109889011e-01
7.311077362109927869e-01
7.365493333219963468e-01
7.365493333220008987e-01
7.365493333220011207e-01
7.365493333220014538e-01
7.365493333220018979e-01
7.365493333220018979e-01
7.365493333220035632e-01
7.365493333220073380e-01
7.478520668796549975e-01
7.478520668796564408e-01
7.478520668796566628e-01
7.478520668796587723e-01
7.499999999999993339e-01
7.499999999999995559e-01
7.499999999999997780e-01
7.500000000000016653e-01
7.564437993553994044e-01
7.564437993554019579e-01
7.564437993554019579e-01
7.564437993554046225e-01
7.564437993572759034e-01
7.564437993572787899e-01
7.591563477539529092e-01
7.591563477539532423e-01
7.591563477539536864e-01
7.591563477539546856e-01
7.591563477539555738e-01
7.591563477539566840e-01
7.591563477539570171e-01
7.591563477539594595e-01
7.666607232286256624e-01
7.666607232286266616e-01
7.666607232286274387e-01
7.666607232286276608e-01
7.879230691047005575e-01
7.879230691047013346e-01
7.879230691047030000e-01
7.879230691047038881e-01
7.931897767670075261e-01
7.931897767670079702e-01
7.931897767670081922e-01
7.931897767670081922e-01
7.931897767670089694e-01
7.931897767670098576e-01
7.931897767670100796e-01
7.931897767670107458e-01
7.963412304251961116e-01
7.963412304252009966e-01
7.963412304252016627e-01
7.963412304252016627e-01
7.963412304252047713e-01
7.963412304252062146e-01
7.963412304252068807e-01
7.963412304252068807e-01
8.086653461660165965e-01
8.086653461660167075e-01
8.086653461660199271e-01
8.086653461660231468e-01
8.197233556973982926e-01
8.197233556973989588e-01
8.197233556973995139e-01
8.197233556973998470e-01
8.197233556973998470e-01
8.197233556973999580e-01
8.197233556974009572e-01
8.197233556974016233e-01
8.217044866310855289e-01
8.217044866310881934e-01
8.234002852447744880e-01
8.234002852447745990e-01
8.234002852447753762e-01
8.234002852447763754e-01
8.418370416950544666e-01
8.418370416950547996e-01
8.418370416950550217e-01
8.418370416950557988e-01
8.418370416950577972e-01
8.418370416950584634e-01
8.418370416950587964e-01
8.418370416950591295e-01
8.487363483878146431e-01
8.487363483878151982e-01
8.487363483878151982e-01
8.487363483878158643e-01
8.487363483891827709e-01
8.487363483891848803e-01
8.487363483891854354e-01
8.487363483891887661e-01
8.721236517315352765e-01
8.721236517315381631e-01
8.721236517315384962e-01
8.721236517315388292e-01
8.739260334398261110e-01
8.739260334398271102e-01
8.739260334398281094e-01
8.739260334398299968e-01
8.791701638997937440e-01
8.791701638997948542e-01
8.791701638997962975e-01
8.791701638997964086e-01
8.791701638997967416e-01
8.791701638997977408e-01
8.791701638997982959e-01
8.791701638997982959e-01
8.825177659155742926e-01
8.825177659155746257e-01
9.009578951998054031e-01
9.009578951998066243e-01
9.009578951998092888e-01
9.009578951998109542e-01
9.026406147339182118e-01
9.026406147339182118e-01
9.026406147339196551e-01
9.026406147339196551e-01
9.026406147339203212e-01
9.026406147339209873e-01
9.026406147339223196e-01
9.026406147339253172e-01
9.095104057820239118e-01
9.095104057820244670e-01
9.095104057820282417e-01
9.095104057820327936e-01
9.330127018922181881e-01
9.330127018922200755e-01
9.330127018922225179e-01
9.330127018922250715e-01
9.347393127261900414e-01
9.347393127261945933e-01
9.410288974215953450e-01
9.410288974215964553e-01
9.410288974215967883e-01
9.410288974216002300e-01
9.662185824736123640e-01
9.662185824736200246e-01
9.662185824736205797e-01
9.662185824736229112e-01
9.748103149479834251e-01
9.748103149479853125e-01
9.999999999999994449e-01
1.000000000000000000e+00
