# SF-29 N2 candidate (i) i0 field=gauss eps=0.25 N=12: sorted relative singular values of the dense central-FD Jacobian at the oracle state (rows F_i=-q(L_i-S_i); smax=2.042746e+03)
2.236584e-05
3.246672e-05
4.643594e-05
5.722480e-05
6.442514e-05
7.333933e-05
1.051549e-04
1.167246e-04
1.252612e-04
1.505283e-04
1.558076e-04
1.670156e-04
1.718444e-04
1.971862e-04
2.116388e-04
2.192093e-04
2.209390e-04
2.412868e-04
2.494595e-04
2.576959e-04
2.810537e-04
2.938537e-04
3.073755e-04
3.145038e-04
3.353940e-04
3.527922e-04
3.674886e-04
4.441551e-04
4.512889e-04
4.845677e-04
5.089965e-04
5.318943e-04
5.354718e-04
5.701387e-04
5.967364e-04
6.162928e-04
6.932369e-04
7.238379e-04
7.317760e-04
7.739884e-04
8.121107e-04
8.364137e-04
8.710898e-04
9.106541e-04
9.809906e-04
1.009391e-03
1.049753e-03
1.064349e-03
1.142024e-03
1.157573e-03
1.218161e-03
1.243610e-03
1.291495e-03
1.334328e-03
1.429667e-03
1.465122e-03
1.528363e-03
1.572138e-03
1.594960e-03
1.654047e-03
1.693811e-03
1.700019e-03
1.743538e-03
1.822917e-03
1.882618e-03
1.907298e-03
1.939531e-03
1.950650e-03
2.015081e-03
2.178947e-03
2.215408e-03
2.539560e-03
3.741915e-03
3.760856e-03
4.120813e-03
4.179736e-03
4.287478e-03
4.300545e-03
4.343502e-03
4.595803e-03
4.880012e-03
5.106872e-03
5.127465e-03
5.483009e-03
5.922786e-03
6.002515e-03
6.195740e-03
6.208573e-03
6.269776e-03
6.574905e-03
6.728405e-03
6.739848e-03
6.846777e-03
6.902459e-03
6.969555e-03
7.117154e-03
7.137157e-03
7.187724e-03
7.240924e-03
7.300808e-03
7.332174e-03
7.392173e-03
7.606239e-03
7.630526e-03
7.647861e-03
7.710342e-03
7.898238e-03
7.940965e-03
8.049268e-03
8.130407e-03
8.154783e-03
8.182454e-03
8.259511e-03
8.345003e-03
8.499366e-03
8.528342e-03
8.566043e-03
8.627905e-03
8.775963e-03
8.989494e-03
9.968359e-03
1.009550e-02
1.030879e-02
1.035696e-02
1.064743e-02
1.082374e-02
1.098836e-02
1.101842e-02
1.109603e-02
1.133352e-02
1.136808e-02
1.139616e-02
1.151988e-02
1.178700e-02
1.209464e-02
1.216391e-02
1.318557e-02
1.342813e-02
1.366023e-02
1.371785e-02
1.383937e-02
1.398035e-02
1.417892e-02
1.427485e-02
1.438801e-02
1.463306e-02
1.487148e-02
1.490415e-02
1.501202e-02
1.568769e-02
1.572209e-02
1.588205e-02
1.590400e-02
1.592425e-02
1.622652e-02
1.639775e-02
1.736761e-02
1.754332e-02
1.772268e-02
1.793948e-02
1.803059e-02
1.806677e-02
1.824260e-02
1.847408e-02
1.882421e-02
1.897907e-02
1.904575e-02
1.940410e-02
1.964195e-02
1.968198e-02
1.977452e-02
1.992726e-02
2.007062e-02
2.019915e-02
2.048659e-02
2.064989e-02
2.086555e-02
2.095325e-02
2.106451e-02
2.114994e-02
2.121125e-02
2.131381e-02
2.141161e-02
2.146368e-02
2.150554e-02
2.171277e-02
2.180738e-02
2.182737e-02
2.187057e-02
2.194969e-02
2.202325e-02
2.214522e-02
2.228241e-02
2.231903e-02
2.241790e-02
2.246656e-02
2.253222e-02
2.257193e-02
2.268725e-02
2.271751e-02
2.296629e-02
2.301852e-02
2.312011e-02
2.328976e-02
2.343836e-02
2.366678e-02
2.378898e-02
2.413020e-02
2.430151e-02
2.435053e-02
2.458459e-02
2.466885e-02
2.472626e-02
2.479813e-02
2.486370e-02
2.495370e-02
2.512301e-02
2.517921e-02
2.533929e-02
2.565363e-02
2.579087e-02
2.583822e-02
2.609488e-02
2.617217e-02
2.632818e-02
2.651157e-02
2.656787e-02
2.662776e-02
2.676421e-02
2.697588e-02
2.748125e-02
2.768414e-02
2.788514e-02
2.790447e-02
2.887316e-02
2.929024e-02
2.943123e-02
2.973479e-02
3.004292e-02
3.034579e-02
3.043000e-02
3.049384e-02
3.111302e-02
3.115806e-02
3.233533e-02
3.311163e-02
3.364275e-02
3.372111e-02
3.465524e-02
3.469820e-02
3.493205e-02
3.508872e-02
3.529606e-02
3.555313e-02
3.584244e-02
3.612975e-02
3.623790e-02
3.631681e-02
3.641245e-02
3.664774e-02
3.682782e-02
3.686615e-02
3.696331e-02
3.709691e-02
3.713714e-02
3.724211e-02
3.738418e-02
3.750198e-02
3.766177e-02
3.778138e-02
3.780877e-02
3.784324e-02
3.793889e-02
3.810262e-02
3.820926e-02
3.829556e-02
3.847373e-02
3.860053e-02
3.879346e-02
3.889973e-02
3.900852e-02
3.909032e-02
3.921848e-02
3.941093e-02
3.947182e-02
3.974454e-02
3.979760e-02
4.001024e-02
4.009985e-02
4.015013e-02
4.031610e-02
4.052698e-02
4.100273e-02
4.133962e-02
4.139006e-02
4.140851e-02
4.153846e-02
4.168429e-02
4.192954e-02
4.237482e-02
4.248622e-02
4.285864e-02
4.305472e-02
4.313390e-02
4.326256e-02
4.338858e-02
4.346796e-02
4.354622e-02
4.371871e-02
4.374931e-02
4.384469e-02
4.398911e-02
4.418944e-02
4.447348e-02
4.453132e-02
4.457426e-02
4.506539e-02
4.511848e-02
4.531061e-02
4.541046e-02
4.556518e-02
4.583747e-02
4.606334e-02
4.624067e-02
4.653857e-02
4.664657e-02
4.702498e-02
4.738740e-02
4.751051e-02
4.807677e-02
4.839200e-02
4.862452e-02
4.873291e-02
4.891274e-02
4.907369e-02
4.926268e-02
4.952352e-02
4.984433e-02
5.004428e-02
5.011853e-02
5.019578e-02
5.046938e-02
5.073256e-02
5.092300e-02
5.113311e-02
5.139635e-02
5.150147e-02
5.183221e-02
5.187974e-02
5.200176e-02
5.214103e-02
5.221242e-02
5.244173e-02
5.261476e-02
5.269195e-02
5.285128e-02
5.291578e-02
5.314182e-02
5.325396e-02
5.339840e-02
5.362894e-02
5.367568e-02
5.390481e-02
5.396526e-02
5.423641e-02
5.455782e-02
5.472303e-02
5.494975e-02
5.512113e-02
5.518195e-02
5.544756e-02
5.550341e-02
5.561952e-02
5.599812e-02
5.611151e-02
5.625812e-02
5.648952e-02
5.659464e-02
5.670545e-02
5.702218e-02
5.739790e-02
5.751208e-02
5.774890e-02
5.780625e-02
5.805961e-02
5.828294e-02
5.850289e-02
5.866794e-02
5.903280e-02
5.947402e-02
5.955202e-02
5.980766e-02
5.992886e-02
6.043888e-02
6.074922e-02
6.085327e-02
6.109897e-02
6.123604e-02
6.153688e-02
6.168497e-02
6.210266e-02
6.213273e-02
6.251353e-02
6.257078e-02
6.272114e-02
6.312372e-02
6.320293e-02
6.323120e-02
6.353631e-02
6.365277e-02
6.382476e-02
6.411932e-02
6.477735e-02
6.539553e-02
6.549819e-02
6.566524e-02
6.611179e-02
6.617444e-02
6.630671e-02
6.647930e-02
6.649700e-02
6.677755e-02
6.695269e-02
6.729730e-02
6.734533e-02
6.751770e-02
6.776112e-02
6.785119e-02
6.805484e-02
6.813990e-02
6.834131e-02
6.838505e-02
6.855485e-02
6.870404e-02
6.882698e-02
6.901332e-02
6.924841e-02
6.932703e-02
6.938191e-02
6.957738e-02
6.988053e-02
6.992519e-02
7.005961e-02
7.029176e-02
7.030169e-02
7.046055e-02
7.054095e-02
7.058341e-02
7.074305e-02
7.088254e-02
7.108002e-02
7.129416e-02
7.140176e-02
7.161604e-02
7.173754e-02
7.178967e-02
7.192059e-02
7.209354e-02
7.213796e-02
7.233851e-02
7.254213e-02
7.263214e-02
7.277964e-02
7.288558e-02
7.318315e-02
7.325524e-02
7.345744e-02
7.363146e-02
7.399827e-02
7.404777e-02
7.443444e-02
7.444404e-02
7.455407e-02
7.468289e-02
7.482236e-02
7.497825e-02
7.506590e-02
7.537080e-02
7.569518e-02
7.577200e-02
7.587554e-02
7.604030e-02
7.637920e-02
7.642244e-02
7.664316e-02
7.679200e-02
7.695143e-02
7.721056e-02
7.730978e-02
7.751174e-02
7.763943e-02
7.773973e-02
7.787907e-02
7.813532e-02
7.829882e-02
7.838719e-02
7.868243e-02
7.881768e-02
7.900399e-02
7.941757e-02
7.952422e-02
7.957742e-02
8.002669e-02
8.014090e-02
8.037237e-02
8.041166e-02
8.091688e-02
8.108462e-02
8.117221e-02
8.142643e-02
8.146805e-02
8.181702e-02
8.188816e-02
8.220906e-02
8.244489e-02
8.272718e-02
8.285315e-02
8.286024e-02
8.308021e-02
8.322973e-02
8.355149e-02
8.374272e-02
8.387144e-02
8.407808e-02
8.435150e-02
8.439908e-02
8.446560e-02
8.483786e-02
8.504668e-02
8.512623e-02
8.527447e-02
8.557546e-02
8.578628e-02
8.581462e-02
8.610679e-02
8.637433e-02
8.644098e-02
8.663262e-02
8.677079e-02
8.683172e-02
8.711396e-02
8.719339e-02
8.735198e-02
8.766662e-02
8.775394e-02
8.793716e-02
8.817124e-02
8.832341e-02
8.837641e-02
8.853145e-02
8.867114e-02
8.875518e-02
8.907787e-02
8.926917e-02
8.948399e-02
8.964093e-02
8.980675e-02
9.003330e-02
9.018802e-02
9.035822e-02
9.060431e-02
9.066485e-02
9.099409e-02
9.105797e-02
9.113536e-02
9.165651e-02
9.194484e-02
9.199704e-02
9.215500e-02
9.218808e-02
9.238794e-02
9.248607e-02
9.270607e-02
9.281642e-02
9.316188e-02
9.323856e-02
9.340892e-02
9.355703e-02
9.368225e-02
9.379072e-02
9.403382e-02
9.425000e-02
9.434237e-02
9.463178e-02
9.467439e-02
9.487375e-02
9.497269e-02
9.518541e-02
9.548653e-02
9.573133e-02
9.586953e-02
9.607288e-02
9.614317e-02
9.626087e-02
9.647909e-02
9.665212e-02
9.670532e-02
9.688514e-02
9.703499e-02
9.725385e-02
9.735079e-02
9.755980e-02
9.770310e-02
9.789367e-02
9.821896e-02
9.836455e-02
9.838626e-02
9.864101e-02
9.878559e-02
9.914549e-02
9.932974e-02
9.937727e-02
9.975578e-02
9.980909e-02
1.000065e-01
1.002897e-01
1.004941e-01
1.005937e-01
1.008115e-01
1.009186e-01
1.009682e-01
1.011317e-01
1.013400e-01
1.015776e-01
1.016690e-01
1.017855e-01
1.019708e-01
1.021331e-01
1.024035e-01
1.026099e-01
1.026655e-01
1.027310e-01
1.028287e-01
1.029326e-01
1.032184e-01
1.033286e-01
1.035092e-01
1.036884e-01
1.038185e-01
1.039544e-01
1.040446e-01
1.041525e-01
1.044138e-01
1.046221e-01
1.047354e-01
1.048375e-01
1.048987e-01
1.051797e-01
1.054792e-01
1.056327e-01
1.057328e-01
1.058140e-01
1.059053e-01
1.060425e-01
1.063314e-01
1.065316e-01
1.066339e-01
1.068091e-01
1.068208e-01
1.071789e-01
1.073576e-01
1.076151e-01
1.077863e-01
1.079866e-01
1.081296e-01
1.083938e-01
1.085364e-01
1.087053e-01
1.088717e-01
1.091324e-01
1.092004e-01
1.094211e-01
1.095327e-01
1.097069e-01
1.098983e-01
1.099585e-01
1.101266e-01
1.104478e-01
1.105716e-01
1.108157e-01
1.108834e-01
1.111377e-01
1.113134e-01
1.113687e-01
1.115819e-01
1.119176e-01
1.121425e-01
1.122697e-01
1.124911e-01
1.127745e-01
1.128679e-01
1.130141e-01
1.132090e-01
1.134689e-01
1.135810e-01
1.137482e-01
1.140294e-01
1.142691e-01
1.143215e-01
1.146174e-01
1.148649e-01
1.149481e-01
1.151562e-01
1.154107e-01
1.156667e-01
1.158409e-01
1.160029e-01
1.160553e-01
1.162893e-01
1.164359e-01
1.166034e-01
1.169703e-01
1.171437e-01
1.174691e-01
1.175815e-01
1.176987e-01
1.178103e-01
1.178951e-01
1.181824e-01
1.184468e-01
1.185666e-01
1.186200e-01
1.187989e-01
1.190576e-01
1.191744e-01
1.193680e-01
1.196072e-01
1.197784e-01
1.198359e-01
1.202768e-01
1.204174e-01
1.204561e-01
1.207267e-01
1.208104e-01
1.210083e-01
1.212844e-01
1.213540e-01
1.213916e-01
1.214832e-01
1.216071e-01
1.216910e-01
1.221183e-01
1.221636e-01
1.222773e-01
1.223892e-01
1.227735e-01
1.228198e-01
1.230235e-01
1.230308e-01
1.232105e-01
1.234234e-01
1.236121e-01
1.236954e-01
1.238118e-01
1.240757e-01
1.241900e-01
1.243569e-01
1.244084e-01
1.245353e-01
1.247567e-01
1.248906e-01
1.251771e-01
1.252115e-01
1.254875e-01
1.255297e-01
1.257414e-01
1.260120e-01
1.261591e-01
1.262545e-01
1.264951e-01
1.267021e-01
1.268379e-01
1.270208e-01
1.270679e-01
1.271808e-01
1.274053e-01
1.277160e-01
1.277923e-01
1.280276e-01
1.281878e-01
1.284003e-01
1.285840e-01
1.286411e-01
1.287670e-01
1.288933e-01
1.291778e-01
1.293301e-01
1.296637e-01
1.298089e-01
1.298709e-01
1.300086e-01
1.301316e-01
1.302553e-01
1.304661e-01
1.306302e-01
1.309665e-01
1.310145e-01
1.312712e-01
1.312878e-01
1.316335e-01
1.317632e-01
1.318462e-01
1.321755e-01
1.322892e-01
1.325364e-01
1.325635e-01
1.326285e-01
1.327956e-01
1.328402e-01
1.331197e-01
1.331627e-01
1.333544e-01
1.334594e-01
1.335556e-01
1.337153e-01
1.338987e-01
1.340057e-01
1.340767e-01
1.342759e-01
1.344224e-01
1.345078e-01
1.346260e-01
1.346404e-01
1.348241e-01
1.349665e-01
1.351990e-01
1.354821e-01
1.355341e-01
1.357600e-01
1.359170e-01
1.359780e-01
1.362013e-01
1.362571e-01
1.363789e-01
1.367300e-01
1.368542e-01
1.369162e-01
1.371682e-01
1.372809e-01
1.373803e-01
1.376983e-01
1.378032e-01
1.378506e-01
1.379101e-01
1.380228e-01
1.383210e-01
1.386233e-01
1.387251e-01
1.388443e-01
1.388576e-01
1.391117e-01
1.393455e-01
1.394265e-01
1.394898e-01
1.397526e-01
1.399715e-01
1.400240e-01
1.401509e-01
1.403143e-01
1.405552e-01
1.405774e-01
1.406995e-01
1.408024e-01
1.411395e-01
1.412942e-01
1.413921e-01
1.414929e-01
1.416191e-01
1.417628e-01
1.421464e-01
1.421936e-01
1.425185e-01
1.426389e-01
1.428186e-01
1.428258e-01
1.429482e-01
1.432095e-01
1.433188e-01
1.434083e-01
1.438808e-01
1.439732e-01
1.442176e-01
1.443336e-01
1.444238e-01
1.445536e-01
1.447796e-01
1.449497e-01
1.450482e-01
1.453149e-01
1.456710e-01
1.456958e-01
1.457231e-01
1.459244e-01
1.461308e-01
1.462459e-01
1.466857e-01
1.467460e-01
1.469128e-01
1.471050e-01
1.472695e-01
1.474215e-01
1.477910e-01
1.478859e-01
1.480440e-01
1.481531e-01
1.482606e-01
1.483131e-01
1.485459e-01
1.487487e-01
1.489116e-01
1.489437e-01
1.491719e-01
1.494350e-01
1.495577e-01
1.499229e-01
1.499423e-01
1.500541e-01
1.502186e-01
1.503307e-01
1.505380e-01
1.509003e-01
1.510039e-01
1.512106e-01
1.513910e-01
1.515275e-01
1.516187e-01
1.517628e-01
1.518069e-01
1.520411e-01
1.522278e-01
1.523210e-01
1.523593e-01
1.525080e-01
1.527034e-01
1.528855e-01
1.530052e-01
1.532756e-01
1.535118e-01
1.536519e-01
1.537734e-01
1.538700e-01
1.541969e-01
1.544021e-01
1.544094e-01
1.546966e-01
1.549053e-01
1.549500e-01
1.551280e-01
1.551456e-01
1.553144e-01
1.556045e-01
1.557691e-01
1.559050e-01
1.560673e-01
1.562199e-01
1.563762e-01
1.564423e-01
1.565180e-01
1.565880e-01
1.568278e-01
1.568855e-01
1.569501e-01
1.572782e-01
1.573455e-01
1.575733e-01
1.577209e-01
1.579061e-01
1.579690e-01
1.581207e-01
1.582962e-01
1.583771e-01
1.585844e-01
1.587505e-01
1.589108e-01
1.590656e-01
1.591806e-01
1.592871e-01
1.593762e-01
1.596967e-01
1.598222e-01
1.598532e-01
1.600836e-01
1.602476e-01
1.604200e-01
1.605544e-01
1.606821e-01
1.609099e-01
1.609709e-01
1.611135e-01
1.612786e-01
1.613735e-01
1.615682e-01
1.617571e-01
1.618443e-01
1.619980e-01
1.621407e-01
1.622677e-01
1.623376e-01
1.623853e-01
1.626269e-01
1.629308e-01
1.629579e-01
1.630707e-01
1.632303e-01
1.632824e-01
1.635097e-01
1.636207e-01
1.638075e-01
1.638791e-01
1.640012e-01
1.642461e-01
1.643033e-01
1.644375e-01
1.645047e-01
1.646695e-01
1.648006e-01
1.649885e-01
1.651058e-01
1.652160e-01
1.653485e-01
1.655737e-01
1.656915e-01
1.658505e-01
1.660179e-01
1.660619e-01
1.662042e-01
1.663882e-01
1.665356e-01
1.666836e-01
1.668770e-01
1.669623e-01
1.670923e-01
1.673313e-01
1.673919e-01
1.676016e-01
1.676580e-01
1.679153e-01
1.681118e-01
1.682125e-01
1.683260e-01
1.685469e-01
1.687348e-01
1.689424e-01
1.691282e-01
1.692335e-01
1.693298e-01
1.693982e-01
1.695822e-01
1.699800e-01
1.701451e-01
1.703156e-01
1.704362e-01
1.705824e-01
1.706597e-01
1.707843e-01
1.709790e-01
1.712754e-01
1.713657e-01
1.714674e-01
1.715084e-01
1.716152e-01
1.716610e-01
1.718361e-01
1.719903e-01
1.722010e-01
1.724347e-01
1.726049e-01
1.727152e-01
1.728648e-01
1.728994e-01
1.731221e-01
1.732454e-01
1.734740e-01
1.735256e-01
1.736515e-01
1.737398e-01
1.739128e-01
1.741339e-01
1.742356e-01
1.744973e-01
1.745990e-01
1.747495e-01
1.748158e-01
1.749273e-01
1.751581e-01
1.752227e-01
1.754075e-01
1.754877e-01
1.757023e-01
1.758491e-01
1.759488e-01
1.760144e-01
1.761870e-01
1.764977e-01
1.766238e-01
1.767633e-01
1.768954e-01
1.770026e-01
1.770867e-01
1.771490e-01
1.775217e-01
1.776422e-01
1.776846e-01
1.777910e-01
1.780343e-01
1.782328e-01
1.783260e-01
1.785068e-01
1.786511e-01
1.787405e-01
1.788700e-01
1.792053e-01
1.794160e-01
1.795199e-01
1.796775e-01
1.798098e-01
1.801072e-01
1.801351e-01
1.802602e-01
1.804690e-01
1.806393e-01
1.807322e-01
1.808748e-01
1.809495e-01
1.812318e-01
1.812741e-01
1.815467e-01
1.816943e-01
1.818499e-01
1.820248e-01
1.821226e-01
1.823523e-01
1.823763e-01
1.825096e-01
1.825957e-01
1.826531e-01
1.827881e-01
1.830781e-01
1.832029e-01
1.835059e-01
1.835885e-01
1.836250e-01
1.838921e-01
1.840781e-01
1.841019e-01
1.842957e-01
1.844086e-01
1.845104e-01
1.847008e-01
1.848415e-01
1.848821e-01
1.851091e-01
1.852453e-01
1.854089e-01
1.856000e-01
1.857516e-01
1.858255e-01
1.861488e-01
1.861735e-01
1.863915e-01
1.864922e-01
1.865720e-01
1.866432e-01
1.866784e-01
1.870822e-01
1.872793e-01
1.873996e-01
1.874972e-01
1.875295e-01
1.877559e-01
1.878458e-01
1.879283e-01
1.880816e-01
1.882987e-01
1.884710e-01
1.885080e-01
1.887336e-01
1.888432e-01
1.891201e-01
1.891950e-01
1.893789e-01
1.895029e-01
1.895489e-01
1.896747e-01
1.899621e-01
1.900874e-01
1.901575e-01
1.902776e-01
1.904456e-01
1.906017e-01
1.906792e-01
1.908182e-01
1.909193e-01
1.910005e-01
1.912245e-01
1.913252e-01
1.914993e-01
1.916298e-01
1.917239e-01
1.917956e-01
1.921436e-01
1.922033e-01
1.923438e-01
1.924265e-01
1.927019e-01
1.928706e-01
1.929259e-01
1.931475e-01
1.931719e-01
1.933605e-01
1.935485e-01
1.936896e-01
1.938502e-01
1.939240e-01
1.941837e-01
1.943070e-01
1.944277e-01
1.945376e-01
1.946077e-01
1.947334e-01
1.950343e-01
1.951266e-01
1.952317e-01
1.952928e-01
1.954123e-01
1.956326e-01
1.957126e-01
1.958814e-01
1.960474e-01
1.962019e-01
1.962986e-01
1.965247e-01
1.966564e-01
1.967167e-01
1.969123e-01
1.970158e-01
1.971837e-01
1.973059e-01
1.974086e-01
1.975947e-01
1.977398e-01
1.978668e-01
1.980698e-01
1.982814e-01
1.983446e-01
1.984188e-01
1.985008e-01
1.987081e-01
1.987266e-01
1.991738e-01
1.992886e-01
1.994263e-01
1.995056e-01
1.996262e-01
1.996932e-01
1.999209e-01
2.000207e-01
2.002058e-01
2.002987e-01
2.004861e-01
2.008017e-01
2.008613e-01
2.009961e-01
2.010170e-01
2.011668e-01
2.013726e-01
2.015598e-01
2.016634e-01
2.017664e-01
2.018839e-01
2.020997e-01
2.023187e-01
2.024186e-01
2.025178e-01
2.026690e-01
2.027780e-01
2.029400e-01
2.031779e-01
2.033606e-01
2.034574e-01
2.037339e-01
2.037459e-01
2.038689e-01
2.039771e-01
2.042364e-01
2.044049e-01
2.045395e-01
2.045545e-01
2.046993e-01
2.047821e-01
2.048963e-01
2.050035e-01
2.051529e-01
2.053729e-01
2.055329e-01
2.056074e-01
2.056368e-01
2.059953e-01
2.060820e-01
2.061321e-01
2.063511e-01
2.065627e-01
2.066251e-01
2.067220e-01
2.068406e-01
2.070259e-01
2.072733e-01
2.073420e-01
2.075277e-01
2.075509e-01
2.077358e-01
2.078546e-01
2.079806e-01
2.081291e-01
2.083777e-01
2.085035e-01
2.086383e-01
2.087674e-01
2.088898e-01
2.090454e-01
2.091170e-01
2.093982e-01
2.095716e-01
2.097160e-01
2.098567e-01
2.099587e-01
2.102308e-01
2.104333e-01
2.105427e-01
2.106496e-01
2.110417e-01
2.111100e-01
2.111692e-01
2.112688e-01
2.113852e-01
2.115205e-01
2.116756e-01
2.116852e-01
2.118003e-01
2.120163e-01
2.121407e-01
2.123224e-01
2.124718e-01
2.126246e-01
2.129797e-01
2.130143e-01
2.132244e-01
2.132889e-01
2.133615e-01
2.135463e-01
2.137175e-01
2.138261e-01
2.139691e-01
2.140652e-01
2.141956e-01
2.142944e-01
2.145036e-01
2.146847e-01
2.149160e-01
2.149792e-01
2.150233e-01
2.152325e-01
2.153729e-01
2.156158e-01
2.156608e-01
2.158189e-01
2.160070e-01
2.161311e-01
2.162569e-01
2.164308e-01
2.164776e-01
2.167248e-01
2.168442e-01
2.169898e-01
2.170975e-01
2.172165e-01
2.173773e-01
2.175671e-01
2.177016e-01
2.179013e-01
2.179828e-01
2.182443e-01
2.183078e-01
2.185095e-01
2.185880e-01
2.187051e-01
2.188723e-01
2.189489e-01
2.190221e-01
2.192498e-01
2.192683e-01
2.194110e-01
2.194693e-01
2.195067e-01
2.198020e-01
2.199521e-01
2.201602e-01
2.201903e-01
2.204292e-01
2.205986e-01
2.207418e-01
2.207685e-01
2.209428e-01
2.210540e-01
2.211755e-01
2.212328e-01
2.214716e-01
2.216819e-01
2.218248e-01
2.218821e-01
2.219733e-01
2.220755e-01
2.221863e-01
2.223500e-01
2.224915e-01
2.225893e-01
2.228236e-01
2.228796e-01
2.230505e-01
2.234255e-01
2.234814e-01
2.236135e-01
2.237784e-01
2.238676e-01
2.240214e-01
2.242876e-01
2.244094e-01
2.245071e-01
2.246176e-01
2.247727e-01
2.248879e-01
2.250265e-01
2.250773e-01
2.253378e-01
2.254212e-01
2.256241e-01
2.257676e-01
2.258014e-01
2.258791e-01
2.261188e-01
2.262394e-01
2.266271e-01
2.266981e-01
2.267748e-01
2.268266e-01
2.268719e-01
2.271706e-01
2.272683e-01
2.273737e-01
2.275840e-01
2.276955e-01
2.278220e-01
2.279414e-01
2.281531e-01
2.283383e-01
2.284595e-01
2.286222e-01
2.286534e-01
2.288871e-01
2.289819e-01
2.290988e-01
2.292339e-01
2.293928e-01
2.294824e-01
2.295977e-01
2.297424e-01
2.298854e-01
2.300946e-01
2.301750e-01
2.303017e-01
2.304213e-01
2.304941e-01
2.307024e-01
2.309779e-01
2.309872e-01
2.311182e-01
2.311988e-01
2.313595e-01
2.315325e-01
2.316513e-01
2.317199e-01
2.318709e-01
2.320187e-01
2.321280e-01
2.322236e-01
2.323439e-01
2.325375e-01
2.326349e-01
2.328517e-01
2.329414e-01
2.329749e-01
2.332039e-01
2.332387e-01
2.333258e-01
2.334879e-01
2.337313e-01
2.338448e-01
2.339404e-01
2.340533e-01
2.341098e-01
2.344253e-01
2.344774e-01
2.347177e-01
2.348365e-01
2.349084e-01
2.349747e-01
2.350531e-01
2.351792e-01
2.354436e-01
2.355122e-01
2.355991e-01
2.356333e-01
2.357667e-01
2.361291e-01
2.362460e-01
2.363322e-01
2.365067e-01
2.365571e-01
2.367067e-01
2.368809e-01
2.369495e-01
2.370554e-01
2.371413e-01
2.373472e-01
2.374413e-01
2.375430e-01
2.378245e-01
2.379147e-01
2.382086e-01
2.382952e-01
2.383210e-01
2.383938e-01
2.384802e-01
2.386553e-01
2.388518e-01
2.390368e-01
2.391288e-01
2.392208e-01
2.394509e-01
2.395981e-01
2.396421e-01
2.397180e-01
2.398912e-01
2.399911e-01
2.401373e-01
2.402154e-01
2.404968e-01
2.406346e-01
2.408364e-01
2.408902e-01
2.411471e-01
2.412763e-01
2.414055e-01
2.414608e-01
2.417269e-01
2.418367e-01
2.419816e-01
2.421150e-01
2.422437e-01
2.423456e-01
2.424819e-01
2.425833e-01
2.427787e-01
2.429256e-01
2.429753e-01
2.429992e-01
2.431546e-01
2.432891e-01
2.434928e-01
2.435514e-01
2.436151e-01
2.437332e-01
2.439382e-01
2.441177e-01
2.442535e-01
2.444126e-01
2.446580e-01
2.447459e-01
2.449455e-01
2.451707e-01
2.453384e-01
2.454207e-01
2.455313e-01
2.456115e-01
2.456956e-01
2.458269e-01
2.460632e-01
2.462496e-01
2.463883e-01
2.464449e-01
2.466523e-01
2.467101e-01
2.468274e-01
2.469625e-01
2.472359e-01
2.473645e-01
2.474576e-01
2.475458e-01
2.476222e-01
2.477075e-01
2.479067e-01
2.479929e-01
2.481363e-01
2.483046e-01
2.485075e-01
2.486676e-01
2.488281e-01
2.490062e-01
2.492308e-01
2.493123e-01
2.495383e-01
2.496039e-01
2.497661e-01
2.497824e-01
2.500407e-01
2.501694e-01
2.502778e-01
2.504392e-01
2.505422e-01
2.507221e-01
2.509972e-01
2.511042e-01
2.511556e-01
2.514708e-01
2.515648e-01
2.516883e-01
2.518298e-01
2.519311e-01
2.520516e-01
2.522242e-01
2.524373e-01
2.525578e-01
2.527549e-01
2.528650e-01
2.529719e-01
2.529817e-01
2.530299e-01
2.531780e-01
2.535251e-01
2.535486e-01
2.537256e-01
2.539265e-01
2.539754e-01
2.541416e-01
2.543427e-01
2.543717e-01
2.544645e-01
2.547772e-01
2.550166e-01
2.550873e-01
2.552971e-01
2.554505e-01
2.555160e-01
2.556407e-01
2.557065e-01
2.558453e-01
2.559742e-01
2.560482e-01
2.562332e-01
2.563041e-01
2.564365e-01
2.566583e-01
2.568582e-01
2.569948e-01
2.570974e-01
2.573141e-01
2.573438e-01
2.574814e-01
2.576670e-01
2.578041e-01
2.579975e-01
2.581039e-01
2.582963e-01
2.583619e-01
2.585375e-01
2.586766e-01
2.588639e-01
2.589962e-01
2.591458e-01
2.592169e-01
2.594245e-01
2.595585e-01
2.596198e-01
2.597761e-01
2.598900e-01
2.600162e-01
2.601952e-01
2.603032e-01
2.604485e-01
2.606750e-01
2.607662e-01
2.608784e-01
2.609834e-01
2.610212e-01
2.612764e-01
2.613641e-01
2.614737e-01
2.617292e-01
2.617803e-01
2.618319e-01
2.619565e-01
2.621427e-01
2.622592e-01
2.623121e-01
2.625710e-01
2.627765e-01
2.628668e-01
2.630394e-01
2.632571e-01
2.633350e-01
2.636029e-01
2.636755e-01
2.638686e-01
2.639529e-01
2.640915e-01
2.642699e-01
2.644388e-01
2.645394e-01
2.648074e-01
2.649515e-01
2.649870e-01
2.651143e-01
2.652775e-01
2.654596e-01
2.654977e-01
2.655789e-01
2.657666e-01
2.658943e-01
2.661355e-01
2.661817e-01
2.662234e-01
2.665785e-01
2.666570e-01
2.668481e-01
2.669355e-01
2.669702e-01
2.671823e-01
2.672963e-01
2.673081e-01
2.676323e-01
2.676833e-01
2.679357e-01
2.680203e-01
2.681057e-01
2.682881e-01
2.684202e-01
2.685527e-01
2.686839e-01
2.688921e-01
2.689936e-01
2.691357e-01
2.693238e-01
2.694920e-01
2.696823e-01
2.696974e-01
2.698890e-01
2.699802e-01
2.700805e-01
2.702768e-01
2.705271e-01
2.707189e-01
2.709293e-01
2.710395e-01
2.711350e-01
2.711749e-01
2.712345e-01
2.714045e-01
2.715155e-01
2.718010e-01
2.718671e-01
2.719935e-01
2.721483e-01
2.723331e-01
2.724383e-01
2.726801e-01
2.727708e-01
2.730825e-01
2.731371e-01
2.732145e-01
2.733307e-01
2.735056e-01
2.737350e-01
2.738674e-01
2.740285e-01
2.740659e-01
2.742204e-01
2.743183e-01
2.743634e-01
2.746100e-01
2.746612e-01
2.749787e-01
2.749896e-01
2.752387e-01
2.754674e-01
2.755456e-01
2.757459e-01
2.758843e-01
2.759095e-01
2.760619e-01
2.762596e-01
2.762815e-01
2.764754e-01
2.766199e-01
2.767201e-01
2.768398e-01
2.769429e-01
2.770498e-01
2.772743e-01
2.773934e-01
2.776191e-01
2.777922e-01
2.778981e-01
2.780887e-01
2.782172e-01
2.783592e-01
2.785168e-01
2.786599e-01
2.787077e-01
2.789275e-01
2.791322e-01
2.792074e-01
2.793101e-01
2.796115e-01
2.796597e-01
2.798835e-01
2.799702e-01
2.801980e-01
2.802419e-01
2.804646e-01
2.805568e-01
2.807909e-01
2.808089e-01
2.810325e-01
2.811065e-01
2.812627e-01
2.813206e-01
2.814428e-01
2.815792e-01
2.817829e-01
2.818568e-01
2.821874e-01
2.822121e-01
2.823382e-01
2.824550e-01
2.826445e-01
2.828741e-01
2.830099e-01
2.830495e-01
2.832483e-01
2.834647e-01
2.835542e-01
2.836920e-01
2.838298e-01
2.839659e-01
2.840949e-01
2.843136e-01
2.845483e-01
2.845953e-01
2.846820e-01
2.848707e-01
2.850264e-01
2.852262e-01
2.853408e-01
2.854411e-01
2.856388e-01
2.857832e-01
2.858310e-01
2.860541e-01
2.861101e-01
2.862896e-01
2.866695e-01
2.867735e-01
2.869358e-01
2.870474e-01
2.872037e-01
2.872458e-01
2.875254e-01
2.876865e-01
2.878750e-01
2.879459e-01
2.881455e-01
2.882629e-01
2.883281e-01
2.885898e-01
2.886479e-01
2.888473e-01
2.889382e-01
2.892242e-01
2.892565e-01
2.893725e-01
2.895144e-01
2.898866e-01
2.899408e-01
2.900318e-01
2.901687e-01
2.903098e-01
2.904213e-01
2.905094e-01
2.906065e-01
2.908866e-01
2.910262e-01
2.911042e-01
2.912590e-01
2.914353e-01
2.916455e-01
2.917701e-01
2.920384e-01
2.921144e-01
2.923006e-01
2.923157e-01
2.924275e-01
2.926758e-01
2.927314e-01
2.928735e-01
2.929989e-01
2.930852e-01
2.933058e-01
2.934689e-01
2.935064e-01
2.937349e-01
2.938763e-01
2.940088e-01
2.940782e-01
2.942060e-01
2.942738e-01
2.944645e-01
2.945663e-01
2.947188e-01
2.948160e-01
2.950609e-01
2.951713e-01
2.953675e-01
2.955072e-01
2.955867e-01
2.956266e-01
2.958361e-01
2.962425e-01
2.965398e-01
2.967293e-01
2.967998e-01
2.968886e-01
2.970152e-01
2.971016e-01
2.972811e-01
2.973660e-01
2.975317e-01
2.976011e-01
2.978701e-01
2.979871e-01
2.980985e-01
2.982443e-01
2.983482e-01
2.984965e-01
2.987884e-01
2.989241e-01
2.990695e-01
2.991892e-01
2.992112e-01
2.994478e-01
2.995563e-01
2.997096e-01
2.998474e-01
2.999826e-01
3.000151e-01
3.003530e-01
3.005743e-01
3.006793e-01
3.007572e-01
3.008408e-01
3.010685e-01
3.012871e-01
3.014645e-01
3.016712e-01
3.017643e-01
3.018847e-01
3.021473e-01
3.022273e-01
3.023884e-01
3.024899e-01
3.025774e-01
3.028763e-01
3.029355e-01
3.031407e-01
3.034311e-01
3.035376e-01
3.036454e-01
3.038375e-01
3.038923e-01
3.041060e-01
3.041747e-01
3.044621e-01
3.045697e-01
3.047323e-01
3.048833e-01
3.050783e-01
3.051730e-01
3.053800e-01
3.055611e-01
3.056467e-01
3.057731e-01
3.059807e-01
3.061611e-01
3.062887e-01
3.066281e-01
3.067410e-01
3.068523e-01
3.069740e-01
3.070166e-01
3.073169e-01
3.075777e-01
3.077140e-01
3.078703e-01
3.079662e-01
3.080490e-01
3.083105e-01
3.084771e-01
3.086112e-01
3.088395e-01
3.090593e-01
3.091974e-01
3.094285e-01
3.094932e-01
3.095442e-01
3.097563e-01
3.098179e-01
3.100186e-01
3.101936e-01
3.102510e-01
3.103900e-01
3.104400e-01
3.106924e-01
3.108924e-01
3.110585e-01
3.111595e-01
3.113246e-01
3.113447e-01
3.114177e-01
3.115983e-01
3.118621e-01
3.119870e-01
3.121766e-01
3.123819e-01
3.124434e-01
3.126159e-01
3.127206e-01
3.128159e-01
3.130777e-01
3.131085e-01
3.131871e-01
3.137430e-01
3.139349e-01
3.139875e-01
3.141683e-01
3.142573e-01
3.144378e-01
3.145898e-01
3.147017e-01
3.148567e-01
3.150210e-01
3.152442e-01
3.154596e-01
3.156052e-01
3.157653e-01
3.158194e-01
3.159889e-01
3.160865e-01
3.162312e-01
3.164631e-01
3.165563e-01
3.167616e-01
3.168748e-01
3.169033e-01
3.171130e-01
3.173270e-01
3.174109e-01
3.175949e-01
3.178526e-01
3.180044e-01
3.181205e-01
3.181463e-01
3.181881e-01
3.183134e-01
3.184757e-01
3.187845e-01
3.189403e-01
3.190153e-01
3.191297e-01
3.193031e-01
3.195266e-01
3.196766e-01
3.199761e-01
3.200231e-01
3.200896e-01
3.203611e-01
3.204950e-01
3.207309e-01
3.208866e-01
3.210005e-01
3.211047e-01
3.211892e-01
3.214575e-01
3.215788e-01
3.217813e-01
3.219141e-01
3.220778e-01
3.222457e-01
3.224210e-01
3.225898e-01
3.226762e-01
3.227272e-01
3.230230e-01
3.231410e-01
3.233372e-01
3.234554e-01
3.236667e-01
3.237866e-01
3.240059e-01
3.241330e-01
3.243089e-01
3.243780e-01
3.245973e-01
3.248095e-01
3.249135e-01
3.249312e-01
3.250024e-01
3.252172e-01
3.253394e-01
3.253874e-01
3.256827e-01
3.257595e-01
3.258417e-01
3.260115e-01
3.263094e-01
3.264253e-01
3.265209e-01
3.265932e-01
3.269032e-01
3.271140e-01
3.271876e-01
3.272568e-01
3.276872e-01
3.277691e-01
3.278581e-01
3.279360e-01
3.281821e-01
3.283552e-01
3.284767e-01
3.287031e-01
3.288391e-01
3.289011e-01
3.289192e-01
3.292536e-01
3.292865e-01
3.293398e-01
3.294877e-01
3.295091e-01
3.297334e-01
3.300054e-01
3.302831e-01
3.303006e-01
3.305006e-01
3.307347e-01
3.308512e-01
3.309187e-01
3.309980e-01
3.312532e-01
3.313957e-01
3.315407e-01
3.317413e-01
3.318994e-01
3.320262e-01
3.320737e-01
3.324790e-01
3.326287e-01
3.326723e-01
3.329508e-01
3.331898e-01
3.332358e-01
3.333908e-01
3.335853e-01
3.336192e-01
3.337433e-01
3.340538e-01
3.340999e-01
3.343449e-01
3.346005e-01
3.346749e-01
3.347388e-01
3.348011e-01
3.350118e-01
3.353218e-01
3.354746e-01
3.356684e-01
3.357858e-01
3.358368e-01
3.360132e-01
3.360664e-01
3.362208e-01
3.363418e-01
3.365650e-01
3.367838e-01
3.368470e-01
3.370265e-01
3.372418e-01
3.374308e-01
3.375797e-01
3.377359e-01
3.379668e-01
3.380368e-01
3.383581e-01
3.384187e-01
3.386286e-01
3.387534e-01
3.389169e-01
3.390040e-01
3.392535e-01
3.393826e-01
3.395342e-01
3.397856e-01
3.398679e-01
3.399446e-01
3.400688e-01
3.402785e-01
3.403766e-01
3.406923e-01
3.409091e-01
3.410016e-01
3.413238e-01
3.413834e-01
3.416146e-01
3.419124e-01
3.421124e-01
3.422692e-01
3.425230e-01
3.425661e-01
3.426523e-01
3.428400e-01
3.430672e-01
3.431721e-01
3.432133e-01
3.434781e-01
3.435124e-01
3.438904e-01
3.440442e-01
3.441871e-01
3.442905e-01
3.444355e-01
3.447376e-01
3.448447e-01
3.449304e-01
3.450130e-01
3.452210e-01
3.454327e-01
3.456793e-01
3.458943e-01
3.460933e-01
3.462465e-01
3.463842e-01
3.465935e-01
3.468503e-01
3.470338e-01
3.473338e-01
3.474076e-01
3.475266e-01
3.477849e-01
3.479057e-01
3.480448e-01
3.483024e-01
3.483557e-01
3.485216e-01
3.486974e-01
3.490575e-01
3.490812e-01
3.492748e-01
3.494063e-01
3.496085e-01
3.499453e-01
3.500833e-01
3.502294e-01
3.504001e-01
3.504839e-01
3.507233e-01
3.509445e-01
3.510304e-01
3.511606e-01
3.512895e-01
3.514442e-01
3.515501e-01
3.518884e-01
3.519207e-01
3.521300e-01
3.523309e-01
3.524687e-01
3.525694e-01
3.528566e-01
3.529406e-01
3.532378e-01
3.533817e-01
3.535203e-01
3.537623e-01
3.538889e-01
3.541031e-01
3.542969e-01
3.545625e-01
3.547353e-01
3.550342e-01
3.552528e-01
3.553853e-01
3.554524e-01
3.555456e-01
3.557794e-01
3.559736e-01
3.561107e-01
3.563882e-01
3.566080e-01
3.566802e-01
3.566824e-01
3.569197e-01
3.571237e-01
3.572479e-01
3.573965e-01
3.574508e-01
3.577490e-01
3.579096e-01
3.581842e-01
3.584472e-01
3.586190e-01
3.588670e-01
3.589581e-01
3.591006e-01
3.594163e-01
3.594965e-01
3.596451e-01
3.597239e-01
3.600472e-01
3.602599e-01
3.603825e-01
3.605543e-01
3.608701e-01
3.611042e-01
3.611545e-01
3.612919e-01
3.614899e-01
3.616531e-01
3.617397e-01
3.619802e-01
3.623611e-01
3.624485e-01
3.626324e-01
3.629215e-01
3.629867e-01
3.632742e-01
3.635308e-01
3.637668e-01
3.638965e-01
3.641138e-01
3.641711e-01
3.643581e-01
3.644970e-01
3.648686e-01
3.649519e-01
3.650977e-01
3.652335e-01
3.654970e-01
3.657315e-01
3.659810e-01
3.662333e-01
3.663005e-01
3.664028e-01
3.665603e-01
3.667613e-01
3.669891e-01
3.675310e-01
3.675979e-01
3.678936e-01
3.680166e-01
3.680691e-01
3.682008e-01
3.683423e-01
3.685269e-01
3.687667e-01
3.689533e-01
3.690799e-01
3.694860e-01
3.696588e-01
3.697108e-01
3.697902e-01
3.699644e-01
3.703407e-01
3.704688e-01
3.706166e-01
3.707925e-01
3.709970e-01
3.712260e-01
3.713072e-01
3.717144e-01
3.717588e-01
3.718828e-01
3.719573e-01
3.721457e-01
3.724598e-01
3.727309e-01
3.728076e-01
3.732513e-01
3.733246e-01
3.735190e-01
3.737350e-01
3.738827e-01
3.741129e-01
3.742033e-01
3.746091e-01
3.746735e-01
3.748280e-01
3.750079e-01
3.753533e-01
3.756872e-01
3.757272e-01
3.759508e-01
3.760178e-01
3.762143e-01
3.765769e-01
3.766906e-01
3.767806e-01
3.769192e-01
3.771467e-01
3.772603e-01
3.773035e-01
3.775555e-01
3.776635e-01
3.778238e-01
3.778654e-01
3.784591e-01
3.785814e-01
3.786534e-01
3.788511e-01
3.789472e-01
3.790699e-01
3.793612e-01
3.796764e-01
3.797379e-01
3.799214e-01
3.799788e-01
3.802382e-01
3.802774e-01
3.806629e-01
3.809436e-01
3.812915e-01
3.814200e-01
3.815143e-01
3.817498e-01
3.818667e-01
3.820241e-01
3.822613e-01
3.824298e-01
3.825502e-01
3.826994e-01
3.829476e-01
3.832054e-01
3.833777e-01
3.835125e-01
3.835555e-01
3.839275e-01
3.840757e-01
3.841454e-01
3.842998e-01
3.845195e-01
3.846289e-01
3.847249e-01
3.852082e-01
3.853854e-01
3.857292e-01
3.859471e-01
3.860911e-01
3.861706e-01
3.865381e-01
3.866027e-01
3.868828e-01
3.871961e-01
3.873972e-01
3.875714e-01
3.876647e-01
3.879483e-01
3.880892e-01
3.883238e-01
3.885080e-01
3.888120e-01
3.888983e-01
3.890856e-01
3.893347e-01
3.895605e-01
3.896736e-01
3.899168e-01
3.900101e-01
3.901813e-01
3.902977e-01
3.907751e-01
3.908438e-01
3.910593e-01
3.911980e-01
3.914448e-01
3.916025e-01
3.919985e-01
3.920528e-01
3.925586e-01
3.927730e-01
3.929187e-01
3.931383e-01
3.932546e-01
3.935925e-01
3.938970e-01
3.940442e-01
3.942461e-01
3.946307e-01
3.946648e-01
3.949304e-01
3.950134e-01
3.951729e-01
3.953272e-01
3.956159e-01
3.957320e-01
3.958013e-01
3.959275e-01
3.963378e-01
3.964268e-01
3.966619e-01
3.970925e-01
3.973430e-01
3.974654e-01
3.975658e-01
3.979477e-01
3.982752e-01
3.985031e-01
3.986077e-01
3.988716e-01
3.989559e-01
3.991324e-01
3.993029e-01
3.998262e-01
4.001932e-01
4.003167e-01
4.004426e-01
4.005082e-01
4.007048e-01
4.009295e-01
4.010290e-01
4.011832e-01
4.013660e-01
4.019700e-01
4.020922e-01
4.022086e-01
4.022796e-01
4.025126e-01
4.027383e-01
4.028769e-01
4.029779e-01
4.032232e-01
4.035433e-01
4.038359e-01
4.040805e-01
4.042636e-01
4.045185e-01
4.046542e-01
4.048276e-01
4.049513e-01
4.051514e-01
4.055357e-01
4.055651e-01
4.059700e-01
4.060859e-01
4.062843e-01
4.066902e-01
4.068645e-01
4.069216e-01
4.072000e-01
4.072312e-01
4.075217e-01
4.080880e-01
4.082251e-01
4.083839e-01
4.084110e-01
4.088643e-01
4.092361e-01
4.094339e-01
4.095827e-01
4.098091e-01
4.099655e-01
4.103149e-01
4.104258e-01
4.106675e-01
4.110315e-01
4.113084e-01
4.116334e-01
4.117393e-01
4.120574e-01
4.123097e-01
4.124792e-01
4.131181e-01
4.133302e-01
4.136058e-01
4.137456e-01
4.139252e-01
4.142000e-01
4.144120e-01
4.151697e-01
4.152452e-01
4.155594e-01
4.156171e-01
4.158077e-01
4.162769e-01
4.163940e-01
4.167636e-01
4.169481e-01
4.171367e-01
4.174909e-01
4.176476e-01
4.180763e-01
4.181306e-01
4.181683e-01
4.186116e-01
4.190723e-01
4.191330e-01
4.196916e-01
4.197762e-01
4.198489e-01
4.201327e-01
4.202565e-01
4.203701e-01
4.206758e-01
4.210214e-01
4.211866e-01
4.215348e-01
4.217866e-01
4.221814e-01
4.222974e-01
4.227120e-01
4.230518e-01
4.231054e-01
4.234060e-01
4.237966e-01
4.238164e-01
4.243741e-01
4.247233e-01
4.248909e-01
4.249962e-01
4.252203e-01
4.254885e-01
4.257766e-01
4.261844e-01
4.263761e-01
4.265615e-01
4.266564e-01
4.268138e-01
4.271736e-01
4.274462e-01
4.276628e-01
4.278395e-01
4.281144e-01
4.284786e-01
4.286211e-01
4.287829e-01
4.290675e-01
4.292499e-01
4.296380e-01
4.298248e-01
4.299301e-01
4.300693e-01
4.302558e-01
4.303455e-01
4.307953e-01
4.310446e-01
4.312263e-01
4.313151e-01
4.315662e-01
4.317821e-01
4.320736e-01
4.324106e-01
4.325171e-01
4.327447e-01
4.329191e-01
4.330902e-01
4.336748e-01
4.337791e-01
4.341057e-01
4.346699e-01
4.348391e-01
4.351622e-01
4.354961e-01
4.355058e-01
4.358231e-01
4.359926e-01
4.360773e-01
4.364303e-01
4.367781e-01
4.368944e-01
4.370700e-01
4.373048e-01
4.377797e-01
4.379308e-01
4.380440e-01
4.381510e-01
4.384054e-01
4.385397e-01
4.389892e-01
4.392467e-01
4.393288e-01
4.397963e-01
4.399627e-01
4.402356e-01
4.403391e-01
4.406214e-01
4.408704e-01
4.410766e-01
4.413517e-01
4.419497e-01
4.421451e-01
4.423641e-01
4.425119e-01
4.428042e-01
4.429916e-01
4.432443e-01
4.434813e-01
4.436875e-01
4.443704e-01
4.445635e-01
4.446759e-01
4.451932e-01
4.452611e-01
4.454136e-01
4.459401e-01
4.460408e-01
4.461804e-01
4.465576e-01
4.467621e-01
4.471124e-01
4.471571e-01
4.476149e-01
4.477529e-01
4.479589e-01
4.485484e-01
4.486586e-01
4.488686e-01
4.491352e-01
4.493717e-01
4.497569e-01
4.498244e-01
4.504265e-01
4.507510e-01
4.508396e-01
4.512299e-01
4.513436e-01
4.515983e-01
4.518418e-01
4.521862e-01
4.523384e-01
4.529642e-01
4.530162e-01
4.532278e-01
4.533409e-01
4.536833e-01
4.540624e-01
4.543360e-01
4.546132e-01
4.547646e-01
4.548698e-01
4.550364e-01
4.554329e-01
4.556444e-01
4.558529e-01
4.560924e-01
4.568922e-01
4.572510e-01
4.574030e-01
4.577623e-01
4.579789e-01
4.580900e-01
4.582589e-01
4.585987e-01
4.589438e-01
4.591006e-01
4.594551e-01
4.596614e-01
4.597047e-01
4.603656e-01
4.609194e-01
4.611387e-01
4.611692e-01
4.616891e-01
4.620439e-01
4.623443e-01
4.624850e-01
4.629104e-01
4.631141e-01
4.635068e-01
4.636801e-01
4.639610e-01
4.644144e-01
4.647318e-01
4.648893e-01
4.652801e-01
4.654937e-01
4.656019e-01
4.659244e-01
4.661213e-01
4.668694e-01
4.671082e-01
4.675620e-01
4.677267e-01
4.680221e-01
4.681326e-01
4.683310e-01
4.685318e-01
4.688692e-01
4.693799e-01
4.695391e-01
4.698488e-01
4.700645e-01
4.706798e-01
4.709490e-01
4.710722e-01
4.712872e-01
4.715460e-01
4.717709e-01
4.721099e-01
4.726967e-01
4.730730e-01
4.735183e-01
4.738027e-01
4.740080e-01
4.744028e-01
4.744369e-01
4.745759e-01
4.748341e-01
4.755187e-01
4.758856e-01
4.761261e-01
4.763118e-01
4.768110e-01
4.770767e-01
4.773684e-01
4.774111e-01
4.778775e-01
4.781270e-01
4.783128e-01
4.785039e-01
4.791621e-01
4.795559e-01
4.796722e-01
4.798124e-01
4.799185e-01
4.800451e-01
4.804722e-01
4.807372e-01
4.809827e-01
4.812107e-01
4.813999e-01
4.817304e-01
4.820791e-01
4.824564e-01
4.827934e-01
4.828932e-01
4.834492e-01
4.838819e-01
4.842592e-01
4.845202e-01
4.847317e-01
4.851316e-01
4.854033e-01
4.857134e-01
4.864876e-01
4.866966e-01
4.868710e-01
4.871248e-01
4.873360e-01
4.876131e-01
4.878338e-01
4.881623e-01
4.885297e-01
4.888757e-01
4.892104e-01
4.896583e-01
4.899806e-01
4.903317e-01
4.910037e-01
4.910896e-01
4.917520e-01
4.918974e-01
4.924063e-01
4.927882e-01
4.931305e-01
4.933130e-01
4.937057e-01
4.940759e-01
4.943515e-01
4.946589e-01
4.947185e-01
4.952855e-01
4.956514e-01
4.958549e-01
4.960997e-01
4.964396e-01
4.969751e-01
4.971310e-01
4.977441e-01
4.983634e-01
4.985231e-01
4.987060e-01
4.991267e-01
4.996434e-01
4.998538e-01
4.999924e-01
5.001480e-01
5.008749e-01
5.011489e-01
5.016810e-01
5.020168e-01
5.023797e-01
5.026401e-01
5.029629e-01
5.031676e-01
5.033061e-01
5.038844e-01
5.041628e-01
5.045353e-01
5.049531e-01
5.052257e-01
5.054032e-01
5.061097e-01
5.066590e-01
5.070877e-01
5.072938e-01
5.076617e-01
5.081074e-01
5.082103e-01
5.083138e-01
5.087096e-01
5.088692e-01
5.096928e-01
5.099695e-01
5.102722e-01
5.108323e-01
5.109425e-01
5.112222e-01
5.116282e-01
5.120693e-01
5.123817e-01
5.126927e-01
5.134777e-01
5.136007e-01
5.139891e-01
5.141013e-01
5.147351e-01
5.150190e-01
5.152375e-01
5.155630e-01
5.162289e-01
5.164692e-01
5.165371e-01
5.170399e-01
5.171583e-01
5.174324e-01
5.175872e-01
5.179681e-01
5.182386e-01
5.190109e-01
5.190693e-01
5.196885e-01
5.201367e-01
5.203439e-01
5.211454e-01
5.214315e-01
5.218154e-01
5.219501e-01
5.223375e-01
5.228336e-01
5.233744e-01
5.238476e-01
5.240657e-01
5.244156e-01
5.249687e-01
5.250983e-01
5.254491e-01
5.257071e-01
5.261270e-01
5.263785e-01
5.268173e-01
5.271365e-01
5.274898e-01
5.278123e-01
5.279511e-01
5.281564e-01
5.288463e-01
5.291376e-01
5.294238e-01
5.300922e-01
5.304429e-01
5.308156e-01
5.309452e-01
5.313286e-01
5.319449e-01
5.322073e-01
5.325781e-01
5.328532e-01
5.330895e-01
5.338863e-01
5.343217e-01
5.347532e-01
5.349560e-01
5.355608e-01
5.360270e-01
5.364232e-01
5.367143e-01
5.375007e-01
5.378831e-01
5.381885e-01
5.383801e-01
5.391907e-01
5.392604e-01
5.396264e-01
5.398169e-01
5.400538e-01
5.407115e-01
5.409922e-01
5.415685e-01
5.419738e-01
5.421523e-01
5.421929e-01
5.429246e-01
5.433553e-01
5.439552e-01
5.441316e-01
5.445710e-01
5.446220e-01
5.449595e-01
5.459019e-01
5.465606e-01
5.469274e-01
5.474635e-01
5.477436e-01
5.481446e-01
5.486922e-01
5.492153e-01
5.499230e-01
5.500879e-01
5.511487e-01
5.512731e-01
5.515733e-01
5.521324e-01
5.524862e-01
5.530886e-01
5.534355e-01
5.542862e-01
5.544680e-01
5.550338e-01
5.558870e-01
5.561972e-01
5.566099e-01
5.570868e-01
5.577367e-01
5.579666e-01
5.583996e-01
5.588693e-01
5.590383e-01
5.596211e-01
5.598390e-01
5.602529e-01
5.610693e-01
5.614771e-01
5.621518e-01
5.625684e-01
5.633778e-01
5.637257e-01
5.640110e-01
5.642632e-01
5.647441e-01
5.658375e-01
5.660214e-01
5.662873e-01
5.665475e-01
5.671531e-01
5.673330e-01
5.675766e-01
5.679501e-01
5.683118e-01
5.693132e-01
5.699659e-01
5.701512e-01
5.703987e-01
5.708591e-01
5.715069e-01
5.720818e-01
5.723310e-01
5.734548e-01
5.734915e-01
5.739986e-01
5.746245e-01
5.756263e-01
5.757263e-01
5.760078e-01
5.764911e-01
5.768798e-01
5.773211e-01
5.780254e-01
5.784004e-01
5.785272e-01
5.788466e-01
5.790673e-01
5.793660e-01
5.801202e-01
5.806154e-01
5.811376e-01
5.815839e-01
5.825441e-01
5.827217e-01
5.831669e-01
5.838004e-01
5.842769e-01
5.852101e-01
5.862312e-01
5.864802e-01
5.868702e-01
5.869955e-01
5.874446e-01
5.879851e-01
5.884889e-01
5.886378e-01
5.895399e-01
5.899190e-01
5.900188e-01
5.904358e-01
5.913432e-01
5.914237e-01
5.922608e-01
5.929933e-01
5.933710e-01
5.938892e-01
5.950174e-01
5.950942e-01
5.955435e-01
5.961045e-01
5.963899e-01
5.965919e-01
5.969772e-01
5.971003e-01
5.978024e-01
5.982048e-01
5.990562e-01
5.992247e-01
6.002209e-01
6.011695e-01
6.014736e-01
6.018580e-01
6.029680e-01
6.041411e-01
6.045294e-01
6.049013e-01
6.052186e-01
6.056782e-01
6.060042e-01
6.064172e-01
6.066470e-01
6.077429e-01
6.078565e-01
6.079911e-01
6.084634e-01
6.085948e-01
6.091797e-01
6.093168e-01
6.098622e-01
6.103089e-01
6.109399e-01
6.117740e-01
6.123300e-01
6.129817e-01
6.133083e-01
6.140163e-01
6.145507e-01
6.153287e-01
6.156381e-01
6.169232e-01
6.169613e-01
6.175557e-01
6.184653e-01
6.185790e-01
6.190138e-01
6.192026e-01
6.196924e-01
6.202647e-01
6.204539e-01
6.217755e-01
6.219025e-01
6.224704e-01
6.237494e-01
6.240679e-01
6.247892e-01
6.259402e-01
6.265211e-01
6.271049e-01
6.280702e-01
6.286925e-01
6.300189e-01
6.302095e-01
6.304258e-01
6.309631e-01
6.312568e-01
6.313166e-01
6.316536e-01
6.321722e-01
6.329324e-01
6.331774e-01
6.344413e-01
6.345127e-01
6.349256e-01
6.356221e-01
6.357686e-01
6.362639e-01
6.365506e-01
6.369635e-01
6.380230e-01
6.383162e-01
6.391387e-01
6.400838e-01
6.407121e-01
6.409812e-01
6.414177e-01
6.425777e-01
6.427583e-01
6.429646e-01
6.433163e-01
6.435083e-01
6.445289e-01
6.448107e-01
6.452224e-01
6.458893e-01
6.467915e-01
6.476414e-01
6.493568e-01
6.498737e-01
6.501502e-01
6.511149e-01
6.518370e-01
6.519783e-01
6.534166e-01
6.538239e-01
6.547866e-01
6.556824e-01
6.559878e-01
6.564628e-01
6.571414e-01
6.576498e-01
6.579781e-01
6.587542e-01
6.593128e-01
6.613854e-01
6.618399e-01
6.620160e-01
6.625563e-01
6.631804e-01
6.647410e-01
6.649767e-01
6.660602e-01
6.662204e-01
6.666530e-01
6.669529e-01
6.678301e-01
6.684095e-01
6.692788e-01
6.698544e-01
6.710281e-01
6.718204e-01
6.734209e-01
6.737351e-01
6.742991e-01
6.749502e-01
6.753618e-01
6.759590e-01
6.771657e-01
6.777757e-01
6.785088e-01
6.791214e-01
6.804638e-01
6.817776e-01
6.824835e-01
6.837528e-01
6.843730e-01
6.851280e-01
6.862451e-01
6.870770e-01
6.876169e-01
6.879159e-01
6.891688e-01
6.897506e-01
6.911267e-01
6.917022e-01
6.927595e-01
6.933203e-01
6.942781e-01
6.953731e-01
6.976517e-01
6.981571e-01
6.983999e-01
6.993326e-01
6.995558e-01
7.012151e-01
7.017343e-01
7.028318e-01
7.039256e-01
7.054103e-01
7.067324e-01
7.070054e-01
7.075290e-01
7.080189e-01
7.088467e-01
7.092516e-01
7.096431e-01
7.103216e-01
7.121617e-01
7.140650e-01
7.145187e-01
7.154343e-01
7.160451e-01
7.165012e-01
7.171407e-01
7.173336e-01
7.187250e-01
7.190434e-01
7.208553e-01
7.212812e-01
7.213337e-01
7.218838e-01
7.226799e-01
7.242393e-01
7.252165e-01
7.268532e-01
7.280003e-01
7.281241e-01
7.288126e-01
7.289031e-01
7.294570e-01
7.299936e-01
7.331839e-01
7.356610e-01
7.361331e-01
7.362520e-01
7.402794e-01
7.410581e-01
7.419369e-01
7.423639e-01
7.425048e-01
7.440609e-01
7.457234e-01
7.461808e-01
7.468077e-01
7.479261e-01
7.494822e-01
7.499996e-01
7.515119e-01
7.518841e-01
7.526237e-01
7.535434e-01
7.580467e-01
7.593981e-01
7.611993e-01
7.619384e-01
7.621694e-01
7.624490e-01
7.644246e-01
7.660396e-01
7.670386e-01
7.677146e-01
7.683478e-01
7.687601e-01
7.714623e-01
7.725532e-01
7.731680e-01
7.749622e-01
7.753771e-01
7.761082e-01
7.778825e-01
7.784551e-01
7.793187e-01
7.797604e-01
7.799366e-01
7.813476e-01
7.836977e-01
7.851898e-01
7.864377e-01
7.882959e-01
7.889812e-01
7.901709e-01
7.925307e-01
7.950129e-01
7.965019e-01
7.976203e-01
7.995285e-01
8.009816e-01
8.027155e-01
8.045216e-01
8.071632e-01
8.088387e-01
8.100127e-01
8.103654e-01
8.111669e-01
8.114572e-01
8.149586e-01
8.167795e-01
8.170868e-01
8.184539e-01
8.198660e-01
8.206410e-01
8.224407e-01
8.229650e-01
8.255624e-01
8.288254e-01
8.308594e-01
8.345915e-01
8.475448e-01
8.510057e-01
8.522597e-01
8.566732e-01
8.573551e-01
8.602922e-01
8.605785e-01
8.621611e-01
8.660365e-01
8.665584e-01
8.667236e-01
8.693695e-01
8.718652e-01
8.795026e-01
8.797824e-01
8.818999e-01
8.820294e-01
8.859275e-01
8.868469e-01
8.889210e-01
8.997364e-01
9.008284e-01
9.127651e-01
9.188060e-01
9.242921e-01
9.246311e-01
9.269373e-01
9.301202e-01
9.405666e-01
9.436941e-01
9.446656e-01
9.530751e-01
9.572813e-01
9.588601e-01
9.642900e-01
9.679393e-01
9.773130e-01
9.933731e-01
9.965821e-01
9.985376e-01
1.000000e+00
