== gauss_0.5_24_coarse_mult2_colored_banded.json  status=converged path=0.25->0.5
   solver: forcing=ew psitc=on mu0=1.0 mu_max=100.0 max_newton=120
  stage 0.25              from 0         converged        newton_steps=16 solves=16 gmres_total=   210 max=   49 median=    8.5
      r_F  [3.57e+00,2.01e+00,1.12e+00,5.82e-01,2.63e-01,1.12e-01,5.58e-02,3.49e-02,2.40e-02,1.52e-02,8.31e-03,3.41e-03,7.80e-04,4.75e-05,1.72e-07,2.25e-12,6.88e-15]
      eta  [1.00e-01,1.00e-01,1.00e-01,1.00e-01,1.00e-01,1.00e-01,1.00e-01,1.00e-01,1.00e-01,1.00e-01,1.00e-01,1.00e-01,4.72e-02,3.33e-03,1.18e-05,2.23e-02]
      mu   [1.00e+00,5.63e-01,3.15e-01,1.63e-01,7.35e-02,3.13e-02,1.56e-02,9.78e-03,6.72e-03,4.26e-03,2.33e-03,9.55e-04,2.19e-04,1.33e-05,4.81e-08,6.29e-13]
  stage 0.5               from 0.25      converged        newton_steps=16 solves=16 gmres_total=  1341 max=  400 median=   55.0
      r_F  [3.64e+00,2.00e+00,1.08e+00,5.42e-01,2.44e-01,1.10e-01,5.75e-02,3.69e-02,2.70e-02,1.86e-02,1.17e-02,6.11e-03,2.25e-03,3.81e-04,1.30e-05,1.68e-08,4.73e-14]
      eta  [1.00e-01,1.00e-01,1.00e-01,1.00e-01,1.00e-01,1.00e-01,1.00e-01,1.00e-01,1.00e-01,1.00e-01,1.00e-01,1.00e-01,1.00e-01,2.57e-02,1.06e-03,2.97e-06]
      mu   [1.00e+00,5.50e-01,2.97e-01,1.49e-01,6.70e-02,3.02e-02,1.58e-02,1.01e-02,7.40e-03,5.11e-03,3.22e-03,1.68e-03,6.19e-04,1.04e-04,3.58e-06,4.62e-09]
  TOTAL newton steps 32, linear solves 32, GMRES its 1551
== gauss_ch_0.5_24_coarse_mult2_colored_banded.json  status=converged path=0.25->0.5
   solver: forcing=ew psitc=on mu0=1.0 mu_max=100.0 max_newton=120
  stage 0.25              from 0         converged        newton_steps=16 solves=16 gmres_total=   209 max=   45 median=    7.0
      r_F  [4.13e+00,2.23e+00,1.20e+00,6.11e-01,2.89e-01,1.37e-01,7.23e-02,4.66e-02,3.30e-02,2.21e-02,1.30e-02,6.10e-03,1.86e-03,2.19e-04,3.29e-06,7.05e-10,7.24e-15]
      eta  [1.00e-01,1.00e-01,1.00e-01,1.00e-01,1.00e-01,1.00e-01,1.00e-01,1.00e-01,1.00e-01,1.00e-01,1.00e-01,1.00e-01,8.35e-02,1.25e-02,2.03e-04,7.09e-05]
      mu   [1.00e+00,5.40e-01,2.90e-01,1.48e-01,7.01e-02,3.31e-02,1.75e-02,1.13e-02,8.00e-03,5.35e-03,3.15e-03,1.48e-03,4.50e-04,5.31e-05,7.97e-07,1.71e-10]
  stage 0.5               from 0.25      converged        newton_steps=17 solves=17 gmres_total=  1732 max=  500 median=   74.0
      r_F  [4.10e+00,2.20e+00,1.17e+00,5.96e-01,2.91e-01,1.44e-01,7.84e-02,5.24e-02,4.04e-02,3.02e-02,2.10e-02,1.32e-02,7.03e-03,2.55e-03,4.25e-04,1.91e-05,1.27e-08,4.01e-14]
      eta  [1.00e-01,1.00e-01,1.00e-01,1.00e-01,1.00e-01,1.00e-01,1.00e-01,1.00e-01,1.00e-01,1.00e-01,1.00e-01,1.00e-01,1.00e-01,1.00e-01,2.50e-02,1.81e-03,3.94e-06]
      mu   [1.00e+00,5.35e-01,2.85e-01,1.45e-01,7.08e-02,3.50e-02,1.91e-02,1.28e-02,9.85e-03,7.35e-03,5.11e-03,3.21e-03,1.71e-03,6.21e-04,1.04e-04,4.65e-06,3.09e-09]
  TOTAL newton steps 33, linear solves 33, GMRES its 1941
