case                    stage       from          k    mu_kind         mu       prec        its     status        rel          K  rcond_est      t_asm       t_lu   t_app_ms        t_s
# gauss_ch_0.5_24_k0.json: gauss_ch_0.5_24 stage=0.5 from=0.375 k=0 r_F=2.052181942760179 merit=2.052181942760179 mu_SER=1.0
gauss_ch_0.5_24           0.5      0.375          0        ser   1.00e+00         pa         28  converged   8.85e-10          -          -          -          -          -        0.0
      curve: 8.85e-10
gauss_ch_0.5_24           0.5      0.375          0        ser   1.00e+00      mult1         25  converged   9.62e-10       1152   1.01e-02       0.79       0.05       2.07        0.1
      curve: 9.62e-10
gauss_ch_0.5_24           0.5      0.375          0        ser   1.00e+00      mult2         25  converged   6.79e-10       2304   2.77e-04       1.59       0.51       5.33        0.2
      curve: 6.79e-10
gauss_ch_0.5_24           0.5      0.375          0        ser   1.00e+00       add1         30  converged   9.26e-10       1152   1.01e-02       0.79       0.05       1.62        0.1
      curve: 9.26e-10
gauss_ch_0.5_24           0.5      0.375          0       zero   0.00e+00         pa       1800  converged   9.58e-09          -          -          -          -          -        4.5
      curve: 1.01e-02 2.86e-03 9.38e-04 3.42e-04 1.23e-04 4.95e-05 1.58e-05 6.64e-06 3.66e-06 1.78e-06 8.89e-07 4.41e-07 2.40e-07 1.17e-07 6.47e-08 3.44e-08 1.66e-08 9.58e-09
gauss_ch_0.5_24           0.5      0.375          0       zero   0.00e+00      mult1        398  converged   9.55e-10       1152   2.39e-04       0.78       0.05       2.05        1.6
      curve: 2.70e-04 3.60e-06 6.76e-08 9.55e-10
gauss_ch_0.5_24           0.5      0.375          0       zero   0.00e+00      mult2        151  converged   9.71e-10       2304   1.25e-05       1.58       0.49       5.18        1.0
      curve: 1.19e-07 9.71e-10
gauss_ch_0.5_24           0.5      0.375          0       zero   0.00e+00       add1        700  converged   4.03e-09       1152   2.39e-04       0.78       0.05       1.59        2.4
      curve: 2.10e-03 1.87e-04 2.02e-05 2.35e-06 3.32e-07 3.55e-08 4.03e-09
# gauss_ch_0.5_24_k1.json: gauss_ch_0.5_24 stage=0.5 from=0.375 k=1 r_F=1.1015429674279744 merit=1.1015429674279744 mu_SER=0.5367667186206708
gauss_ch_0.5_24           0.5      0.375          1        ser   5.37e-01         pa         43  converged   6.92e-10          -          -          -          -          -        0.1
      curve: 6.92e-10
gauss_ch_0.5_24           0.5      0.375          1        ser   5.37e-01      mult1         37  converged   8.70e-10       1152   4.85e-03       0.79       0.05       2.02        0.1
      curve: 8.70e-10
gauss_ch_0.5_24           0.5      0.375          1        ser   5.37e-01      mult2         36  converged   8.83e-10       2304   1.56e-04       1.60       0.54       5.36        0.2
      curve: 8.83e-10
gauss_ch_0.5_24           0.5      0.375          1        ser   5.37e-01       add1         43  converged   7.76e-10       1152   4.85e-03       0.79       0.05       1.63        0.1
      curve: 7.76e-10
gauss_ch_0.5_24           0.5      0.375          1       zero   0.00e+00         pa       4500  converged   9.01e-09          -          -          -          -          -       11.4
      curve: 2.44e-02 8.81e-03 4.93e-03 2.92e-03 1.81e-03 1.12e-03 7.17e-04 4.67e-04 3.00e-04 2.13e-04 1.49e-04 1.03e-04 7.97e-05 6.13e-05 4.71e-05 3.52e-05 2.72e-05 2.15e-05 1.65e-05 1.27e-05 9.81e-06 7.85e-06 5.93e-06 4.50e-06 3.60e-06 2.89e-06 2.15e-06 1.71e-06 1.36e-06 1.07e-06 8.39e-07 5.36e-07 4.03e-07 2.76e-07 1.90e-07 1.48e-07 1.05e-07 8.00e-08 6.38e-08 4.92e-08 3.85e-08 2.78e-08 1.93e-08 1.26e-08 9.01e-09
gauss_ch_0.5_24           0.5      0.375          1       zero   0.00e+00      mult1        500  converged   3.09e-09       1152   2.31e-04       0.78       0.05       2.03        2.0
      curve: 1.22e-03 3.95e-05 1.84e-06 7.15e-08 3.09e-09
gauss_ch_0.5_24           0.5      0.375          1       zero   0.00e+00      mult2        163  converged   9.82e-10       2304   1.28e-05       1.58       0.49       5.18        1.1
      curve: 3.94e-07 9.82e-10
gauss_ch_0.5_24           0.5      0.375          1       zero   0.00e+00       add1       1100  converged   5.87e-09       1152   2.31e-04       0.78       0.05       1.58        3.8
      curve: 8.12e-03 1.33e-03 3.00e-04 7.05e-05 1.47e-05 4.04e-06 1.25e-06 3.13e-07 8.30e-08 2.29e-08 5.87e-09
# gauss_ch_0.5_24_k8.json: gauss_ch_0.5_24 stage=0.5 from=0.375 k=8 r_F=0.020913002904321108 merit=0.020913002904321108 mu_SER=0.010190618321196793
gauss_ch_0.5_24           0.5      0.375          8        ser   1.02e-02         pa       6000 max_iterations   7.45e-02          -          -          -          -          -       15.3
      curve: 4.14e-01 3.49e-01 3.26e-01 3.11e-01 3.01e-01 2.82e-01 2.42e-01 2.29e-01 2.17e-01 2.05e-01 1.94e-01 1.86e-01 1.82e-01 1.77e-01 1.60e-01 1.49e-01 1.39e-01 1.32e-01 1.28e-01 1.22e-01 1.18e-01 1.12e-01 1.04e-01 1.01e-01 9.96e-02 9.68e-02 9.57e-02 9.47e-02 9.27e-02 9.15e-02 9.06e-02 9.03e-02 8.98e-02 8.90e-02 8.82e-02 8.72e-02 8.59e-02 8.17e-02 7.91e-02 7.82e-02 7.80e-02 7.79e-02 7.78e-02 7.76e-02 7.70e-02 7.58e-02 7.52e-02 7.50e-02 7.50e-02 7.49e-02 7.49e-02 7.49e-02 7.49e-02 7.49e-02 7.48e-02 7.48e-02 7.48e-02 7.48e-02 7.47e-02 7.45e-02
gauss_ch_0.5_24           0.5      0.375          8        ser   1.02e-02      mult1       6000 max_iterations   1.76e-08       1152   2.27e-04       0.79       0.05       2.03       23.5
      curve: 2.76e-01 2.04e-01 1.09e-01 7.27e-02 6.00e-02 4.15e-02 3.54e-02 2.71e-02 1.73e-02 1.54e-02 1.07e-02 5.56e-03 4.66e-03 4.11e-03 2.91e-03 2.27e-03 1.46e-03 9.88e-04 8.88e-04 6.30e-04 5.48e-04 5.02e-04 4.44e-04 3.15e-04 2.72e-04 2.41e-04 2.14e-04 1.55e-04 1.33e-04 1.16e-04 1.01e-04 7.15e-05 5.96e-05 5.30e-05 4.07e-05 1.98e-05 1.53e-05 1.38e-05 8.40e-06 4.90e-06 3.54e-06 2.83e-06 2.40e-06 1.66e-06 1.36e-06 1.17e-06 8.69e-07 4.95e-07 3.59e-07 3.26e-07 2.73e-07 1.91e-07 1.73e-07 1.60e-07 1.10e-07 5.56e-08 3.87e-08 3.43e-08 2.26e-08 1.76e-08
gauss_ch_0.5_24           0.5      0.375          8        ser   1.02e-02      mult2        287  converged   9.27e-10       2304   5.28e-06       1.59       0.49       5.20        2.0
      curve: 4.25e-04 3.19e-07 9.27e-10
gauss_ch_0.5_24           0.5      0.375          8        ser   1.02e-02       add1       6000 max_iterations   1.31e-03       1152   2.27e-04       0.79       0.05       1.57       20.8
      curve: 3.37e-01 2.54e-01 2.12e-01 1.91e-01 1.64e-01 1.44e-01 1.21e-01 1.03e-01 8.86e-02 7.94e-02 6.80e-02 6.07e-02 5.71e-02 5.38e-02 5.05e-02 4.69e-02 4.45e-02 4.17e-02 3.89e-02 3.55e-02 3.27e-02 2.87e-02 2.60e-02 2.27e-02 1.98e-02 1.75e-02 1.50e-02 1.39e-02 1.29e-02 1.21e-02 1.15e-02 1.06e-02 9.87e-03 9.05e-03 8.32e-03 7.71e-03 7.13e-03 6.68e-03 6.22e-03 5.75e-03 5.29e-03 4.90e-03 4.59e-03 4.27e-03 3.95e-03 3.65e-03 3.33e-03 3.12e-03 2.89e-03 2.71e-03 2.50e-03 2.33e-03 2.19e-03 2.05e-03 1.91e-03 1.77e-03 1.63e-03 1.50e-03 1.40e-03 1.31e-03
gauss_ch_0.5_24           0.5      0.375          8       zero   0.00e+00         pa       2900 stagnation   8.15e-01          -          -          -          -          -        7.3
      curve: 8.55e-01 8.23e-01 8.17e-01 8.16e-01 8.16e-01 8.16e-01 8.16e-01 8.15e-01 8.15e-01 8.15e-01 8.15e-01 8.15e-01 8.15e-01 8.15e-01 8.15e-01 8.15e-01 8.15e-01 8.15e-01 8.15e-01 8.15e-01 8.15e-01 8.15e-01 8.15e-01 8.15e-01 8.15e-01 8.15e-01 8.15e-01 8.15e-01 8.15e-01
gauss_ch_0.5_24           0.5      0.375          8       zero   0.00e+00      mult1       6000 max_iterations   1.26e-02       1152   1.29e-04       0.78       0.09       2.25       24.8
      curve: 7.29e-01 6.54e-01 6.29e-01 6.08e-01 6.01e-01 5.98e-01 5.95e-01 5.91e-01 5.73e-01 5.05e-01 4.24e-01 3.06e-01 2.67e-01 2.49e-01 2.33e-01 2.15e-01 2.02e-01 1.86e-01 1.73e-01 1.60e-01 1.51e-01 1.36e-01 1.26e-01 1.17e-01 1.05e-01 1.00e-01 9.38e-02 8.73e-02 8.14e-02 7.57e-02 7.13e-02 6.41e-02 5.68e-02 5.36e-02 5.03e-02 4.67e-02 4.34e-02 4.11e-02 3.88e-02 3.64e-02 3.52e-02 3.30e-02 3.06e-02 2.95e-02 2.78e-02 2.60e-02 2.51e-02 2.38e-02 2.22e-02 2.14e-02 2.02e-02 1.89e-02 1.81e-02 1.72e-02 1.62e-02 1.52e-02 1.46e-02 1.39e-02 1.32e-02 1.26e-02
gauss_ch_0.5_24           0.5      0.375          8       zero   0.00e+00      mult2        492  converged   9.47e-10       2304   1.04e-06       1.58       0.49       5.24        3.5
      curve: 1.68e-02 1.69e-04 2.16e-06 3.26e-08 9.47e-10
gauss_ch_0.5_24           0.5      0.375          8       zero   0.00e+00       add1       5200 stagnation   7.18e-01       1152   1.29e-04       0.78       0.06       1.58       18.0
      curve: 8.27e-01 8.10e-01 8.07e-01 8.05e-01 8.04e-01 8.03e-01 8.01e-01 7.98e-01 7.85e-01 7.69e-01 7.67e-01 7.62e-01 7.50e-01 7.41e-01 7.33e-01 7.20e-01 7.19e-01 7.18e-01 7.18e-01 7.18e-01 7.18e-01 7.18e-01 7.18e-01 7.18e-01 7.18e-01 7.18e-01 7.18e-01 7.18e-01 7.18e-01 7.18e-01 7.18e-01 7.18e-01 7.18e-01 7.18e-01 7.18e-01 7.18e-01 7.18e-01 7.18e-01 7.18e-01 7.18e-01 7.18e-01 7.18e-01 7.18e-01 7.18e-01 7.18e-01 7.18e-01 7.18e-01 7.18e-01 7.18e-01 7.18e-01 7.18e-01 7.18e-01
# gauss_ch_0.5_24_k1_psitcoff.json: gauss_ch_0.5_24 stage=0.5 from=0.375 k=1 r_F=0.10181418041236806 merit=0.10181418041236806 mu_SER=0.0
gauss_ch_0.5_24           0.5      0.375          1        ser   0.00e+00         pa       6000 max_iterations   3.90e-01          -          -          -          -          -       15.1
      curve: 5.45e-01 4.66e-01 4.31e-01 4.06e-01 3.94e-01 3.93e-01 3.93e-01 3.93e-01 3.92e-01 3.92e-01 3.92e-01 3.92e-01 3.91e-01 3.91e-01 3.91e-01 3.91e-01 3.91e-01 3.91e-01 3.91e-01 3.91e-01 3.90e-01 3.90e-01 3.90e-01 3.90e-01 3.90e-01 3.90e-01 3.90e-01 3.90e-01 3.90e-01 3.90e-01 3.90e-01 3.90e-01 3.90e-01 3.90e-01 3.90e-01 3.90e-01 3.90e-01 3.90e-01 3.90e-01 3.90e-01 3.90e-01 3.90e-01 3.90e-01 3.90e-01 3.90e-01 3.90e-01 3.90e-01 3.90e-01 3.90e-01 3.90e-01 3.90e-01 3.90e-01 3.90e-01 3.90e-01 3.90e-01 3.90e-01 3.90e-01 3.90e-01 3.90e-01 3.90e-01
gauss_ch_0.5_24           0.5      0.375          1        ser   0.00e+00      mult1       6000 max_iterations   2.21e-02       1152   1.56e-04       0.78       0.05       2.05       23.5
      curve: 4.10e-01 3.42e-01 2.54e-01 2.29e-01 1.90e-01 1.82e-01 1.62e-01 1.59e-01 1.58e-01 1.56e-01 1.41e-01 1.36e-01 1.33e-01 1.31e-01 1.30e-01 1.25e-01 1.03e-01 9.67e-02 9.20e-02 8.56e-02 8.09e-02 7.92e-02 7.64e-02 7.30e-02 7.08e-02 6.91e-02 6.83e-02 6.57e-02 6.20e-02 5.73e-02 5.38e-02 5.20e-02 4.88e-02 4.75e-02 4.67e-02 4.42e-02 4.23e-02 4.06e-02 3.95e-02 3.89e-02 3.68e-02 3.39e-02 3.27e-02 3.23e-02 3.19e-02 3.08e-02 3.04e-02 2.98e-02 2.86e-02 2.76e-02 2.66e-02 2.62e-02 2.58e-02 2.56e-02 2.47e-02 2.37e-02 2.36e-02 2.30e-02 2.26e-02 2.21e-02
gauss_ch_0.5_24           0.5      0.375          1        ser   0.00e+00      mult2        500  converged   2.35e-09       2304   3.00e-06       1.59       0.75       6.92        4.4
      curve: 8.94e-03 1.69e-04 4.10e-06 9.60e-08 2.35e-09
gauss_ch_0.5_24           0.5      0.375          1        ser   0.00e+00       add1       4100 stagnation   2.68e-01       1152   1.56e-04       0.78       0.08       1.62       14.3
      curve: 4.48e-01 3.81e-01 3.28e-01 3.04e-01 2.94e-01 2.88e-01 2.87e-01 2.76e-01 2.72e-01 2.71e-01 2.70e-01 2.69e-01 2.69e-01 2.68e-01 2.68e-01 2.68e-01 2.68e-01 2.68e-01 2.68e-01 2.68e-01 2.68e-01 2.68e-01 2.68e-01 2.68e-01 2.68e-01 2.68e-01 2.68e-01 2.68e-01 2.68e-01 2.68e-01 2.68e-01 2.68e-01 2.68e-01 2.68e-01 2.68e-01 2.68e-01 2.68e-01 2.68e-01 2.68e-01 2.68e-01 2.68e-01
# gauss_0.5_24_k0.json: gauss_0.5_24 stage=0.5 from=0.4375 k=0 r_F=0.9055483173413849 merit=0.9057642705876924 mu_SER=1.0
gauss_0.5_24              0.5     0.4375          0        ser   1.00e+00         pa         35  converged   7.39e-10          -          -          -          -          -        0.1
      curve: 7.39e-10
gauss_0.5_24              0.5     0.4375          0        ser   1.00e+00      mult1         31  converged   9.11e-10       1152   1.07e-02       0.79       0.07       2.51        0.1
      curve: 9.11e-10
gauss_0.5_24              0.5     0.4375          0        ser   1.00e+00      mult2         31  converged   6.22e-10       2304   3.49e-04       1.59       0.51       5.17        0.2
      curve: 6.22e-10
gauss_0.5_24              0.5     0.4375          0        ser   1.00e+00       add1         36  converged   8.18e-10       1152   1.07e-02       0.79       0.05       1.60        0.1
      curve: 8.18e-10
gauss_0.5_24              0.5     0.4375          0       zero   0.00e+00         pa       6000 max_iterations   5.97e-08          -          -          -          -          -       15.2
      curve: 1.92e-02 1.25e-02 7.47e-03 5.42e-03 4.29e-03 2.97e-03 1.77e-03 1.27e-03 8.11e-04 6.87e-04 5.37e-04 4.17e-04 3.19e-04 2.30e-04 1.73e-04 1.19e-04 9.47e-05 7.34e-05 6.10e-05 5.21e-05 4.36e-05 3.66e-05 3.07e-05 2.51e-05 2.27e-05 1.97e-05 1.66e-05 1.41e-05 1.18e-05 1.00e-05 8.72e-06 7.29e-06 6.06e-06 4.85e-06 4.25e-06 3.58e-06 2.97e-06 2.39e-06 2.03e-06 1.72e-06 1.47e-06 1.17e-06 9.55e-07 7.83e-07 6.45e-07 5.27e-07 4.24e-07 3.42e-07 2.65e-07 2.21e-07 1.89e-07 1.63e-07 1.35e-07 1.18e-07 1.07e-07 9.66e-08 8.33e-08 7.29e-08 6.59e-08 5.97e-08
gauss_0.5_24              0.5     0.4375          0       zero   0.00e+00      mult1        600  converged   1.84e-09       1152   2.50e-04       0.78       0.05       2.03        2.3
      curve: 1.07e-03 5.59e-05 3.38e-06 2.90e-07 2.34e-08 1.84e-09
gauss_0.5_24              0.5     0.4375          0       zero   0.00e+00      mult2        276  converged   9.85e-10       2304   1.17e-05       1.58       0.50       5.22        1.9
      curve: 3.66e-05 6.15e-08 9.85e-10
gauss_0.5_24              0.5     0.4375          0       zero   0.00e+00       add1       1400  converged   2.81e-09       1152   2.50e-04       0.78       0.06       1.58        4.8
      curve: 8.02e-03 1.62e-03 4.55e-04 1.40e-04 5.17e-05 1.75e-05 6.33e-06 1.48e-06 5.19e-07 1.67e-07 5.87e-08 2.30e-08 1.02e-08 2.81e-09
# gauss_0.5_24_k1.json: gauss_0.5_24 stage=0.5 from=0.4375 k=1 r_F=0.497610088539967 merit=0.49761122208384617 mu_SER=0.5493827017055752
gauss_0.5_24              0.5     0.4375          1        ser   5.49e-01         pa         53  converged   8.63e-10          -          -          -          -          -        0.1
      curve: 8.63e-10
gauss_0.5_24              0.5     0.4375          1        ser   5.49e-01      mult1         45  converged   6.50e-10       1152   5.73e-03       0.79       0.05       2.05        0.1
      curve: 6.50e-10
gauss_0.5_24              0.5     0.4375          1        ser   5.49e-01      mult2         43  converged   6.47e-10       2304   1.86e-04       1.59       0.49       5.10        0.3
      curve: 6.47e-10
gauss_0.5_24              0.5     0.4375          1        ser   5.49e-01       add1         51  converged   7.89e-10       1152   5.73e-03       0.79       0.05       1.59        0.1
      curve: 7.89e-10
gauss_0.5_24              0.5     0.4375          1       zero   0.00e+00         pa       6000 max_iterations   2.92e-06          -          -          -          -          -       15.2
      curve: 3.05e-02 2.12e-02 1.56e-02 1.09e-02 8.23e-03 6.80e-03 5.54e-03 4.97e-03 4.36e-03 3.71e-03 3.15e-03 2.72e-03 2.35e-03 2.09e-03 1.83e-03 1.54e-03 1.30e-03 1.15e-03 1.03e-03 9.24e-04 8.19e-04 7.19e-04 6.15e-04 5.19e-04 4.49e-04 3.89e-04 3.19e-04 2.76e-04 2.34e-04 1.84e-04 1.44e-04 1.11e-04 8.07e-05 6.45e-05 5.47e-05 4.62e-05 3.69e-05 3.19e-05 2.82e-05 2.51e-05 2.26e-05 2.01e-05 1.80e-05 1.59e-05 1.42e-05 1.30e-05 1.18e-05 1.05e-05 9.37e-06 8.17e-06 7.24e-06 6.49e-06 5.87e-06 5.35e-06 4.70e-06 4.29e-06 3.93e-06 3.47e-06 3.18e-06 2.92e-06
gauss_0.5_24              0.5     0.4375          1       zero   0.00e+00      mult1        700  converged   1.37e-09       1152   2.65e-04       0.78       0.08       2.21        2.9
      curve: 2.56e-03 1.85e-04 1.65e-05 1.43e-06 1.50e-07 1.31e-08 1.37e-09
gauss_0.5_24              0.5     0.4375          1       zero   0.00e+00      mult2        300  converged   1.45e-09       2304   1.19e-05       1.58       0.49       5.23        2.1
      curve: 1.15e-04 4.27e-07 1.45e-09
gauss_0.5_24              0.5     0.4375          1       zero   0.00e+00       add1       1800  converged   5.91e-09       1152   2.65e-04       0.78       0.06       1.58        6.2
      curve: 1.42e-02 3.94e-03 1.20e-03 4.08e-04 1.67e-04 7.61e-05 3.86e-05 1.75e-05 8.51e-06 3.98e-06 1.92e-06 8.56e-07 4.10e-07 1.69e-07 7.31e-08 3.06e-08 1.26e-08 5.91e-09
# gauss_0.5_24_k8.json: gauss_0.5_24 stage=0.5 from=0.4375 k=8 r_F=0.00657830732724245 merit=0.006578325110759464 mu_SER=0.007262734162047715
gauss_0.5_24              0.5     0.4375          8        ser   7.26e-03         pa       6000 max_iterations   3.28e-02          -          -          -          -          -       15.2
      curve: 5.25e-01 5.19e-01 5.18e-01 5.14e-01 4.94e-01 4.81e-01 4.65e-01 4.40e-01 4.18e-01 3.84e-01 3.58e-01 3.46e-01 3.17e-01 3.03e-01 2.94e-01 2.80e-01 2.44e-01 2.17e-01 2.07e-01 2.01e-01 1.87e-01 1.74e-01 1.67e-01 1.62e-01 1.57e-01 1.48e-01 1.38e-01 1.36e-01 1.31e-01 1.22e-01 1.18e-01 1.13e-01 1.11e-01 1.05e-01 9.57e-02 9.35e-02 8.87e-02 8.61e-02 8.47e-02 7.93e-02 7.79e-02 7.71e-02 7.50e-02 7.36e-02 6.84e-02 6.40e-02 6.21e-02 6.11e-02 5.72e-02 5.53e-02 5.41e-02 5.26e-02 5.20e-02 4.85e-02 4.58e-02 4.45e-02 3.99e-02 3.52e-02 3.45e-02 3.28e-02
gauss_0.5_24              0.5     0.4375          8        ser   7.26e-03      mult1       1300  converged   3.20e-09       1152   2.05e-05       0.79       0.08       2.48        5.7
      curve: 1.54e-01 2.55e-02 5.58e-03 1.32e-03 3.27e-04 8.29e-05 1.91e-05 4.40e-06 9.87e-07 2.49e-07 6.00e-08 1.29e-08 3.20e-09
gauss_0.5_24              0.5     0.4375          8        ser   7.26e-03      mult2        368  converged   9.42e-10       2304   2.22e-05       1.60       0.54       5.30        2.6
      curve: 2.50e-03 6.51e-06 1.73e-08 9.42e-10
gauss_0.5_24              0.5     0.4375          8        ser   7.26e-03       add1       6000 max_iterations   3.08e-05       1152   2.05e-05       0.79       0.05       1.58       20.8
      curve: 4.90e-01 2.92e-01 2.35e-01 1.88e-01 1.60e-01 1.24e-01 1.02e-01 8.30e-02 6.91e-02 5.83e-02 4.81e-02 4.29e-02 3.60e-02 3.16e-02 2.71e-02 2.32e-02 2.03e-02 1.73e-02 1.57e-02 1.42e-02 1.24e-02 1.13e-02 1.01e-02 8.52e-03 7.40e-03 6.64e-03 5.97e-03 5.11e-03 4.68e-03 4.16e-03 3.68e-03 3.06e-03 2.66e-03 2.38e-03 2.10e-03 1.81e-03 1.61e-03 1.39e-03 1.19e-03 1.08e-03 9.78e-04 7.50e-04 6.11e-04 5.00e-04 4.25e-04 3.69e-04 3.27e-04 2.81e-04 2.41e-04 2.15e-04 1.90e-04 1.45e-04 1.21e-04 9.71e-05 7.54e-05 6.22e-05 4.96e-05 4.30e-05 3.78e-05 3.08e-05
gauss_0.5_24              0.5     0.4375          8       zero   0.00e+00         pa       6000 max_iterations   9.09e-01          -          -          -          -          -       15.2
      curve: 9.42e-01 9.36e-01 9.32e-01 9.29e-01 9.26e-01 9.23e-01 9.21e-01 9.17e-01 9.15e-01 9.15e-01 9.14e-01 9.11e-01 9.10e-01 9.10e-01 9.10e-01 9.10e-01 9.09e-01 9.09e-01 9.09e-01 9.09e-01 9.09e-01 9.09e-01 9.09e-01 9.09e-01 9.09e-01 9.09e-01 9.09e-01 9.09e-01 9.09e-01 9.09e-01 9.09e-01 9.09e-01 9.09e-01 9.09e-01 9.09e-01 9.09e-01 9.09e-01 9.09e-01 9.09e-01 9.09e-01 9.09e-01 9.09e-01 9.09e-01 9.09e-01 9.09e-01 9.09e-01 9.09e-01 9.09e-01 9.09e-01 9.09e-01 9.09e-01 9.09e-01 9.09e-01 9.09e-01 9.09e-01 9.09e-01 9.09e-01 9.09e-01 9.09e-01 9.09e-01
gauss_0.5_24              0.5     0.4375          8       zero   0.00e+00      mult1       3600  converged   7.06e-09       1152   1.39e-05       0.78       0.05       2.04       14.1
      curve: 6.05e-01 4.31e-01 2.35e-01 1.21e-01 6.06e-02 3.41e-02 2.29e-02 1.28e-02 8.10e-03 4.67e-03 2.86e-03 1.78e-03 1.13e-03 6.42e-04 3.53e-04 1.67e-04 9.21e-05 5.51e-05 3.25e-05 2.05e-05 1.34e-05 6.54e-06 3.71e-06 2.26e-06 1.33e-06 8.00e-07 5.19e-07 3.08e-07 1.95e-07 1.22e-07 7.49e-08 4.66e-08 2.95e-08 1.95e-08 1.14e-08 7.06e-09
gauss_0.5_24              0.5     0.4375          8       zero   0.00e+00      mult2        496  converged   9.51e-10       2304   1.17e-06       1.58       0.51       5.75        3.8
      curve: 2.27e-02 2.77e-04 3.82e-06 5.29e-08 9.51e-10
gauss_0.5_24              0.5     0.4375          8       zero   0.00e+00       add1       6000 max_iterations   3.67e-02       1152   1.39e-05       0.78       0.08       1.73       21.7
      curve: 8.66e-01 8.63e-01 8.62e-01 8.61e-01 8.60e-01 8.58e-01 8.58e-01 8.58e-01 8.47e-01 8.39e-01 8.29e-01 8.21e-01 8.21e-01 8.19e-01 8.16e-01 8.12e-01 8.08e-01 8.06e-01 7.98e-01 7.88e-01 7.87e-01 7.84e-01 7.83e-01 7.72e-01 7.59e-01 7.57e-01 7.51e-01 7.42e-01 7.35e-01 7.25e-01 6.73e-01 5.67e-01 4.77e-01 4.08e-01 3.57e-01 3.10e-01 2.58e-01 2.26e-01 2.04e-01 1.83e-01 1.70e-01 1.56e-01 1.45e-01 1.26e-01 1.09e-01 1.05e-01 1.01e-01 9.38e-02 8.56e-02 7.48e-02 6.96e-02 6.69e-02 6.03e-02 5.70e-02 5.14e-02 4.78e-02 4.70e-02 4.32e-02 3.92e-02 3.67e-02
# generic3d_1_16_k0.json: generic3d_1_16 stage=0.75 from=0.625 k=0 r_F=0.8850716472655091 merit=0.894372206416869 mu_SER=1.0
generic3d_1_16           0.75      0.625          0        ser   1.00e+00         pa         43  converged   9.12e-10          -          -          -          -          -        0.0
      curve: 9.12e-10
generic3d_1_16           0.75      0.625          0        ser   1.00e+00      mult1         41  converged   7.16e-10        512   1.56e-02       0.10       0.01       0.74        0.1
      curve: 7.16e-10
generic3d_1_16           0.75      0.625          0        ser   1.00e+00      mult2         36  converged   7.46e-10       1024   3.71e-04       0.20       0.07       1.27        0.1
      curve: 7.46e-10
generic3d_1_16           0.75      0.625          0        ser   1.00e+00       add1         44  converged   8.16e-10        512   1.56e-02       0.10       0.01       0.60        0.1
      curve: 8.16e-10
generic3d_1_16           0.75      0.625          0       zero   0.00e+00         pa       6000 max_iterations   1.52e-08          -          -          -          -          -        8.3
      curve: 2.64e-02 1.31e-02 8.04e-03 5.93e-03 3.81e-03 2.79e-03 2.29e-03 1.79e-03 1.42e-03 1.16e-03 9.50e-04 7.57e-04 5.73e-04 4.54e-04 3.78e-04 3.17e-04 2.53e-04 1.89e-04 1.48e-04 1.23e-04 9.86e-05 7.79e-05 5.87e-05 4.45e-05 3.68e-05 3.19e-05 2.67e-05 2.03e-05 1.48e-05 1.19e-05 9.97e-06 7.97e-06 6.32e-06 5.00e-06 4.18e-06 3.39e-06 2.75e-06 2.19e-06 1.71e-06 1.35e-06 1.08e-06 8.49e-07 6.44e-07 5.02e-07 4.16e-07 3.53e-07 2.94e-07 2.33e-07 1.76e-07 1.39e-07 1.15e-07 8.96e-08 6.72e-08 5.07e-08 4.02e-08 3.41e-08 2.93e-08 2.43e-08 1.90e-08 1.52e-08
generic3d_1_16           0.75      0.625          0       zero   0.00e+00      mult1        400  converged   4.10e-09        512   8.16e-05       0.10       0.01       0.73        0.7
      curve: 1.16e-03 1.87e-05 1.64e-07 4.10e-09
generic3d_1_16           0.75      0.625          0       zero   0.00e+00      mult2        200  converged   3.06e-09       1024   5.98e-06       0.20       0.07       1.26        0.5
      curve: 1.86e-05 3.06e-09
generic3d_1_16           0.75      0.625          0       zero   0.00e+00       add1        900  converged   3.30e-09        512   8.16e-05       0.10       0.01       0.60        1.4
      curve: 7.30e-03 1.35e-03 2.78e-04 4.10e-05 9.50e-06 1.06e-06 1.80e-07 3.03e-08 3.30e-09
# generic3d_1_16_k1.json: generic3d_1_16 stage=0.75 from=0.625 k=1 r_F=0.5232458406882926 merit=0.5233112539760859 mu_SER=0.5851157384157009
generic3d_1_16           0.75      0.625          1        ser   5.85e-01         pa         61  converged   7.83e-10          -          -          -          -          -        0.1
      curve: 7.83e-10
generic3d_1_16           0.75      0.625          1        ser   5.85e-01      mult1         52  converged   9.37e-10        512   9.20e-03       0.10       0.01       0.73        0.1
      curve: 9.37e-10
generic3d_1_16           0.75      0.625          1        ser   5.85e-01      mult2         44  converged   6.87e-10       1024   2.27e-04       0.20       0.06       1.28        0.1
      curve: 6.87e-10
generic3d_1_16           0.75      0.625          1        ser   5.85e-01       add1         58  converged   9.87e-10        512   9.20e-03       0.10       0.01       0.61        0.1
      curve: 9.87e-10
generic3d_1_16           0.75      0.625          1       zero   0.00e+00         pa       6000 max_iterations   3.18e-08          -          -          -          -          -        8.4
      curve: 3.81e-02 2.64e-02 1.88e-02 1.38e-02 1.10e-02 8.69e-03 6.82e-03 5.48e-03 4.70e-03 3.86e-03 3.15e-03 2.41e-03 1.85e-03 1.49e-03 1.17e-03 9.27e-04 6.97e-04 5.26e-04 4.17e-04 3.32e-04 2.62e-04 2.10e-04 1.66e-04 1.33e-04 1.09e-04 8.96e-05 7.23e-05 6.03e-05 4.92e-05 3.26e-05 2.17e-05 1.76e-05 1.40e-05 1.14e-05 9.06e-06 7.27e-06 5.95e-06 4.69e-06 3.79e-06 3.06e-06 2.53e-06 2.13e-06 1.79e-06 1.50e-06 1.22e-06 9.57e-07 7.16e-07 5.40e-07 4.03e-07 3.20e-07 2.59e-07 2.14e-07 1.77e-07 1.45e-07 1.16e-07 9.25e-08 6.84e-08 5.02e-08 4.05e-08 3.18e-08
generic3d_1_16           0.75      0.625          1       zero   0.00e+00      mult1        484  converged   9.54e-10        512   8.33e-05       0.10       0.01       0.72        0.8
      curve: 2.61e-03 4.50e-05 7.46e-07 1.52e-08 9.54e-10
generic3d_1_16           0.75      0.625          1       zero   0.00e+00      mult2        264  converged   9.41e-10       1024   7.10e-06       0.20       0.06       1.26        0.6
      curve: 6.61e-05 5.84e-08 9.41e-10
generic3d_1_16           0.75      0.625          1       zero   0.00e+00       add1       1000  converged   4.01e-09        512   8.33e-05       0.10       0.01       0.60        1.6
      curve: 1.35e-02 3.06e-03 5.78e-04 8.28e-05 2.17e-05 2.84e-06 6.67e-07 1.18e-07 2.38e-08 4.01e-09
# generic3d_1_16_k7.json: generic3d_1_16 stage=0.75 from=0.625 k=7 r_F=0.015227891260493643 merit=0.015230639451740411 mu_SER=0.01702941945474698
generic3d_1_16           0.75      0.625          7        ser   1.70e-02         pa       6000 max_iterations   1.14e-02          -          -          -          -          -        8.4
      curve: 3.54e-01 2.23e-01 1.90e-01 1.82e-01 1.75e-01 1.67e-01 1.54e-01 1.37e-01 1.22e-01 1.11e-01 1.00e-01 8.84e-02 7.53e-02 5.67e-02 4.32e-02 3.76e-02 3.30e-02 2.87e-02 2.44e-02 1.85e-02 1.47e-02 1.35e-02 1.30e-02 1.27e-02 1.24e-02 1.22e-02 1.21e-02 1.20e-02 1.19e-02 1.18e-02 1.17e-02 1.16e-02 1.16e-02 1.16e-02 1.15e-02 1.15e-02 1.15e-02 1.15e-02 1.15e-02 1.14e-02 1.14e-02 1.14e-02 1.14e-02 1.14e-02 1.14e-02 1.14e-02 1.14e-02 1.14e-02 1.14e-02 1.14e-02 1.14e-02 1.14e-02 1.14e-02 1.14e-02 1.14e-02 1.14e-02 1.14e-02 1.14e-02 1.14e-02 1.14e-02
generic3d_1_16           0.75      0.625          7        ser   1.70e-02      mult1        598  converged   9.41e-10        512   3.29e-04       0.10       0.01       0.81        1.1
      curve: 2.06e-02 6.08e-04 1.41e-05 5.55e-07 2.15e-08 9.41e-10
generic3d_1_16           0.75      0.625          7        ser   1.70e-02      mult2        250  converged   9.94e-10       1024   2.23e-05       0.21       0.10       1.65        0.6
      curve: 1.31e-04 2.51e-08 9.94e-10
generic3d_1_16           0.75      0.625          7        ser   1.70e-02       add1       1600  converged   4.77e-09        512   3.29e-04       0.10       0.01       0.62        2.6
      curve: 1.54e-01 3.64e-02 1.34e-02 4.45e-03 1.05e-03 4.28e-04 9.35e-05 2.96e-05 9.25e-06 3.90e-06 9.58e-07 2.75e-07 9.62e-08 2.80e-08 1.33e-08 4.77e-09
generic3d_1_16           0.75      0.625          7       zero   0.00e+00         pa       2700 stagnation   7.32e-01          -          -          -          -          -        3.8
      curve: 8.17e-01 7.63e-01 7.34e-01 7.32e-01 7.32e-01 7.32e-01 7.32e-01 7.32e-01 7.32e-01 7.32e-01 7.32e-01 7.32e-01 7.32e-01 7.32e-01 7.32e-01 7.32e-01 7.32e-01 7.32e-01 7.32e-01 7.32e-01 7.32e-01 7.32e-01 7.32e-01 7.32e-01 7.32e-01 7.32e-01 7.32e-01
generic3d_1_16           0.75      0.625          7       zero   0.00e+00      mult1       1500  converged   4.03e-09        512   1.03e-04       0.10       0.01       0.73        2.6
      curve: 2.36e-01 8.97e-02 2.70e-02 8.56e-03 2.81e-03 5.57e-04 1.13e-04 3.30e-05 1.32e-05 4.18e-06 1.30e-06 4.62e-07 1.42e-07 1.23e-08 4.03e-09
generic3d_1_16           0.75      0.625          7       zero   0.00e+00      mult2        385  converged   9.54e-10       1024   8.04e-06       0.20       0.07       1.26        0.9
      curve: 4.42e-03 1.68e-05 5.83e-08 9.54e-10
generic3d_1_16           0.75      0.625          7       zero   0.00e+00       add1       6000 max_iterations   3.83e-05        512   1.03e-04       0.10       0.01       0.60        9.6
      curve: 5.05e-01 4.23e-01 3.70e-01 3.16e-01 2.35e-01 1.93e-01 1.78e-01 1.65e-01 1.49e-01 1.25e-01 9.77e-02 8.30e-02 7.52e-02 6.88e-02 6.04e-02 5.02e-02 3.98e-02 3.13e-02 2.73e-02 2.51e-02 2.23e-02 1.87e-02 1.50e-02 1.16e-02 9.85e-03 8.92e-03 8.07e-03 6.86e-03 5.42e-03 4.30e-03 3.73e-03 3.39e-03 3.06e-03 2.60e-03 2.05e-03 1.60e-03 1.35e-03 1.24e-03 1.12e-03 9.61e-04 7.65e-04 6.14e-04 5.30e-04 4.73e-04 4.30e-04 3.71e-04 2.99e-04 2.41e-04 2.06e-04 1.85e-04 1.68e-04 1.48e-04 1.20e-04 9.46e-05 7.95e-05 7.13e-05 6.56e-05 5.87e-05 4.84e-05 3.83e-05
# gauss_0.25_16_k1.json: gauss_0.25_16 stage=0.25 from=0.0 k=1 r_F=1.342844731930086 merit=1.3428503704773787 mu_SER=0.5229439167952337
gauss_0.25_16            0.25          0          1        ser   5.23e-01         pa         12  converged   4.53e-10          -          -          -          -          -        0.0
      curve: 4.53e-10
gauss_0.25_16            0.25          0          1        ser   5.23e-01      mult1         11  converged   6.09e-10        512   2.43e-02       0.10       0.01       0.74        0.0
      curve: 6.09e-10
gauss_0.25_16            0.25          0          1        ser   5.23e-01      mult2         10  converged   8.08e-10       1024   9.35e-04       0.20       0.07       1.28        0.0
      curve: 8.08e-10
gauss_0.25_16            0.25          0          1        ser   5.23e-01       add1         15  converged   7.90e-10        512   2.43e-02       0.10       0.01       0.60        0.0
      curve: 7.90e-10
gauss_0.25_16            0.25          0          1       zero   0.00e+00         pa         73  converged   7.82e-10          -          -          -          -          -        0.1
      curve: 7.82e-10
gauss_0.25_16            0.25          0          1       zero   0.00e+00      mult1         52  converged   6.37e-10        512   9.28e-04       0.10       0.01       0.73        0.1
      curve: 6.37e-10
gauss_0.25_16            0.25          0          1       zero   0.00e+00      mult2         34  converged   5.74e-10       1024   9.00e-05       0.20       0.07       1.28        0.1
      curve: 5.74e-10
gauss_0.25_16            0.25          0          1       zero   0.00e+00       add1         71  converged   9.29e-10        512   9.28e-04       0.10       0.01       0.60        0.1
      curve: 9.29e-10
